0,-0.253772053645157,-0.249703978759853,-0.245765693688761,-0.241986697624585,-0.238374548430286,-0.234927938313357,-0.231641476255938,-0.228507667943492,-0.225517946562703,-0.222663311268417,-0.219934744710088,-0.217323479894214,-0.214821159865318,-0.212419922918001,-0.210112438244308,-0.207891910193788,-0.205752063783493,-0.203687119848526,-0.201691765163634,-0.199761120770866,-0.197890710375927,-0.196076429814254,-0.194314518070215,-0.192601530037121,-0.190934311047357,-0.189309973124664,-0.187725872878657,-0.186179590953096,-0.18466891294159,-0.183191811690266,-0.181746430913077,-0.180331070050455,-0.178944170305504,-0.177584301794165,-0.176250151747056,-0.174940513701461,-0.173654277622514,-0.172390420893281,-0.171148000114363,-0.169926143654843,-0.168724044898036,-0.167540956127454,-0.166376183000651,-0.165229079561174,-0.164099043741535,-0.162985513312998,-0.16188796224087,-0.160805897406925,-0.159738855663493,-0.158686401186561,-0.157648123097954,-0.156623633329288,-0.155612564702804,-0.154614569206545,-0.153629316443463,-0.152656492236042,-0.15169579736987,-0.150746946461276,-0.149809666935686,-0.148883698104762,-0.147968790331656,-0.147064704274862,-0.146171210202184,-0.145288087367275,-0.144415123442038,-0.143552113998924,-0.142698862037825,-0.141855177552886,-0.141020877135049,-0.140195783606646,-0.139379725684765,-0.138572537670478,-0.137774059161379,-0.136984134785117,-0.136202613951931,-0.135429350624372,-0.134664203102617,-0.133907033823968,-0.133157709175256,-0.132416099317044,-0.131682078018616,-0.130955522502855,-0.13023631330022,-0.129524334111092,-0.128819471675856,-0.128121615652132,-0.127430658498636,-0.126746495365206,-0.126069023988553,-0.125398144593361,-0.124733759798386,-0.124075774527224,-0.123424095923455,-0.12277863326991,-0.122139297911795,-0.121506003183452,-0.120878664338561,-0.120257198483559,-0.119641524514129,-0.119031563054572,-0.118427236399912,-0.117828468460588,-0.117235184709598,-0.116647312131976,-0.116064779176463,-0.115487515709286,-0.114915452969911,-0.114348523528704,-0.113786661246375,-0.113229801235139,-0.112677879821497,-0.112130834510568,-0.111588603951889,-0.111051127906622,-0.110518347216089,-0.109990203771583,-0.109466640485386,-0.108947601262941,-0.108433030976125,-0.107922875437567,-0.107417081375966,-0.106915596412361,-0.106418369037303,-0.105925348588903,-0.105436485231694,-0.104951729936285,-0.104471034459769,-0.10399435132684,-0.103521633811603,-0.103052835920024,-0.102587912373018,-0.102126818590117,-0.101669510673714,-0.101215945393852,-0.100766080173517,-0.100319873074446,-0.0998772827833878,-0.0994382685988303,-0.0990027904181521,-0.0985708087251903,-0.0981422845782023,-0.0977171795982059,-0.0972954559576813,-0.0968770763696189,-0.0964620040768984,-0.0960502028419868,-0.0956416369369384,-0.0952362711336879,-0.0948340706946216,-0.0944350013634179,-0.0940390293561432,-0.0936461213525958,-0.0932562444878847,-0.0928693663442376,-0.0924854549430254,-0.0921044787369975,-0.0917264066027182,-0.0913512078331971,-0.0909788521307057,-0.0906093095997739,-0.0902425507403586,-0.0898785464411796,-0.0895172679732146,-0.0891586869833497,-0.0888027754881789,-0.088449505867946,-0.0880988508606272,-0.0877507835561461,-0.0874052773907187,-0.0870623061413229,-0.0867218439202901,-0.0863838651700117,-0.0860483446577603,-0.0857152574706198,-0.0853845790105209,-0.0850562849893802,-0.0847303514243382,-0.0844067546330938,-0.0840854712293326,-0.0837664781182457,-0.0834497524921361,-0.0831352718261122,-0.0828230138738628,-0.0825129566635137,-0.0822050784935622,-0.0818993579288891,-0.0815957737968435,-0.0812943051834015,-0.0809949314293929,-0.0806976321267996,-0.0804023871151188,-0.0801091764777909,-0.0798179805386927,-0.0795287798586903,-0.0792415552322542,-0.0789562876841326,-0.0786729584660819,-0.0783915490536543,-0.078112041143039,-0.0778344166479574,0,-0.250686940108956,-0.246641370101859,-0.24274726399831,-0.239026375267307,-0.235480674230373,-0.232105277224435,-0.228892373106373,-0.225832742459036,-0.222916571533483,-0.22013397078775,-0.217475309177377,-0.214931415647265,-0.212493686222782,-0.210154127621347,-0.207905360833869,-0.205740601253358,-0.203653626366939,-0.201638737927429,-0.199690722698089,-0.197804814027077,-0.195976655372944,-0.194202266238875,-0.192478010610796,-0.190800567814816,-0.189166905634975,-0.187574255513928,-0.186020089667586,-0.184502099963407,-0.183018178432085,-0.181566399300061,-0.180145002444092,-0.178752378179211,-0.177387053298361,-0.17604767828666,-0.174733015636352,-0.173441929190806,-0.172173374447719,-0.170926389753542,-0.169700088323041,-0.168493651020138,-0.167306319838637,-0.166137392024239,-0.164986214782212,-0.163852180518298,-0.162734722563721,-0.161633311338495,-0.160547450910625,-0.159476675912028,-0.158420548775256,-0.157378657258156,-0.156350612226523,-0.155336045667588,-0.154334608909746,-0.153345971026346,-0.152369817403577,-0.151405848454533,-0.150453778463422,-0.149513334545545,-0.14858425571027,-0.14766629201559,-0.146759203804106,-0.14586276101145,-0.14497674253913,-0.144100935684716,-0.143235135623097,-0.142379144933238,-0.141532773165538,-0.140695836445434,-0.139868157109419,-0.139049563370075,-0.138239889007128,-0.137438973081883,-0.136646659672676,-0.135862797629305,-0.135087240344583,-0.134319845541404,-0.133560475073886,-0.132808994741317,-0.13206527411377,-0.131329186368388,-0.13060060813544,-0.129879419353352,-0.129165503131994,-0.128458745623598,-0.127759035900722,-0.127066265840746,-0.126380330016445,-0.125701125592211,-0.125028552225549,-0.124362511973499,-0.123702909203672,-0.123049650509612,-0.122402644630226,-0.121761802373033,-0.121127036541015,-0.120498261862867,-0.119875394926454,-0.119258354115298,-0.118647059547932,-0.118041433019974,-0.117441397948773,-0.116846879320496,-0.116257803639529,-0.115674098880084,-0.115095694439883,-0.114522521095845,-0.113954510961644,-0.113391597447072,-0.112833715219106,-0.112280800164608,-0.11173278935456,-0.111189621009785,-0.110651234468062,-0.110117570152587,-0.109588569541694,-0.109064175139803,-0.108544330449517,-0.108028979944821,-0.107518069045332,-0.107011544091551,-0.10650935232107,-0.106011441845684,-0.105517761629383,-0.105028261467153,-0.104542891964589,-0.104061604518241,-0.103584351296688,-0.103111085222304,-0.102641759953662,-0.102176329868577,-0.10171475004774,-0.101256976258919,-0.100802964941708,-0.10035267319279,-0.099906058751702,-0.0994630799870691,-0.0990236958832927,-0.0985878660276723,-0.0981555505979406,-0.0977267103501935,-0.0973013066071999,-0.0968793012470727,-0.096460656692287,-0.096045335899029,-0.0956333023468638,-0.0952245200287068,-0.0948189534410867,-0.0944165675746877,-0.0940173279051602,-0.0936212003841875,-0.0932281514307998,-0.0928381479229248,-0.0924511571891639,-0.0920671470007887,-0.0916860855639456,-0.0913079415120619,-0.0909326838984464,-0.0905602821890751,-0.0901907062555579,-0.089823926368275,-0.0894599131896832,-0.089098637767779,-0.088740071529718,-0.0883841862755825,-0.0880309541722925,-0.0876803477476559,-0.0873323398845515,-0.0869869038152425,-0.0866440131158132,-0.0863036417007283,-0.0859657638175075,-0.0856303540415135,-0.0852973872708505,-0.0849668387213658,-0.0846386839217571,-0.0843128987087777,-0.083989459222538,-0.0836683419019012,-0.0833495234799692,-0.0830329809796571,-0.0827186917093527,-0.08240663325866,-0.0820967834942225,-0.0817891205556261,-0.0814836228513776,-0.0811802690549585,-0.0808790381009495,-0.0805799091812283,-0.0802828617412329,-0.079987875476295,-0.0796949303280355,-0.0794040064808259,-0.079115084358311,-0.0788281446199927,-0.0785431681578717,-0.0782601360931479,-0.0779790297729766,-0.0776998307672802,-0.0774225208656137,-0.0771470820740828,0,-0.247577722568819,-0.243560378189999,-0.239719257171077,-0.236064533837371,-0.232592031486383,-0.229293332431315,-0.226158339269939,-0.223176251602911,-0.220336150689024,-0.217627392801329,-0.215039855852216,-0.212564072735212,-0.210191284972428,-0.207913445354376,-0.205723190951418,-0.203613800965685,-0.201579148483513,-0.199613651385316,-0.197712225190266,-0.195870239098726,-0.194083475631719,-0.192348093815871,-0.19066059565806,-0.189017795587917,-0.187416792550549,-0.185854944466623,-0.184329844820406,-0.182839301177502,-0.181381315468439,-0.179954065900835,-0.178555890382261,-0.177185271349619,-0.175840821910152,-0.174521273205574,-0.173225462915317,-0.171952324818294,-0.1707008793355,-0.169470224978581,-0.168259530632388,-0.167068028602626,-0.16589500836302,-0.164739810939948,-0.163601823876194,-0.162480476719252,-0.161375236983448,-0.160285606538963,-0.159211118384575,-0.158151333764577,-0.157105839593763,-0.156074246157723,-0.155056185058723,-0.154051307380406,-0.153059282047173,-0.152079794356628,-0.1511125446657,-0.150157247213143,-0.149213629063006,-0.148281429155337,-0.147360397451939,-0.146450294166389,-0.145550889068724,-0.144661960856351,-0.143783296583693,-0.142914691143971,-0.142055946797299,-0.141206872739955,-0.140367284710316,-0.139537004627459,-0.138715860258938,-0.137903684914629,-0.137100317163954,-0.136305600574054,-0.135519383466833,-0.134741518693,-0.133971863421464,-0.133210278942653,-0.132456630484456,-0.131710787039677,-0.130972621203976,-0.130242009023434,-0.12951882985092,-0.128802966210583,-0.128094303669822,-0.12739273071818,-0.126698138652649,-0.126010421468942,-0.125329475758313,-0.124655200609561,-0.123987497515881,-0.123326270286249,-0.122671424961079,-0.122022869731877,-0.121380514864672,-0.120744272627002,-0.120114057218263,-0.119489784703221,-0.118871372948541,-0.118258741562146,-0.117651811835283,-0.117050506687137,-0.116454750611877,-0.115864469628002,-0.115279591229886,-0.114700044341394,-0.114125759271485,-0.113556667671701,-0.112992702495439,-0.112433797958944,-0.111879889503912,-0.111330913761658,-0.110786808518739,-0.110247512684002,-0.109712966256952,-0.109183110297409,-0.108657886896376,-0.108137239148063,-0.10762111112302,-0.10710944784232,-0.106602195252748,-0.106099300202945,-0.10560071042047,-0.105106374489724,-0.104616241830715,-0.104130262678602,-0.103648388064009,-0.103170569794048,-0.102696760434034,-0.10222691328986,-0.101760982390991,-0.101298922474061,-0.100840688967039,-0.100386237973939,-0.0999355262600553,-0.0994885112376839,-0.099045150952331,-0.0986054040693679,-0.0981692298611208,-0.0977365881943753,-0.0973074395182774,-0.0968817448526129,-0.0964594657764493,-0.0960405644171247,-0.0956250034395687,-0.0952127460359402,-0.094803755915571,-0.0943979972951998,-0.0939954348894861,-0.0935960339017917,-0.0931997600152187,-0.0928065793838949,-0.0924164586244942,-0.092029364807985,-0.0916452654515958,-0.0912641285109908,-0.0908859223726463,-0.0905106158464201,-0.090138178158308,-0.0897685789433786,-0.0894017882388805,-0.0890377764775153,-0.0886765144808716,-0.0883179734530112,-0.0879621249742057,-0.0876089409948157,-0.0872583938293079,-0.086910456150407,-0.0865651009833754,-0.0862223017004183,-0.0858820320152099,-0.0855442659775345,-0.0852089779680423,-0.0848761426931136,-0.0845457351798288,-0.0842177307710411,-0.0838921051205484,-0.0835688341883621,-0.0832478942360688,-0.0829292618222831,-0.0826129137981884,-0.0822988273031637,-0.0819869797604922,-0.0816773488731535,-0.0813699126196914,-0.0810646492501603,-0.0807615372821447,-0.080460555496853,-0.0801616829352804,-0.0798648988944405,-0.0795701829236649,-0.0792775148209681,-0.0789868746294762,-0.0786982426339168,-0.0784115993571712,-0.0781269255568841,-0.0778442022221332,-0.0775634105701543,-0.0772845320431214,-0.077007548304982,-0.0767324412383433,-0.0764591929414124,0,-0.244442656147174,-0.240464054464452,-0.2366861018663,-0.233105859101055,-0.229713145645258,-0.22649629937439,-0.223443169365438,-0.220541566809771,-0.217779637545783,-0.21514613439081,-0.212630575664201,-0.210223310041547,-0.207915517671674,-0.205699173761454,-0.203566993409325,-0.201512369621896,-0.199529311363256,-0.197612385120203,-0.195756661420328,-0.193957666597462,-0.19221133952846,-0.190513992832207,-0.188862277972456,-0.187253153746241,-0.185683857714394,-0.184151880211029,-0.182654940640855,-0.181190965831792,-0.179758070255111,-0.178354537957993,-0.176978806076344,-0.1756294498115,-0.174305168765193,-0.173004774534605,-0.171727179474761,-0.170471386539818,-0.169236480118637,-0.168021617783731,-0.166826022876403,-0.16564897785486,-0.164489818336171,-0.163347927767179,-0.162222732663826,-0.161113698362713,-0.160020325233039,-0.15894214530129,-0.157878719245166,-0.156829633717101,-0.155794498961483,-0.15477294669312,-0.153764628207749,-0.15276921269838,-0.15178638575402,-0.150815848019838,-0.149857314000118,-0.148910510987441,-0.147975178103388,-0.147051065437753,-0.146137933274776,-0.145235551396213,-0.14434369845233,-0.143462161392906,-0.14259073495133,-0.14172922117569,-0.140877429001502,-0.140035173861383,-0.139202277327545,-0.138378566783484,-0.137563875121708,-0.136758040464706,-0.135960905906733,-0.135172319274251,-0.134392132903166,-0.133620203431192,-0.132856391603901,-0.13210056209317,-0.13135258332691,-0.130612327329065,-0.129879669569022,-0.129154488819632,-0.128436667023161,-0.127726089164557,-0.127022643151472,-0.126326219700556,-0.125636712229586,-0.124954016755013,-0.124278031794599,-0.123608658274783,-0.122945799442521,-0.122289360781292,-0.121639249931055,-0.120995376611907,-0.12035765255126,-0.119725991414312,-0.119100308737671,-0.118480521865932,-0.117866549891079,-0.117258313594557,-0.116655735391871,-0.11605873927961,-0.115467250784752,-0.114881196916146,-0.114300506118077,-0.113725108225797,-0.113154934422937,-0.112589917200711,-0.112029990318821,-0.111475088767989,-0.110925148734037,-0.11038010756344,-0.109839903730287,-0.10930447680458,-0.108773767421816,-0.108247717253778,-0.107726268980495,-0.107209366263306,-0.106696953718983,-0.106188976894853,-0.105685382244891,-0.105186117106719,-0.104691129679482,-0.10420036900256,-0.103713784935068,-0.103231328136118,-0.102752950045804,-0.102278602866871,-0.101808239547055,-0.101341813762034,-0.10087927989899,-0.100420593040743,-0.0999657089504217,-0.0995145840566687,-0.0990671754393317,-0.098623440815638,-0.0981833385268203,-0.0977468275251767,-0.0973138673615472,-0.0968844181731843,-0.0964584406720049,-0.0960358961332043,-0.0956167463842165,-0.0952009537940079,-0.0947884812626875,-0.0943792922114214,-0.0939733505726404,-0.0935706207805255,-0.0931710677617607,-0.0927746569265438,-0.0923813541598421,-0.091991125812885,-0.091603938694883,-0.0912197600649642,-0.0908385576243204,-0.0904602995085535,-0.0900849542802152,-0.0897124909215324,-0.0893428788273122,-0.0889760877980174,-0.088612088033009,-0.0882508501239475,-0.0878923450483487,-0.0875365441632869,-0.0871834191992429,-0.0868329422540879,-0.0864850857872028,-0.0861398226137247,-0.0857971258989197,-0.0854569691526741,-0.0851193262241037,-0.0847841712962756,-0.0844514788810371,-0.0841212238139538,-0.0837933812493476,-0.0834679266554343,-0.0831448358095581,-0.0828240847935202,-0.0825056499889963,-0.082189508073044,-0.0818756360136945,-0.081564011065629,-0.0812546107659342,-0.0809474129299381,-0.0806423956471212,-0.080339537277104,-0.0800388164457041,-0.0797402120410678,-0.0794437032098673,-0.0791492693535676,-0.0788568901247571,-0.0785665454235439,-0.0782782153940128,-0.077991880420744,-0.0777075211253922,-0.0774251183633223,-0.077144653220303,-0.0768661070092548,-0.0765894612670531,-0.0763146977513845,-0.0760417984376547,-0.0757707455159469,0,-0.241282241952755,-0.237356541094019,-0.233652836854717,-0.230155355401549,-0.226848689038664,-0.223718411991862,-0.22075062425647,-0.217931977188663,-0.215249871695226,-0.21269261960007,-0.210249516489505,-0.207910839842483,-0.205667800161906,-0.20351246860841,-0.201437696844901,-0.199437038151085,-0.197504674280757,-0.195635349730901,-0.193824313550606,-0.192067268079544,-0.190360323736327,-0.188699958957007,-0.187082984479349,-0.185506511303305,-0.183967921792767,-0.182464843500493,-0.18099512539154,-0.179556816211165,-0.178148144794359,-0.176767502150125,-0.17541342517818,-0.174084581892439,-0.172779758036936,-0.171497844987828,-0.170237828841203,-0.168998780591362,-0.167779847308912,-0.166580244232462,-0.165399247692302,-0.164236188789183,-0.163090447756159,-0.161961448936353,-0.160848656314493,-0.159751569544935,-0.158669720423655,-0.157602669756329,-0.156550004579,-0.155511335691987,-0.154486295471606,-0.153474535927854,-0.152475726979591,-0.151489554921781,-0.150515721062175,-0.149553940507339,-0.148603941080224,-0.147665462353548,-0.146738254785097,-0.145822078942708,-0.144916704808176,-0.144021911150615,-0.143137484960996,-0.142263220940575,-0.141398921036847,-0.140544394021456,-0.139699455105189,-0.138863925585794,-0.138037632524901,-0.137220408450811,-0.136412091084285,-0.13561252308489,-0.13482155181571,-0.13403902912454,-0.133264811139898,-0.13249875808042,-0.131740734076345,-0.130990607001994,-0.130248248318247,-0.129513532924164,-0.128786339016976,-0.128066547959787,-0.127354044156367,-0.12664871493253,-0.125950450423594,-0.12525914346752,-0.12457468950334,-0.123896986474522,-0.12322593473698,-0.122561436971427,-0.121903398099824,-0.121251725205693,-0.120606327458061,-0.119967116038861,-0.11933400407358,-0.118706906565009,-0.118085740329909,-0.117470423938467,-0.116860877656396,-0.116257023389541,-0.115658784630884,-0.115066086409813,-0.114478855243573,-0.113897019090763,-0.113320507306809,-0.112749250601313,-0.112183180997174,-0.111622231791429,-0.111066337517702,-0.110515433910207,-0.109969457869227,-0.109428347427998,-0.108892041720934,-0.108360480953136,-0.107833606371115,-0.107311360234684,-0.106793685789956,-0.106280527243407,-0.105771829736938,-0.105267539323912,-0.104767602946097,-0.104271968411496,-0.103780584373007,-0.103293400307874,-0.102810366497913,-0.102331434010448,-0.101856554679946,-0.101385681090313,-0.100918766557813,-0.100455765114596,-0.0999966314927952,-0.0995413211091683,-0.0990897900502687,-0.0986419950581099,-0.0981978935163086,-0.0977574434366822,-0.0973206034462812,-0.0968873327748364,-0.0964575912426041,-0.0960313392485902,-0.0956085377591366,-0.0951891482968557,-0.0947731329298965,-0.0943604542615285,-0.0939510754200296,-0.0935449600488656,-0.0931420722971491,-0.092742376810365,-0.0923458387213531,-0.0919524236415362,-0.0915620976523843,-0.0911748272971046,-0.0907905795725497,-0.0904093219213333,-0.0900310222241481,-0.0896556487922748,-0.0892831703602772,-0.0889135560788769,-0.0885467755079963,-0.0881827986099718,-0.0878215957429215,-0.0874631376542697,-0.0871073954744179,-0.0867543407105594,-0.086403945240631,-0.086056181307398,-0.0857110215126691,-0.0853684388116333,-0.0850284065073183,-0.0846908982451663,-0.0843558880077196,-0.0840233501094176,-0.0836932591914981,-0.0833655902170016,-0.0830403184658741,-0.0827174195301673,-0.0823968693093307,-0.0820786440055956,-0.081762720119447,-0.0814490744451805,-0.0811376840665437,-0.0808285263524562,-0.0805215789528115,-0.0802168197943533,-0.0799142270766268,-0.0796137792680034,-0.0793154551017759,-0.0790192335723229,-0.0787250939313399,-0.0784330156841373,-0.0781429785860013,-0.077854962638618,-0.0775689480865593,-0.0772849154138273,-0.0770028453404573,-0.076722718819178,-0.076444517032128,-0.0761682213876257,-0.0758938135169938,-0.0756212752714349,-0.0753505887189583,-0.075081736141357,0,-0.238099062420401,-0.234243190701642,-0.230625079152439,-0.227218291270981,-0.224003428669236,-0.220963896167178,-0.218084390511712,-0.215350654968595,-0.212749549995713,-0.210269115908015,-0.207898564281174,-0.205628212909872,-0.203449390976325,-0.201354334892673,-0.199336087016389,-0.197388403174874,-0.195505671022696,-0.193682839121692,-0.191915355648321,-0.190199115312189,-0.18853041309549,-0.186905903601716,-0.185322565025722,-0.183777666971423,-0.182268741525228,-0.180793557136573,-0.179350094964268,-0.17793652742462,-0.176551198731128,-0.175192607252198,-0.173859389537837,-0.172550305882719,-0.171264227304216,-0.17000012382216,-0.168757053933454,-0.167534155180303,-0.166330635716054,-0.165145766777959,-0.163978875981498,-0.162829341356394,-0.161696586050015,-0.160580073629406,-0.159479303918715,-0.158393809314161,-0.15732315152384,-0.156266918684637,-0.155224722813159,-0.154196197551954,-0.153180996176351,-0.152178789830943,-0.151189265968174,-0.150212126964579,-0.149247088893036,-0.148293880431909,-0.147352241894258,-0.146421924362275,-0.145502688913971,-0.14459430593069,-0.14369655447549,-0.142809221733653,-0.141932102507726,-0.141064998760442,-0.140207719199732,-0.139360078900799,-0.138521898960864,-0.137693006182759,-0.13687323278407,-0.136062416128935,-0.135260398479985,-0.13446702676826,-0.133682152379193,-0.132905630953012,-0.132137322198121,-0.131377089716207,-0.130624800837969,-0.129880326468516,-0.129143540941586,-0.128414321881848,-0.127692550074638,-0.126978109342549,-0.126270886428368,-0.1255707708839,-0.124877654964281,-0.124191433527415,-0.123512003938205,-0.122839265977284,-0.122173121753989,-0.121513475623311,-0.120860234106627,-0.120213305815986,-0.119572601381771,-0.118938033383563,-0.118309516284039,-0.117686966365759,-0.117070301670691,-0.116459441942357,-0.115854308570454,-0.115254824537853,-0.114660914369847,-0.114072504085559,-0.113489521151397,-0.112911894436463,-0.112339554169834,-0.111772431899626,-0.111210460453746,-0.110653573902274,-0.110101707521394,-0.10955479775879,-0.109012782200458,-0.108475599538863,-0.107943189542367,-0.107415493025894,-0.106892451822748,-0.106374008757554,-0.105860107620253,-0.105350693141114,-0.104845710966709,-0.104345107636811,-0.103848830562168,-0.103356828003119,-0.102869049049005,-0.102385443598343,-0.101905962339731,-0.101430556733442,-0.100959178993681,-0.100491782071476,-0.100028319638168,-0.0995687460694754,-0.0991130164301109,-0.0986610864589186,-0.0982129125545107,-0.0977684517613837,-0.0973276617564878,-0.0968905008362336,-0.0964569279039126,-0.0960269024575162,-0.0956003845779341,-0.095177334917515,-0.0947577146889759,-0.0943414856546416,-0.0939286101160032,-0.09351905090358,-0.0931127713670729,-0.0927097353657962,-0.0923099072593765,-0.0919132518987087,-0.0915197346171555,-0.0911293212219847,-0.0907419779860302,-0.0903576716395717,-0.0899763693624214,-0.0895980387762117,-0.0892226479368752,-0.0888501653273088,-0.0884805598502166,-0.0881138008211242,-0.0877498579615573,-0.0873887013923796,-0.0870303016272836,-0.0866746295664296,-0.0863216564902263,-0.0859713540532498,-0.0856236942782955,-0.0852786495505568,-0.0849361926119299,-0.084596296555437,-0.0842589348197662,-0.0839240811839241,-0.0835917097619962,-0.0832617949980134,-0.082934311660921,-0.0826092348396455,-0.0822865399382596,-0.0819662026712384,-0.0816481990588077,-0.0813325054223798,-0.0810190983800749,-0.0807079548423262,-0.0803990520075652,-0.0800923673579867,-0.0797878786553892,-0.0794855639370926,-0.0791854015119243,-0.078887369956282,-0.0785914481102608,-0.0782976150738497,-0.0780058502031951,-0.0777161331069258,-0.0774284436425445,-0.0771427619128765,-0.0768590682625815,-0.0765773432747224,-0.0762975677673916,-0.0760197227903941,-0.075743789621984,-0.0754697497656557,-0.0751975849469861,-0.0749272771105299,-0.0746588084167642,-0.0743921612390823,0,-0.234898163926885,-0.231130528193072,-0.227608932696657,-0.224300121407393,-0.221182163208679,-0.218236917713581,-0.215448037153817,-0.212800619897443,-0.210281197769078,-0.207877711345873,-0.205579425197773,-0.203376804773815,-0.201261380946477,-0.199225619119077,-0.19726280119371,-0.195366923069501,-0.193532607272206,-0.191755028936468,-0.190029852956796,-0.188353180214782,-0.186721501091498,-0.185131654828383,-0.183580793630306,-0.1820663506802,-0.180586011449389,-0.179137687847034,-0.177719494865853,-0.176329729459889,-0.174966851443119,-0.173629466232752,-0.172316309284117,-0.17102623207935,-0.169758189542718,-0.168511228763425,-0.167284478913385,-0.16607714225352,-0.164888486128083,-0.163717835852522,-0.162564568406516,-0.161428106850011,-0.160307915386338,-0.15920349500264,-0.158114379623868,-0.157040132722416,-0.155980344330995,-0.154934628411558,-0.153902620537988,-0.152883975854735,-0.151878367277778,-0.150885483908052,-0.149905029630926,-0.148936721878445,-0.147980290533792,-0.147035476959991,-0.146102033137033,-0.145179720893636,-0.144268311221563,-0.143367583661996,-0.142477325754806,-0.141597332542766,-0.14072740612378,-0.139867355245162,-0.13901699493473,-0.138176146164241,-0.137344635541259,-0.13652229502608,-0.135708961670808,-0.134904477378037,-0.134108688676986,-0.133321446515166,-0.132542606063966,-0.131772026536719,-0.13100957101804,-0.130255106303346,-0.129508502747635,-0.128769634122718,-0.12803837748218,-0.127314613033456,-0.126598224016483,-0.125889096588415,-0.125187119714014,-0.124492185061294,-0.123804186902112,-0.123123022017378,-0.122448589606617,-0.12178079120163,-0.121119530584034,-0.12046471370646,-0.119816248617229,-0.119174045388319,-0.118538016046468,-0.117908074507261,-0.117284136512039,-0.116666119567525,-0.116053942888019,-0.115447527340049,-0.114846795389367,-0.114251671050189,-0.113662079836555,-0.113077948715748,-0.112499206063641,-0.11192578162192,-0.111357606457067,-0.110794612921052,-0.110236734613635,-0.109683906346218,-0.109136064107173,-0.108593145028572,-0.108055087354276,-0.107521830409292,-0.106993314570365,-0.106469481237736,-0.105950272808018,-0.105435632648131,-0.104925505070256,-0.104419835307759,-0.103918569492036,-0.103421654630241,-0.102929038583853,-0.102440670048045,-0.101956498531824,-0.101476474338888,-0.101000548549187,-0.100528673001153,-0.100060800274545,-0.0995968836739187,-0.099136877212657,-0.0986807355975571,-0.098228414213942,-0.0977798691112692,-0.0973350569892208,-0.0968939351842481,-0.0964564616565518,-0.0960225949774786,-0.0955922943173152,-0.0951655194334627,-0.0947422306589721,-0.0943223888914291,-0.0939059555821697,-0.0934928927258128,-0.0930831628500974,-0.0926767290060106,-0.0922735547581934,-0.0918736041756139,-0.0914768418224954,-0.0910832327494902,-0.0906927424850889,-0.0903053370272531,-0.0899209828352666,-0.0895396468217937,-0.0891612963451368,-0.0887858992016864,-0.0884134236185551,-0.0880438382463895,-0.0876771121523528,-0.0873132148132712,-0.0869521161089405,-0.0865937863155833,-0.0862381960994545,-0.0858853165105899,-0.0855351189766896,-0.0851875752971357,-0.0848426576371383,-0.0845003385220027,-0.0841605908315194,-0.083823387794468,-0.0834887029832336,-0.0831565103085316,-0.0828267840142387,-0.0824994986723245,-0.0821746291778835,-0.0818521507442618,-0.081532038898278,-0.0812142694755344,-0.0808988186158161,-0.0805856627585758,-0.0802747786385018,-0.079966143281167,-0.0796597339987572,-0.0793555283858745,-0.079053504315418,-0.0787536399345355,-0.0784559136606474,-0.0781603041775386,-0.0778667904315193,-0.0775753516276519,-0.0772859672260414,-0.076998616938189,-0.0767132807234075,-0.076429938785297,-0.0761485715682794,-0.0758691597541893,-0.0755916842589228,-0.0753161262291393,-0.0750424670390189,-0.0747706882870722,-0.0745007717930008,-0.0742326995946094,-0.0739664539447663,-0.0737020173084133,0,-0.231687782984203,-0.228026075348868,-0.224610848704511,-0.221406391238785,-0.218389652390277,-0.215541526714351,-0.212844970920689,-0.210284703508344,-0.207847140707987,-0.20552029280176,-0.203293609140094,-0.201157803448022,-0.199104684227598,-0.197127002898961,-0.195218323755573,-0.193372915113901,-0.191585658964838,-0.189851975860172,-0.18816776194087,-0.186529335491767,-0.184933390952144,-0.1833769588111,-0.18185737022808,-0.180372225536076,-0.178919366017988,-0.177496848511453,-0.176102922510368,-0.174736009506609,-0.173394684364586,-0.172077658552885,-0.170783765077691,-0.169511944976296,-0.168261235238737,-0.167030758033295,-0.165819711118439,-0.16462735933033,-0.163453027041607,-0.162296091493942,-0.161155976913654,-0.160032149326654,-0.158924111995813,-0.157831401410582,-0.156753583765179,-0.155690251867863,-0.154641022429619,-0.153605533686051,-0.152583443311306,-0.151574426587467,-0.150578174797086,-0.149594393810328,-0.148622802841637,-0.147663133353927,-0.146715128091029,-0.1457785402216,-0.144853132579818,-0.143938676990146,-0.143034953665078,-0.142141750666295,-0.141258863420926,-0.140386094285722,-0.139523252152972,-0.138670152092795,-0.137826615027211,-0.136992467432025,-0.136167541063106,-0.135351672704124,-0.134544703933229,-0.13374648090648,-0.132956854156175,-0.132175678402463,-0.131402812376845,-0.13063811865639,-0.129881463507614,-0.129132716739135,-0.12839175156234,-0.127658444459372,-0.126932675057871,-0.126214326011939,-0.125503282888891,-0.124799434061382,-0.124102670604567,-0.123412886197975,-0.12272997703182,-0.122053841717485,-0.121384381201965,-0.120721498686045,-0.120065099546031,-0.119415091258851,-0.118771383330369,-0.118133887226757,-0.117502516308775,-0.116877185768843,-0.116257812570761,-0.115644315391972,-0.115036614568246,-0.114434632040679,-0.113838291304919,-0.113247517362495,-0.112662236674184,-0.112082377115306,-0.111507867932877,-0.110938639704529,-0.110374624299116,-0.109815754838953,-0.10926196566358,-0.108713192295017,-0.108169371404422,-0.107630440780099,-0.107096339296788,-0.106567006886189,-0.106042384508651,-0.105522414125986,-0.105007038675344,-0.104496202044114,-0.103989849045789,-0.103487925396766,-0.102990377694023,-0.102497153393646,-0.102008200790153,-0.101523468996594,-0.101042907925374,-0.100566468269781,-0.100094101486175,-0.0996257597768129,-0.0991613960732783,-0.0987009640204915,-0.0982444179612662,-0.0977917129213948,-0.0973428045952327,-0.0968976493317636,-0.09645620412112,-0.0960184265815393,-0.0955842749467379,-0.0951537080536813,-0.0947266853307349,-0.0943031667861772,-0.0938831129970607,-0.0934664850984033,-0.0930532447726979,-0.092643354239725,-0.0922367762466555,-0.0918334740584321,-0.0914334114484164,-0.0910365526892914,-0.0906428625442086,-0.0902523062581691,-0.0898648495496304,-0.089480458602328,-0.0890991000573048,-0.0887207410051402,-0.0883453489783691,-0.0879728919440858,-0.0876033382967249,-0.0872366568510118,-0.0868728168350776,-0.0865117878837323,-0.0861535400318892,-0.085798043708137,-0.0854452697284535,-0.0850951892900559,-0.0847477739653825,-0.084402995696203,-0.0840608267878524,-0.0837212399035824,-0.0833842080590307,-0.0830497046168003,-0.0827177032811482,-0.0823881780927791,-0.0820611034237395,-0.0817364539724133,-0.0814142047586103,-0.0810943311187503,-0.0807768087011361,-0.0804616134613155,-0.0801487216575276,-0.0798381098462344,-0.0795297548777305,-0.0792236338918346,-0.0789197243136559,-0.0786180038494358,-0.0783184504824633,-0.0780210424690605,-0.0777257583346381,-0.0774325768698194,-0.0771414771266288,-0.0768524384147465,-0.0765654402978252,-0.0762804625898696,-0.0759974853516756,-0.0757164888873281,-0.0754374537407572,-0.0751603606923508,-0.074885190755622,-0.0746119251739314,-0.074340545417262,-0.074071033179045,-0.0738033703730377,-0.0735375391302511,-0.0732735217959262,-0.0730113009265579,0,-0.228478588104017,-0.224938040659847,-0.221637454154287,-0.218542631431839,-0.215630542200201,-0.212881600121207,-0.210278391322879,-0.207805514206464,-0.205449478215799,-0.20319852605221,-0.201042415090592,-0.198972198899996,-0.19698003094038,-0.195058998008596,-0.193202983085302,-0.191406553785575,-0.189664871656779,-0.187973617813634,-0.18632893112236,-0.184727355965724,-0.183165797365834,-0.181641481849446,-0.180151922904679,-0.178694890215761,-0.177268382098978,-0.175870600723382,-0.174499929805435,-0.173154914534609,-0.171834243529707,-0.170536732652487,-0.169261310522196,-0.16800700558624,-0.166772934610858,-0.165558292463104,-0.164362343062459,-0.163184411387449,-0.162023876429983,-0.160880164997514,-0.15975274627083,-0.158641127032763,-0.157544847490664,-0.156463477622641,-0.15539661398452,-0.154343876920955,-0.15330490813022,-0.152279368537814,-0.151266936439173,-0.150267305876451,-0.149280185218575,-0.148305295917584,-0.147342371417653,-0.146391156196229,-0.145451404919401,-0.14452288169596,-0.143605359416728,-0.142698619167509,-0.141802449705642,-0.140916646991531,-0.140041013767695,-0.139175359178977,-0.138319498428414,-0.137473252464102,-0.136636447693006,-0.135808915718302,-0.134990493097303,-0.134181021117455,-0.133380345588261,-0.132588316647301,-0.131804788578781,-0.131029619643265,-0.130262671917456,-0.12950381114303,-0.128752906583688,-0.128009830889695,-0.127274459969283,-0.126546672866375,-0.125826351644146,-0.125113381274033,-0.124407649529809,-0.123709046886414,-0.123017466423257,-0.122332803731733,-0.121654956826735,-0.120983826061941,-0.120319314048703,-0.119661325578353,-0.119009767547776,-0.118364548888091,-0.117725580496315,-0.117092775169868,-0.116466047543797,-0.115845314030615,-0.115230492762629,-0.11462150353666,-0.114018267761048,-0.113420708404859,-0.112828749949182,-0.112242318340443,-0.111661340945643,-0.111085746509439,-0.110515465112988,-0.109950428134483,-0.1093905682113,-0.108835819203695,-0.108286116159966,-0.107741395283044,-0.107201593898417,-0.106666650423352,-0.106136504337342,-0.105611096153734,-0.105090367392478,-0.104574260553939,-0.104062719093744,-0.103555687398595,-0.103053110763015,-0.102554935366983,-0.102061108254414,-0.101571577312446,-0.101086291251496,-0.100605199586055,-0.100128252616179,-0.0996554014096441,-0.0991865977847464,-0.0987217942937024,-0.098260944206631,-0.097804001496086,-0.0973509208221162,-0.0969016575178278,-0.0964561675754248,-0.0960144076327073,-0.0955763349600068,-0.0951419074475365,-0.0947110835931408,-0.0942838224904235,-0.0938600838172392,-0.0934398278245318,-0.0930230153255036,-0.0926096076851014,-0.0921995668098063,-0.0917928551377124,-0.0913894356288835,-0.0909892717559758,-0.0905923274951148,-0.0901985673170153,-0.0898079561783371,-0.0894204595132632,-0.0890360432252937,-0.0886546736792471,-0.0882763176934587,-0.0879009425321706,-0.0875285158981046,-0.0871590059252114,-0.08679238117159,-0.0864286106125697,-0.0860676636339497,-0.0857095100253909,-0.0853541199739534,-0.0850014640577756,-0.084651513239889,-0.0843042388621654,-0.0839596126393909,-0.0836176066534623,-0.0832781933477038,-0.0829413455212978,-0.082607036323828,-0.0822752392499296,-0.0819459281340451,-0.0816190771452822,-0.0812946607823685,-0.0809726538687043,-0.080653031547506,-0.0803357692770421,-0.0800208428259556,-0.0797082282686724,-0.0793979019808927,-0.079089840635164,-0.0787840211965324,-0.0784804209182704,-0.0781790173376813,-0.0778797882719739,-0.0775827118142117,-0.0772877663293289,-0.0769949304502163,-0.0767041830738721,-0.0764155033576185,-0.0761288707153816,-0.0758442648140324,-0.0755616655697887,-0.0752810531446768,-0.0750024079430508,-0.0747257106081684,-0.0744509420188222,-0.0741780832860263,-0.0739071157497544,-0.0736380209757318,-0.073370780752278,-0.0731053770871993,-0.0728417922047306,-0.0725800085425253,-0.0723200087486924,0,-0.225282505272507,-0.221874929864477,-0.218695367957822,-0.215714249762161,-0.212909289138821,-0.210260784476419,-0.207751246788688,-0.205365404135906,-0.203090058892548,-0.200913838038998,-0.198826918621451,-0.196820774517371,-0.19488796159738,-0.193021943016904,-0.191216949835449,-0.18946787024758,-0.187770160930877,-0.186119775055412,-0.184513102711107,-0.182946920610495,-0.181418348817217,-0.17992481292648,-0.178464010610748,-0.177033881781619,-0.175632581845062,-0.174258457674227,-0.17291002601679,-0.171585954110959,-0.170285042318851,-0.169006208606937,-0.167748474716654,-0.166510953877647,-0.165292839923807,-0.164093397679474,-0.162911954490496,-0.161747892782496,-0.160600643536705,-0.159469680581962,-0.158354515609793,-0.157254693827718,-0.156169790173952,-0.15509940602433,-0.154043166329569,-0.153000717127717,-0.151971723382921,-0.150955867107379,-0.149952845728513,-0.148962370668146,-0.147984166104628,-0.147017967892629,-0.146063522618647,-0.14512058677321,-0.144188926023341,-0.14326831457112,-0.142358534586144,-0.141459375701448,-0.140570634563882,-0.139692114431305,-0.138823624810023,-0.137964981126883,-0.137116004431281,-0.136276521123001,-0.13544636270249,-0.134625365540606,-0.133813370665388,-0.133010223563747,-0.132215773996288,-0.131429875823762,-0.130652386843874,-0.129883168637356,-0.129122086422382,-0.128369008916558,-0.1276238082058,-0.126886359619534,-0.126156541611738,-0.125434235647391,-0.124719326093968,-0.124011700117658,-0.123311247584031,-0.122617860962902,-0.121931435237168,-0.121251867815421,-0.12057905844817,-0.11991290914748,-0.119253324109905,-0.118600209642559,-0.117953474092196,-0.117313027777173,-0.116678782922195,-0.116050653595702,-0.115428555649821,-0.114812406662763,-0.114202125883575,-0.113597634179149,-0.112998853983403,-0.11240570924854,-0.111818125398303,-0.111236029283148,-0.110659349137248,-0.110088014537256,-0.10952195636276,-0.10896110675834,-0.10840539909718,-0.107854767946152,-0.107309149032315,-0.106768479210764,-0.106232696433777,-0.105701739721185,-0.105175549131935,-0.104654065736767,-0.104137231591974,-0.103624989714185,-0.103117284056125,-0.102614059483314,-0.102115261751654,-0.101620837485863,-0.101130734158729,-0.100644900071125,-0.100163284332769,-0.0996858368436818,-0.0992125082763167,-0.0987432500583272,-0.0982780143559437,-0.0978167540579281,-0.0973594227600844,-0.0969059747502955,-0.0964563649940625,-0.0960105491205253,-0.0955684834089388,-0.095130124775588,-0.0946954307611181,-0.0942643595182625,-0.0938368697999513,-0.0934129209477818,-0.0929924728808353,-0.0925754860848252,-0.0921619216015614,-0.0917517410187166,-0.0913449064598832,-0.0909413805749054,-0.0905411265304779,-0.0901441080009975,-0.0897502891596588,-0.0893596346697806,-0.0889721096763595,-0.0885876797978355,-0.0882063111180634,-0.0878279701784825,-0.0874526239704771,-0.0870802399279175,-0.0867107859198786,-0.0863442302435265,-0.0859805416171678,-0.0856196891734561,-0.0852616424527494,-0.0849063713966129,-0.0845538463414629,-0.0842040380123462,-0.0838569175168512,-0.0835124563391441,-0.0831706263341299,-0.0828313997217305,-0.0824947490812779,-0.0821606473460192,-0.0818290677977281,-0.0814999840614229,-0.0811733701001839,-0.0808492002100702,-0.080527449015132,-0.0802080914625162,-0.0798911028176608,-0.0795764586595787,-0.0792641348762265,-0.0789541076599555,-0.078646353503045,-0.0783408491933137,-0.0780375718098084,-0.0777364987185672,-0.0774376075684566,-0.0771408762870792,-0.0768462830767518,-0.0765538064105508,-0.0762634250284251,-0.0759751179333727,-0.0756888643876823,-0.0754046439092358,-0.0751224362678723,-0.0748422214818109,-0.0745639798141326,-0.0742876917693192,-0.0740133380898463,-0.0737408997528327,-0.0734703579667439,-0.0732016941681457,-0.0729348900185117,-0.0726699274010802,-0.0724067884177594,-0.0721454553860837,-0.0718859108362159,-0.0716281375079969,0,-0.22211240986188,-0.218845151976877,-0.215791024095406,-0.212926426834183,-0.210230086414377,-0.207682440500644,-0.205266193155137,-0.202966438763855,-0.200770458848941,-0.198667401869875,-0.196647961895044,-0.194704100781564,-0.192828823446845,-0.191016001562479,-0.189260236606774,-0.187556753050181,-0.185901313850097,-0.184290152191489,-0.182719915026736,-0.181187615275593,-0.179690590528487,-0.178226466797594,-0.176793126340867,-0.175388678902249,-0.174011435914901,-0.172659887340355,-0.171332680892153,-0.1700286034366,-0.168746564388604,-0.167485580935441,-0.166244764930867,-0.165023311309413,-0.16382048787756,-0.162635626345704,-0.161468114472545,-0.160317389201943,-0.159182930681009,-0.158064257057269,-0.156960919961707,-0.155872500593369,-0.15479860632971,-0.153738867794925,-0.15269293632606,-0.151660481783647,-0.150641190660002,-0.149634764444092,-0.148640918207102,-0.14765937937747,-0.14668988667831,-0.145732189203817,-0.144786045614431,-0.143851223433424,-0.142927498429976,-0.142014654076011,-0.141112481065882,-0.140220776889636,-0.139339345451955,-0.138467996730079,-0.137606546465033,-0.136754815881359,-0.135912631431289,-0.135079824559964,-0.134256231488799,-0.13344169301459,-0.132636054322329,-0.131839164810023,-0.131050877924081,-0.13027105100408,-0.129499545135904,-0.128736225012398,-0.127980958800849,-0.127233618016681,-0.126494077402861,-0.125762214814594,-0.125037911108936,-0.124321050039017,-0.123611518152599,-0.122909204694731,-0.122214001514303,-0.121525802974309,-0.120844505865648,-0.120170009324327,-0.119502214751917,-0.118841025739135,-0.118186347992443,-0.117538089263537,-0.116896159281632,-0.116260469688435,-0.115630933975702,-0.115007467425302,-0.114389987051671,-0.113778411546591,-0.113172661226194,-0.112572657980107,-0.111978325222658,-0.111389587846072,-0.110806372175556,-0.110228605926225,-0.109656218161777,-0.109089139254846,-0.108527300848974,-0.107970635822126,-0.107419078251683,-0.106872563380853,-0.106331027586437,-0.105794408347892,-0.105262644217626,-0.104735674792488,-0.104213440686379,-0.103695883503944,-0.103182945815302,-0.102674571131749,-0.102170703882404,-0.101671289391755,-0.101176273858047,-0.100685604332495,-0.100199228699266,-0.0997170956562035,-0.0992391546962557,-0.0987653560895751,-0.0982956508662612,-0.0978299907997098,-0.0973683283905469,-0.0969106168511154,-0.0964568100904912,-0.0960068627000019,-0.0955607299392278,-0.0951183677224591,-0.0946797326055907,-0.0942447817734345,-0.0938134730274278,-0.0933857647737225,-0.092961616011636,-0.0925409863224485,-0.0921238358585302,-0.0917101253327852,-0.0912998160083958,-0.0908928696888573,-0.0904892487082878,-0.0900889159220023,-0.0896918346973401,-0.0892979689047351,-0.0889072829090173,-0.0885197415609377,-0.0881353101889065,-0.087753954590937,-0.0873756410267855,-0.0870003362102807,-0.0866280073018349,-0.0862586219011298,-0.0858921480399713,-0.0855285541753056,-0.0851678091823914,-0.0848098823481226,-0.0844547433644967,-0.0841023623222219,-0.0837527097044608,-0.0834057563807037,-0.0830614736007689,-0.0827198329889239,-0.0823808065381267,-0.0820443666043792,-0.0817104859011937,-0.0813791374941651,-0.0810502947956484,-0.0807239315595365,-0.0804000218761371,-0.0800785401671443,-0.0797594611807032,-0.0794427599865641,-0.0791284119713257,-0.078816392833762,-0.0785066785802331,-0.0781992455201775,-0.0778940702616824,-0.077591129707131,-0.0772904010489257,-0.0769918617652837,-0.0766954896161043,-0.0764012626389064,-0.0761091591448329,-0.0758191577147246,-0.0755312371952555,-0.075245376695135,-0.0749615555813708,-0.0746797534755931,-0.0743999502504391,-0.0741221260259951,-0.0738462611662964,-0.0735723362758834,-0.0733003321964119,-0.0730302300033192,-0.0727620110025403,-0.072495656727278,-0.0722311489348224,-0.0719684696034223,-0.0717076009292031,-0.0714485253231343,-0.0711912254080433,-0.0709356840156753,0,-0.218980536942305,-0.215856664347079,-0.212930517118372,-0.210184020475604,-0.207596794360888,-0.205149591117464,-0.2028255556987,-0.200610370068829,-0.198491963475251,-0.196460124964235,-0.19450614642567,-0.192622531311541,-0.190802768826154,-0.189041162327105,-0.187332699061122,-0.185672950050277,-0.184057991451962,-0.182484341080848,-0.180948905695875,-0.179448936084599,-0.177981987987621,-0.176545887590372,-0.17513870075632,-0.173758705456905,-0.172404367024159,-0.171074315951325,-0.169767328022328,-0.168482306580684,-0.16721826676415,-0.16597432154023,-0.164749669383829,-0.163543583444078,-0.162355402053744,-0.161184520442108,-0.160030383520519,-0.158892479619068,-0.15777033506237,-0.15666350948229,-0.155571591775106,-0.154494196620035,-0.15343096148495,-0.152381544053559,-0.151345620016001,-0.150322881171966,-0.149313033801838,-0.14831579726714,-0.147330902806731,-0.146358092499764,-0.145397118370438,-0.144447741613123,-0.143509731919538,-0.142582866892311,-0.141666931531624,-0.140761717783623,-0.139867024141029,-0.138982655287841,-0.138108421781343,-0.137244139765646,-0.136389630711987,-0.135544721181732,-0.134709242608743,-0.133883031098284,-0.133065927240146,-0.132257775934053,-0.131458426225738,-0.130667731152362,-0.129885547596179,-0.129111736145535,-0.128346160962454,-0.127588689656187,-0.126839193162208,-0.126097545626241,-0.125363624292946,-0.124637309398987,-0.123918484070204,-0.123207034222701,-0.122502848467644,-0.121805818019631,-0.121115836608461,-0.120432800394205,-0.119756607885442,-0.119087159860565,-0.118424359292045,-0.117768111273565,-0.117118322949936,-0.116474903449693,-0.115837763820299,-0.115206816965866,-0.114581977587308,-0.113963162124855,-0.113350288702836,-0.112743277076659,-0.112142048581914,-0.111546526085511,-0.110956633938789,-0.110372297932516,-0.109793445253715,-0.109220004444232,-0.108651905360991,-0.108089079137857,-0.107531458149052,-0.106978975974043,-0.106431567363864,-0.105889168208784,-0.105351715507286,-0.104819147336282,-0.104291402822521,-0.103768422115136,-0.103250146359264,-0.102736517670718,-0.102227479111634,-0.101722974667065,-0.101222949222478,-0.100727348542104,-0.100236119248108,-0.0997492088005348,-0.0992665654780033,-0.0987881383591023,-0.0983138773044653,-0.0978437329394852,-0.0973776566376419,-0.0969156005044134,-0.0964575173617423,-0.0960033607330317,-0.0955530848286464,-0.0951066445318945,-0.0946639953854669,-0.0942250935783159,-0.0937898959329476,-0.0933583598931155,-0.0929304435118894,-0.0925061054400894,-0.0920853049150648,-0.0916680017498004,-0.0912541563223423,-0.0908437295655207,-0.0904366829569632,-0.090032978509383,-0.089632578761129,-0.0892354467669909,-0.0888415460892427,-0.0884508407889198,-0.0880632954173166,-0.0876788750076976,-0.0872975450672122,-0.0869192715690054,-0.0865440209445172,-0.086171760075962,-0.0858024562889834,-0.085436077345475,-0.0850725914365629,-0.0847119671757445,-0.0843541735921754,-0.0839991801241014,-0.0836469566124305,-0.083297473294438,-0.0829507007976031,-0.08260661013357,-0.0822651726922313,-0.081926360235929,-0.0815901448937697,-0.0812564991560489,-0.0809253958687843,-0.0805968082283521,-0.0802707097762236,-0.0799470743938006,-0.0796258762973459,-0.0793070900330057,-0.0789906904719219,-0.0786766528054336,-0.0783649525403617,-0.0780555654943775,-0.0777484677914532,-0.0774436358573888,-0.0771410464154191,-0.0768406764818931,-0.0765425033620285,-0.0762465046457366,-0.0759526582035182,-0.075660942182427,-0.0753713350021005,-0.0750838153508551,-0.0747983621818472,-0.0745149547092947,-0.0742335724047612,-0.0739541949934997,-0.0736768024508544,-0.0734013749987216,-0.0731278931020657,-0.0728563374654911,-0.0725866890298674,-0.0723189289690093,-0.072053038686408,-0.0717889998120124,-0.0715267941990635,-0.0712664039209747,-0.0710078112682627,-0.0707509987455251,-0.0704959490684651,-0.0702426451609612,0,-0.21589773822651,-0.21291670993379,-0.210119479508948,-0.207491481604744,-0.205012876766717,-0.202664874303253,-0.200431295812914,-0.198298614143526,-0.196255553214123,-0.194292640690252,-0.192401828805457,-0.190576201385234,-0.188809755572713,-0.187097240718286,-0.185434038461037,-0.183816071531164,-0.182239732261639,-0.180701824612466,-0.179199515599597,-0.177730293481996,-0.176291931037884,-0.174882452889702,-0.173500106225889,-0.172143334497897,-0.170810753800672,-0.169501131713832,-0.168213368414544,-0.166946479888348,-0.165699583070544,-0.164471882754159,-0.163262660103826,-0.162071262619532,-0.160897095400551,-0.15973961356784,-0.158598315712398,-0.157472738247158,-0.156362450550498,-0.155267050799975,-0.154186162405265,-0.153119430959169,-0.152066521634841,-0.151027116966037,-0.150000914955064,-0.148987627460227,-0.147986978821038,-0.146998704685091,-0.146022551005611,-0.145058273183085,-0.144105635328282,-0.143164409627345,-0.142234375792543,-0.141315320584836,-0.140407037396528,-0.139509325884185,-0.138621991643559,-0.137744845919612,-0.136877705345902,-0.136020391708531,-0.13517273173071,-0.13433455687465,-0.133505703158089,-0.132686010983245,-0.131875324976365,-0.131073493836412,-0.130280370191666,-0.129495810463274,-0.128719674734951,-0.127951826628196,-0.127192133182515,-0.126440464740216,-0.125696694835465,-0.124960700087312,-0.12423236009648,-0.123511557345724,-0.122798177103626,-0.122092107331678,-0.121393238594568,-0.120701463973551,-0.120016678982843,-0.119338781488935,-0.11866767163277,-0.118003251754705,-0.117345426322194,-0.116694101860111,-0.116049186883661,-0.115410591833796,-0.11477822901508,-0.114152012535925,-0.113531858251126,-0.112917683706639,-0.112309408086516,-0.111706952161939,-0.111110238242269,-0.110519190128058,-0.109933733065935,-0.109353793705318,-0.108779300056863,-0.1082101814526,-0.107646368507677,-0.107087793083661,-0.106534388253319,-0.105986088266831,-0.105442828519357,-0.104904545519925,-0.104371176861556,-0.103842661192592,-0.103318938189161,-0.102799948528741,-0.102285633864751,-0.101775936802153,-0.101270800873989,-0.100770170518829,-0.100273991059079,-0.0997822086801081,-0.0992947704101652,-0.0988116241010353,-0.0983327184094101,-0.0978580027789341,-0.0973874274228966,-0.0969209433075361,-0.0964585021359321,-0.096000056332452,-0.095545559027729,-0.0950949640441465,-0.0946482258818025,-0.0942052997049345,-0.0937661413287803,-0.0933307072068562,-0.0928989544186327,-0.092470840657589,-0.0920463242196284,-0.0916253639918402,-0.0912079194415891,-0.0907939506059204,-0.0903834180812642,-0.0899762830134285,-0.0895725070878646,-0.0891720525201968,-0.0887748820470018,-0.0883809589168297,-0.0879902468814547,-0.0876027101873468,-0.0872183135673551,-0.0868370222325941,-0.086458801864525,-0.0860836186072248,-0.0857114390598341,-0.0853422302691796,-0.0849759597225617,-0.0846125953407029,-0.0842521054708515,-0.0838944588800328,-0.0835396247484444,-0.0831875726629914,-0.0828382726109531,-0.0824916949737813,-0.0821478105210218,-0.0818065904043588,-0.0814680061517753,-0.0811320296618265,-0.0807986331980249,-0.0804677893833307,-0.0801394711947459,-0.0798136519580099,-0.0794903053423916,-0.0791694053555766,-0.0788509263386475,-0.0785348429611536,-0.078221130216267,-0.0779097634160256,-0.0776007181866583,-0.0772939704639906,-0.0769894964889297,-0.0766872728030269,-0.0763872762441137,-0.0760894839420136,-0.0757938733143236,-0.0755004220622659,-0.0752091081666104,-0.0749199098836605,-0.074632805741308,-0.0743477745351498,-0.0740647953246687,-0.0737838474294749,-0.0735049104256079,-0.0732279641418988,-0.072952988656388,-0.0726799642928013,-0.0724088716170815,-0.0721396914339739,-0.0718724047836665,-0.0716069929384811,-0.071343437399617,-0.0710817198939453,-0.0708218223708522,-0.0705637269991317,-0.0703074161639264,-0.0700528724637142,-0.0698000787073425,-0.0695490179111071,0,-0.21287286301837,-0.210031672245143,-0.207362993507584,-0.204852782395947,-0.202481344275895,-0.200230501984406,-0.19808498333507,-0.196032233920755,-0.194061893786812,-0.192165303750292,-0.190335119521848,-0.188565028985816,-0.186849549493563,-0.185183882238021,-0.183563805602431,-0.181985594485279,-0.180445956786153,-0.178941981317465,-0.177471093536351,-0.17603101689513,-0.174619738496396,-0.173235478276766,-0.171876661253993,-0.170541892540961,-0.169229934914388,-0.167939688762793,-0.166670174250439,-0.165420515535348,-0.164189926877556,-0.162977700472749,-0.16178319584771,-0.160605830658202,-0.15944507273672,-0.158300433246344,-0.157171460807202,-0.156057736473113,-0.154958869447407,-0.153874493438185,-0.15280426356424,-0.15174785373314,-0.150704954422593,-0.149675270804945,-0.148658521162657,-0.147654435549664,-0.146662754659896,-0.145683228869785,-0.144715617426487,-0.143759687757786,-0.142815214883367,-0.141881980910313,-0.140959774598406,-0.140048390983188,-0.139147631046691,-0.138257301427486,-0.137377214163094,-0.136507186459041,-0.13564704047985,-0.13479660315811,-0.133955706018472,-0.133124185014039,-0.132301880373066,-0.131488636454328,-0.130684301609837,-0.129888728053836,-0.129101771737269,-0.128323292227052,-0.127553152589655,-0.126791219278599,-0.12603736202556,-0.125291453734865,-0.124553370381196,-0.123822990910375,-0.12310019714312,-0.122384873681715,-0.12167690781951,-0.120976189453217,-0.120282610997955,-0.119596067305004,-0.118916455582228,-0.118243675317142,-0.117577628202566,-0.116918218064845,-0.116265350794573,-0.115618934279792,-0.114978878341599,-0.114345094672124,-0.113717496774819,-0.113095999906996,-0.112480521024559,-0.111870978728871,-0.111267293215687,-0.110669386226095,-0.110077180999397,-0.109490602227868,-0.10890957601332,-0.108334029825423,-0.107763892461694,-0.107199094009116,-0.1066395658073,-0.106085240413151,-0.105536051566955,-0.104991934159843,-0.104452824202569,-0.103918658795545,-0.103389376100079,-0.102864915310757,-0.102345216628934,-0.101830221237263,-0.101319871275224,-0.100814109815619,-0.100312880841963,-0.099816129226748,-0.0993238007105365,-0.0988358418818351,-0.0983522001577241,-0.0978728237651977,-0.0973976617231856,-0.0969266638252219,-0.0964597806227293,-0.0959969634088912,-0.0955381642030813,-0.095083335735826,-0.0946324314342733,-0.0941854054081416,-0.093742212436131,-0.0933028079527695,-0.0928671480356771,-0.0924351893932266,-0.0920068893525837,-0.0915822058481067,-0.0911610974100921,-0.0907435231538475,-0.0903294427690783,-0.0899188165095751,-0.089511605183185,-0.0891077701420576,-0.0887072732731528,-0.0883100769889974,-0.0879161442186818,-0.0875254383990859,-0.087137923466325,-0.0867535638474049,-0.0863723244520803,-0.0859941706649068,-0.0856190683374785,-0.0852469837808454,-0.0848778837581016,-0.0845117354771405,-0.0841485065835685,-0.0837881651537721,-0.0834306796881336,-0.0830760191043892,-0.0827241527311252,-0.0823750503014073,-0.0820286819465378,-0.0816850181899385,-0.0813440299411534,-0.0810056884899676,-0.08066996550064,-0.0803368330062446,-0.0800062634031193,-0.0796782294454166,-0.0793527042397551,-0.0790296612399686,-0.0787090742419488,-0.0783909173785817,-0.0780751651147719,-0.0777617922425558,-0.0774507738762984,-0.077142085447974,-0.0768357027025274,-0.0765316016933139,-0.076229758777617,-0.0759301506122396,-0.075632754149171,-0.075337546631324,-0.0750445055883426,-0.0747536088324786,-0.0744648344545359,-0.0741781608198789,-0.0738935665645071,-0.073611030591192,-0.073330532065675,-0.0730520504129278,-0.0727755653134702,-0.0725010566997467,-0.0722285047525607,-0.0719578898975642,-0.0716891928018021,-0.0714223943703113,-0.0711574757427715,-0.0708944182902088,-0.0706332036117501,-0.0703738135314276,-0.0701162300950326,-0.0698604355670167,-0.0696064124274414,-0.0693541433689741,-0.0691036112939304,-0.0688547993113605,0,-0.209912082843469,-0.207207036895564,-0.20466553333159,-0.202271356015062,-0.200004705665565,-0.197848226066073,-0.195787775401187,-0.19381192760361,-0.19191133120268,-0.190078189468914,-0.188305884911827,-0.186588718356916,-0.184921728847798,-0.183300567480468,-0.181721406081339,-0.180180868003873,-0.17867597293811,-0.177204090769215,-0.175762901556959,-0.174350359970819,-0.172964663263498,-0.171604222285391,-0.17026763526102,-0.168953664149686,-0.167661213449402,-0.166389311308185,-0.165137092798665,-0.163903785201082,-0.162688695131215,-0.161491197345493,-0.160310725055942,-0.159146761592098,-0.157998833254737,-0.156866503216307,-0.155749366334388,-0.154647044756688,-0.153559184208336,-0.152485450864305,-0.151425528721152,-0.150379117392949,-0.149345930266034,-0.148325692956047,-0.14731814201861,-0.146323023872052,-0.145340093896712,-0.144369115680777,-0.143409860387256,-0.142462106220756,-0.141525637976163,-0.140600246654335,-0.139685729132399,-0.138781887878415,-0.137888530701957,-0.137005470533694,-0.136132525228328,-0.135269517386295,-0.134416274190546,-0.133572627255436,-0.132738412485361,-0.13191346994128,-0.13109764371366,-0.130290781800726,-0.129492735991127,-0.12870336175039,-0.127922518110668,-0.127150067563429,-0.126385875954847,-0.125629812383721,-0.12488174910182,-0.124141561416592,-0.123409127596203,-0.122684328776898,-0.121967048872689,-0.121257174487388,-0.120554594828995,-0.119859201626456,-0.119170889048817,-0.11848955362676,-0.117815094176555,-0.117147411726396,-0.11648640944513,-0.115831992573353,-0.115184068356863,-0.114542545982421,-0.113907336515807,-0.113278352842119,-0.112655509608273,-0.112038723167658,-0.11142791152689,-0.110822994294618,-0.110223892632317,-0.10963052920701,-0.109042828145866,-0.108460714992602,-0.107884116665634,-0.107312961417916,-0.106747178798394,-0.10618669961503,-0.105631455899323,-0.105081380872263,-0.104536408911679,-0.103996475520896,-0.103461517298669,-0.102931471910324,-0.102406278060052,-0.101885875464322,-0.101370204826335,-0.100859207811496,-0.100352827023845,-0.0998510059833949,-0.0993536891043602,-0.0988608216741992,-0.0983723498334592,-0.0978882205563722,-0.0974083816321674,-0.0969327816470694,-0.0964613699669448,-0.0959940967205672,-0.0955309127834722,-0.0950717697623715,-0.0946166199801004,-0.094165416461073,-0.0937181129172183,-0.0932746637343795,-0.0928350239591464,-0.0923991492861082,-0.0919669960455004,-0.0915385211912321,-0.0911136822892721,-0.0906924375063786,-0.0902747455991576,-0.0898605659034329,-0.0894498583239154,-0.089042583324156,-0.0886387019167725,-0.088238175653935,-0.0878409666181013,-0.0874470374129898,-0.087056351154781,-0.0866688714635365,-0.0862845624548279,-0.0859033887315666,-0.0855253153760254,-0.0851503079420463,-0.0847783324474248,-0.0844093553664665,-0.0840433436227069,-0.0836802645817901,-0.0833200860445002,-0.0829627762399393,-0.0826083038188479,-0.0822566378470622,-0.0819077477991033,-0.0815616035518944,-0.0812181753786025,-0.0808774339425985,-0.0805393502915347,-0.0802038958515337,-0.079871042421487,-0.0795407621674585,-0.079213027617192,-0.0788878116547176,-0.0785650875150551,-0.0782448287790123,-0.0779270093680748,-0.0776116035393851,-0.0772985858808094,-0.0769879313060884,-0.0766796150500723,-0.0763736126640346,-0.076069900011067,-0.07576845326155,-0.0754692488886988,-0.075172263664183,-0.0748774746538187,-0.0745848592133296,-0.0742943949841788,-0.0740060598894664,-0.0737198321298937,-0.073435690179792,-0.0731536127832148,-0.0728735789500919,-0.0725955679524442,-0.0723195593206585,-0.0720455328398207,-0.0717734685461059,-0.0715033467232259,-0.0712351478989308,-0.0709688528415654,-0.0707044425566791,-0.0704418982836879,-0.0701812014925877,-0.0699223338807186,-0.0696652773695773,-0.0694100141016802,-0.0691565264374739,-0.0689047969522918,-0.0686548084333583,-0.068406543876837,-0.0681599864849253,0,-0.207019778955409,-0.20444744913398,-0.202030929170704,-0.199750046339773,-0.197584927648025,-0.19551931256475,-0.193540402563887,-0.191638023228456,-0.189803891744475,-0.188031097025638,-0.186313752211911,-0.184646765987221,-0.183025690750124,-0.181446618668477,-0.179906106812485,-0.178401119700697,-0.176928982324774,-0.175487339714527,-0.174074120920485,-0.172687506339662,-0.171325897879197,-0.169987891734453,-0.168672253676622,-0.167377896776573,-0.166103861482407,-0.164849297943738,-0.163613450450056,-0.162395643829847,-0.161195271643891,-0.160011786000288,-0.158844688819298,-0.157693524381659,-0.15655787300319,-0.155437345689993,-0.154331579641368,-0.153240234480802,-0.15216298910859,-0.151099539082242,-0.150049594442685,-0.149012877915122,-0.147989123423263,-0.146978074864437,-0.14597948510088,-0.144993115129322,-0.144018733396955,-0.143056115236971,-0.14210504240131,-0.141165302672023,-0.14023668953586,-0.139319001909419,-0.138412043904489,-0.137515624625143,-0.13662955798973,-0.135753662572283,-0.134887761458932,-0.134031682115865,-0.13318525626609,-0.132348319772894,-0.131520712528378,-0.130702278345854,-0.129892864855194,-0.129092323400509,-0.128300508939692,-0.127517279945565,-0.126742498308433,-0.125976029239994,-0.125217741178566,-0.124467505695692,-0.123725197404156,-0.122990693867526,-0.122263875511295,-0.121544625535726,-0.120832829830505,-0.120128376891269,-0.119431157738122,-0.11874106583618,-0.118057997018222,-0.117381849409496,-0.116712523354704,-0.1160499213472,-0.115393947960416,-0.114744509781512,-0.114101515347245,-0.113464875082051,-0.112834501238301,-0.112210307838716,-0.111592210620892,-0.110980126983904,-0.110373975936934,-0.109773678049874,-0.109179155405863,-0.108590331555675,-0.108007131473935,-0.107429481517075,-0.106857309382981,-0.10629054407228,-0.105729115851188,-0.105172956215872,-0.104621997858259,-0.104076174633247,-0.103535421527235,-0.102999674627938,-0.102468871095427,-0.101942949134331,-0.101421847967154,-0.100905507808662,-0.100393869841284,-0.0998868761914775,-0.0993844699070233,-0.0988865949351967,-0.0983931961017756,-0.0979042190908472,-0.0974196104253734,-0.0969393174484761,-0.0964632883054122,-0.0959914719261996,-0.0955238180088645,-0.095060277003281,-0.0946008000955711,-0.0941453391930389,-0.0936938469096152,-0.0932462765517824,-0.0928025821049615,-0.0923627182203364,-0.0919266402020937,-0.0914943039950603,-0.0910656661727172,-0.0906406839255749,-0.0902193150498886,-0.0898015179367029,-0.0893872515612071,-0.0889764754723866,-0.088569149782959,-0.0881652351595829,-0.0877646928133208,-0.0873674844903551,-0.0869735724629367,-0.0865829195205624,-0.0861954889613684,-0.0858112445837318,-0.0854301506780724,-0.085052172018844,-0.0846772738567113,-0.0843054219109025,-0.0839365823617312,-0.0835707218432829,-0.0832078074362564,-0.0828478066609599,-0.0824906874704501,-0.0821364182438137,-0.081784967779585,-0.0814363052892944,-0.0810904003911445,-0.0807472231038089,-0.0804067438403496,-0.0800689334022509,-0.0797337629735639,-0.0794012041151598,-0.0790712287590893,-0.0787438092030436,-0.0784189181049141,-0.0780965284774502,-0.0777766136830103,-0.0774591474284049,-0.0771441037598274,-0.0768314570578748,-0.07652118203265,-0.0762132537189488,-0.0759076474715272,-0.0756043389604474,-0.0753033041665007,-0.0750045193767061,-0.0747079611798827,-0.0744136064622931,-0.0741214324033585,-0.0738314164714422,-0.0735435364197008,-0.0732577702820014,-0.0729740963689044,-0.0726924932637082,-0.0724129398185588,-0.072135415150618,-0.0718598986382929,-0.0715863699175246,-0.0713148088781334,-0.0710451956602217,-0.0707775106506325,-0.0705117344794615,-0.0702478480166248,-0.0699858323684775,-0.0697256688744853,-0.0694673391039462,-0.0692108248527631,-0.0689561081402655,-0.0687031712060787,-0.0684519965070418,-0.0682025667141707,-0.0679548647096693,-0.0677088735839849,-0.0674645766329074,0,-0.204198669866682,-0.201756809057583,-0.199462341963191,-0.197291066020179,-0.195223403880863,-0.193244524714298,-0.191343162735526,-0.189510479612488,-0.187739286970736,-0.186023556556946,-0.184358117576396,-0.182738468883602,-0.18116065936128,-0.17962120760967,-0.178117043697004,-0.176645463082253,-0.175204087327597,-0.173790828870749,-0.172403858613029,-0.171041575855485,-0.169702580478094,-0.168385647390932,-0.167089703303118,-0.165813805820214,-0.164557124829298,-0.163318926081425,-0.162098556841583,-0.160895433448848,-0.159709030613768,-0.158538872274211,-0.157384523832771,-0.156245585606174,-0.155121687328227,-0.154012483560996,-0.152917649883152,-0.151836879738768,-0.15076988184384,-0.149716378060906,-0.148676101664313,-0.147648795929605,-0.146634212990362,-0.145632112914446,-0.144642262959193,-0.143664436971665,-0.14269841490573,-0.141743982432555,-0.14080093062525,-0.139869055701845,-0.138948158813731,-0.138038045869155,-0.137138527383377,-0.136249418348833,-0.135370538120007,-0.134501710308899,-0.133642762687896,-0.132793527097628,-0.131953839357981,-0.131123539180985,-0.130302470084609,-0.12949047930689,-0.128687417719976,-0.127893139743925,-0.127107503260171,-0.12633036952472,-0.125561603081188,-0.124801071673834,-0.124048646160794,-0.123304200427712,-0.122567611301998,-0.121838758467903,-0.121117524382635,-0.12040379419368,-0.119697455657523,-0.118998399059898,-0.118306517137728,-0.117621705002845,-0.116943860067607,-0.116272881972475,-0.115608672515622,-0.114951135584621,-0.114300177090226,-0.113655704902285,-0.113017628787774,-0.112385860350956,-0.111760312975639,-0.111140901769522,-0.110527543510582,-0.109920156595478,-0.109318660989922,-0.108722978180967,-0.108133031131168,-0.107548744234553,-0.106970043274361,-0.10639685538247,-0.105829109000477,-0.105266733842354,-0.104709660858629,-0.104157822202031,-0.103611151194541,-0.103069582295786,-0.10253305107273,-0.102001494170589,-0.101474849284933,-0.100953055134915,-0.10043605143757,-0.0999237788831427,-0.0994161791113934,-0.098913194688834,-0.0984147690868505,-0.0979208466606706,-0.0974313726291327,-0.0969462930552216,-0.096465554827327,-0.0959891056411962,-0.0955168939825405,-0.0950488691102673,-0.0945849810403049,-0.0941251805299907,-0.0936694190629951,-0.0932176488347553,-0.0927698227383925,-0.0923258943510896,-0.0918858179209066,-0.0914495483540122,-0.0910170412023118,-0.0905882526514516,-0.0901631395091823,-0.0897416591940642,-0.0893237697244985,-0.0889094297080678,-0.0884985983311727,-0.0880912353489527,-0.0876873010754741,-0.087286756374176,-0.0868895626485641,-0.0864956818331367,-0.0861050763845385,-0.0857177092729284,-0.0853335439735544,-0.0849525444585257,-0.084574675188776,-0.0841999011062079,-0.0838281876260126,-0.0834595006291589,-0.0830938064550428,-0.0827310718942951,-0.0823712641817366,-0.0820143509894809,-0.0816603004201752,-0.0813090810003771,-0.080960661674061,-0.0806150117962529,-0.0802721011267836,-0.0799318998241638,-0.0795943784395721,-0.079259507910954,-0.0789272595572295,-0.0785976050726052,-0.078270516520988,-0.0779459663304978,-0.077623927288077,-0.0773043725341929,-0.0769872755576323,-0.0766726101903836,-0.0763603506026085,-0.0760504712976945,-0.0757429471073937,-0.0754377531870394,-0.075134865010844,-0.0748342583672717,-0.0745359093544881,-0.0742397943758834,-0.0739458901356667,-0.0736541736345322,-0.0733646221653936,-0.0730772133091873,-0.072791924930741,-0.0725087351747078,-0.0722276224615647,-0.0719485654836731,-0.0716715432014004,-0.0713965348393036,-0.07112351988237,-0.0708524780723175,-0.0705833894039511,-0.0703162341215765,-0.070050992715468,-0.0697876459183902,-0.0695261747021739,-0.0692665602743433,-0.0690087840747965,-0.0687528277725334,-0.0684986732624361,-0.0682463026620966,-0.0679956983086929,-0.0677468427559134,-0.0674997187709264,-0.0672543093313958,-0.0670105976225421,-0.0667685670342474,0,-0.201451294646499,-0.199138371632317,-0.196962238907083,-0.194895961920691,-0.192920934031674,-0.19102411579431,-0.189195923313224,-0.187428893739245,-0.185716923616382,-0.184054839933494,-0.182438156853216,-0.180862934935468,-0.17932569569347,-0.177823364927746,-0.176353230319812,-0.174912905765419,-0.17350029888864,-0.172113580316797,-0.170751154365951,-0.169411631252568,-0.168093801090098,-0.166796609914501,-0.165519137903046,-0.164260579855453,-0.163020227919462,-0.161797456473984,-0.160591709033985,-0.159402487010551,-0.158229340143953,-0.157071858423481,-0.155929665312075,-0.15480241210366,-0.153689773254356,-0.15259144254382,-0.151507129938599,-0.150436559044796,-0.14937946505199,-0.148335593083882,-0.147304696883411,-0.146286537771066,-0.145280883824734,-0.144287509237887,-0.14330619382013,-0.142336722610422,-0.141378885578527,-0.140432477394792,-0.139497297252073,-0.138573148726834,-0.137659839669021,-0.136757182112507,-0.135864992199696,-0.13498309011532,-0.134111300025641,-0.133249450020273,-0.132397372054553,-0.131554901891041,-0.130721879039205,-0.1298981466927,-0.129083551663974,-0.128277944316122,-0.127481178492083,-0.126693111441399,-0.125913603744798,-0.125142519236972,-0.124379724927879,-0.12362509092297,-0.1228784903427,-0.122139799241684,-0.12140889652784,-0.120685663881831,-0.119969985677109,-0.119261748900799,-0.118560843075685,-0.117867160183473,-0.117180594589528,-0.11650104296923,-0.115828404236059,-0.115162579471536,-0.114503471857078,-0.113850986607833,-0.113205030908545,-0.112565513851463,-0.111932346376316,-0.111305441212349,-0.110684712822404,-0.110070077349037,-0.109461452562631,-0.108858757811471,-0.108261913973741,-0.1076708434114,-0.107085469925874,-0.106505718715528,-0.105931516334843,-0.105362790655256,-0.104799470827598,-0.104241487246068,-0.103688771513691,-0.103141256409194,-0.102598875855245,-0.102061564887999,-0.101529259627889,-0.101001897251616,-0.100479415965269,-0.0999617549785426,-0.0994488544799854,-0.0989406556132351,-0.0984371004541973,-0.0979381319891174,-0.0974436940935051,-0.0969537315118676,-0.0964681898382124,-0.0959870154972823,-0.0955101557264859,-0.0950375585584861,-0.0945691728044185,-0.0941049480377024,-0.0936448345784208,-0.093188783478235,-0.0927367465058106,-0.0922886761327278,-0.0918445255198536,-0.0914042485041497,-0.0909677995858979,-0.0905351339163203,-0.0901062072855761,-0.089680976111116,-0.0892593974263775,-0.0888414288698041,-0.0884270286741745,-0.0880161556562249,-0.0876087692065532,-0.0872048292797911,-0.0868042963850313,-0.0864071315764995,-0.0860132964444611,-0.0856227531063487,-0.0852354641981063,-0.0848513928657365,-0.0844705027570447,-0.0840927580135716,-0.0837181232627066,-0.0833465636099746,-0.0829780446314903,-0.0826125323665714,-0.0822499933105097,-0.0818903944074877,-0.0815337030436418,-0.081179887040262,-0.0808289146471269,-0.0804807545359681,-0.0801353757940593,-0.0797927479179269,-0.0794528408071779,-0.0791156247584425,-0.0787810704594258,-0.0784491489830677,-0.0781198317818071,-0.0777930906819464,-0.0774688978781156,-0.0771472259278311,-0.0768280477461496,-0.0765113366004113,-0.0761970661050724,-0.0758852102166247,-0.0755757432285992,-0.0752686397666521,-0.0749638747837316,-0.074661423555324,-0.0743612616747759,-0.0740633650486926,-0.0737677098924101,-0.0734742727255392,-0.0731830303675811,-0.0728939599336108,-0.0726070388300304,-0.0723222447503879,-0.0720395556712618,-0.0717589498482096,-0.0714804058117798,-0.0712039023635848,-0.0709294185724356,-0.0706569337705349,-0.07038642754973,-0.0701178797578221,-0.0698512704949328,-0.0695865801099258,-0.0693237891968833,-0.0690628785916358,-0.0688038293683459,-0.0685466228361416,-0.0682912405358032,-0.0680376642364984,-0.0677858759325682,-0.0675358578403605,-0.0672875923951124,-0.0670410622478782,-0.0667962502625042,-0.0665531395126498,-0.0663117132788526,-0.0660719550456387,0,-0.198780284118336,-0.196594800135832,-0.194532362814248,-0.192565588189184,-0.190677713937808,-0.188857832260363,-0.18709813159935,-0.185392514420319,-0.183735918109601,-0.182123974904502,-0.180552838830874,-0.179019095124186,-0.177519708828038,-0.176051990405136,-0.17461356754443,-0.173202358434519,-0.171816544913858,-0.170454545400982,-0.169114988105597,-0.167796685159445,-0.166498608230754,-0.165219866031623,-0.163959683962306,-0.162717385991204,-0.161492378755578,-0.160284137786343,-0.159092195707001,-0.157916132226303,-0.156755565731141,-0.155610146285419,-0.154479549848342,-0.153363473538416,-0.152261631785264,-0.151173753228306,-0.150099578238403,-0.149038856954875,-0.147991347745483,-0.146956816010727,-0.145935033266106,-0.144925776446763,-0.14392882738834,-0.14294397244591,-0.141971002219761,-0.141009711362618,-0.140059898447779,-0.139121365881754,-0.138193919848361,-0.137277370274072,-0.136371530806659,-0.1354762188011,-0.134591255308208,-0.133716465062649,-0.132851676468033,-0.131996721577476,-0.131151436068674,-0.130315659212981,-0.129489233838325,-0.128672006286081,-0.127863826362185,-0.127064547282925,-0.126274025615923,-0.125492121216871,-0.124718697162619,-0.123953619681196,-0.123196758079352,-0.122447984668169,-0.121707174687275,-0.12097420622813,-0.120248960156837,-0.119531320036888,-0.118821172052187,-0.11811840493069,-0.117422909868922,-0.116734580457634,-0.116053312608786,-0.115379004484044,-0.114711556424931,-0.114050870884746,-0.113396852362341,-0.112749407337833,-0.112108444210286,-0.111473873237409,-0.110845606477272,-0.110223557732047,-0.109607642493768,-0.10899777789208,-0.108393882643956,-0.107795877005339,-0.107203682724675,-0.106617222998278,-0.106036422427488,-0.105461206977561,-0.10489150393823,-0.10432724188589,-0.103768350647344,-0.103214761265041,-0.102666405963762,-0.102123218118682,-0.10158513222476,-0.10105208386739,-0.100524009694259,-0.100000847388369,-0.099482535642149,-0.0989690141326214,-0.0984602234975672,-0.0979561053126413,-0.0974566020693917,-0.0969616571541392,-0.0964712148276744,-0.0959852202057293,-0.0955036192401882,-0.0950263587009965,-0.0945533861587347,-0.0940846499678227,-0.0936200992503223,-0.0931596838803074,-0.0927033544687738,-0.0922510623490596,-0.0918027595627511,-0.0913583988460508,-0.0909179336165816,-0.0904813179606066,-0.0900485066206457,-0.0896194549834657,-0.0891941190684273,-0.0887724555161731,-0.0883544215776367,-0.0879399751033607,-0.0875290745331065,-0.0871216788857446,-0.0867177477494097,-0.0863172412719111,-0.0859201201513844,-0.0855263456271768,-0.0851358794709516,-0.0847486839780074,-0.0843647219587986,-0.0839839567306504,-0.0836063521096621,-0.083231872402788,-0.0828604824000904,-0.0824921473671596,-0.0821268330376909,-0.0817645056062156,-0.0814051317209814,-0.0810486784769722,-0.080695113409068,-0.0803444044853357,-0.0799965201004496,-0.0796514290692358,-0.0793091006203363,-0.0789695043899904,-0.078632610415929,-0.0782983891313782,-0.0779668113591701,-0.0776378483059563,-0.0773114715565233,-0.0769876530682049,-0.0766663651653904,-0.0763475805341254,-0.0760312722168052,-0.0757174136069531,-0.0754059784440886,-0.0750969408086782,-0.0747902751171683,-0.0744859561170997,-0.0741839588823006,-0.0738842588081559,-0.0735868316069536,-0.0732916533033029,-0.072998700229627,-0.0727079490217249,-0.072419376614405,-0.072132960237184,-0.0718486774100557,-0.0715665059393232,-0.0712864239134973,-0.0710084096992569,-0.0707324419374726,-0.0704584995392902,-0.0701865616822752,-0.0699166078066161,-0.0696486176113854,-0.0693825710508572,-0.0691184483308813,-0.0688562299053134,-0.0685958964724966,-0.068337428971799,-0.0680808085802022,-0.0678260167089423,-0.0675730350002002,-0.0673218453238439,-0.0670724297742176,-0.0668247706669806,-0.0665788505359936,-0.0663346521302516,-0.0660921584108631,-0.0658513525480748,-0.0656122179183397,-0.0653747381014311,0,-0.19618903036286,-0.194128156262166,-0.192173693465609,-0.190300088599552,-0.188493338015057,-0.186744927511205,-0.185048833351824,-0.183400261847275,-0.181795115265013,-0.180229762197511,-0.178700940605142,-0.177205717292397,-0.175741468319674,-0.174305864259616,-0.172896853864765,-0.171512644424376,-0.17015167919901,-0.168812613084928,-0.167494287763371,-0.166195707405061,-0.164916015722324,-0.163654474884643,-0.162410446578304,-0.16118337530898,-0.159972773915475,-0.158778211175962,-0.157599301335631,-0.156435695357998,-0.155287073693812,-0.154153140365514,-0.153033618177042,-0.151928244875059,-0.150836770106058,-0.149758953032673,-0.148694560490766,-0.147643365585947,-0.146605146643712,-0.145579686441177,-0.144566771660545,-0.143566192514881,-0.142577742505824,-0.141601218280401,-0.140636419560596,-0.139683149124616,-0.138741212823281,-0.137810419618592,-0.136890581634534,-0.135981514212602,-0.13508303596649,-0.134194968831958,-0.133317138109144,-0.13244937249555,-0.131591504108706,-0.130743368498088,-0.129904804646304,-0.129075654959894,-0.128255765250299,-0.127444984705717,-0.126643165854677,-0.125850164522187,-0.125065839779336,-0.124290053887245,-0.123522672236208,-0.122763563280825,-0.122012598471901,-0.121269652185811,-0.120534601651964,-0.119807326878976,-0.119087710580056,-0.118375638098084,-0.1176709973308,-0.116973678656455,-0.116283574860247,-0.115600581061805,-0.114924594643942,-0.11425551518289,-0.113593244380133,-0.112937685996001,-0.112288745785094,-0.111646331433622,-0.111010352498704,-0.110380720349658,-0.109757348111309,-0.109140150609287,-0.108529044317339,-0.107923947306602,-0.107324779196824,-0.106731461109486,-0.106143915622787,-0.105562066728435,-0.104985839790194,-0.104415161504142,-0.103849959860559,-0.103290164107405,-0.102735704715326,-0.102186513344115,-0.101642522810583,-0.101103667057768,-0.100569881125437,-0.100041101121805,-0.0995172641964351,-0.0989983085142476,-0.0984841732305972,-0.0979747984673595,-0.0974701252899816,-0.096970095685446,-0.096474652541105,-0.0959837396243396,-0.0954973015630021,-0.0950152838266009,-0.0945376327081924,-0.094064295306939,-0.0935952195113041,-0.0931303539828455,-0.0926696481405819,-0.0922130521458967,-0.0917605168879577,-0.0913119939696211,-0.0908674356937967,-0.0904267950502516,-0.0899900257028287,-0.0895570819770584,-0.0891279188481467,-0.0887024919293172,-0.0882807574604921,-0.0878626722972943,-0.0874481939003555,-0.0870372803249149,-0.0866298902106961,-0.0862259827720482,-0.0858255177883383,-0.0854284555945851,-0.0850347570723222,-0.0846443836406816,-0.0842572972476868,-0.0838734603617464,-0.083492835963342,-0.0831153875368998,-0.0827410790628392,-0.0823698750097933,-0.0820017403269913,-0.0816366404367997,-0.0812745412274146,-0.0809154090457002,-0.0805592106901691,-0.0802059134040977,-0.0798554848687737,-0.0795078931968705,-0.0791631069259454,-0.0788210950120568,-0.0784818268234961,-0.0781452721346333,-0.0778114011198706,-0.077480184347702,-0.0771515927748757,-0.0768255977406569,-0.0765021709611878,-0.076181284523943,-0.0758629108822771,-0.0755470228500627,-0.0752335935964167,-0.0749225966405131,-0.0746140058464789,-0.0743077954183738,-0.0740039398952488,-0.0737024141462846,-0.0734031933660076,-0.0731062530695792,-0.0728115690881621,-0.072519117564357,-0.072228874947711,-0.0719408179902964,-0.0716549237423573,-0.0713711695480234,-0.0710895330410903,-0.0708099921408647,-0.0705325250480719,-0.0702571102408276,-0.0699837264706706,-0.0697123527586547,-0.0694429683915024,-0.0691755529178143,-0.0689100861443383,-0.0686465481322937,-0.0683849191937514,-0.0681251798880695,-0.067867311018381,-0.0676112936281359,-0.0673571089976954,-0.0671047386409764,-0.0668541643021468,-0.066605367952371,-0.0663583317866042,-0.0661130382204341,-0.0658694698869716,-0.0656276096337858,-0.0653874405198868,-0.0651489458127538,-0.0649121089854066,-0.0646769137135219,0,-0.193680754155234,-0.191739812737589,-0.189886404486695,-0.188098891030609,-0.186366814999136,-0.184684186292483,-0.183046698990334,-0.181450752424846,-0.179893110568021,-0.178370795073747,-0.176881064663946,-0.17542142116093,-0.173989617547478,-0.172583659170498,-0.171201796369666,-0.169842509813472,-0.168504490781933,-0.167186618640805,-0.165887937372874,-0.164607632550967,-0.16334500968476,-0.162099474499637,-0.160870515421021,-0.159657688334017,-0.158460603551816,-0.157278914841652,-0.156112310310697,-0.154960504934662,-0.153823234510344,-0.152700250823242,-0.151591317837922,-0.150496208738718,-0.149414703669257,-0.148346588039927,-0.147291651291694,-0.146249686022258,-0.145220487396204,-0.144203852774456,-0.143199581510155,-0.142207474868092,-0.141227336033316,-0.140258970181599,-0.139302184590297,-0.138356788772982,-0.137422594625141,-0.136499416571443,-0.13558707170763,-0.13468537993213,-0.133794164064116,-0.132913249945978,-0.132042466529173,-0.13118164594313,-0.130330623547449,-0.129489237968041,-0.128657331118121,-0.127834748205142,-0.127021337724902,-0.126216951444068,-0.125421444372391,-0.124634674725876,-0.123856503882085,-0.123086796328747,-0.122325419606703,-0.121572244248218,-0.12082714371153,-0.120089994312481,-0.119360675153964,-0.11863906805385,-0.117925057471983,-0.117218530436758,-0.116519376471738,-0.115827487522694,-0.115142757885407,-0.114465084134512,-0.113794365053622,-0.113130501566926,-0.112473396672425,-0.11182295537692,-0.111179084632863,-0.110541693277121,-0.109910691971722,-0.109285993146595,-0.10866751094432,-0.108055161166891,-0.107448861224459,-0.106848530086054,-0.106254088232222,-0.105665457609558,-0.105082561587082,-0.104505324914389,-0.103933673681549,-0.103367535280665,-0.102806838369052,-0.102251512833971,-0.101701489758843,-0.101156701390906,-0.100617081110228,-0.100082563400036,-0.0995530838182873,-0.0990285789704381,-0.0985089864833393,-0.0979942449802168,-0.097484294056676,-0.0969790742576829,-0.0964785270554718,-0.0959825948283316,-0.0954912208402274,-0.095004349221213,-0.0945219249485931,-0.094043893828797,-0.0935702024799258,-0.0931007983149375,-0.0926356295254354,-0.0921746450660327,-0.0917177946392554,-0.0912650286809616,-0.0908162983462471,-0.0903715554958124,-0.0899307526827669,-0.089493843139848,-0.0890607807670341,-0.0886315201195297,-0.0882060163961064,-0.0877842254277783,-0.0873661036667993,-0.0869516081759627,-0.0865406966181919,-0.0861333272464038,-0.0857294588936367,-0.0853290509634275,-0.0849320634204265,-0.0845384567812415,-0.0841481921054977,-0.0837612309871068,-0.0833775355457349,-0.0829970684184603,-0.0826197927516156,-0.0822456721928033,-0.0818746708830816,-0.081506753449311,-0.0811418849966574,-0.0807800311012445,-0.0804211578029515,-0.08006523159835,-0.0797122194337753,-0.0793620886985296,-0.0790148072182079,-0.0786703432481497,-0.0783286654670059,-0.077989742970422,-0.0776535452648315,-0.0773200422613586,-0.0769892042698245,-0.0766610019928573,-0.0763354065201002,-0.0760123893225174,-0.0756919222467942,-0.0753739775098297,-0.0750585276933186,-0.0747455457384219,-0.074435004940523,-0.0741268789440676,-0.0738211417374865,-0.0735177676481976,-0.0732167313376879,-0.0729180077966726,-0.0726215723403278,-0.0723274006036009,-0.0720354685365902,-0.0717457523999977,-0.0714582287606521,-0.0711728744870995,-0.0708896667452619,-0.0706085829941631,-0.0703296009817181,-0.0700526987405876,-0.0697778545840953,-0.0695050471022068,-0.0692342551575701,-0.0689654578816142,-0.0686986346707093,-0.0684337651823825,-0.0681708293315917,-0.0679098072870552,-0.0676506794676373,-0.0673934265387867,-0.0671380294090304,-0.0668844692265183,-0.0666327273756208,-0.0663827854735775,-0.0661346253671959,-0.0658882291295998,-0.0656435790570254,-0.0654006576656673,-0.0651594476885703,-0.0649199320725687,-0.0646820939752706,-0.0644459167620882,-0.0642113840033126,-0.0639784794712308,0,-0.191258050637861,-0.189430316496844,-0.187669824270508,-0.185960717640565,-0.184296597778478,-0.182673959311383,-0.181090056661595,-0.179542328067465,-0.178028275342066,-0.176545480772512,-0.175091657256,-0.173664694266988,-0.172262687768687,-0.170883952869556,-0.169527022176806,-0.168190633911935,-0.16687371362485,-0.16557535261845,-0.164294785379718,-0.163031367581912,-0.161784555634337,-0.160553888315578,-0.159338970714012,-0.158139460490288,-0.156955056345086,-0.155785488500473,-0.154630510967308,-0.153489895361429,-0.152363426038166,-0.151250896331246,-0.150152105703741,-0.149066857642138,-0.14799495814797,-0.146936214703494,-0.145890435607963,-0.144857429598896,-0.143837005688272,-0.142828973156885,-0.141833141661389,-0.14084932141798,-0.139877323434527,-0.138916959769375,-0.137968043800293,-0.137030390491301,-0.136103816648485,-0.135188141158634,-0.134283185206627,-0.133388772469181,-0.132504729283806,-0.131630884792796,-0.130767071062748,-0.129913123180666,-0.129068879327988,-0.128234180834148,-0.127408872211378,-0.126592801172546,-0.125785818633782,-0.12498777870363,-0.124198538660401,-0.123417958919282,-0.122645902990671,-0.121882237431104,-0.12112683178801,-0.120379558539426,-0.119640293029693,-0.118908913402042,-0.118185300528882,-0.117469337940514,-0.116760911752889,-0.116059910594965,-0.115366225536125,-0.114679750014075,-0.114000379763554,-0.113328012746141,-0.112662549081414,-0.112003890979626,-0.111351942676089,-0.11070661036735,-0.110067802149274,-0.109435427957092,-0.108809399507444,-0.108189630242454,-0.107576035275832,-0.106968531340991,-0.106367036741165,-0.105771471301494,-0.105181756323024,-0.104597814538599,-0.104019570070563,-0.103446948390248,-0.102879876279156,-0.102318281791803,-0.10176209422014,-0.101211244059505,-0.100665662976026,-0.100125283775426,-0.0995900403731607,-0.0990598677658265,-0.0985347020037849,-0.098014480164938,-0.0974991403296041,-0.0969886215564346,-0.0964828638593225,-0.0959818081852508,-0.0954853963930302,-0.094993571232883,-0.0945062763268266,-0.0940234561498137,-0.0935450560115908,-0.0930710220392356,-0.092601301160335,-0.0921358410867744,-0.0916745902990993,-0.0912174980314224,-0.0907645142568466,-0.0903155896733741,-0.0898706756902788,-0.0894297244149143,-0.0889926886399377,-0.0885595218309241,-0.0881301781143541,-0.0877046122659534,-0.0872827796993692,-0.0868646364551606,-0.0864501391900948,-0.0860392451667281,-0.0856319122432608,-0.0852280988636518,-0.0848277640479809,-0.0844308673830471,-0.0840373690131921,-0.0836472296313397,-0.0832604104702398,-0.0828768732939095,-0.0824965803892639,-0.0821194945579252,-0.0817455791082071,-0.0813747978472643,-0.0810071150734032,-0.0806424955685452,-0.0802809045908395,-0.0799223078674176,-0.0795666715872869,-0.0792139623943561,-0.0788641473805913,-0.078517194079295,-0.0781730704585064,-0.0778317449145191,-0.0774931862655119,-0.0771573637452897,-0.0768242469971327,-0.0764938060677478,-0.0761660114013235,-0.0758408338336825,-0.0755182445865309,-0.0751982152618016,-0.0748807178360887,-0.0745657246551733,-0.074253208428634,-0.0739431422245464,-0.0736354994642634,-0.0733302539172797,-0.0730273796961755,-0.0727268512516391,-0.0724286433675675,-0.072132731156241,-0.0718390900535741,-0.0715476958144375,-0.071258524508053,-0.0709715525134577,-0.0706867565150378,-0.0704041134981298,-0.0701236007446893,-0.0698451958290234,-0.0695688766135901,-0.0692946212448589,-0.0690224081492349,-0.0687522160290442,-0.0684840238585789,-0.0682178108802022,-0.0679535566005123,-0.0676912407865627,-0.0674308434621398,-0.0671723449040967,-0.0669157256387417,-0.06666096643828,-0.0664080483173101,-0.0661569525293715,-0.065907660563545,-0.0656601541411035,-0.0654144152122123,-0.06517042595268,-0.0649281687607576,-0.0646876262539847,-0.0644487812660849,-0.0642116168439051,-0.0639761162444027,-0.063742262931677,-0.0635100405740456,-0.0632794330411641,0,-0.188922645139307,-0.187199237711928,-0.185522412619182,-0.183883614218484,-0.182280627472556,-0.180712207141526,-0.179176931049657,-0.177673088960202,-0.176198783997455,-0.174752063236662,-0.173331027595277,-0.171933908497174,-0.170559112635885,-0.169205241117676,-0.167871090197224,-0.166555640032302,-0.165258036532139,-0.163977569999526,-0.16271365308945,-0.161465799686583,-0.160233605627093,-0.15901673171678,-0.15781488918195,-0.156627827490584,-0.155455324365566,-0.154297177752779,-0.153153199485558,-0.152023210389287,-0.150907036586152,-0.149804506783639,-0.14871545035687,-0.14763969606172,-0.146577071241007,-0.145527401409268,-0.144490510122079,-0.143466219053704,-0.142454348221978,-0.141454716312081,-0.140467141061467,-0.13949143967689,-0.138527429261589,-0.1375749272364,-0.136633751743156,-0.135703722022327,-0.134784658759737,-0.133876384399337,-0.132978723420733,-0.132091502581386,-0.131214551124346,-0.130347700953019,-0.12949078677492,-0.128643646216634,-0.127806119912358,-0.126978051568479,-0.126159288006594,-0.125349679187343,-0.124549078217301,-0.123757341341058,-0.122974327920482,-0.122199900402982,-0.121433924280465,-0.120676268040501,-0.119926803111079,-0.119185403800193,-0.118451947231343,-0.117726313275942,-0.117008384483472,-0.116298046010142,-0.115595185546702,-0.114899693245962,-0.114211461650505,-0.113530385620993,-0.112856362265414,-0.112189290869539,-0.111529072828835,-0.110875611582005,-0.110228812546314,-0.109588583054795,-0.10895483229543,-0.108327471252349,-0.107706412649081,-0.107091570893874,-0.106482862027064,-0.1058802036705,-0.105283514978963,-0.104692716593572,-0.104107730597104,-0.103528480471191,-0.102954891055336,-0.102386888507673,-0.10182440026743,-0.101267355019004,-0.100715682657613,-0.100169314256425,-0.0996281820351294,-0.0990922193298647,-0.0985613605644489,-0.0980355412228468,-0.0975146978228157,-0.0969987678906686,-0.0964876899370993,-0.0959814034340135,-0.095479848792316,-0.0949829673405997,-0.0944907013046911,-0.0940029937880059,-0.0935197887526694,-0.0930410310013623,-0.0925666661598495,-0.0920966406601579,-0.0916309017243645,-0.0911693973489637,-0.0907120762897794,-0.0902588880473957,-0.0898097828530744,-0.089364711655135,-0.0889236261057715,-0.0884864785482811,-0.0880532220046876,-0.0876238101637314,-0.0871981973692126,-0.0867763386086672,-0.0863581895023577,-0.0859437062925645,-0.0855328458331617,-0.0851255655794627,-0.0847218235783245,-0.0843215784584956,-0.0839247894211994,-0.0835314162309372,-0.0831414192065082,-0.0827547592122275,-0.0823713976493435,-0.0819912964476369,-0.0816144180572014,-0.081240725440393,-0.080870182063945,-0.08050275189124,-0.0801383993747344,-0.0797770894485289,-0.0794187875210799,-0.0790634594680476,-0.0787110716252755,-0.0783615907818966,-0.0780149841735635,-0.0776712194757976,-0.0773302647974544,-0.0769920886743002,-0.0766566600626992,-0.0763239483334063,-0.0759939232654628,-0.0756665550401935,-0.0753418142353022,-0.0750196718190612,-0.0747000991445965,-0.0743830679442624,-0.0740685503241071,-0.0737565187584238,-0.073446946084388,-0.073139805496779,-0.0728350705427822,-0.0725327151168727,-0.0722327134557764,-0.07193504013351,-0.0716396700564947,-0.0713465784587467,-0.0710557408971383,-0.0707671332467328,-0.0704807316961888,-0.0701965127432339,-0.0699144531902071,-0.0696345301396679,-0.0693567209900712,-0.0690810034315073,-0.0688073554415057,-0.0685357552809016,-0.0682661814897645,-0.0679986128833873,-0.0677330285483361,-0.0674694078385575,-0.067207730371546,-0.0669479760245674,-0.066690124930939,-0.0664341574763644,-0.0661800542953253,-0.0659277962675246,-0.0656773645143847,-0.0654287403955967,-0.0651819055057214,-0.0649368416708422,-0.0646935309452671,-0.0644519556082797,-0.0642120981609402,-0.0639739413229323,-0.0637374680294592,-0.0635026614281852,-0.063269504876223,-0.0630379819371669,-0.0628080763781696,-0.062579772167063,0,-0.186675333219021,-0.185045037369757,-0.183441765459272,-0.181865001244344,-0.180316391059393,-0.178796551970978,-0.177305086531198,-0.175840928646487,-0.174402642504675,-0.172988646498504,-0.171597367460256,-0.170227336902496,-0.168877242952357,-0.167545950899722,-0.166232503100239,-0.164936106436401,-0.163656113212103,-0.162391999457372,-0.161143343179543,-0.159909804060341,-0.158691105384042,-0.157487018510572,-0.15629734991151,-0.155121930613272,-0.15396060780064,-0.152813238296393,-0.15167968362889,-0.15055980641525,-0.149453467813884,-0.148360525830673,-0.147280834294322,-0.146214242346094,-0.145160594316165,-0.144119729882645,-0.143091484429888,-0.142075689540059,-0.141072173566471,-0.14008076224913,-0.139101279342673,-0.138133547234726,-0.137177387538978,-0.136232621652201,-0.135299071268303,-0.134376558845492,-0.133464908024852,-0.132563944000363,-0.131673493841566,-0.13079338677099,-0.129923454399003,-0.129063530919114,-0.128213453266977,-0.127373061246358,-0.12654219762535,-0.125720708206001,-0.124908441870366,-0.124105250605849,-0.123310989512467,-0.122525516794507,-0.121748693738798,-0.120980384681643,-0.120220456966255,-0.119468780892328,-0.118725229659232,-0.117989679304123,-0.117262008636119,-0.116542099167557,-0.115829835043191,-0.11512510296811,-0.114427792135005,-0.113737794151374,-0.1130550029671,-0.112379314802825,-0.111710628079436,-0.111048843348932,-0.110393863226887,-0.109745592326681,-0.109103937195631,-0.108468806253105,-0.107840109730703,-0.107217759614528,-0.106601669589573,-0.105991754986224,-0.10538793272886,-0.10479012128652,-0.104198240625609,-0.103612212164578,-0.103031958730535,-0.102457404517733,-0.101888475047849,-0.101325097132022,-0.100767198834546,-0.100214709438178,-0.0996675594109762,-0.0991256803746033,-0.0985890050740311,-0.0980574673485731,-0.0975310021041859,-0.0970095452869719,-0.0964930338578243,-0.0959814057681539,-0.095474599936641,-0.0949725562269582,-0.0944752154264103,-0.093982519225443,-0.0934944101979714,-0.093010831782483,-0.0925317282638729,-0.0920570447559696,-0.0915867271847137,-0.0911207222719504,-0.0906589775198055,-0.0902014411956079,-0.0897480623173317,-0.089298790639525,-0.0888535766397036,-0.0884123715051782,-0.0879751271202955,-0.0875417960540691,-0.0871123315481785,-0.086686687505318,-0.0862648184778763,-0.0858466796569285,-0.085432226861526,-0.0850214165282684,-0.0846142057011428,-0.084210552021618,-0.0838104137189806,-0.0834137496009034,-0.0830205190442298,-0.0826306819859734,-0.0822441989145132,-0.081861030860983,-0.0814811393908437,-0.0811044865956313,-0.0807310350848724,-0.080360747978164,-0.0799935888974058,-0.0796295219591847,-0.0792685117673025,-0.0789105234054423,-0.0785555224299708,-0.0782034748628683,-0.0778543471847858,-0.0775081063282237,-0.0771647196708277,-0.0768241550287993,-0.0764863806504186,-0.0761513652096732,-0.0758190777999941,-0.0754894879280933,-0.0751625655079006,-0.0748382808545991,-0.0745166046787548,-0.0741975080805398,-0.0738809625440451,-0.0735669399316839,-0.0732554124786802,-0.0729463527876438,-0.0726397338232274,-0.0723355289068677,-0.0720337117116036,-0.071734256256976,-0.0714371369040031,-0.0711423283502321,-0.070849805624866,-0.0705595440839624,-0.0702715194057057,-0.0699857075857492,-0.0697020849326271,-0.0694206280632352,-0.0691413138983787,-0.0688641196583867,-0.0685890228587919,-0.0683160013060743,-0.0680450330934691,-0.0677760965968358,-0.0675091704705898,-0.067244233643694,-0.06698126531571,-0.0667202449529082,-0.0664611522844357,-0.0662039672985416,-0.0659486702388575,-0.0656952416007349,-0.0654436621276358,-0.0651939128075777,-0.064945974869632,-0.0646998297804736,-0.0644554592409832,-0.0642128451828995,-0.063971969765522,-0.0637328153724622,-0.063495364608445,-0.0632596002961562,-0.0630255054731393,-0.0627930633887356,-0.0625622575010741,-0.0623330714741034,-0.06210548917467,-0.0618794946696397,0,-0.184515577551242,-0.182964976838751,-0.181424657938577,-0.179901747434281,-0.178400990846285,-0.17692433524056,-0.175472073047656,-0.174043570221286,-0.172637717222072,-0.171253218122881,-0.169888770773829,-0.168543170508896,-0.16721536146205,-0.165904453686241,-0.164609719359505,-0.163330577358802,-0.16206657239546,-0.160817352643509,-0.159582648202602,-0.158362251662376,-0.157156001335659,-0.155963767292631,-0.154785440073076,-0.153620921818264,-0.152470119504978,-0.151332939952293,-0.150209286287116,-0.149099055584301,-0.148002137433106,-0.146918413218795,-0.145847755943505,-0.14479003044244,-0.14374509387954,-0.142712796430723,-0.141692982082998,-0.140685489494362,-0.139690152873009,-0.138706802845317,-0.137735267290812,-0.136775372129181,-0.135826942049741,-0.13488980117791,-0.133963773676309,-0.133048684280427,-0.132144358770489,-0.13125062438229,-0.130367310160579,-0.129494247259044,-0.128631269191198,-0.127778212036565,-0.126934914606503,-0.126101218573886,-0.125276968570654,-0.124462012257015,-0.123656200365814,-0.122859386725309,-0.122071428263329,-0.121292184995503,-0.120521519999987,-0.11975929938089,-0.119005392222319,-0.118259670534789,-0.117522009195514,-0.116792285883922,-0.116070381013556,-0.115356177661374,-0.114649561495334,-0.113950420701003,-0.113258645907836,-0.112574130115656,-0.111896768621801,-0.111226458949298,-0.110563100776379,-0.109906595867575,-0.109256848006602,-0.108613762931155,-0.107977248269759,-0.107347213480716,-0.106723569793222,-0.106106230150665,-0.105495109156106,-0.104890123019937,-0.104291189509678,-0.103698227901874,-0.103111158936055,-0.102529904770684,-0.101954388941036,-0.10138453631896,-0.100820273074418,-0.100261526638766,-0.0997082256696807,-0.0991603000176714,-0.0986176806940951,-0.0980802998406129,-0.097548090700011,-0.0970209875883209,-0.0964989258681707,-0.0959818419233035,-0.0954696731342013,-0.0949623578547545,-0.0944598353899189,-0.093962045974307,-0.09346893075166,-0.0929804317551523,-0.0924964918884799,-0.0920170549076886,-0.0915420654037007,-0.0910714687854981,-0.0906052112639259,-0.0901432398360799,-0.089685502270245,-0.0892319470913529,-0.0887825235669288,-0.0883371816935004,-0.0878958721834424,-0.0874585464522321,-0.0870251566060933,-0.0865956554300084,-0.0861699963760742,-0.0857481335521903,-0.0853300217110538,-0.0849156162394518,-0.0845048731478305,-0.0840977490601302,-0.0836942012038721,-0.0832941874004833,-0.0828976660558505,-0.082504596151089,-0.0821149372335204,-0.0817286494078457,-0.0813456933275091,-0.0809660301862397,-0.0805896217097695,-0.0802164301477142,-0.0798464182656154,-0.0794795493371345,-0.0791157871363949,-0.0787550959304659,-0.0783974404719837,-0.0780427859919042,-0.077691098192385,-0.0773423432397894,-0.0769964877578124,-0.0766534988207216,-0.0763133439467119,-0.07597599109137,-0.0756414086412452,-0.0753095654075255,-0.0749804306198134,-0.0746539739200031,-0.0743301653562512,-0.074008975377045,-0.0736903748253606,-0.0733743349329126,-0.0730608273144919,-0.0727498239623897,-0.0724412972409069,-0.0721352198809466,-0.0718315649746877,-0.0715303059703394,-0.0712314166669746,-0.0709348712094389,-0.070640644083338,-0.0703487101100978,-0.0700590444420998,-0.0697716225578864,-0.0694864202574399,-0.0692034136575302,-0.0689225791871308,-0.0686438935829042,-0.0683673338847526,-0.0680928774314359,-0.0678205018562532,-0.067550185082789,-0.0672819053207219,-0.0670156410616957,-0.0667513710752518,-0.0664890744048205,-0.0662287303637741,-0.0659703185315361,-0.0657138187497496,-0.0654592111185018,-0.0652064759926059,-0.0649555939779362,-0.0647065459278196,-0.0644593129394797,-0.0642138763505348,-0.0639702177355473,-0.0637283189026244,-0.0634881618900711,-0.063249728963092,-0.0630130026105423,-0.062777965541728,-0.0625446006832542,-0.0623128911759194,-0.062082820371659,-0.0618543718305318,-0.0616275293177533,-0.0614022768007739,-0.0611785984463998,0,-0.182440675790962,-0.180955094536159,-0.17946713205304,-0.17799026423131,-0.176531223037969,-0.17509267879364,-0.17367527292146,-0.172278602389723,-0.170901763240057,-0.16954367215134,-0.168203252795264,-0.166879534874302,-0.165571697498688,-0.164279078630337,-0.16300116527396,-0.161737574015363,-0.160488027928093,-0.159252333424516,-0.158030359009545,-0.156822016860802,-0.155627247523983,-0.154446007643442,-0.153278260451941,-0.152123968656132,-0.150983089332697,-0.149855570465938,-0.148741348792988,-0.147640348666368,-0.146552481688693,-0.145477646917032,-0.144415731472947,-0.143366611427696,-0.142330152860511,-0.141306213011455,-0.140294641469686,-0.13929528135355,-0.138307970451319,-0.137332542301165,-0.136368827196535,-0.135416653108877,-0.134475846524101,-0.13354623319232,-0.132627638792819,-0.131719889517811,-0.130822812579617,-0.1299362366466,-0.129059992213529,-0.128193911912156,-0.127337830767756,-0.126491586407186,-0.125655019223762,-0.124827972503946,-0.124010292520461,-0.123201828596127,-0.122402433142306,-0.121611961675507,-0.120830272815354,-0.120057228266772,-0.11929269278897,-0.118536534153471,-0.117788623093211,-0.117048833244462,-0.11631704108312,-0.115593125856702,-0.11487696951321,-0.114168456627856,-0.113467474328506,-0.112773912220568,-0.112087662311928,-0.111408618938447,-0.110736678690441,-0.110071740340486,-0.109413704772823,-0.108762474914579,-0.10811795566898,-0.107480053850662,-0.106848678123181,-0.106223738938764,-0.105605148480341,-0.104992820605846,-0.104386670794787,-0.103786616097041,-0.103192575083848,-0.102604467800937,-0.102022215723728,-0.101445741714544,-0.100874969981767,-0.100309826040847,-0.0997502366771145,-0.0991961299102859,-0.0986474349606185,-0.098104082216612,-0.0975660032041943,-0.0970331305573138,-0.0965053979898644,-0.0959827402688758,-0.0954650931888986,-0.0949523935475203,-0.0944445791219497,-0.0939415886466079,-0.093443361791671,-0.0929498391425087,-0.0924609621799662,-0.0919766732614425,-0.0914969156027166,-0.0910216332604784,-0.0905507711155234,-0.0900842748565703,-0.089622090964668,-0.0891641666981535,-0.0887104500781316,-0.0882608898744436,-0.0878154355920989,-0.0873740374581393,-0.0869366464089159,-0.0865032140777491,-0.0860736927829571,-0.0856480355162254,-0.085226195931304,-0.0848081283330108,-0.0843937876665272,-0.0839831295069686,-0.0835761100492169,-0.0831726860980013,-0.0827728150582138,-0.0823764549254506,-0.0819835642767648,-0.0815941022616243,-0.0812080285930633,-0.0808253035390188,-0.0804458879138449,-0.0800697430699976,-0.0796968308898813,-0.0793271137778528,-0.0789605546523765,-0.0785971169383219,-0.0782367645594038,-0.0778794619307547,-0.077525173951629,-0.0771738659982327,-0.0768255039166746,-0.0764800540160367,-0.0761374830615579,-0.0757977582679308,-0.0754608472927065,-0.0751267182298044,-0.0747953396031258,-0.0744666803602672,-0.0741407098663325,-0.0738173978978397,-0.0734967146367226,-0.0731786306644236,-0.072863116956076,-0.0725501448747745,-0.0722396861659319,-0.0719317129517204,-0.071626197725596,-0.0713231133469045,-0.0710224330355665,-0.0707241303668434,-0.0704281792661784,-0.0701345540041148,-0.0698432291912898,-0.0695541797735003,-0.0692673810268427,-0.0689828085529239,-0.0687004382741422,-0.0684202464290377,-0.0681422095677117,-0.0678663045473122,-0.0675925085275865,-0.0673207989664995,-0.0670511536159158,-0.0667835505173451,-0.0665179679977517,-0.0662543846654239,-0.0659927794059058,-0.0657331313779885,-0.0654754200097609,-0.0652196249947181,-0.0649657262879286,-0.0647137041022577,-0.0644635389046464,-0.0642152114124471,-0.0639687025898123,-0.0637239936441372,-0.0634810660225569,-0.0632399014084938,-0.0630004817182573,-0.0627627890976955,-0.0625268059188948,-0.0622925147769309,-0.0620598984866675,-0.0618289400796032,-0.0615996228007665,-0.0613719301056559,-0.0611458456572274,-0.0609213533229269,-0.0606984371717677,-0.0604770814714518,0,-0.180445600364021,-0.179010281960818,-0.177564629136432,-0.176126617182614,-0.174703661735674,-0.173298546869025,-0.171911946802584,-0.170543514202811,-0.169192451481396,-0.167857831065909,-0.166538768616982,-0.165234506189381,-0.163944441351129,-0.162668125589769,-0.161405246871292,-0.160155605513885,-0.158919088760628,-0.157695646995986,-0.156485273023437,-0.155287984900703,-0.154103812302143,-0.152932786100827,-0.151774930739356,-0.150630258926193,-0.14949876821272,-0.148380439050567,-0.147275233983437,-0.146183097683923,-0.145103957598728,-0.144037725012899,-0.14298429638431,-0.141943554833736,-0.140915371703874,-0.139899608123322,-0.138896116529585,-0.137904742119344,-0.136925324205236,-0.135957697466762,-0.135001693089303,-0.134057139789849,-0.13312386473143,-0.132201694330579,-0.131290454963729,-0.130389973579407,-0.129500078223613,-0.128620598485973,-0.127751365874176,-0.126892214124007,-0.126042979451927,-0.125203500756748,-0.124373619776486,-0.123553181205993,-0.12274203278048,-0.121940025329599,-0.121147012806235,-0.120362852293798,-0.119587403995348,-0.118820531207519,-0.11806210028188,-0.117311980576034,-0.116570044396475,-0.115836166934965,-0.115110226199941,-0.114392102944289,-0.113681680590591,-0.112978845154807,-0.112283485169218,-0.111595491605291,-0.110914757797052,-0.110241179365425,-0.109574654143913,-0.108915082105937,-0.108262365294071,-0.107616407751334,-0.106977115454711,-0.106344396250958,-0.105718159794774,-0.105098317489357,-0.104484782429355,-0.103877469346182,-0.103276294555688,-0.10268117590811,-0.102092032740268,-0.101508785829931,-0.100931357352277,-0.100359670838376,-0.0997936511356177,-0.09923322436999,-0.0986783179101432,-0.0981288603331401,-0.0975847813918204,-0.0970460119836938,-0.0965124841212852,-0.0959841309038528,-0.0954608864904065,-0.0949426860739537,-0.0944294658569035,-0.0939211630275634,-0.0934177157376661,-0.0929190630808639,-0.0924251450721369,-0.0919359026280575,-0.0914512775478623,-0.0909712124952814,-0.0904956509810806,-0.0900245373462719,-0.0895578167459539,-0.0890954351337418,-0.0886373392467533,-0.0881834765911155,-0.0877337954279619,-0.0872882447598917,-0.0868467743178611,-0.086409334548484,-0.0859758766017166,-0.0855463523189036,-0.0851207142211676,-0.0846989154981182,-0.0842809099968681,-0.0838666522113339,-0.0834560972718125,-0.0830492009348119,-0.0826459195731282,-0.0822462101661548,-0.0818500302904112,-0.0814573381102813,-0.0810680923689529,-0.0806822523795458,-0.080299778016424,-0.0799206297066804,-0.079544768421789,-0.079172155669417,-0.0788027534853893,-0.0784365244258028,-0.0780734315592806,-0.0777134384593646,-0.07735650919704,-0.0770026083333877,-0.0766517009123599,-0.0763037524536778,-0.0759587289458423,-0.0756165968392609,-0.0752773230394829,-0.0749408749005415,-0.0746072202184014,-0.0742763272245067,-0.0739481645794297,-0.0736227013666152,-0.0732999070862202,-0.0729797516490476,-0.0726622053705691,-0.0723472389650389,-0.0720348235396938,-0.0717249305890392,-0.0714175319892209,-0.0711125999924773,-0.0708101072216748,-0.0705100266649231,-0.0702123316702679,-0.0699169959404629,-0.0696239935278167,-0.0693332988291157,-0.06904488658062,-0.0687587318531336,-0.068474810047145,-0.0681930968880393,-0.0679135684213798,-0.0676362010082593,-0.0673609713207176,-0.0670878563372274,-0.0668168333382451,-0.0665478799018282,-0.066280973899314,-0.0660160934910657,-0.0657532171222771,-0.0654923235188413,-0.0652333916832793,-0.0649764008907293,-0.0647213306849939,-0.0644681608746469,-0.0642168715291974,-0.0639674429753104,-0.0637198557930834,-0.063474090812379,-0.0632301291092115,-0.0629879520021875,-0.0627475410489996,-0.0625088780429723,-0.0622719450096592,-0.0620367242034923,-0.0618031981044808,-0.0615713494149592,-0.0613411610563845,-0.0611126161661814,-0.0608856980946359,-0.0606603904018344,-0.06043667685465,-0.0602145414237739,-0.0599939682807916,-0.0597749417953033,0,-0.178524045158408,-0.177124481362046,-0.175712160887264,-0.174306647848986,-0.172914744042786,-0.171538806161111,-0.170179277006388,-0.168835727404486,-0.167507393916032,-0.16619346638866,-0.164893230732273,-0.16360612677089,-0.162331758236791,-0.16106987788666,-0.15982036161535,-0.158583179592165,-0.157358368762329,-0.156146008803328,-0.154946202296781,-0.153759059131899,-0.152584684772867,-0.151423171855441,-0.150274594535951,-0.14913900504174,-0.148016431930988,-0.146906879641358,-0.145810328979222,-0.144726738268318,-0.143656044935743,-0.142598167363366,-0.141553006874296,-0.140520449757751,-0.139500369262588,-0.138492627510849,-0.137497077299063,-0.1365135637675,-0.135541925926957,-0.134581998039537,-0.133633610854883,-0.13269659270678,-0.131770770477365,-0.130855970437668,-0.129952018973961,-0.129058743209782,-0.128175971533404,-0.127303534040314,-0.126441262899793,-0.125588992654165,-0.124746560458675,-0.123913806269329,-0.123090572985384,-0.122276706552567,-0.121472056032477,-0.120676473643093,-0.11988981477473,-0.119111937985346,-0.118342704978602,-0.117581980567689,-0.11682963262756,-0.116085532037861,-0.115349552618539,-0.114621571059858,-0.113901466848293,-0.113189122189552,-0.11248442192982,-0.111787253476087,-0.111097506716358,-0.110415073940336,-0.10973984976111,-0.109071731038251,-0.108410616802664,-0.107756408183434,-0.10710900833688,-0.106468322377947,-0.105834257314042,-0.105206721981375,-0.104585626983816,-0.1039708846343,-0.103362408898724,-0.102760115342326,-0.102163921078477,-0.101573744719823,-0.100989506331718,-0.100411127387845,-0.099838530727959,-0.0992716405176616,-0.0987103822101104,-0.0981546825095805,-0.0976044693367874,-0.0970596717958807,-0.0965202201430239,-0.0959860457564742,-0.0954570811080814,-0.0949332597361256,-0.0944145162194172,-0.0939007861525865,-0.0933920061224937,-0.0928881136856897,-0.0923890473468677,-0.0918947465382446,-0.0914051515998121,-0.0909202037604095,-0.0904398451195621,-0.0899640186300414,-0.0894926680810997,-0.0890257380823389,-0.0885631740481723,-0.0881049221828447,-0.0876509294659743,-0.0872011436385844,-0.0867555131895974,-0.0863139873427586,-0.0858765160439678,-0.0854430499489922,-0.085013540411538,-0.0845879394716612,-0.0841661998444961,-0.0837482749092849,-0.0833341186986908,-0.0829236858883794,-0.0825169317868531,-0.0821138123255264,-0.0817142840490296,-0.0813183041057269,-0.080925830238442,-0.0805368207753789,-0.0801512346212293,-0.0797690312484583,-0.0793901706887606,-0.07901461352468,-0.0786423208813852,-0.0782732544185961,-0.0779073763226539,-0.0775446492987323,-0.0771850365631805,-0.0768285018359976,-0.0764750093334323,-0.0761245237607031,-0.0757770103048371,-0.0754324346276238,-0.0750907628586784,-0.0747519615886149,-0.0744159978623238,-0.0740828391723534,-0.0737524534523905,-0.0734248090708406,-0.0730998748245028,-0.0727776199323397,-0.0724580140293389,-0.0721410271604653,-0.0718266297747008,-0.0715147927191731,-0.0712054872333677,-0.0708986849434261,-0.0705943578565243,-0.0702924783553345,-0.0699930191925661,-0.0696959534855852,-0.0694012547111124,-0.0691088966999958,-0.0688188536320611,-0.0685311000310344,-0.0682456107595392,-0.0679623610141651,-0.0676813263206077,-0.0674024825288796,-0.0671258058085893,-0.0668512726442899,-0.0665788598308942,-0.0663085444691577,-0.0660403039612256,-0.0657741160062461,-0.0655099585960476,-0.0652478100108782,-0.064987648815208,-0.0647294538535945,-0.0644732042466052,-0.0642188793868049,-0.0639664589347976,-0.0637159228153302,-0.0634672512134522,-0.0632204245707325,-0.0629754235815327,-0.0627322291893362,-0.0624908225831304,-0.0622511851938448,-0.062013298690841,-0.0617771449784557,-0.0615427061925954,-0.0613099646973823,-0.0610789030818503,-0.0608495041566911,-0.060621750951049,-0.0603956267093646,-0.0601711148882652,-0.0599481991535034,-0.0597268633769406,-0.0595070916335774,-0.0592888681986291,-0.0590721775446444,0,-0.176668363291491,-0.175290979130647,-0.173904505807299,-0.172526098220006,-0.171160851671123,-0.169810281273126,-0.168474406695907,-0.167152625511766,-0.16584416640245,-0.164548317648081,-0.16326452552082,-0.161992419850671,-0.160731801809709,-0.159482614738647,-0.158244909851692,-0.157018813116199,-0.155804496291213,-0.154602153202029,-0.153411981287302,-0.152234167935316,-0.151068880909719,-0.149916262118525,-0.148776424022602,-0.147649448063314,-0.146535384586048,-0.145434253832227,-0.144346047659574,-0.143270731725783,-0.142208247933876,-0.141158516988979,-0.140121440957399,-0.139096905751214,-0.138084783486595,-0.137084934683162,-0.136097210285906,-0.135121453501772,-0.134157501450525,-0.133205186634861,-0.132264338238253,-0.131334783261313,-0.13041634750874,-0.129508856439475,-0.128612135892792,-0.127726012702717,-0.126850315212673,-0.125984873701526,-0.125129520731429,-0.124284091427056,-0.123448423694965,-0.122622358390998,-0.121805739442872,-0.120998413934329,-0.120200232156554,-0.119411047631879,-0.118630717114259,-0.117859100570392,-0.11709606114494,-0.116341465112811,-0.1155951818211,-0.11485708362292,-0.114127045805037,-0.113404946510966,-0.112690666660908,-0.111984089869724,-0.111285102363922,-0.1105935928985,-0.109909452674315,-0.10923257525653,-0.108562856494608,-0.107900194444185,-0.107244489291113,-0.106595643277866,-0.105953560632479,-0.105318147500092,-0.104689311877182,-0.104066963548493,-0.103451014026666,-0.102841376494535,-0.102237965750052,-0.101640698153772,-0.101049491578827,-0.100464265363308,-0.099884940264963,-0.0993114384181255,-0.0987436832927665,-0.0981815996555801,-0.0976251135330038,-0.0970741521760731,-0.0965286440270186,-0.0959885186875083,-0.0954537068884472,-0.0949241404612435,-0.0943997523104581,-0.0938804763877538,-0.0933662476670704,-0.0928570021209453,-0.092352676697915,-0.0918532093009259,-0.091358538766694,-0.0908686048459516,-0.0903833481845263,-0.0899027103051977,-0.0894266335902831,-0.0889550612649047,-0.0884879373808957,-0.0880252068013027,-0.0875668151854473,-0.0871127089745115,-0.0866628353776131,-0.0862171423583393,-0.0857755786217124,-0.085338093601558,-0.0849046374482515,-0.0844751610168227,-0.0840496158553918,-0.0836279541939224,-0.0832101289332694,-0.0827960936345071,-0.0823858025085205,-0.081979210405845,-0.0815762728067435,-0.0811769458115047,-0.0807811861309555,-0.080388951077172,-0.0800001985543845,-0.0796148870500634,-0.0792329756261801,-0.0788544239106333,-0.078479192088836,-0.0781072408954549,-0.0777385316062957,-0.0773730260303313,-0.0770106865018645,-0.0766514758728229,-0.0762953575051807,-0.0759422952635025,-0.0755922535076071,-0.0752451970853467,-0.0749010913254975,-0.0745599020307608,-0.0742215954708691,-0.0738861383757978,-0.0735534979290769,-0.073223641761202,-0.0728965379431429,-0.072572154979946,-0.0722504618044316,-0.0719314277709803,-0.0716150226494109,-0.0713012166189447,-0.0709899802622581,-0.0706812845596185,-0.0703751008831049,-0.0700714009909111,-0.0697701570217299,-0.0694713414892163,-0.069174927276531,-0.0688808876309608,-0.0685891961586162,-0.0682998268192034,-0.0680127539208726,-0.0677279521151385,-0.0674453963918741,-0.0671650620743758,-0.0668869248145005,-0.0666109605878705,-0.0663371456891492,-0.0660654567273844,-0.0657958706214183,-0.0655283645953653,-0.0652629161741535,-0.064999503179133,-0.0647381037237465,-0.0644786962092651,-0.0642212593205833,-0.0639657720220792,-0.0637122135535334,-0.0634605634261079,-0.0632108014183861,-0.0629629075724684,-0.0627168621901286,-0.062472645829026,-0.0622302392989728,-0.0619896236582592,-0.0617507802100318,-0.0615136904987268,-0.061278336306556,-0.0610446996500465,-0.0608127627766311,-0.0605825081612913,-0.0603539185032503,-0.0601269767227154,-0.0599016659576707,-0.0596779695607173,-0.0594558710959623,-0.0592353543359544,-0.0590164032586663,-0.058799002044523,-0.0585831350734754,-0.0583687869221179,0,-0.174868649495388,-0.173502763037188,-0.172136413046017,-0.170780728884024,-0.169438384597904,-0.168109803204104,-0.166794473662095,-0.165491578991646,-0.164200328846261,-0.162920109567788,-0.161650528581723,-0.160391403616081,-0.159142727162106,-0.157904623314346,-0.156677305936394,-0.155461042277506,-0.154256123456058,-0.153062841792639,-0.151881474289524,-0.150712271289144,-0.149555449307385,-0.148411187113994,-0.147279624256896,-0.146160861364131,-0.145054961687787,-0.14396195347027,-0.142881832811579,-0.141814566797019,-0.140760096709539,-0.139718341201862,-0.138689199342922,-0.13767255348311,-0.136668271905234,-0.135676211244605,-0.134696218673529,-0.133728133853812,-0.132771790666534,-0.131827018732004,-0.130893644734895,-0.129971493570682,-0.129060389329707,-0.128160156134998,-0.127270618849289,-0.126391603665833,-0.125522938596603,-0.12466445387038,-0.12381598225216,-0.122977359294198,-0.122148423528012,-0.121329016605657,-0.120518983397671,-0.119718172054263,-0.118926434035522,-0.118143624115723,-0.117369600366169,-0.116604224120449,-0.115847359925456,-0.115098875481055,-0.114358641570915,-0.113626531986615,-0.112902423446852,-0.112186195513275,-0.111477730504263,-0.110776913407697,-0.110083631793646,-0.109397775727693,-0.108719237685497,-0.10804791246907,-0.107383697125151,-0.106726490865951,-0.106076194992491,-0.105432712820691,-0.10479594961029,-0.104165812496666,-0.103542210425566,-0.102925054090733,-0.102314255874396,-0.101709729790564,-0.101111391431049,-0.100519157914137,-0.099932947835815,-0.0993526812234435,-0.0987782794917874,-0.0982096654012838,-0.0976467630184464,-0.0970894976782972,-0.0965377959487189,-0.0959915855966253,-0.0954507955558459,-0.0949153558966281,-0.0943851977966603,-0.0938602535135267,-0.0933404563585044,-0.0928257406716199,-0.0923160417978879,-0.0918112960646536,-0.0913114407599715,-0.0908164141119503,-0.0903261552690031,-0.089840604280942,-0.0893597020808623,-0.0888833904677641,-0.0884116120898621,-0.087944310428538,-0.0874814297828943,-0.0870229152548664,-0.0865687127348615,-0.0861187688878844,-0.0856730311401224,-0.085231447665958,-0.0847939673753818,-0.0843605399017816,-0.0839311155900828,-0.0835056454852183,-0.0830840813209101,-0.0826663755087406,-0.0822524811274998,-0.0818423519127898,-0.0814359422468741,-0.081033207148758,-0.0806341022644856,-0.0802385838576452,-0.0798466088000707,-0.0794581345627297,-0.0790731192067889,-0.0786915213748499,-0.0783133002823472,-0.0779384157091011,-0.0775668279910195,-0.0771984980119428,-0.0768333871956271,-0.0764714574978587,-0.0761126713986981,-0.0757569918948472,-0.0754043824921366,-0.0750548071981291,-0.0747082305148369,-0.0743646174315482,-0.0740239334177612,-0.0736861444162231,-0.0733512168360698,-0.0730191175460674,-0.0726898138679495,-0.0723632735698513,-0.0720394648598371,-0.0717183563795201,-0.0713999171977723,-0.0710841168045235,-0.0707709251046479,-0.0704603124119361,-0.0701522494431523,-0.0698467073121753,-0.0695436575242208,-0.069243071970145,-0.0689449229208292,-0.0686491830216419,-0.0683558252869797,-0.0680648230948848,-0.0677761501817381,-0.0674897806370277,-0.0672056888981912,-0.066923849745531,-0.0666442382972026,-0.0663668300042729,-0.0660916006458497,-0.0658185263242816,-0.0655475834604257,-0.0652787487889836,-0.0650119993539046,-0.0647473125038555,-0.0644846658877561,-0.0642240374503785,-0.0639654054280123,-0.0637087483441909,-0.0634540450054826,-0.0632012744973411,-0.0629504161800185,-0.0627014496845388,-0.0624543549087288,-0.0622091120133107,-0.0619657014180496,-0.0617241037979614,-0.0614843000795738,-0.0612462714372466,-0.0610099992895444,-0.0607754652956648,-0.0605426513519204,-0.060311539588273,-0.0600821123649209,-0.0598543522689373,-0.0596282421109592,-0.0594037649219268,-0.0591809039498731,-0.0589596426567608,-0.058739964715369,-0.0585218540062254,-0.0583052946145869,-0.0580902708274658,-0.0578767671307018,-0.0576647682060772,0,-0.173113774331388,-0.171752921702895,-0.1704027936494,-0.169066422578726,-0.16774382291722,-0.166434249017582,-0.165136637844093,-0.16384996617819,-0.162573442558662,-0.161306567459222,-0.160049118923186,-0.158801104505783,-0.157562703306283,-0.156334210381584,-0.155115989001647,-0.153908432433167,-0.152711935008812,-0.151526871367985,-0.150353582461735,-0.149192366918563,-0.148043476510219,-0.146907114650188,-0.145783437056729,-0.144672553895262,-0.143574532872616,-0.14248940288633,-0.141417157937381,-0.140357761097494,-0.139311148386166,-0.138277232461118,-0.137255906062189,-0.136247045175364,-0.135250511902803,-0.134266157038279,-0.133293822356607,-0.132333342631667,-0.131384547401274,-0.130447262499076,-0.129521311374384,-0.128606516220731,-0.127702698933237,-0.126809681913811,-0.125927288741947,-0.125055344727448,-0.124193677360018,-0.123342116669211,-0.122500495506893,-0.121668649763064,-0.120846418524682,-0.12003364418602,-0.119230172518081,-0.118435852703659,-0.117650537343799,-0.116874082440677,-0.116106347361242,-0.115347194785361,-0.114596490641706,-0.113854104034127,-0.11311990716087,-0.112393775228633,-0.111675586363131,-0.110965221517585,-0.110262564380299,-0.10956750128228,-0.108879921105706,-0.108199715193849,-0.107526777262985,-0.106861003316647,-0.106202291562552,-0.105550542332386,-0.104905658004621,-0.104267542930428,-0.103636103362766,-0.103011247388611,-0.102392884864336,-0.101780927354167,-0.10117528807166,-0.100575881824095,-0.0999826249597065,-0.0993954353176313,-0.098814232180461,-0.0982389362292869,-0.0976694695011159,-0.0971057553485345,-0.0965477184015086,-0.0959952845311968,-0.095448380815666,-0.0949069355073977,-0.094370878002479,-0.0938401388113741,-0.0933146495311784,-0.0927943428192626,-0.0922791523682149,-0.0917690128819995,-0.0912638600532498,-0.0907636305416209,-0.0902682619531304,-0.089777692820422,-0.0892918625838875,-0.0888107115735893,-0.0883341809919303,-0.0878622128970167,-0.08739475018667,-0.0869317365830412,-0.0864731166177869,-0.0860188356177697,-0.0855688396912471,-0.0851230757145145,-0.0846814913189757,-0.0842440348786088,-0.0838106554978039,-0.0833813029995482,-0.0829559279139361,-0.0825344814669841,-0.0821169155697323,-0.0817031828076135,-0.0812932364300779,-0.0808870303404524,-0.080484519086029,-0.0800856578483627,-0.0796904024337728,-0.0792987092640343,-0.0789105353672512,-0.0785258383689028,-0.0781445764830541,-0.0777667085037247,-0.077392193796408,-0.0770209922897347,-0.0766530644672763,-0.0762883713594805,-0.0759268745357384,-0.075568536096574,-0.0752133186659547,-0.0748611853837209,-0.0745120998981262,-0.0741660263584903,-0.0738229294079585,-0.0734827741763661,-0.0731455262732061,-0.0728111517806966,-0.0724796172469462,-0.0721508896792158,-0.0718249365372746,-0.071501725726849,-0.0711812255931618,-0.0708634049145627,-0.0705482328962439,-0.0702356791640462,-0.069925713758347,-0.0696183071280355,-0.0693134301245694,-0.0690110539961138,-0.068711150381762,-0.068413691305835,-0.0681186491722619,-0.0678259967590355,-0.0675357072127481,-0.0672477540432016,-0.0669621111180928,-0.066678752657775,-0.0663976532300911,-0.0661187877452812,-0.0658421314509605,-0.0655676599271701,-0.065295349081497,-0.0650251751442644,-0.0647571146637896,-0.0644911445017117,-0.064227241828385,-0.0639653841183396,-0.0637055491458075,-0.063447714980314,-0.0631918599823326,-0.0629379627990035,-0.0626860023599161,-0.0624359578729511,-0.0621878088201858,-0.061941534953859,-0.0616971162923958,-0.061454533116491,-0.0612137659652515,-0.0609747956323954,-0.0607376031625092,-0.0605021698473588,-0.0602684772222588,-0.0600365070624935,-0.0598062413797948,-0.0595776624188704,-0.0593507526539864,-0.0591254947856015,-0.058901871737052,-0.0586798666512871,-0.0584594628876543,-0.0582406440187335,-0.0580233938272198,-0.0578076963028544,-0.0575935356394015,-0.0573808962316728,-0.0571697626725964,-0.0569601197503319,0,-0.171392938216627,-0.170035033964274,-0.168698880315799,-0.167379266188635,-0.16607377399915,-0.164780571497859,-0.163498102179746,-0.162225189871778,-0.16096108488964,-0.159705430919179,-0.158458192088964,-0.157219569805033,-0.155989925145275,-0.154769713527849,-0.153559433317107,-0.152359587535008,-0.151170656807905,-0.14999308141214,-0.148827250390299,-0.14767349597565,-0.146532091871569,-0.145403254230194,-0.144287144436415,-0.143183873022101,-0.14209350421226,-0.141016060743906,-0.139951528705845,-0.138899862228881,-0.137860987916675,-0.136834808951908,-0.13582120884444,-0.13482005481069,-0.133831200788904,-0.132854490105203,-0.131889757811619,-0.130936832720938,-0.129995539164793,-0.129065698501705,-0.128147130401115,-0.127239653928224,-0.126343088452828,-0.125457254403569,-0.12458197388713,-0.123717071190069,-0.122862373179164,-0.122017709614442,-0.121182913387488,-0.120357820696142,-0.119542271165366,-0.11873610792285,-0.117939177636826,-0.117151330522582,-0.116372420323307,-0.115602304270116,-0.114840843025413,-0.114087900613173,-0.113343344339161,-0.112607044703673,-0.111878875308978,-0.111158712763253,-0.110446436582552,-0.109741929092052,-0.109045075327593,-0.10835576293835,-0.107673882091298,-0.106999325377988,-0.106331987724033,-0.105671766301603,-0.105018560445139,-0.104372271570427,-0.103732803097101,-0.103100060374629,-0.102473950611736,-0.101854382809259,-0.101241267696335,-0.100634517669852,-0.100034046737047,-0.0994397704611401,-0.0988516059098847,-0.098269471606889,-0.0976932874855935,-0.0971229748457594,-0.0965584563123383,-0.095999655796592,-0.0954464984593325,-0.0948989106761566,-0.0943568200045558,-0.0938201551527826,-0.0932888459503642,-0.0927628233201549,-0.0922420192518272,-0.0917263667767059,-0.0912157999438533,-0.0907102537973216,-0.0902096643544912,-0.0897139685854198,-0.0892231043931312,-0.088737010594778,-0.0882556269036175,-0.0877788939117416,-0.0873067530735081,-0.0868391466896243,-0.0863760178918356,-0.0859173106281773,-0.0854629696487495,-0.0850129404919784,-0.0845671694713311,-0.0841256036624518,-0.0836881908906902,-0.0832548797189977,-0.0828256194361637,-0.0824003600453738,-0.0819790522530651,-0.0815616474580616,-0.0811480977409743,-0.0807383558538452,-0.080332375210026,-0.0799301098742737,-0.0795315145530547,-0.0791365445850427,-0.0787451559318021,-0.0783573051686489,-0.0779729494756761,-0.0775920466289418,-0.0772145549918072,-0.076840433506422,-0.0764696416853489,-0.0761021396033238,-0.0757378878891442,-0.0753768477176845,-0.0750189808020301,-0.0746642493857312,-0.0743126162351682,-0.0739640446320292,-0.0736184983658946,-0.0732759417269261,-0.0729363394986605,-0.0725996569509008,-0.0722658598327084,-0.0719349143654898,-0.0716067872361788,-0.0712814455905112,-0.0709588570263912,-0.0706389895873477,-0.0703218117560789,-0.0700072924480844,-0.0696954010053841,-0.0693861071903206,-0.0690793811794473,-0.0687751935574977,-0.0684735153114378,-0.0681743178245989,-0.0678775728708906,-0.0675832526090933,-0.0672913295772274,-0.0670017766870025,-0.0667145672183403,-0.0664296748139758,-0.0661470734741319,-0.0658667375512692,-0.0655886417449077,-0.0653127610965232,-0.065039070984514,-0.0647675471192397,-0.0644981655381292,-0.0642309026008598,-0.0639657349846038,-0.0637026396793449,-0.0634415939832598,-0.063182575498168,-0.0629255621250479,-0.0626705320596159,-0.0624174637879729,-0.0621663360823116,-0.0619171279966891,-0.0616698188628602,-0.0614243882861731,-0.0611808161415252,-0.06093908256938,-0.0606991679718415,-0.0604610530087891,-0.0602247185940697,-0.0599901458917457,-0.059757316312402,-0.0595262115095058,-0.0592968133758241,-0.0590691040398928,-0.0588430658625419,-0.0586186814334716,-0.0583959335678819,-0.0581748053031525,-0.0579552798955744,-0.0577373408171309,-0.0575209717523288,-0.0573061565950776,-0.057092879445616,-0.056881124607488,-0.0566708765845627,-0.0564621200781034,-0.0562548399838791,0,-0.169696537764588,-0.168343473790102,-0.167020340791144,-0.165715606526552,-0.164425003302713,-0.163145818349706,-0.161876126849925,-0.160614689858029,-0.159360861389927,-0.158114466037201,-0.15687567235919,-0.155644879614399,-0.154422624954841,-0.153209511938389,-0.152006158208186,-0.150813159095398,-0.149631063794025,-0.148460361092317,-0.147301472135725,-0.146154748199229,-0.145020471900058,-0.143898860663694,-0.142790071564843,-0.141694206907816,-0.140611320097432,-0.139541421492546,-0.138484484039012,-0.137440448555486,-0.136409228600413,-0.135390714887354,-0.134384779242425,-0.133391278115379,-0.132410055667177,-0.131440946463535,-0.130483777807344,-0.129538371744033,-0.128604546773526,-0.12768211930116,-0.126770904857913,-0.12587071911806,-0.124981378739902,-0.124102702052805,-0.123234509611374,-0.122376624635343,-0.121528873351652,-0.120691085253228,-0.119863093287232,-0.119044733983921,-0.118235847535824,-0.117436277835689,-0.116645872480458,-0.115864482747567,-0.115091963548945,-0.114328173367326,-0.11357297417878,-0.112826231364796,-0.112087813616708,-0.111357592834814,-0.110635444024146,-0.1099212451885,-0.109214877224072,-0.108516223813758,-0.107825171322999,-0.10714160869784,-0.106465427365756,-0.105796521139617,-0.105134786125104,-0.104480120631766,-0.103832425087839,-0.103191601958902,-0.102557555670355,-0.101930192533709,-0.101309420676613,-0.100695149976526,-0.100087291997925,-0.0994857599329225,-0.0988904685451501,-0.098301334116776,-0.0977182743984934,-0.0971412085623373,-0.0965700571571763,-0.0960047420667299,-0.0954451864699637,-0.0948913148037229,-0.0943430527274625,-0.0938003270899435,-0.093263065897767,-0.0927311982856248,-0.0922046544881518,-0.0916833658132698,-0.0911672646169202,-0.0906562842790876,-0.0901503591810238,-0.0896494246835856,-0.0891534171066063,-0.0886622737092268,-0.0881759326711154,-0.0876943330745109,-0.0872174148870311,-0.0867451189451873,-0.0862773869385549,-0.0858141613945521,-0.0853553856637804,-0.0849010039058885,-0.0844509610759196,-0.0840052029111082,-0.0835636759180946,-0.0831263273605265,-0.0826931052470218,-0.0822639583194675,-0.0818388360416309,-0.0814176885880648,-0.0810004668332831,-0.0805871223411956,-0.0801776073547793,-0.0797718747859779,-0.0793698782058107,-0.0789715718346835,-0.078576910532887,-0.0781858497912745,-0.0777983457221094,-0.077414355050074,-0.0770338351034316,-0.0766567438053366,-0.0762830396652839,-0.0759126817706945,-0.0755456297786305,-0.075181843907635,-0.0748212849296937,-0.0744639141623124,-0.0741096934607092,-0.0737585852101165,-0.0734105523181899,-0.0730655582075234,-0.0727235668082652,-0.0723845425508344,-0.0720484503587364,-0.071715255641473,-0.071384924287549,-0.0710574226575698,-0.0707327175774313,-0.0704107763316009,-0.0700915666564851,-0.0697750567338866,-0.0694612151845477,-0.069150011061778,-0.0688414138451676,-0.068535393434384,-0.068231920143051,-0.0679309646927094,-0.0676324982068589,-0.0673364922050799,-0.0670429185972346,-0.0667517496777471,-0.06646295811996,-0.0661765169705695,-0.0658923996441357,-0.065610579917669,-0.065331031925291,-0.0650537301529695,-0.0647786494333273,-0.064505764940523,-0.0642350521852044,-0.0639664870095321,-0.0637000455822757,-0.0634357043939768,-0.0631734402521837,-0.062913230276754,-0.0626550518952228,-0.0623988828382405,-0.062144701135076,-0.0618924851091847,-0.061642213373841,-0.0613938648278374,-0.0611474186512431,-0.0609028543012286,-0.0606601515079507,-0.0604192902704979,-0.0601802508528983,-0.059943013780185,-0.0597075598345217,-0.0594738700513871,-0.0592419257158152,-0.0590117083586933,-0.0587831997531169,-0.0585563819107979,-0.0583312370785299,-0.0581077477347055,-0.0578858965858872,-0.0576656665634319,-0.0574470408201662,-0.0572300027271129,-0.057014535870268,-0.0568006240474275,-0.0565882512650631,-0.0563774017352468,-0.0561680598726219,-0.0559602102914227,-0.0557538378025388,-0.0555489274106256,0,-0.16801717190731,-0.166673586586691,-0.16536333691301,-0.16407207797887,-0.162794448543896,-0.161527141272964,-0.16026803744181,-0.159015951855117,-0.157770415909229,-0.156531476400057,-0.155299524203761,-0.154075158283288,-0.152859083405087,-0.151652036717976,-0.15045473749158,-0.149267854636474,-0.14809198742033,-0.146927655686471,-0.14577529670757,-0.144635266507924,-0.14350784405309,-0.142393237147678,-0.141291589219785,-0.140202986423992,-0.139127464681978,-0.138065016415942,-0.137015596827457,-0.135979129642988,-0.134955512294492,-0.133944620535213,-0.132946312511223,-0.131960432321723,-0.130986813108006,-0.13002527971401,-0.129075650961807,-0.128137741584194,-0.127211363854212,-0.126296328948601,-0.125392448079027,-0.124499533421716,-0.123617398872935,-0.122745860654795,-0.121884737793001,-0.121033852485594,-0.120193030379394,-0.119362100768686,-0.118540896728821,-0.117729255195698,-0.11692701700058,-0.116134026868376,-0.115350133386376,-0.114575188949364,-0.113809049686182,-0.113051575372023,-0.112302629330055,-0.111562078325403,-0.110829792454008,-0.110105645028454,-0.109389512462462,-0.108681274155466,-0.107980812378372,-0.107288012161408,-0.106602761184752,-0.105924949672464,-0.105254470290131,-0.104591218046469,-0.103935090199094,-0.103285986164536,-0.102643807432542,-0.102008457484651,-0.101379841716967,-0.100757867367055,-0.100142443444823,-0.0995334806672621,-0.0989308913968845,-0.0983345895837027,-0.0977444907105762,-0.0971605117417549,-0.0965825710744481,-0.0960105884932472,-0.0954444851272346,-0.0948841834096138,-0.0943296070397041,-0.0937806809471459,-0.0932373312581716,-0.0926994852638007,-0.0921670713898292,-0.0916400191684859,-0.0911182592116379,-0.0906017231854345,-0.0900903437862831,-0.0895840547180614,-0.0890827906704717,-0.0885864872984544,-0.0880950812025789,-0.08760850991034,-0.0871267118582886,-0.0866496263749359,-0.0861771936643702,-0.0857093547905327,-0.0852460516621021,-0.0847872270179421,-0.0843328244130679,-0.0838827882050951,-0.0834370635411315,-0.0829955963450833,-0.0825583333053404,-0.0821252218628182,-0.0816962101993271,-0.0812712472262479,-0.0808502825734915,-0.0804332665787255,-0.0800201502768472,-0.0796108853896894,-0.0792054243159441,-0.0788037201212893,-0.0784057265287102,-0.0780113979090005,-0.0776206892714354,-0.0772335562546092,-0.0768499551174256,-0.0764698427302366,-0.0760931765661231,-0.0757199146923085,-0.0753500157617037,-0.0749834390045762,-0.0746201442203392,-0.0742600917694578,-0.0739032425654677,-0.0735495580671028,-0.0731990002705314,-0.0728515317016937,-0.0725071154087433,-0.0721657149545869,-0.0718272944095222,-0.0714918183439702,-0.0711592518213033,-0.0708295603907652,-0.0705027100804813,-0.0701786673905596,-0.0698573992862812,-0.0695388731913772,-0.0692230569813924,-0.0689099189771354,-0.068599427938213,-0.0682915530566489,-0.0679862639505854,-0.0676835306580664,-0.0673833236309045,-0.0670856137286265,-0.0667903722125006,-0.066497570739642,-0.0662071813571986,-0.0659191764966137,-0.0656335289679665,-0.0653502119543897,-0.065069199006563,-0.0647904640372821,-0.0645139813161026,-0.0642397254640574,-0.0639676714484491,-0.063697794577714,-0.0634300704963582,-0.063164475179966,-0.0629009849302782,-0.0626395763703416,-0.062380226439727,-0.0621229123898161,-0.0618676117791567,-0.0616143024688855,-0.0613629626182167,-0.0611135706799973,-0.0608661053963275,-0.0606205457942446,-0.0603768711814724,-0.0601350611422325,-0.0598950955331182,-0.0596569544790298,-0.0594206183691713,-0.0591860678531068,-0.0589532838368764,-0.0587222474791712,-0.0584929401875653,-0.0582653436148069,-0.0580394396551631,-0.0578152104408232,-0.0575926383383561,-0.0573717059452208,-0.0571523960863329,-0.0569346918106819,-0.0567185763880017,-0.0565040333054925,-0.0562910462645935,-0.0560795991778053,-0.0558696761655625,-0.0556612615531536,-0.0554543398676901,-0.0552488958351225,-0.0550449143773029,-0.0548423806090939,0,-0.166350479779443,-0.165021715567581,-0.16372452920195,-0.162445602877089,-0.161179218249714,-0.159921795977421,-0.158671227970508,-0.157426513625201,-0.156187439155303,-0.154954313235012,-0.15372776318718,-0.152508585403808,-0.151297640147217,-0.150095780737792,-0.148903808384516,-0.14772244556758,-0.146552322478954,-0.145393972391014,-0.144247832918191,-0.143114250983586,-0.14199348994232,-0.140885737788151,-0.139791115717235,-0.138709686573394,-0.137641462877585,-0.136586414269171,-0.135544474272518,-0.134515546360301,-0.133499509322555,-0.132496221974065,-0.131505527246293,-0.130527255716947,-0.129561228632622,-0.128607260479367,-0.127665161153591,-0.126734737782203,-0.12581579623687,-0.124908142382983,-0.124011583099755,-0.123125927103817,-0.12225098560489,-0.121386572818668,-0.120532506358836,-0.119688607527355,-0.118854701519562,-0.118030617558415,-0.117216188970185,-0.11641125321218,-0.115615651861531,-0.114829230572742,-0.114051839010537,-0.113283330763527,-0.11252356324334,-0.111772397573116,-0.111029698468598,-0.110295334114515,-0.109569176038438,-0.108851098983939,-0.108140980784466,-0.107438702239115,-0.106744146991184,-0.106057201410207,-0.105377754477992,-0.104705697679025,-0.104040924895483,-0.10338333230702,-0.102732818295373,-0.102089283353796,-0.101452630001268,-0.10082276270137,-0.100199587785709,-0.099583013381733,-0.0989729493447588,-0.0983693071940363,-0.097772000052649,-0.0971809425910571,-0.0965960509740839,-0.0960172428111479,-0.0954444371095467,-0.0948775542306046,-0.0943165158484985,-0.093761244911588,-0.0932116656060789,-0.0926677033218605,-0.0921292846203619,-0.0915963372042847,-0.0910687898890736,-0.0905465725759972,-0.0900296162267194,-0.0895178528392474,-0.0890112154251515,-0.0885096379879591,-0.0880130555026313,-0.0875214038960374,-0.0870346200283492,-0.0865526416752833,-0.0860754075111218,-0.0856028570924528,-0.0851349308425721,-0.0846715700364935,-0.0842127167865211,-0.0837583140283365,-0.0833083055075648,-0.0828626357667786,-0.0824212501329074,-0.0819840947050224,-0.0815511163424674,-0.0811222626533101,-0.0806974819830915,-0.0802767234038508,-0.079859936703407,-0.0794470723748808,-0.0790380816064383,-0.0786329162712453,-0.0782315289176163,-0.0778338727593485,-0.0774399016662297,-0.077049570154709,-0.0766628333787245,-0.0762796471206775,-0.0758999677825487,-0.075523752377147,-0.0751509585194888,-0.0747815444183006,-0.0744154688676403,-0.074052691238634,-0.0736931714713251,-0.07333687006663,-0.0729837480784007,-0.0726337671055896,-0.0722868892845145,-0.0719430772812216,-0.0716022942839467,-0.0712645039956677,-0.0709296706267544,-0.0705977588877063,-0.0702687339819836,-0.0699425615989262,-0.0696192079067612,-0.0692986395456981,-0.0689808236211105,-0.0686657276968027,-0.0683533197883625,-0.0680435683565962,-0.0677364423010491,-0.0674319109536078,-0.067129944072184,-0.0668305118344811,-0.0665335848318407,-0.0662391340631708,-0.0659471309289508,-0.0656575472253196,-0.0653703551382393,-0.0650855272377379,-0.0648030364722298,-0.0645228561629116,-0.0642449599982365,-0.0639693220284622,-0.0636959166602749,-0.0634247186514871,-0.0631557031058103,-0.0628888454676987,-0.0626241215172684,-0.0623615073652858,-0.0621009794482285,-0.0618425145234168,-0.0615860896642145,-0.0613316822552995,-0.0610792699880028,-0.0608288308557147,-0.0605803431493595,-0.0603337854529352,-0.0600891366391196,-0.0598463758649418,-0.0596054825675172,-0.0593664364598465,-0.0591292175266779,-0.0588938060204305,-0.0586601824571801,-0.0584283276127051,-0.0581982225185922,-0.0579698484584023,-0.057743186963893,-0.0575182198113008,-0.0572949290176793,-0.0570732968372933,-0.0568533057580696,-0.0566349384981015,-0.0564181780022077,-0.0562030074385444,-0.0559894101952711,-0.0557773698772669,-0.0555668703028979,-0.0553578955008364,-0.0551504297069287,-0.0549444573611125,-0.0547399631043825,-0.0545369317758039,-0.054335348409572,-0.0541351982321188,0,-0.16469509618398,-0.16338508589597,-0.162101034234268,-0.160833367886163,-0.159576576903125,-0.158327134835848,-0.157083160033844,-0.15584396915201,-0.154609676310982,-0.153380885056864,-0.152158466523634,-0.150943406451196,-0.149736703979958,-0.148539307979755,-0.147352079838071,-0.146175774432707,-0.145011033265366,-0.14385838545486,-0.142718253568772,-0.141590962206644,-0.140476747920791,-0.139375769540127,-0.13828811829987,-0.137213827414717,-0.13615288089379,-0.135105221503747,-0.134070757857254,-0.133049370648854,-0.132040918087092,-0.131045240586449,-0.130062164789079,-0.129091506987568,-0.12813307601782,-0.127186675687044,-0.126252106796708,-0.125329168814726,-0.124417661245488,-0.123517384740918,-0.122628141990594,-0.121749738424282,-0.120881982755919,-0.120024687394279,-0.119177668742111,-0.118340747402529,-0.117513748308764,-0.116696500791073,-0.115888838592564,-0.115090599843915,-0.114301627005472,-0.113521766783832,-0.112750870028938,-0.111988791616674,-0.111235390321139,-0.110490528680054,-0.109754072856123,-0.109025892496663,-0.108305860593359,-0.107593853343632,-0.106889750014784,-0.10619343281182,-0.105504786749618,-0.104823699529942,-0.104150061423627,-0.103483765158137,-0.102824705810618,-0.102172780706446,-0.101527889323227,-0.100889933200158,-0.100258815852591,-0.0996344426916409,-0.0990167209486254,-0.0984055596041434,-0.0978008693215508,-0.0972025623846156,-0.0966105526391191,-0.096024755438174,-0.0954450875910326,-0.0948714673151666,-0.0943038141914039,-0.0937420491219167,-0.093186094290866,-0.0926358731275121,-0.092091310271617,-0.0915523315409667,-0.0910188639008583,-0.0904908354354008,-0.0899681753204911,-0.0894508137983348,-0.0889386821533898,-0.0884317126896212,-0.0879298387089602,-0.0874329944908708,-0.0869411152729356,-0.086454137232375,-0.0859719974684251,-0.0854946339855028,-0.0850219856770938,-0.0845539923103025,-0.0840905945110117,-0.083631733749599,-0.0831773523271666,-0.0827273933622419,-0.0822818007779094,-0.0818405192893419,-0.0814034943916971,-0.0809706723483515,-0.0805420001794467,-0.0801174256507218,-0.0796968972626142,-0.0792803642396053,-0.0788677765197972,-0.0784590847447029,-0.0780542402492348,-0.0776531950518817,-0.0772559018450598,-0.0768623139856284,-0.0764723854855627,-0.076086071002772,-0.0757033258320591,-0.0753241058962129,-0.0749483677372276,-0.0745760685076452,-0.074207165962014,-0.073841618448462,-0.0734793849003789,-0.0731204248282044,-0.0727646983113195,-0.0724121659900414,-0.0720627890577118,-0.0717165292528876,-0.0713733488516212,-0.0710332106598377,-0.0706960780058014,-0.0703619147326745,-0.0700306851911641,-0.0697023542322575,-0.0693768872000462,-0.0690542499246345,-0.0687344087151367,-0.0684173303527566,-0.0681029820839539,-0.0677913316136936,-0.0674823470987785,-0.067175997141266,-0.0668722507819654,-0.066571077494019,-0.0662724471765636,-0.065976330148473,-0.0656826971421813,-0.0653915192975862,-0.0651027681560316,-0.0648164156543695,-0.0645324341191002,-0.0642507962605913,-0.0639714751673728,-0.0636944443005111,-0.0634196774880575,-0.0631471489195746,-0.0628768331407366,-0.0626087050480051,-0.0623427398833793,-0.0620789132292188,-0.061817201003141,-0.0615575794529898,-0.0613000251518762,-0.0610445149932901,-0.060791026186283,-0.0605395362507199,-0.0602900230126006,-0.0600424645994494,-0.0597968394357728,-0.0595531262385833,-0.0593113040129917,-0.0590713520478615,-0.0588332499115322,-0.0585969774476039,-0.0583625147707861,-0.0581298422628103,-0.0578989405684026,-0.0576697905913197,-0.0574423734904433,-0.0572166706759361,-0.0569926638054551,-0.0567703347804249,-0.0565496657423669,-0.0563306390692862,-0.0561132373721146,-0.0558974434912079,-0.0556832404928989,-0.0554706116661038,-0.055259540518981,-0.0550500107756429,-0.0548420063729198,-0.0546355114571731,-0.0544305103811606,-0.0542269877009495,-0.0540249281728788,-0.0538243167505701,-0.0536251385819854,-0.0534273790065312,0,-0.163051116841996,-0.161761582229428,-0.160490347146692,-0.159232781483987,-0.157983919804928,-0.15674059435653,-0.155501359607546,-0.154265971880614,-0.153034934329164,-0.151809167174273,-0.150589783460155,-0.149377943135259,-0.148174762592137,-0.146981262337679,-0.145798340237121,-0.144626761466246,-0.143467159022099,-0.142320040588403,-0.141185798924989,-0.140064723909824,-0.138957015026811,-0.137862793548692,-0.136782113974029,-0.135714974484286,-0.134661326322739,-0.133621082083505,-0.132594122951826,-0.131580304966989,-0.130579464394434,-0.129591422299031,-0.128615988410805,-0.127652964370026,-0.126702146432153,-0.125763327705821,-0.124836299989404,-0.123920855264284,-0.123016786895939,-0.122123890587466,-0.121241965124345,-0.120370812943945,-0.119510240558695,-0.118660058857673,-0.117820083307839,-0.11699013407299,-0.116170036065792,-0.11535961894592,-0.114558717075294,-0.11376716943966,-0.112984819544259,-0.112211515290064,-0.111447108835944,-0.110691456451181,-0.109944418361997,-0.109205858595025,-0.108475644820131,-0.107753648194484,-0.107039743209366,-0.106333807540891,-0.105635721905497,-0.104945369920847,-0.104262637972589,-0.103587415087243,-0.102919592811383,-0.102259065097129,-0.101605728193949,-0.100959480546623,-0.100320222699244,-0.099687857205032,-0.099062288541754,-0.0984434230324932,-0.0978311687715075,-0.0972254355549133,-0.0966261348159226,-0.0960331795643647,-0.0954464843302275,-0.0948659651109611,-0.0942915393222905,-0.0937231257523003,-0.0931606445185576,-0.0926040170280561,-0.0920531659397708,-0.0915080151296302,-0.0909684896577183,-0.0904345157375329,-0.0899060207071408,-0.0893829330020742,-0.0888651821298303,-0.0883526986458417,-0.0878454141307962,-0.0873432611691939,-0.0868461733290369,-0.0863540851425567,-0.0858669320878906,-0.0853846505716256,-0.0849071779121371,-0.0844344523236516,-0.0839664129009734,-0.0835029996048169,-0.0830441532476932,-0.082589815480302,-0.0821399287783895,-0.0816944364300273,-0.081253282523282,-0.0808164119342406,-0.0803837703153623,-0.0799553040841318,-0.0795309604119887,-0.0791106872135126,-0.0786944331358441,-0.0782821475483241,-0.0778737805323361,-0.077469282871338,-0.0770686060410688,-0.0766717021999228,-0.0762785241794767,-0.0758890254751642,-0.0755031602370896,-0.0751208832609713,-0.074742149979212,-0.0743669164520874,-0.0739951393590508,-0.0736267759901479,-0.0732617842375385,-0.0729001225871211,-0.0725417501102602,-0.0721866264556087,-0.0718347118410301,-0.0714859670456109,-0.0711403534017683,-0.0707978327874475,-0.0704583676184092,-0.0701219208406055,-0.0697884559226432,-0.0694579368483348,-0.069130328109335,-0.0688055946978623,-0.0684837020995068,-0.0681646162861205,-0.0678483037087938,-0.0675347312909137,-0.0672238664213059,-0.0669156769474597,-0.0666101311688357,-0.0663071978302541,-0.0660068461153665,-0.0657090456402089,-0.0654137664468335,-0.0651209789970255,-0.0648306541660957,-0.064542763236756,-0.0642572778930741,-0.0639741702145057,-0.0636934126700087,-0.0634149781122321,-0.0631388397717858,-0.0628649712515862,-0.0625933465212788,-0.0623239399117386,-0.0620567261096449,-0.0617916801521321,-0.0615287774215156,-0.0612679936400917,-0.0610093048650109,-0.0607526874832247,-0.0604981182065046,-0.0602455740665336,-0.059995032410067,-0.0597464708941664,-0.0594998674815009,-0.0592552004357192,-0.0590124483168894,-0.0587715899770068,-0.0585326045555679,-0.0582954714752131,-0.0580601704374311,-0.0578266814183315,-0.057594984664481,-0.0573650606888002,-0.0571368902665277,-0.0569104544312407,-0.0566857344709411,-0.0564627119242004,-0.0562413685763629,-0.0560216864558097,-0.0558036478302795,-0.0555872352032473,-0.0553724313103598,-0.0551592191159254,-0.0549475818094606,-0.0547375028022903,-0.0545289657242013,-0.0543219544201489,-0.0541164529470154,-0.0539124455704194,-0.0537099167615772,-0.0535088511942123,-0.0533092337415148,-0.0531110494731498,-0.0529142836523125,-0.0527189217328298,0,-0.161419937367653,-0.160149496982862,-0.158890243933683,-0.157641418627277,-0.156398741392318,-0.155159679959507,-0.153923413101499,-0.152690238030602,-0.151461089497897,-0.150237211369708,-0.149019945625834,-0.147810603494672,-0.146610391854119,-0.14542037581924,-0.144241464400913,-0.143074410392086,-0.141919818603802,-0.140778158599033,-0.13964977944428,-0.138534924922215,-0.13743374826548,-0.136346325879781,-0.135272669790279,-0.134212738714901,-0.133166447772907,-0.132133676898552,-0.131114278062773,-0.130108081420497,-0.129114900504422,-0.128134536582303,-0.127166782287172,-0.126211424620242,-0.12526824741596,-0.124337033348381,-0.123417565548317,-0.122509628891676,-0.121613011011319,-0.120727503077436,-0.119852900385088,-0.118989002781899,-0.118135614964009,-0.117292546664164,-0.116459612752133,-0.115636633264523,-0.114823433378327,-0.114019843340242,-0.113225698361806,-0.112440838488724,-0.111665108451291,-0.110898357501642,-0.110140439242473,-0.109391211451051,-0.108650535901557,-0.107918278188207,-0.107194307551063,-0.106478496706025,-0.105770721680115,-0.105070861652883,-0.104378798804502,-0.103694418170932,-0.103017607506346,-0.102348257152912,-0.101686259917877,-0.101031510957855,-0.100383907670132,-0.0997433495907548,-0.0991097382991492,-0.098482977328966,-0.0978629720848564,-0.0972496297648565,-0.0966428592880641,-0.0960425712272871,-0.0954486777463526,-0.0948610925417698,-0.0942797307884507,-0.0937045090892049,-0.0931353454277355,-0.0925721591248799,-0.0920148707978468,-0.0914634023222226,-0.090917676796526,-0.0903776185091111,-0.0898431529072256,-0.0893142065680495,-0.0887907071715475,-0.0882725834749831,-0.0877597652889535,-0.0872521834548138,-0.0867497698233695,-0.086252457234728,-0.085760179499205,-0.0852728713791946,-0.0847904685719151,-0.0843129076929531,-0.0838401262605352,-0.0833720626804604,-0.0829086562316344,-0.0824498470521523,-0.08199557612588,-0.0815457852694893,-0.0811004171199076,-0.080659415122145,-0.0802227235174656,-0.0797902873318746,-0.0793620523648927,-0.0789379651785954,-0.0785179730868951,-0.0781020241450464,-0.0776900671393575,-0.0772820515770934,-0.0768779276765545,-0.076477646357323,-0.0760811592306602,-0.0756884185900507,-0.0752993774018824,-0.0749139892962542,-0.0745322085579072,-0.0741539901172711,-0.0737792895416235,-0.0734080630263543,-0.0730402673863355,-0.0726758600473889,-0.0723147990378529,-0.071957042980242,-0.0716025510830008,-0.0712512831323475,-0.070903199484207,-0.0705582610562329,-0.0702164293199151,-0.0698776662927743,-0.0695419345306418,-0.0692091971200245,-0.0688794176705519,-0.0685525603075104,-0.0682285896644576,-0.0679074708759221,-0.0675891695701847,-0.067273651862143,-0.0669608843462582,-0.0666508340895846,-0.0663434686248801,-0.0660387559438006,-0.0657366644901735,-0.0654371631533556,-0.0651402212616705,-0.0648458085759281,-0.0645538952830245,-0.0642644519896241,-0.0639774497159198,-0.063692859889476,-0.0634106543391501,-0.0631308052890932,-0.062853285352832,-0.0625780675274279,-0.0623051251877142,-0.0620344320806137,-0.0617659623195317,-0.0614996903788266,-0.0612355910883585,-0.0609736396281117,-0.0607138115228946,-0.0604560826371141,-0.0602004291696243,-0.0599468276486488,-0.059695254926777,-0.0594456881760321,-0.0591981048830119,-0.0589524828441005,-0.0587088001607502,-0.058467035234834,-0.0582271667640675,-0.0579891737374978,-0.0577530354310623,-0.0575187314032126,-0.0572862414906064,-0.0570555458038635,-0.0568266247233876,-0.0565994588952518,-0.0563740292271472,-0.0561503168843944,-0.0559283032860165,-0.0557079701008733,-0.0554892992438551,-0.0552722728721367,-0.0550568733814903,-0.0548430834026543,-0.054630885797762,-0.0544202636568242,-0.0542112002942692,-0.0540036792455366,-0.0537976842637249,-0.0535931993162932,-0.053390208581815,-0.0531886964467835,-0.052988647502469,-0.0527900465418245,-0.0525928785564426,-0.0523971287335611,-0.0522027824531156,-0.0520098252848403,0,-0.159802432495398,-0.158547295425513,-0.15729867701783,-0.156056958990508,-0.154818601044546,-0.153581950647952,-0.152346964286051,-0.151114550930027,-0.14988609579117,-0.148663155997428,-0.147447277429063,-0.146239891725069,-0.145042264603412,-0.1438554760761,-0.142680419809818,-0.141517813398501,-0.140368214306987,-0.139232038208727,-0.138109577722119,-0.137001020381696,-0.135906465215084,-0.134825937635418,-0.133759402568328,-0.132706775857291,-0.13166793406075,-0.130642722788779,-0.129630963739369,-0.128632460593493,-0.127647003919476,-0.126674375224721,-0.125714350278655,-0.124766701816417,-0.123831201719006,-0.122907622752869,-0.121995739940384,-0.121095331622471,-0.120206180265544,-0.119328073057209,-0.11846080232831,-0.117604165833128,-0.116757966914477,-0.115922014576218,-0.115096123482018,-0.114280113896095,-0.113473811579041,-0.11267704764959,-0.111889658421275,-0.111111485221348,-0.110342374197967,-0.10958217612052,-0.108830746177008,-0.108087943771601,-0.107353632324818,-0.106627679078224,-0.105909954905079,-0.105200334127983,-0.104498694344267,-0.1038049162596,-0.103118883530093,-0.102440482613015,-0.101769602626078,-0.101106135215192,-0.100449974430444,-0.0998010166100658,-0.0991591602720563,-0.0985243060131166,-0.0978963564145361,-0.0972752159546484,-0.09666079092748,-0.0960529893672072,-0.0954517209780524,-0.0948568970692528,-0.0942684304947493,-0.0936862355972597,-0.0931102281564104,-0.0925403253406221,-0.0919764456624581,-0.0914185089371634,-0.0908664362441355,-0.0903201498910903,-0.0897795733806964,-0.0892446313794703,-0.0887152496887403,-0.0881913552174972,-0.0876728759569699,-0.0871597409567696,-0.0866518803024646,-0.086149225094455,-0.0856517074280299,-0.0851592603744979,-0.0846718179632917,-0.0841893151649568,-0.0837116878749408,-0.083238872898109,-0.0827708079339179,-0.082307431562184,-0.0818486832293931,-0.081394503235497,-0.0809448327211553,-0.0804996136553768,-0.0800587888235272,-0.0796223018156665,-0.0791900970151879,-0.0787621195877308,-0.0783383154703442,-0.0779186313608777,-0.0775030147075832,-0.0770914136989081,-0.0766837772534667,-0.0762800550101753,-0.0758801973185395,-0.0754841552290845,-0.075091880483917,-0.074703325507413,-0.0743184433970236,-0.0739371879141927,-0.0735595134753813,-0.073185375143195,-0.0728147286176096,-0.0724475302272913,-0.072083736921011,-0.0717233062591473,-0.0713661964052782,-0.0710123661178605,-0.0706617747419923,-0.070314382201262,-0.0699701489896794,-0.0696290361636893,-0.0692910053342696,-0.068956018659107,-0.0686240388348595,-0.0682950290894956,-0.0679689531747184,-0.0676457753584683,-0.0673254604175089,-0.0670079736300934,-0.0666932807687115,-0.0663813480929193,-0.0660721423422494,-0.0657656307292033,-0.0654617809323242,-0.0651605610893525,-0.0648619397904622,-0.0645658860715788,-0.0642723694077786,-0.0639813597067701,-0.0636928273024559,-0.0634067429485753,-0.0631230778124294,-0.0628418034686856,-0.0625628918932631,-0.0622863154572988,-0.0620120469211932,-0.0617400594287351,-0.061470326501307,-0.0612028220321678,-0.0609375202808156,-0.0606743958674272,-0.0604134237673752,-0.0601545793058236,-0.0598978381523974,-0.0596431763159308,-0.0593905701392888,-0.0591399962942644,-0.0588914317765498,-0.0586448539007811,-0.0584002402956562,-0.0581575688991238,-0.0579168179536456,-0.0576779660015274,-0.0574409918803219,-0.0572058747182997,-0.0569725939299896,-0.0567411292117868,-0.056511460537627,-0.056283568154729,-0.0560574325794006,-0.0558330345929111,-0.0556103552374272,-0.0553893758120108,-0.0551700778686817,-0.0549524432085405,-0.0547364538779523,-0.0545220921647905,-0.0543093405947409,-0.054098181927663,-0.0538885991540097,-0.0536805754913034,-0.0534740943806689,-0.0532691394834208,-0.0530656946777069,-0.0528637440552033,-0.0526632719178643,-0.0524642627747229,-0.0522667013387446,-0.0520705725237308,-0.0518758614412719,-0.0516825533977505,-0.0514906338913923,-0.0513000886093646,0,-0.158197595728474,-0.15695344122926,-0.155713674364172,-0.154477124898836,-0.153241090390614,-0.152005006078173,-0.150769713563532,-0.149536767179782,-0.148307994401767,-0.147085236650575,-0.145870206516942,-0.144664417685787,-0.143469158840705,-0.142285493173268,-0.141114271976548,-0.139956155220092,-0.138811634810572,-0.13768105801431,-0.136564649630914,-0.135462532200534,-0.134374743952246,-0.133301254454556,-0.132241978072998,-0.131196785414943,-0.13016551297394,-0.129147971192477,-0.128143951153748,-0.127153230096872,-0.126175575930383,-0.125210750898264,-0.124258514532894,-0.123318626010834,-0.122390846010684,-0.121474938157528,-0.120570670125614,-0.119677814459768,-0.118796149166491,-0.117925458117529,-0.117065531301735,-0.116216164955163,-0.115377161594335,-0.114548329973397,-0.113729484982337,-0.112920447500419,-0.112121044216498,-0.111331107425711,-0.11055047481034,-0.109778989211063,-0.109016498393655,-0.108262854815104,-0.107517915392276,-0.106781541275536,-0.106053597629155,-0.105333953419833,-0.10462248121428,-0.103919056986479,-0.103223559934978,-0.102535872310362,-0.101855879252893,-0.101183468640155,-0.100518530944469,-0.0998609590997462,-0.0992106483774098,-0.0985674962709549,-0.0979314023887209,-0.0973022683544121,-0.0966799977149119,-0.0960644958549313,-0.0954556699180445,-0.0948534287336736,-0.0942576827496003,-0.0936683439695991,-0.0930853258958079,-0.0925085434754677,-0.0919379130516869,-0.0913733523179051,-0.0908147802757513,-0.0902621171960118,-0.0897152845824436,-0.089174205138185,-0.0886388027345374,-0.0881090023819059,-0.0875847302027043,-0.0870659134060452,-0.0865524802640511,-0.0860443600896341,-0.0855414832156072,-0.085043780975,-0.0845511856824634,-0.0840636306166586,-0.0835810500035347,-0.0831033790004068,-0.0826305536807583,-0.0821625110196935,-0.0816991888799782,-0.0812405259986079,-0.080786461973854,-0.080336937252738,-0.0798918931188938,-0.079451271680778,-0.0790150158601963,-0.0785830693811145,-0.078155376758727,-0.0777318832887597,-0.0773125350369851,-0.0768972788289314,-0.0764860622397687,-0.0760788335843575,-0.075675541907447,-0.0752761369740121,-0.0748805692597179,-0.0744887899415063,-0.0741007508882934,-0.0737164046517743,-0.0733357044573294,-0.0729586041950262,-0.0725850584107146,-0.0722150222972107,-0.0718484516855685,-0.0714853030364349,-0.071125533431488,-0.0707691005649571,-0.0704159627352217,-0.0700660788364918,-0.0697194083505652,-0.0693759113386644,-0.0690355484333515,-0.0686982808305212,-0.0683640702814718,-0.0680328790850553,-0.0677046700799049,-0.0673794066367425,-0.0670570526507638,-0.0667375725341043,-0.066420931208384,-0.0661070940973319,-0.0657960271194914,-0.0654876966810062,-0.0651820696684863,-0.0648791134419562,-0.0645787958278835,-0.0642810851122895,-0.0639859500339408,-0.0636933597776239,-0.0634032839674999,-0.0631156926605424,-0.0628305563400568,-0.0625478459092814,-0.0622675326850696,-0.0619895883916547,-0.0617139851544952,-0.0614406954942018,-0.0611696923205444,-0.0609009489265414,-0.0606344389826265,-0.0603701365308989,-0.0601080159794496,-0.0598480520967691,-0.059590220006232,-0.0593344951806609,-0.0590808534369677,-0.0588292709308705,-0.0585797241516895,-0.0583321899172153,-0.0580866453686554,-0.0578430679656539,-0.0576014354813849,-0.057361725997719,-0.0571239179004636,-0.056887989874673,-0.0566539209000307,-0.0564216902463018,-0.0561912774688548,-0.0559626624042523,-0.055735825165909,-0.0555107461398182,-0.0552874059803432,-0.0550657856060755,-0.0548458661957571,-0.0546276291842671,-0.0544110562586711,-0.0541961293543338,-0.0539828306510922,-0.0537711425694899,-0.0535610477670719,-0.0533525291347376,-0.0531455697931525,-0.0529401530892175,-0.0527362625925955,-0.052533882092292,-0.0523329955932927,-0.0521335873132548,-0.0519356416792512,-0.0517391433245683,-0.0515440770855556,-0.0513504279985253,-0.051158181296704,-0.050967322407232,-0.0507778369482142,-0.0505897107258166,0,-0.156603057434635,-0.155366306726935,-0.154133248403088,-0.15289962446832,-0.151663805847984,-0.150426478262608,-0.149189420816031,-0.147954825257155,-0.146724924699194,-0.145501797438256,-0.144287274236073,-0.143082905982206,-0.141889965224395,-0.140709465494253,-0.139542188874871,-0.138388716258732,-0.137249457177592,-0.136124677557244,-0.135014524632336,-0.133919048776235,-0.132838222296839,-0.131771955407231,-0.130720109653836,-0.129682509108344,-0.128658949624421,-0.127649206439593,-0.126653040374847,-0.125670202854392,-0.124700439938435,-0.123743495534408,-0.122799113927266,-0.121867041747775,-0.120947029478786,-0.120038832583327,-0.11914221232456,-0.118256936335973,-0.117382778990372,-0.116519521607922,-0.115666952536609,-0.114824867132627,-0.113993067663371,-0.113171363151647,-0.112359569176316,-0.111557507641757,-0.110765006526197,-0.109981899616973,-0.109208026239196,-0.108443230982894,-0.10768736343265,-0.106940277902777,-0.106201833180359,-0.105471892277853,-0.10475032219642,-0.104036993700793,-0.103331781106108,-0.102634562076906,-0.101945217438278,-0.101263630998974,-0.100589689386174,-0.0999232818915327,-0.0992643003280186,-0.0986126388970603,-0.0979681940654451,-0.0973308644514253,-0.0967005507194738,-0.0960771554831313,-0.0954605832154041,-0.0948507401661821,-0.0942475342861683,-0.0936508751568308,-0.093060673925914,-0.0924768432480689,-0.0918992972301875,-0.0913279513810534,-0.0907627225649437,-0.0902035289588429,-0.0896502900129533,-0.0891029264142092,-0.0885613600525246,-0.0880255139895231,-0.0874953124295218,-0.086970680692557,-0.0864515451892562,-0.0859378333973824,-0.0854294738398841,-0.0849263960643065,-0.0844285306234275,-0.0839358090569953,-0.0834481638744574,-0.0829655285385807,-0.0824878374498691,-0.0820150259316986,-0.0815470302160937,-0.0810837874300802,-0.0806252355825516,-0.0801713135515976,-0.0797219610722451,-0.0792771187245686,-0.0788367279221319,-0.0784007309007262,-0.0779690707073747,-0.0775416911895769,-0.0771185369847679,-0.0766995535099724,-0.0762846869516348,-0.0758738842556092,-0.0754670931172956,-0.0750642619719088,-0.0746653399848712,-0.074270277042319,-0.0738790237417144,-0.0734915313825582,-0.0731077519571939,-0.0727276381417035,-0.0723511432868875,-0.071978221409326,-0.0716088271825203,-0.0712429159281124,-0.0708804436071791,-0.0705213668116015,-0.0701656427555084,-0.0698132292667931,-0.0694640847787038,-0.069118168321506,-0.0687754395142194,-0.0684358585564272,-0.0680993862201607,-0.0677659838418568,-0.0674356133143913,-0.0671082370791876,-0.0667838181184012,-0.0664623199471811,-0.0661437066060088,-0.0658279426531152,-0.0655149931569755,-0.0652048236888844,-0.0648974003156102,-0.0645926895921288,-0.0642906585544399,-0.0639912747124631,-0.0636945060430152,-0.0634003209828711,-0.0631086884219048,-0.0628195776963137,-0.0625329585819255,-0.0622488012875881,-0.0619670764486401,-0.0616877551204671,-0.0614108087721383,-0.0611362092801265,-0.0608639289221102,-0.0605939403708589,-0.0603262166881989,-0.0600607313190621,-0.0597974580856158,-0.059536371181473,-0.0592774451659841,-0.0590206549586089,-0.0587659758333673,-0.0585133834133707,-0.0582628536654307,-0.0580143628947469,-0.0577678877396719,-0.0575234051665535,-0.0572808924646526,-0.0570403272411373,-0.0568016874161515,-0.0565649512179587,-0.0563300971781577,-0.0560971041269724,-0.0558659511886133,-0.0556366177767096,-0.0554090835898129,-0.0551833286069701,-0.0549593330833639,-0.0547370775460241,-0.0545165427896039,-0.0542977098722227,-0.0540805601113771,-0.0538650750799124,-0.0536512366020622,-0.0534390267495486,-0.0532284278377456,-0.0530194224219039,-0.0528119932934359,-0.0526061234762612,-0.0524017962232106,-0.0521989950124881,-0.0519977035441899,-0.0517979057368811,-0.0515995857242273,-0.0514027278516802,-0.0512073166732187,-0.0510133369481419,-0.0508207736379157,-0.0506296119030699,-0.0504398371001474,-0.0502514347787018,-0.0500643906783462,-0.0498786907258479,0,-0.155015556690088,-0.153784144185325,-0.152555317653318,-0.15132210471643,-0.150084329608293,-0.14884402971451,-0.147603912725206,-0.146366756918102,-0.145135136679374,-0.143911302794449,-0.142697145957545,-0.141494204474563,-0.140303693726488,-0.13912654466737,-0.137963444336512,-0.136814874678548,-0.135681147874596,-0.134562437477385,-0.133458805251914,-0.13237022394768,-0.131296596385001,-0.130237771296422,-0.129193556366922,-0.128163728889779,-0.127148044413931,-0.126146243712832,-0.125158058359367,-0.124183215149034,-0.123221439575718,-0.122272458531206,-0.121336002371117,-0.120411806465721,-0.119499612333738,-0.118599168440145,-0.117710230724773,-0.116832562916662,-0.115965936679278,-0.115110131623596,-0.11426493521927,-0.113430142628556,-0.112605556483003,-0.111790986619155,-0.110986249786307,-0.110191169336769,-0.109405574906974,-0.108629302095942,-0.10786219214621,-0.107104091631124,-0.106354852151412,-0.105614330043187,-0.104882386098851,-0.104158885301899,-0.103443696576159,-0.10273669254972,-0.1020377493335,-0.101346746314253,-0.100663565961605,-0.0999880936486547,-0.099320217485543,-0.0986598281653833,-0.0980068188218715,-0.0973610848979071,-0.096722524024538,-0.096091035909548,-0.0954665222350274,-0.0948488865632785,-0.0942380342504379,-0.093633872367225,-0.0930363096262524,-0.0924452563153677,-0.0918606242365284,-0.0912823266497388,-0.090710278221615,-0.090144394978168,-0.0895845942614295,-0.0890307946895694,-0.0884829161201839,-0.0879408796164547,-0.0874046074159087,-0.0868740229015247,-0.086349050574961,-0.0858296160316909,-0.0853156459378575,-0.0848070680086719,-0.0843038109881984,-0.083805804630381,-0.083312979681182,-0.0828252678617162,-0.0823426018522728,-0.0818649152771296,-0.0813921426900749,-0.0809242195605566,-0.0804610822603929,-0.0800026680509798,-0.0795489150709406,-0.0790997623241692,-0.078655149668221,-0.078215017803015,-0.0777793082598111,-0.0773479633904314,-0.0769209263567011,-0.0764981411200836,-0.076079552431489,-0.0756651058212403,-0.0752547475891789,-0.0748484247948989,-0.0744460852480953,-0.07404767749902,-0.0736531508290342,-0.0732624552412523,-0.0728755414512693,-0.0724923608779698,-0.0721128656344118,-0.071737008518784,-0.0713647430054337,-0.0709960232359628,-0.0706308040103925,-0.0702690407783934,-0.0699106896305824,-0.0695557072898854,-0.0692040511029666,-0.0688556790317233,-0.0685105496448491,-0.0681686221094634,-0.0678298561828106,-0.0674942122040281,-0.067161651085985,-0.0668321343071916,-0.066505623903782,-0.0661820824615692,-0.0658614731081755,-0.0655437595052378,-0.0652289058406887,-0.064916876821116,-0.0646076376641995,-0.0643011540912267,-0.0639973923196886,-0.0636963190559554,-0.0633979014880338,-0.063102107278406,-0.0628089045569492,-0.0625182619139405,-0.0622301483931423,-0.0619445334849717,-0.0616613871197543,-0.0613806796610608,-0.0611023818991272,-0.0608264650443596,-0.060552900720923,-0.0602816609604126,-0.0600127181956112,-0.0597460452543273,-0.0594816153533191,-0.0592194020922996,-0.0589593794480263,-0.058701521768471,-0.0584458037670744,-0.0581922005170796,-0.0579406874459491,-0.0576912403298594,-0.0574438352882793,-0.0571984487786241,-0.0569550575909913,-0.0567136388429727,-0.0564741699745447,-0.0562366287430362,-0.0560009932181711,-0.0557672417771872,-0.0555353531000291,-0.0553053061646163,-0.0550770802421824,-0.0548506548926884,-0.0546260099603067,-0.0544031255689751,-0.0541819821180222,-0.0539625602778611,-0.05374484098575,-0.053528805441623,-0.0533144351039846,-0.0531017116858709,-0.0528906171508763,-0.0526811337092427,-0.0524732438140129,-0.0522669301572457,-0.0520621756662915,-0.0518589635001312,-0.0516572770457704,-0.051457099914696,-0.0512584159393894,-0.0510612091698963,-0.0508654638704534,-0.0506711645161698,-0.0504782957897641,-0.0502868425783539,-0.0500967899702992,-0.0499081232520971,-0.0497208279053283,-0.0495348896036536,-0.049350294209861,-0.0491670277729608,0,-0.153431853666474,-0.152205075995748,-0.150977642228299,-0.149742118620064,-0.148500221589231,-0.147255359293749,-0.146011095058487,-0.144770701478216,-0.143537004786063,-0.142312349621031,-0.141098621056251,-0.139897292023239,-0.138709479292734,-0.137535999391699,-0.136377420328168,-0.13523410741577,-0.134106262773292,-0.132993958734092,-0.131897165713682,-0.130815775204945,-0.129749618586288,-0.128698482388763,-0.127662120603237,-0.126640264534865,-0.125632630638829,-0.124638926703373,-0.123658856685779,-0.122692124454628,-0.121738436647214,-0.120797504813676,-0.119869046988323,-0.118952788802961,-0.118048464235851,-0.117155816072587,-0.116274596140911,-0.115404565369845,-0.114545493713946,-0.113697159975726,-0.112859351552822,-0.112031864131338,-0.111214501342449,-0.110407074395883,-0.109609401701031,-0.108821308484105,-0.108042626407828,-0.107273193198641,-0.106512852285101,-0.105761452450172,-0.105018847499243,-0.1042848959451,-0.10355946071052,-0.10284240884876,-0.102133611281882,-0.101432942556621,-0.100740280617306,-0.100055506595207,-0.0993785046135933,-0.0987091616077067,-0.0980473671588308,-0.0973930133416114,-0.0967459945837779,-0.0961062075374308,-0.0954735509610785,-0.0948479256116324,-0.0942292341456016,-0.0936173810287653,-0.0930122724536384,-0.0924138162640836,-0.091821921886465,-0.0912365002667768,-0.0906574638132174,-0.0900847263437219,-0.0895182030379944,-0.0889578103936256,-0.0884034661859043,-0.0878550894309729,-0.0873126003519942,-0.0867759203480394,-0.0862449719654168,-0.0857196788711971,-0.08519996582871,-0.0846857586748011,-0.084176984298669,-0.083673570622109,-0.0831754465810133,-0.082682542107988,-0.0821947881159652,-0.0817121164826963,-0.0812344600360267,-0.0807617525398635,-0.0802939286807546,-0.0798309240550074,-0.0793726751562843,-0.0789191193636171,-0.0784701949297912,-0.078025840970054,-0.0775859974511085,-0.0771506051803582,-0.0767196057953728,-0.0762929417535477,-0.0758705563219346,-0.0754523935672235,-0.0750383983458593,-0.0746285162942763,-0.0742226938192414,-0.0738208780882914,-0.0734230170202586,-0.0730290592758761,-0.0726389542484565,-0.0722526520546391,-0.0718701035252029,-0.0714912601959402,-0.0711160742985912,-0.0707444987518361,-0.0703764871523439,-0.0700119937658789,-0.0696509735184636,-0.0692933819875979,-0.0689391753935369,-0.068588310590626,-0.068240745058697,-0.0678964368945223,-0.0675553448033339,-0.0672174280904038,-0.0668826466526891,-0.0665509609705442,-0.0662223320995002,-0.065896721662113,-0.0655740918398822,-0.0652544053652425,-0.0649376255136275,-0.0646237160956087,-0.0643126414491103,-0.0640043664317007,-0.0636988564129626,-0.0633960772669427,-0.0630959953646796,-0.0627985775668152,-0.0625037912162869,-0.0622116041311014,-0.0619219845971932,-0.0616349013613655,-0.0613503236243164,-0.0610682210337486,-0.0607885636775646,-0.0605113220771469,-0.0602364671807236,-0.0599639703568186,-0.0596938033877883,-0.0594259384634427,-0.0591603481747527,-0.0588970055076415,-0.0586358838368613,-0.0583769569199551,-0.058120198891302,-0.0578655842562469,-0.0576130878853134,-0.0573626850085004,-0.0571143512096602,-0.0568680624209594,-0.0566237949174216,-0.0563815253115491,-0.0561412305480273,-0.0559028878985072,-0.0556664749564662,-0.0554319696321483,-0.0551993501475813,-0.0549685950316704,-0.0547396831153674,-0.0545125935269155,-0.0542873056871677,-0.0540637993049803,-0.0538420543726758,-0.0536220511615809,-0.0534037702176334,-0.0531871923570591,-0.0529722986621194,-0.0527590704769249,-0.0525474894033186,-0.0523375372968238,-0.0521291962626587,-0.0519224486518154,-0.0517172770572024,-0.0515136643098508,-0.0513115934751815,-0.0511110478493351,-0.0509120109555598,-0.0507144665406614,-0.0505183985715095,-0.0503237912316029,-0.050130628917691,-0.0499388962364516,-0.0497485780012235,-0.0495596592287929,-0.0493721251362343,-0.0491859611378033,-0.0490011528418806,-0.0488176860479686,-0.0486355467437358,-0.0484547211021122,0,-0.151849708041554,-0.150627065225643,-0.149397774882399,-0.148157109293243,-0.146909024031982,-0.145658216379149,-0.144408969977349,-0.143164922762451,-0.141929042799781,-0.14070367945554,-0.139490642271168,-0.138291285248065,-0.137106586336838,-0.135937218039931,-0.13478360802584,-0.133645990052909,-0.13252444610908,-0.131418940888295,-0.130329349742318,-0.12925548117004,-0.128197094788696,-0.127153915601929,-0.126125645253638,-0.125111970841704,-0.124112571764999,-0.1231271249911,-0.12215530906005,-0.121196807079803,-0.120251308920021,-0.119318512770961,-0.118398126201785,-0.117489866826388,-0.116593462663644,-0.115708652261855,-0.114835184643351,-0.113972819114063,-0.113121324973834,-0.112280481155969,-0.111450075818644,-0.110629905905975,-0.109819776692757,-0.109019501323701,-0.10822890035553,-0.107447801308214,-0.106676038230027,-0.105913451279769,-0.105159886328458,-0.104415194581962,-0.103679232225372,-0.102951860089411,-0.102232943338774,-0.101522351181986,-0.10081995660213,-0.100125636107647,-0.099439269502285,-0.0987607396731995,-0.0980899323961617,-0.0974267361568222,-0.0967710419869686,-0.0961227433147382,-0.0954817358277715,-0.0948479173483319,-0.0942211877194565,-0.0936014487012504,-0.092988603876485,-0.0923825585647123,-0.0917832197441561,-0.0911904959806895,-0.0906042973632603,-0.0900245354451688,-0.08945112319065,-0.0888839749262544,-0.0883230062965625,-0.087768134223806,-0.0872192768710061,-0.0866763536082711,-0.0861392849819287,-0.0856079926861976,-0.0850823995371277,-0.0845624294485669,-0.0840480074099324,-0.0835390594655888,-0.0830355126956508,-0.0825372951980502,-0.0820443360717206,-0.0815565654007701,-0.0810739142395239,-0.0805963145983323,-0.0801236994300512,-0.0796560026171127,-0.0791931589591098,-0.0787351041608313,-0.0782817748206896,-0.0778331084194887,-0.0773890433094889,-0.0769495187037282,-0.0765144746655667,-0.0760838520984233,-0.0756575927356794,-0.0752356391307278,-0.0748179346471463,-0.074404423448981,-0.0739950504911247,-0.0735897615097796,-0.0731885030129939,-0.0727912222712653,-0.0723978673082037,-0.0720083868912499,-0.0716227305224462,-0.0712408484292527,-0.0708626915554137,-0.0704882115518667,-0.0701173607676974,-0.0697500922411393,-0.0693863596906178,-0.0690261175058411,-0.0686693207389383,-0.068315925095645,-0.0679658869265407,-0.0676191632183362,-0.0672757115852163,-0.0669354902602378,-0.066598458086785,-0.0662645745100846,-0.0659337995687836,-0.0656060938865898,-0.0652814186639783,-0.064959735669966,-0.0646410072339549,-0.0643251962376478,-0.0640122661070354,-0.063702180804459,-0.0633949048207491,-0.063090403167441,-0.0627886413690699,-0.0624895854555448,-0.0621932019546051,-0.0618994578843576,-0.0616083207458981,-0.0613197585160157,-0.061033739639982,-0.0607502330244259,-0.0604692080302936,-0.0601906344658944,-0.0599144825800343,-0.0596407230552357,-0.0593693270010431,-0.0591002659474175,-0.0588335118382172,-0.0585690370247658,-0.0583068142595063,-0.0580468166897442,-0.0577890178514751,-0.0575333916632993,-0.0572799124204231,-0.0570285547887444,-0.0567792937990252,-0.0565321048411466,-0.0562869636584499,-0.0560438463421603,-0.0558027293258938,-0.0555635893802464,-0.0553264036074652,-0.0550911494362,-0.0548578046163357,-0.054626347213904,-0.0543967556060735,-0.0541690084762186,-0.0539430848090636,-0.0537189638859063,-0.0534966252799137,-0.0532760488514939,-0.0530572147437424,-0.0528401033779593,-0.0526246954492399,-0.0524109719221361,-0.0521989140263873,-0.0519885032527214,-0.0517797213487232,-0.051572550314771,-0.0513669724000393,-0.0511629700985666,-0.0509605261453889,-0.0507596235127359,-0.0505602454062907,-0.0503623752615109,-0.0501659967400105,-0.0499710937260037,-0.0497776503228043,-0.0495856508493875,-0.0493950798370055,-0.0492059220258623,-0.0490181623618428,-0.0488317859932962,-0.0486467782678751,-0.0484631247294257,-0.0482808111149313,-0.0480998233515064,-0.0479201475534427,-0.0477417700193032,0,-0.150267736167735,-0.149047836792843,-0.147813030930704,-0.146564413555161,-0.145308279481461,-0.14405042331683,-0.142795657978096,-0.141547828233447,-0.140309919321339,-0.139084190258272,-0.137872304123311,-0.136675444057659,-0.135494411893898,-0.134329709920049,-0.133181607613335,-0.132050195518458,-0.130935428383128,-0.129837159450534,-0.128755167550612,-0.127689178374857,-0.126638881083126,-0.125603941183119,-0.124584010445962,-0.123578734473034,-0.122587758407193,-0.121610731182194,-0.120647308623963,-0.119697155653056,-0.118759947786301,-0.117835372094706,-0.116923127742185,-0.116022926203792,-0.11513449124163,-0.11425755870023,-0.113391876170215,-0.112537202558682,-0.111693307596474,-0.110859971305911,-0.110036983447278,-0.109224142958143,-0.108421257396225,-0.107628142393826,-0.10684462112971,-0.1060705238226,-0.105305687249127,-0.104549954287982,-0.103803173491208,-0.103065198682918,-0.102335888585216,-0.101615106470755,-0.100902719841049,-0.100198600129506,-0.0995026224279591,-0.098814665235451,-0.0981346102279168,-0.0974623420474465,-0.0967977481097877,-0.0961407184287845,-0.0954911454564909,-0.094848923937742,-0.0942139507780248,-0.0935861249235532,-0.0929653472525104,-0.0923515204764926,-0.0917445490512439,-0.0911443390958442,-0.0905507983195652,-0.0899638359556744,-0.0893833627015193,-0.088809290664281,-0.0882415333118336,-0.0876800054281964,-0.0871246230731083,-0.0865753035452962,-0.0860319653490483,-0.0854945281637374,-0.084962912815975,-0.0844370412541038,-0.0839168365247685,-0.0834022227513264,-0.0828931251138873,-0.0823894698307892,-0.0818911841413399,-0.0813981962896698,-0.0809104355095595,-0.0804278320101194,-0.0799503169622123,-0.0794778224855224,-0.0790102816361853,-0.0785476283949026,-0.078089797655475,-0.0776367252136944,-0.0771883477565451,-0.0767446028516665,-0.0763054289370416,-0.0758707653108746,-0.0754405521216297,-0.0750147303582067,-0.0745932418402299,-0.074176029208435,-0.0737630359151366,-0.0733542062147646,-0.0729494851544595,-0.0725488185647181,-0.0721521530500822,-0.0717594359798662,-0.0713706154789195,-0.0709856404184214,-0.0706044604067059,-0.0702270257801167,-0.0698532875938923,-0.0694831976130804,-0.0691167083034843,-0.0687537728226427,-0.0683943450108422,-0.0680383793821682,-0.0676858311155943,-0.0673366560461126,-0.0669908106559083,-0.0666482520655813,-0.0663089380254158,-0.0659728269067034,-0.0656398776931197,-0.0653100499721584,-0.0649833039266247,-0.0646596003261922,-0.0643389005190234,-0.0640211664234568,-0.0637063605197644,-0.0633944458419797,-0.0630853859697986,-0.0627791450205565,-0.0624756876412803,-0.0621749790008215,-0.0618769847820664,-0.0615816711742301,-0.0612890048652304,-0.0609989530341483,-0.0607114833437703,-0.0604265639332189,-0.060144163410667,-0.0598642508461416,-0.0595867957644131,-0.0593117681379741,-0.0590391383801065,-0.0587688773380364,-0.058500956286179,-0.0582353469194724,-0.0579720213467998,-0.0577109520845019,-0.0574521120499772,-0.057195474555372,-0.0569410133013579,-0.0566887023709989,-0.0564385162237044,-0.0561904296892723,-0.055944417962016,-0.0557004565949808,-0.0554585214942438,-0.0552185889133008,-0.0549806354475365,-0.0547446380287797,-0.0545105739199412,-0.0542784207097347,-0.0540481563074783,-0.0538197589379788,-0.0535932071364937,-0.053368479743776,-0.053145555901193,-0.0529244150459266,-0.052705036906248,-0.0524874014968696,-0.0522714891143699,-0.052057280332695,-0.0518447559987297,-0.0516338972279451,-0.0514246854001132,-0.0512171021550933,-0.0510111293886894,-0.0508067492485722,-0.0506039441302722,-0.0504026966732369,-0.0502029897569538,-0.0500048064971389,-0.0498081302419874,-0.0496129445684887,-0.0494192332788009,-0.0492269803966882,-0.0490361701640163,-0.0488467870373084,-0.0486588156843583,-0.0484722409809001,-0.0482870480073349,-0.0481032220455128,-0.0479207485755683,-0.047739613272811,-0.0475598020046671,-0.0473813008276735,-0.0472040959845237,-0.0470281739011619,0,-0.148685161327367,-0.147464763083775,-0.146220482380848,-0.144961286070018,-0.143695561888162,-0.142429905421113,-0.141169423654409,-0.139917989557069,-0.13867847323514,-0.137452947339538,-0.13624286003544,-0.135049175696125,-0.133872487262788,-0.132713105089094,-0.13157112674578,-0.130446491587739,-0.129339023208366,-0.128248462312393,-0.127174492040849,-0.126116757371838,-0.125074879886513,-0.124048468919332,-0.123037129894861,-0.122040470480824,-0.121058105050419,-0.120089657839387,-0.119134765098888,-0.1181930764792,-0.117264255827644,-0.116347981543823,-0.115443946603799,-0.1145518583402,-0.113671438046019,-0.112802420454744,-0.111944553137629,-0.111097595849592,-0.11026131984788,-0.109435507201892,-0.108619950107952,-0.10781445021927,-0.107018817998484,-0.106232872097935,-0.105456438771138,-0.104689351317488,-0.103931449561249,-0.103182579365031,-0.102442592177362,-0.101711344613504,-0.100988698068337,-0.100274518359903,-0.0995686754020289,-0.0988710429043841,-0.0981814980982659,-0.0974999214863982,-0.0968261966150571,-0.0961602098668747,-0.0955018502727328,-0.0948510093412221,-0.0942075809042244,-0.0935714609772535,-0.0929425476332706,-0.0923207408887795,-0.0917059426010825,-0.0910980563756637,-0.0904969874827414,-0.0899026427821056,-0.0893149306554298,-0.0887337609453114,-0.0881590449003586,-0.0875906951257011,-0.0870286255383571,-0.0864727513269405,-0.0859229889152392,-0.0853792559292407,-0.0848414711672188,-0.0843095545725383,-0.08378342720886,-0.0832630112374693,-0.0827482298964739,-0.0822390074816423,-0.0817352693286841,-0.0812369417967878,-0.0807439522532559,-0.0802562290590942,-0.0797737015554266,-0.0792963000506231,-0.0788239558080409,-0.0783566010342915,-0.0778941688679543,-0.0774365933686723,-0.0769838095065662,-0.0765357531519204,-0.0760923610650925,-0.0756535708866085,-0.0752193211274127,-0.0747895511592413,-0.0743642012050975,-0.0739432123298079,-0.0735265264306426,-0.0731140862279862,-0.0727058352560483,-0.0723017178536038,-0.0719016791547579,-0.0715056650797287,-0.0711136223256459,-0.0707254983573604,-0.070341241398267,-0.0699608004211379,-0.0695841251389659,-0.0692111659958245,-0.0688418741577381,-0.0684762015035725,-0.0681141006159437,-0.0677555247721482,-0.0674004279351206,-0.067048764744418,-0.066700490507238,-0.0663555611894717,-0.066013933406795,-0.0656755644158039,-0.0653404121051936,-0.0650084349869886,-0.0646795921878247,-0.0643538434402858,-0.0640311490743004,-0.0637114700085994,-0.0633947677422378,-0.0630810043461847,-0.0627701424549814,-0.0624621452584723,-0.06215697649361,-0.0618546004363365,-0.0615549818935422,-0.0612580861951058,-0.0609638791860152,-0.0606723272185705,-0.0603833971446738,-0.0600970563082028,-0.0598132725374713,-0.0595320141377784,-0.0592532498840449,-0.0589769490135409,-0.0587030812186999,-0.0584316166400275,-0.0581625258590975,-0.0578957798916403,-0.0576313501807228,-0.0573692085900188,-0.0571093273971711,-0.0568516792872453,-0.0565962373462738,-0.056342975054892,-0.0560918662820635,-0.055842885278897,-0.0555960066725521,-0.0553512054602356,-0.0551084570032852,-0.0548677370213431,-0.0546290215866163,-0.0543922871182242,-0.054157510376633,-0.0539246684581753,-0.0536937387896549,-0.0534646991230355,-0.0532375275302128,-0.0530122023978697,-0.0527887024224114,-0.0525670066049839,-0.0523470942465694,-0.052128944943163,-0.0519125385810258,-0.0516978553320163,-0.0514848756489967,-0.0512735802613153,-0.0510639501703625,-0.0508559666452,-0.0506496112182626,-0.0504448656811314,-0.0502417120803758,-0.0500401327134669,-0.0498401101247569,-0.0496416271015282,-0.0494446666701066,-0.0492492120920413,-0.0490552468603483,-0.0488627546958178,-0.0486717195433838,-0.0484821255685549,-0.0482939571539064,-0.0481071988956303,-0.047921835600146,-0.0477378522807667,-0.0475552341544241,-0.0473739666384479,-0.0471940353474011,-0.0470154260899677,-0.0468381248658955,-0.0466621178629897,-0.046487391454159,-0.046313932194511,0,-0.147101704131843,-0.145874753527071,-0.144616982209275,-0.143344943898176,-0.142068519570316,-0.140794727179213,-0.139528704102177,-0.138274163658242,-0.137033728431873,-0.135809192901499,-0.134601727784824,-0.133412037059795,-0.132240477981404,-0.131087152629924,-0.129951977637201,-0.12883473717766,-0.127735123115087,-0.126652765291941,-0.125587254259873,-0.12453815822203,-0.123505035550328,-0.122487443926139,-0.121484946909723,-0.120497118556457,-0.119523546553803,-0.118563834242338,-0.117617601799349,-0.116684486798505,-0.115764144309236,-0.11485624666127,-0.113960482970388,-0.113076558498882,-0.112204193906775,-0.111343124436435,-0.11049309906278,-0.109653879633251,-0.108825240015422,-0.108006965265311,-0.107198850825648,-0.106400701760467,-0.105612332030113,-0.10483356380903,-0.104064226847383,-0.103304157876529,-0.10255320005765,-0.101811202472284,-0.101078019653091,-0.100353511152971,-0.0996375411504162,-0.0989299780889479,-0.0982306943484054,-0.0975395659458916,-0.0968564722642078,-0.0961812958056801,-0.0955139219693642,-0.0948542388497094,-0.0942021370548693,-0.0935575095429508,-0.0929202514746046,-0.0922902600804685,-0.0916674345420813,-0.0910516758849891,-0.090442886882865,-0.0898409719715568,-0.0892458371720689,-0.0886573900215679,-0.088075539511581,-0.0875001960326296,-0.0869312713246102,-0.0863686784322978,-0.0858123316654063,-0.0852621465626933,-0.084718039859649,-0.0841799294593531,-0.0836477344061232,-0.0831213748616235,-0.0826007720831282,-0.0820858484036733,-0.0815765272138547,-0.0810727329450597,-0.0805743910539411,-0.0800814280079623,-0.0795937712718689,-0.0791113492949477,-0.0786340914989625,-0.0781619282666607,-0.0776947909307608,-0.0772326117633446,-0.0767753239655835,-0.0763228616577402,-0.0758751598693951,-0.0754321545298536,-0.0749937824586948,-0.0745599813564329,-0.0741306897952611,-0.0737058472098588,-0.0732853938882403,-0.0728692709626327,-0.07245742040037,-0.0720497849947925,-0.0716463083561482,-0.0712469349024856,-0.0708516098505402,-0.0704602792066082,-0.0700728897574101,-0.0696893890609414,-0.0693097254373153,-0.0689338479595955,-0.0685617064446249,-0.0681932514438528,-0.0678284342341611,-0.0674672068086989,-0.0671095218677233,-0.0667553328094566,-0.066404593720959,-0.066057259369025,-0.0657132851911058,-0.0653726272862634,-0.0650352424061589,-0.0647010879460811,-0.0643701219360185,-0.0640423030317789,-0.0637175905061598,-0.0633959442401753,-0.0630773247143395,-0.0627616930000131,-0.0624490107508152,-0.0621392401941016,-0.0618323441225161,-0.0615282858856126,-0.061227029381555,-0.0609285390488948,-0.0606327798584277,-0.0603397173051341,-0.0600493174002015,-0.059761546663134,-0.0594763721139472,-0.0591937612654522,-0.0589136821156286,-0.0586361031400868,-0.0583609932846239,-0.0580883219578675,-0.0578180590240157,-0.0575501747956677,-0.0572846400267484,-0.0570214259055268,-0.0567605040477273,-0.0565018464897359,-0.0562454256818987,-0.0559912144819159,-0.0557391861483271,-0.0554893143340921,-0.0552415730802631,-0.0549959368097494,-0.0547523803211749,-0.0545108787828265,-0.0542714077266944,-0.0540339430426013,-0.0537984609724225,-0.0535649381043945,-0.0533333513675119,-0.0531036780260117,-0.0528758956739446,-0.0526499822298321,-0.0524259159314078,-0.0522036753304435,-0.0519832392876586,-0.0517645869677114,-0.0515476978342712,-0.0513325516451717,-0.0511191284476432,-0.0509074085736232,-0.0506973726351437,-0.0504890015197967,-0.0502822763862727,-0.0500771786599755,-0.0498736900287085,-0.049671792438435,-0.0494714680891086,-0.0492726994305741,-0.0490754691585377,-0.0488797602106054,-0.0486855557623882,-0.0484928392236739,-0.0483015942346637,-0.0481118046622735,-0.0479234545964973,-0.0477365283468338,-0.0475510104387727,-0.0473668856103436,-0.0471841388087218,-0.0470027551868928,-0.0468227201003757,-0.0466440191040002,-0.0464666379487417,-0.0462905625786095,-0.0461157791275883,-0.0459422739166337,-0.0457700334507183,-0.0455990444159289,0,-0.145516310018567,-0.144274192212829,-0.142999223133383,-0.141712629739259,-0.140424927838389,-0.139143132775006,-0.137872138495036,-0.136615313173765,-0.135374907007939,-0.134152353653158,-0.132948492928671,-0.131763735056241,-0.130598182002277,-0.129451717325643,-0.128324072753129,-0.127214877447446,-0.126123694348241,-0.125050046837407,-0.123993438158644,-0.122953365414159,-0.121929329508208,-0.120920842067169,-0.119927430110263,-0.118948639052841,-0.117984034479693,-0.117033203017253,-0.116095752551956,-0.11517131198064,-0.11425953063267,-0.113360077468639,-0.112472640134175,-0.111596923927487,-0.110732650724161,-0.109879557891249,-0.109037397213953,-0.108205933851558,-0.107384945334186,-0.106574220608077,-0.105773559134197,-0.104982770042717,-0.104201671344276,-0.103430089197681,-0.102667857232811,-0.101914815926821,-0.101170812031312,-0.100435698047835,-0.0997093317489112,-0.0989915757416816,-0.0982822970712722,-0.0975813668610074,-0.0968886599866737,-0.0962040547821437,-0.095527432773788,-0.0948586784412424,-0.0941976790022376,-0.0935443242193418,-0.0928985062266152,-0.0922601193743185,-0.0916290600899518,-0.0910052267540408,-0.09038851958921,-0.0897788405612057,-0.0891760932906454,-0.0885801829743771,-0.087991016315431,-0.0874085014606415,-0.0868325479450987,-0.0862630666426739,-0.0856999697219299,-0.0851431706068023,-0.0845925839414906,-0.0840481255590615,-0.0835097124533152,-0.08297726275351,-0.0824506957015891,-0.0819299316315856,-0.0814148919509218,-0.0809054991233472,-0.0804016766532905,-0.0799033490714243,-0.0794104419212687,-0.0789228817466752,-0.0784405960800564,-0.0779635134312405,-0.0774915632768459,-0.0770246760500853,-0.0765627831309191,-0.0761058168364913,-0.0756537104117861,-0.075206398020459,-0.0747638147357955,-0.0743258965317635,-0.0738925802741296,-0.0734638037116111,-0.0730395054670479,-0.072619625028574,-0.0722041027407758,-0.0717928797958302,-0.0713858982246119,-0.0709831008877664,-0.0705844314667449,-0.0701898344548007,-0.0697992551479458,-0.0694126396358699,-0.069029934792823,-0.0686510882684663,-0.0682760484786923,-0.0679047645964218,-0.0675371865423794,-0.067173264975855,-0.0668129512854538,-0.0664561975798429,-0.0661029566784987,-0.0657531821024597,-0.0654068280650927,-0.0650638494628746,-0.0647242018661979,-0.064387841510204,-0.0640547252856491,-0.0637248107298075,-0.0633980560174181,-0.0630744199516779,-0.0627538619552857,-0.0624363420615433,-0.0621218209055136,-0.0618102597152435,-0.0615016203030525,-0.0611958650568911,-0.0608929569317713,-0.0605928594412742,-0.060295536649134,-0.060000953160903,-0.0597090741157,-0.0594198651780431,-0.0591332925297674,-0.0588493228620343,-0.0585679233674272,-0.0582890617321399,-0.0580127061282564,-0.0577388252061248,-0.0574673880868239,-0.057198364354725,-0.0569317240501495,-0.056667437662122,-0.0564054761212182,-0.0561458107925115,-0.055888413468614,-0.0556332563628151,-0.0553803121023158,-0.0551295537215596,-0.0548809546556597,-0.0546344887339214,-0.0543901301734599,-0.0541478535729136,-0.0539076339062503,-0.0536694465166691,-0.0534332671105937,-0.0531990717517596,-0.0529668368553919,-0.0527365391824748,-0.0525081558341111,-0.0522816642459709,-0.0520570421828297,-0.0518342677331919,-0.0516133193040039,-0.0513941756154505,-0.0511768156958374,-0.0509612188765569,-0.0507473647871365,-0.0505352333503697,-0.0503248047775263,-0.0501160595636438,-0.0499089784828966,-0.0497035425840432,-0.0494997331859492,-0.0492975318731868,-0.0490969204917079,-0.0488978811445908,-0.0487003961878594,-0.0485044482263726,-0.0483100201097856,-0.0481170949285786,-0.0479256560101541,-0.0477356869150015,-0.0475471714329274,-0.0473600935793505,-0.0471744375916607,-0.0469901879256408,-0.0468073292519505,-0.0466258464526703,-0.0464457246179064,-0.0462669490424529,-0.0460895052225136,-0.0459133788524795,-0.0457385558217627,-0.0455650222116844,-0.0453927642924186,-0.045221768519987,-0.0450520215333083,-0.0448835101512965,0,-0.143925468786102,-0.142658965030018,-0.14136383132583,-0.140061690503565,-0.138762748280676,-0.137473588636519,-0.136198597162291,-0.134940625130586,-0.133701440143817,-0.132482045973142,-0.131282909871293,-0.13010412481112,-0.12894552596842,-0.127806774695483,-0.126687419114332,-0.125586937738349,-0.124504770705669,-0.123440341947175,-0.122393074718113,-0.121362402276854,-0.120347775023054,-0.119348665061468,-0.118364568903054,-0.117395008827442,-0.116439533292657,-0.115497716676135,-0.114569158555968,-0.11365348268586,-0.112750335776316,-0.111859386164246,-0.110980322430659,-0.110112852009404,-0.109256699817482,-0.108411606928162,-0.107577329301228,-0.106753636579547,-0.105940310957292,-0.105137146122352,-0.104343946273359,-0.10356052521028,-0.102786705496405,-0.102022317688878,-0.101267199634353,-0.100521195826126,-0.0997841568188676,-0.099055938697083,-0.0983364025934298,-0.0976254142531114,-0.0969228436407092,-0.0962285645859666,-0.0955424544652221,-0.0948643939153776,-0.0941942665774875,-0.0935319588672478,-0.0928773597698626,-0.0922303606569538,-0.0915908551233599,-0.0909587388418495,-0.090333909433933,-0.08971626635512,-0.089105710793107,-0.0885021455775231,-0.0879054750999836,-0.0873156052433202,-0.0867324433189634,-0.0861558980115525,-0.0855858793299404,-0.085022298563843,-0.084465068245459,-0.0839141021154574,-0.0833693150927896,-0.0828306232478467,-0.0822979437785262,-0.0817711949888281,-0.0812502962696377,-0.0807351680813917,-0.0802257319383615,-0.0797219103943157,-0.0792236270293538,-0.0787308064377274,-0.0782433742164892,-0.0777612569548276,-0.0772843822239659,-0.0768126785675193,-0.0763460754922178,-0.0758845034589151,-0.0754278938738173,-0.0749761790798711,-0.074529292348265,-0.0740871678700015,-0.0736497407475049,-0.0732169469862389,-0.0727887234863089,-0.0723650080340325,-0.0719457392934637,-0.0715308567978591,-0.0711203009410801,-0.0707140129689257,-0.0703119349703922,-0.0699140098688609,-0.0695201814132124,-0.0691303941688715,-0.0687445935087858,-0.0683627256043404,-0.0679847374162168,-0.0676105766851981,-0.0672401919229296,-0.0668735324026392,-0.0665105481498247,-0.0661511899329157,-0.0657954092539146,-0.0654431583390269,-0.0650943901292839,-0.064749058271168,-0.0644071171072437,-0.0640685216668039,-0.0637332276565355,-0.0634011914512113,-0.0630723700844135,-0.0627467212392948,-0.0624242032393815,-0.0621047750394249,-0.0617883962163045,-0.0614750269599885,-0.0611646280645545,-0.0608571609192762,-0.060552587499778,-0.0602508703592623,-0.0599519726198116,-0.0596558579637694,-0.0593624906252022,-0.0590718353814444,-0.0587838575447301,-0.0584985229539111,-0.0582157979662671,-0.0579356494494051,-0.057658044773253,-0.0573829518021469,-0.0571103388870147,-0.0568401748576544,-0.0565724290151118,-0.0563070711241544,-0.0560440714058439,-0.0557834005302089,-0.0555250296090151,-0.0552689301886366,-0.0550150742430237,-0.0547634341667742,-0.0545139827683002,-0.0542666932630962,-0.0540215392671046,-0.0537784947901809,-0.053537534229655,-0.053298632363992,-0.0530617643465478,-0.052826905699422,-0.0525940323074062,-0.0523631204120266,-0.0521341466056803,-0.0519070878258661,-0.0516819213495052,-0.0514586247873557,-0.0512371760785156,-0.0510175534850163,-0.0507997355865035,-0.0505837012750073,-0.0503694297497964,-0.0501569005123199,-0.0499460933612315,-0.0497369883874984,-0.049529565969591,-0.0493238067687553,-0.0491196917243631,-0.0489172020493435,-0.0487163192256895,-0.0485170250000439,-0.0483193013793586,-0.0481231306266292,-0.0479284952567031,-0.0477353780321591,-0.0475437619592586,-0.0473536302839667,-0.0471649664880419,-0.046977754285194,-0.0467919776173089,-0.0466076206507377,-0.0464246677726523,-0.0462431035874633,-0.0460629129133002,-0.0458840807785545,-0.0457065924184814,-0.0455304332718622,-0.0453555889777242,-0.0451820453721191,-0.0450097884849565,-0.044838804536894,-0.0446690799362813,-0.0445006012761576,-0.0443333553313024,-0.0441673290553369,0,-0.142323297460156,-0.141024610891352,-0.139707490429074,-0.138389666342676,-0.137080191106249,-0.135784825453673,-0.134507208411242,-0.133249526672433,-0.132012975896495,-0.130798078142139,-0.129604900291387,-0.12843320557414,-0.127282559529146,-0.126152404389461,-0.12504211124518,-0.123951016407454,-0.122878446483984,-0.121823735377699,-0.120786235513611,-0.119765324954075,-0.118760411599815,-0.117770935340224,-0.116796368775303,-0.115836216957324,-0.114890016474358,-0.113957334106785,-0.113037765222127,-0.11213093202593,-0.11123648175196,-0.110354084850013,-0.109483433211503,-0.108624238459849,-0.107776230323114,-0.106939155099448,-0.106112774220853,-0.105296862917226,-0.104491208980017,-0.103695611623118,-0.102909880437288,-0.102133834433671,-0.101367301171422,-0.100610115964219,-0.0998621211603051,-0.099123165490769,-0.0983931034808527,-0.0976717949192758,-0.0969591043807757,-0.0962549007973183,-0.0955590570736951,-0.0948714497435006,-0.0941919586617549,-0.0935204667307084,-0.092856859655629,-0.0922010257276249,-0.0915528556307956,-0.0909122422712357,-0.0902790806256284,-0.0896532676073667,-0.089034701948328,-0.0884232840946026,-0.0878189161146358,-0.0872215016183918,-0.0866309456862844,-0.0860471548067441,-0.0854700368214034,-0.0848995008769906,-0.0843354573831114,-0.0837778179751904,-0.0832264954819158,-0.0826814038966083,-0.0821424583519939,-0.0816095750979207,-0.0810826714816127,-0.080561665930098,-0.0800464779344939,-0.0795370280358656,-0.0790332378124151,-0.0785350298677799,-0.0780423278202555,-0.0775550562927728,-0.0770731409034921,-0.0765965082568835,-0.0761250859351919,-0.0756588024901918,-0.075197587435154,-0.0747413712369586,-0.0742900853082958,-0.0738436619999123,-0.073402034592859,-0.0729651372907121,-0.0725329052117425,-0.07210527438101,-0.0716821817223713,-0.0712635650503881,-0.0708493630621269,-0.0704395153288501,-0.0700339622875898,-0.0696326452326105,-0.0692355063067593,-0.068842488492707,-0.0684535356040858,-0.0680685922765304,-0.0676876039586249,-0.0673105169027691,-0.066937278155964,-0.0665678355505327,-0.0662021376947777,-0.0658401339635887,-0.0654817744890056,-0.0651270101507462,-0.0647757925667079,-0.0644280740834504,-0.0640838077666676,-0.063742947391657,-0.0634054474337937,-0.0630712630590156,-0.0627403501143294,-0.0624126651183401,-0.062088165251814,-0.0617668083482789,-0.0614485528846689,-0.0611333579720178,-0.0608211833462071,-0.060511989358773,-0.0602057369677781,-0.059902387728749,-0.0596019037856876,-0.0593042478621568,-0.0590093832524451,-0.0587172738128131,-0.0584278839528248,-0.0581411786267656,-0.0578571233251501,-0.0575756840663217,-0.057296827388146,-0.0570205203397982,-0.0567467304736484,-0.0564754258372441,-0.0562065749653929,-0.0559401468723431,-0.0556761110440674,-0.0554144374306467,-0.0551550964387562,-0.0548980589242534,-0.054643296184869,-0.0543907799530006,-0.0541404823886087,-0.0538923760722141,-0.0536464339980001,-0.053402629567014,-0.0531609365804724,-0.0529213292331658,-0.0526837821069653,-0.0524482701644283,-0.0522147687425037,-0.0519832535463365,-0.0517537006431693,-0.0515260864563412,-0.0513003877593833,-0.051076581670208,-0.0508546456453949,-0.0506345574745679,-0.0504162952748659,-0.0501998374855042,-0.0499851628624269,-0.0497722504730471,-0.0495610796910766,-0.0493516301914424,-0.0491438819452875,-0.0489378152150592,-0.0487334105496776,-0.04853064877979,-0.0483295110131039,-0.0481299786298012,-0.0479320332780318,-0.0477356568694838,-0.0475408315750316,-0.0473475398204588,-0.0471557642822553,-0.0469654878834881,-0.0467766937897438,-0.0465893654051417,-0.0464034863684179,-0.046219040549076,-0.0460360120436076,-0.045854385171777,-0.0456741444729733,-0.0454952747026248,-0.0453177608286782,-0.0451415880281389,-0.0449667416836722,-0.0447932073802653,-0.0446209709019472,-0.0444500182285683,-0.0442803355326344,-0.0441119091761988,-0.0439447257078078,-0.0437787718595016,-0.0436140345438669,-0.0434505008511426,0,-0.140701647100748,-0.139366579911539,-0.138027085915338,-0.136694384136178,-0.135375776592829,-0.134075877023254,-0.132797381357609,-0.131541696724224,-0.130309383219807,-0.129100449242646,-0.127914548714676,-0.126751114231666,-0.125609447681524,-0.124488781975845,-0.123388322829083,-0.122307276633097,-0.121244868616,-0.120200354224039,-0.11917302579971,-0.118162216020923,-0.117167299135264,-0.116187690717849,-0.115222846464545,-0.114272260378723,-0.113335462601049,-0.112412017054971,-0.111501519026286,-0.110603592756912,-0.109717889105903,-0.108844083311811,-0.107981872877031,-0.107130975585447,-0.106291127658118,-0.105462082047242,-0.104643606865542,-0.103835483946163,-0.103037507526862,-0.102249483051462,-0.101471226081151,-0.100702561308042,-0.0999433216634689,-0.0991933475136647,-0.0984524859357439,-0.0977205900672413,-0.0969975185228237,-0.0962831348721827,-0.0955773071735119,-0.0948799075573665,-0.0941908118560907,-0.0935098992743731,-0.0928370520968481,-0.0921721554290029,-0.0915150969679687,-0.0908657668000804,-0.0902240572223653,-0.0895898625853862,-0.0889630791551043,-0.088343604991652,-0.0877313398431087,-0.087126185052565,-0.0865280434769276,-0.0859368194160806,-0.0853524185511573,-0.0847747478908092,-0.0842037157244784,-0.0836392315817835,-0.0830812061972292,-0.0825295514795358,-0.0819841804849638,-0.0814450073940815,-0.0809119474914837,-0.0803849171480319,-0.0798638338052346,-0.0793486159614331,-0.0788391831594983,-0.0783354559757856,-0.0778373560101201,-0.0773448058766207,-0.0768577291951932,-0.0763760505835475,-0.0758996956496144,-0.0754285909842542,-0.0749626641541679,-0.0745018436949321,-0.074046059104096,-0.0735952408342846,-0.0731493202862658,-0.0727082298019455,-0.0722719026572619,-0.0718402730549586,-0.0714132761172181,-0.0709908478781449,-0.0705729252760917,-0.0701594461458213,-0.0697503492105069,-0.0693455740735686,-0.0689450612103511,-0.0685487519596475,-0.0681565885150754,-0.0677685139163116,-0.0673844720401968,-0.0670044075917158,-0.0666282660948661,-0.0662559938834219,-0.065887538091607,-0.0655228466446833,-0.065161868249469,-0.064804552384793,-0.0644508492918989,-0.0641007099648068,-0.0637540861406424,-0.0634109302899445,-0.0630711956069578,-0.0627348359999215,-0.0624018060813615,-0.0620720611583938,-0.0617455572230482,-0.0614222509426171,-0.0611020996500398,-0.0607850613343248,-0.0604710946310204,-0.0601601588127357,-0.0598522137797199,-0.059547220050504,-0.05924513875261,-0.0589459316133302,-0.0586495609505852,-0.0583559896638576,-0.0580651812252117,-0.0577770996703971,-0.0574917095900426,-0.0572089761209401,-0.0569288649374234,-0.0566513422428427,-0.0563763747611358,-0.0561039297285006,-0.0558339748851661,-0.0555664784672675,-0.0553014091988231,-0.0550387362838157,-0.0547784293983787,-0.0545204586830871,-0.0542647947353548,-0.0540114086019367,-0.053760271771538,-0.0535113561675291,-0.0532646341407666,-0.0530200784625197,-0.0527776623175024,-0.0525373592970108,-0.0522991433921652,-0.0520629889872558,-0.051828870853192,-0.051596764141055,-0.0513666443757514,-0.051138487449769,-0.0509122696170323,-0.0506879674868577,-0.0504655580180075,-0.0502450185128397,-0.0500263266115578,-0.0498094602865515,-0.0495943978368358,-0.0493811178825811,-0.0491695993597352,-0.0489598215147384,-0.0487517638993257,-0.0485454063654198,-0.0483407290601106,-0.0481377124207203,-0.0479363371699557,-0.0477365843111414,-0.0475384351235384,-0.0473418711577423,-0.0471468742311625,-0.0469534264235797,-0.0467615100727827,-0.0465711077702799,-0.0463822023570874,-0.0461947769195906,-0.0460088147854797,-0.0458242995197556,-0.0456412149208081,-0.0454595450165619,-0.0452792740606921,-0.0451003865289067,-0.0449228671152949,-0.0447467007287396,-0.0445718724893953,-0.0443983677252273,-0.0442261719686138,-0.0440552709530069,-0.0438856506096544,-0.0437172970643798,-0.0435501966344188,-0.0433843358253144,-0.0432197013278642,-0.0430562800151252,-0.0428940589394694,-0.0427330253296941,0,-0.13905150964983,-0.137680557708442,-0.136319856216302,-0.134974048866415,-0.133648391622187,-0.132346113360582,-0.131068823157516,-0.129817072617292,-0.128590751646137,-0.127389344424007,-0.126212095098323,-0.125058116397764,-0.123926461173236,-0.122816169194043,-0.121726297162832,-0.120655937291557,-0.119604228100064,-0.118570359969723,-0.117553577206182,-0.116553177823111,-0.115568511880249,-0.114598978945136,-0.113644025064521,-0.112703139504474,-0.111775851430643,-0.110861726639957,-0.109960364413871,-0.10907139453523,-0.108194474491832,-0.107329286876982,-0.106475536988876,-0.105632950625072,-0.104801272064791,-0.103980262229633,-0.10316969701208,-0.102369365760585,-0.101579069909931,-0.100798621745691,-0.100027843291969,-0.0992665653120997,-0.0985146264125062,-0.0977718722405334,-0.0970381547676588,-0.0963133316501092,-0.0955972656594956,-0.0948898241766591,-0.0941908787424739,-0.0935003046598739,-0.0928179806418659,-0.0921437885007497,-0.0914776128742051,-0.0908193409842959,-0.0901688624258208,-0.0895260689807749,-0.0888908544560078,-0.0882631145414444,-0.0876427466865035,-0.0870296499925883,-0.0864237251197418,-0.085824874205759,-0.0852330007962301,-0.0846480097841509,-0.0840698073578861,-0.0834983009564038,-0.08293339923082,-0.0823750120114033,-0.0818230502792826,-0.0812774261421921,-0.0807380528136658,-0.0802048445951625,-0.0796777168606661,-0.0791565860433641,-0.0786413696240524,-0.0781319861209646,-0.077628355080761,-0.0771303970704457,-0.0766380336700173,-0.0761511874656795,-0.0756697820434691,-0.0751937419831722,-0.074722992852429,-0.0742574612009351,-0.0737970745546662,-0.0733417614100653,-0.0728914512281436,-0.0724460744284536,-0.0720055623829043,-0.0715698474093941,-0.0711388627652429,-0.0707125426404126,-0.0702908221505082,-0.0698736373295541,-0.0694609251225481,-0.069052623377794,-0.0686486708390187,-0.0682490071372799,-0.0678535727826736,-0.0674623091558504,-0.0670751584993525,-0.0666920639087821,-0.0663129693238128,-0.0659378195190574,-0.0655665600948042,-0.065199137467634,-0.0648354988609314,-0.0644755922953019,-0.0641193665789086,-0.0637667712977375,-0.0634177568058079,-0.0630722742153335,-0.0627302753868514,-0.0623917129193229,-0.0620565401402228,-0.0617247110956214,-0.061396180540272,-0.0610709039277103,-0.0607488374003766,-0.0604299377797651,-0.0601141625566112,-0.0598014698811215,-0.0594918185532536,-0.0591851680130517,-0.0588814783310446,-0.0585807101987091,-0.058282824919007,-0.057987784396996,-0.0576955511305234,-0.057406088201002,-0.0571193592642741,-0.0568353285415676,-0.0565539608105435,-0.0562752213964419,-0.0559990761633244,-0.055725491505419,-0.0554544343385665,-0.05518587209177,-0.0549197726988519,-0.0546561045902154,-0.0543948366847145,-0.054135938381632,-0.0538793795527664,-0.0536251305346285,-0.0533731621207462,-0.0531234455540812,-0.0528759525195543,-0.0526306551366806,-0.0523875259523139,-0.0521465379335015,-0.0519076644604468,-0.0516708793195804,-0.0514361566967395,-0.0512034711704542,-0.0509727977053395,-0.0507441116455949,-0.0505173887086054,-0.0502926049786504,-0.050069736900712,-0.0498487612743878,-0.0496296552479029,-0.0494123963122222,-0.0491969622952622,-0.048983331356199,-0.0487714819798736,-0.0485613929712922,-0.0483530434502208,-0.0481464128458713,-0.0479414808916816,-0.0477382276201837,-0.0475366333579616,-0.0473366787206977,-0.0471383446083048,-0.046941612200144,-0.0467464629503263,-0.0465528785830966,-0.0463608410883,-0.0461703327169276,-0.0459813359767414,-0.0457938336279771,-0.0456078086791231,-0.045423244382774,-0.0452401242315602,-0.0450584319541474,-0.0448781515113095,-0.0446992670920716,-0.0445217631099211,-0.0443456241990878,-0.0441708352108903,-0.043997381210148,-0.0438252474716576,-0.043654419476733,-0.0434848829098066,-0.0433166236550938,-0.0431496277933151,-0.0429838815984779,-0.0428193715347179,-0.0426560842531943,-0.0424940065890432,-0.0423331255583847,-0.0421734283553845,-0.0420149023493674,0,-0.137365152608494,-0.135962793258539,-0.134583535908664,-0.1332273263984,-0.131897337505066,-0.130595265762784,-0.129321549262002,-0.128075850889999,-0.126857386216204,-0.125665126350074,-0.124497924385049,-0.123354595124891,-0.12223396505485,-0.121134902784556,-0.120056336530493,-0.118997263025807,-0.117956750836885,-0.116933940113467,-0.115928040143136,-0.114938325628338,-0.113964132293025,-0.113004852213968,-0.1120599291283,-0.111128853872724,-0.11021116004593,-0.10930641994386,-0.108414240790223,-0.107534261267347,-0.106666148341656,-0.105809594371596,-0.104964314482192,-0.104130044188605,-0.103306537250413,-0.102493563738458,-0.101690908296634,-0.100898368581818,-0.100115753866121,-0.0993428837866528,-0.0985795872290514,-0.0978257013320751,-0.0970810706015417,-0.0963455461228683,-0.0956189848623699,-0.0949012490483253,-0.0941922056236163,-0.0934917257624828,-0.0927996844446282,-0.0921159600805366,-0.0914404341824517,-0.0907729910760011,-0.0901135176479426,-0.0894619031259571,-0.0888180388868249,-0.0881818182896951,-0.0875531365314987,-0.0869318905218626,-0.0863179787751645,-0.0857113013176199,-0.0851117596075215,-0.0845192564669578,-0.0839336960235244,-0.083354983660708,-0.0827830259757718,-0.0822177307441117,-0.0816590068891642,-0.0811067644570665,-0.0805609145953542,-0.0800213695350791,-0.0794880425757976,-0.0789608480729569,-0.0784397014272594,-0.077924519075647,-0.0774152184835886,-0.0769117181384032,-0.0764139375433824,-0.0759217972125137,-0.0754352186656344,-0.07495412442387,-0.0744784380052356,-0.0740080839202979,-0.0735429876678131,-0.0730830757302723,-0.0726282755692944,-0.0721785156208264,-0.0717337252901131,-0.07129383494641,-0.0708587759174232,-0.0704284804834601,-0.0700028818712864,-0.0695819142476874,-0.0691655127127309,-0.0687536132927415,-0.0683461529329899,-0.0679430694901073,-0.0675443017242378,-0.0671497892909378,-0.0667594727328404,-0.0663732934710948,-0.0659911937965988,-0.0656131168610379,-0.0652390066677477,-0.0648688080624134,-0.0645024667236232,-0.0641399291532908,-0.0637811426669603,-0.0634260553840097,-0.0630746162177668,-0.06272677486555,-0.0623824817986486,-0.0620416882522546,-0.0617043462153576,-0.0613704084206159,-0.0610398283342122,-0.060712560145708,-0.0603885587579026,-0.0600677797767083,-0.0597501795010514,-0.059435714912805,-0.0591243436667621,-0.058816024080658,-0.0585107151252452,-0.0582083764144313,-0.0579089681954826,-0.0576124513392988,-0.0573187873307673,-0.0570279382591964,-0.0567398668088362,-0.0564545362494881,-0.0561719104272077,-0.0558919537551044,-0.0556146312042388,-0.0553399082946235,-0.0550677510863255,-0.0547981261706766,-0.0545310006615897,-0.0542663421869851,-0.0540041188803259,-0.0537442993722667,-0.0534868527824119,-0.0532317487111892,-0.0529789572318351,-0.0527284488824944,-0.0524801946584335,-0.0522341660043682,-0.0519903348069043,-0.0517486733870929,-0.0515091544930983,-0.0512717512929789,-0.0510364373675808,-0.050803186703543,-0.0505719736864136,-0.0503427730938759,-0.0501155600890851,-0.0498903102141126,-0.0496669993834981,-0.0494456038779089,-0.0492261003379032,-0.0490084657578008,-0.0487926774796534,-0.0485787131873201,-0.0483665509006428,-0.0481561689697204,-0.0479475460692834,-0.0477406611931639,-0.0475354936488629,-0.0473320230522115,-0.0471302293221252,-0.0469300926754518,-0.0467315936219073,-0.0465347129591044,-0.0463394317676659,-0.0461457314064271,-0.0459535935077223,-0.045762999972756,-0.0455739329670562,-0.0453863749160102,-0.0452003085004788,-0.0450157166524903,-0.0448325825510131,-0.0446508896178012,-0.044470621513318,-0.0442917621327319,-0.0441142956019849,-0.0439382062739314,-0.0437634787245487,-0.0435900977492142,-0.0434180483590511,-0.0432473157773403,-0.0430778854359973,-0.0429097429721124,-0.0427428742245554,-0.0425772652306398,-0.042412902222849,-0.0422497716256215,-0.0420878600521941,-0.041927154301503,-0.0417676413551407,-0.0416093083743685,-0.0414521426971825,-0.0412961318354331,0,-0.135637064849081,-0.134210363145914,-0.132816477993766,-0.13145341188124,-0.130122365773798,-0.128823441896378,-0.127555885623952,-0.126318481715441,-0.125109797421673,-0.123928322778953,-0.122772553082385,-0.121641037347128,-0.120532405521888,-0.119445382045584,-0.118378790644814,-0.117331553646394,-0.116302688002908,-0.115291299489379,-0.114296576019368,-0.113317780681479,-0.112354244864252,-0.111405361683864,-0.110470579829674,-0.10954939787973,-0.108641359099512,-0.107746046714055,-0.106863079630564,-0.105992108581965,-0.105132812659063,-0.104284896198602,-0.103448085995461,-0.102622128808959,-0.101806789135229,-0.101001847219858,-0.100207097287083,-0.0994223459639428,-0.0986474108797094,-0.0978821194227452,-0.0971263076385761,-0.0963798192545213,-0.0956425048175985,-0.0949142209337128,-0.0941948295972918,-0.0934841976015913,-0.0927821960208644,-0.092088699756457,-0.0914035871396971,-0.0907267395851646,-0.0900580412885886,-0.0893973789642131,-0.0887446416170109,-0.0880997203456164,-0.0874625081722847,-0.0868328998965857,-0.086210791969899,-0.085596082388098,-0.0849886706001044,-0.0843884574302536,-0.0837953450126429,-0.0832092367358524,-0.0826300371966078,-0.0820576521611271,-0.0814919885330428,-0.0809329543269242,-0.0803804586465446,-0.0798344116671434,-0.0792947246210301,-0.0787613097859575,-0.0782340804757698,-0.0777129510328918,-0.0771978368222924,-0.0766886542265961,-0.0761853206420718,-0.0756877544752614,-0.0751958751400496,-0.0747096030550056,-0.0742288596408538,-0.0737535673179577,-0.0732836495037182,-0.0728190306098052,-0.072359636039163,-0.0719053921827344,-0.0714562264158686,-0.0710120670943821,-0.0705728435502545,-0.0701384860869447,-0.0697089259743231,-0.0692840954432175,-0.0688639276795765,-0.0684483568182573,-0.0680373179364479,-0.0676307470467371,-0.067228581089844,-0.0668307579270266,-0.0664372163321833,-0.0660478959836673,-0.0656627374558306,-0.0652816822103187,-0.0649046725871319,-0.0645316517954743,-0.0641625639044085,-0.063797353833333,-0.0634359673423035,-0.0630783510222118,-0.0627244522848412,-0.0623742193528152,-0.062027601249454,-0.061684547788555,-0.0613450095641099,-0.0610089379399755,-0.0606762850395071,-0.0603470037351709,-0.0600210476381439,-0.0596983710879153,-0.0593789291418966,-0.0590626775650533,-0.058749572819566,-0.0584395720545285,-0.0581326330956936,-0.0578287144352707,-0.0575277752217856,-0.0572297752500056,-0.0569346749509389,-0.0566424353819109,-0.0563530182167249,-0.0560663857359098,-0.0557825008170606,-0.0555013269252741,-0.0552228281036836,-0.0549469689640968,-0.0546737146777377,-0.0544030309660972,-0.0541348840918911,-0.0538692408501324,-0.0536060685593142,-0.0533453350527086,-0.05308700866978,-0.0528310582477158,-0.0525774531130738,-0.0523261630735471,-0.0520771584098483,-0.0518304098677101,-0.0515858886500058,-0.0513435664089874,-0.0511034152386415,-0.0508654076671639,-0.0506295166495502,-0.0503957155603037,-0.0501639781862592,-0.0499342787195224,-0.0497065917505235,-0.049480892261184,-0.0492571556181971,-0.0490353575664187,-0.0488154742223698,-0.0485974820678478,-0.0483813579436461,-0.0481670790433815,-0.0479546229074262,-0.0477439674169451,-0.0475350907880369,-0.0473279715659757,-0.0471225886195546,-0.0469189211355286,-0.0467169486131532,-0.0465166508588228,-0.046318007980802,-0.0461210003840508,-0.0459256087651435,-0.0457318141072765,-0.0455395976753677,-0.0453489410112425,-0.0451598259289073,-0.0449722345099081,-0.0447861490987732,-0.0446015522985381,-0.0444184269663523,-0.0442367562091651,-0.0440565233794911,-0.0438777120712512,-0.0437003061156908,-0.043524289577372,-0.0433496467502391,-0.0431763621537558,-0.0430044205291137,-0.0428338068355091,-0.0426645062464891,-0.0424965041463637,-0.0423297861266847,-0.0421643379827876,-0.0420001457103983,-0.0418371955023012,-0.0416754737450684,-0.0415149670158488,-0.0413556620792166,-0.0411975458840768,-0.0410406055606269,-0.0408848284173755,-0.0407302019382144,-0.0405767137795446,0,-0.13386443872426,-0.132421332995189,-0.131017746134311,-0.129652079142555,-0.128323699303068,-0.12703112948253,-0.12577246215696,-0.124545656676153,-0.123348686118156,-0.122179610362585,-0.121036613021564,-0.119918018239584,-0.118822295237427,-0.117748055301444,-0.116694044328875,-0.115659133021544,-0.114642306100568,-0.113642651404542,-0.112659349382283,-0.111691663257714,-0.110738929995035,-0.109800552100431,-0.108875990242974,-0.107964756648252,-0.107066409204473,-0.106180546216203,-0.105306801741527,-0.104444841451913,-0.103594358958824,-0.102755072556364,-0.101926722334368,-0.101109067621252,-0.100301884720337,-0.0995049649073773,-0.098718112660568,-0.0979411440974587,-0.0971738855959803,-0.0964161725792675,-0.0956678484461358,-0.0949287636310187,-0.0941987747788913,-0.0934777440222448,-0.0927655383485572,-0.0920620290479241,-0.091367091231625,-0.0906806034133795,-0.0900024471459393,-0.0893325067064527,-0.0886706688247543,-0.0880168224493722,-0.0873708585466191,-0.0867326699286484,-0.0861021511068217,-0.0854791981671416,-0.0848637086648816,-0.0842555815358678,-0.0836547170221712,-0.0830610166102273,-0.0824743829796383,-0.081894719961123,-0.0813219325022663,-0.0807559266398849,-0.0801966094779769,-0.0796438891703503,-0.0790976749071432,-0.0785578769045544,-0.0780244063971859,-0.0774971756324898,-0.0769760978668738,-0.0764610873630875,-0.0759520593885642,-0.0754489302144423,-0.0749516171150312,-0.074460038367527,-0.0739741132518093,-0.0734937620501873,-0.0730189060469799,-0.0725494675278408,-0.0720853697787564,-0.0716265370846591,-0.0711728947276164,-0.0707243689845604,-0.0702808871245437,-0.0698423774055014,-0.0694087690705218,-0.0689799923436223,-0.0685559784250374,-0.0681366594860302,-0.0677219686632405,-0.0673118400525847,-0.0669062087027274,-0.0665050106081445,-0.0661081827017983,-0.0657156628474476,-0.0653273898316152,-0.0649433033552359,-0.0645633440250075,-0.0641874533444682,-0.0638155737048228,-0.06344764837554,-0.0630836214947424,-0.0627234380594085,-0.0623670439154112,-0.0620143857474073,-0.0616654110686007,-0.061320068210395,-0.0609783063119539,-0.0606400753096857,-0.0603053259266664,-0.0599740096620179,-0.0596460787802533,-0.0593214863006047,-0.0590001859863429,-0.0586821323341037,-0.0583672805632301,-0.0580555866051402,-0.0577470070927313,-0.057441499349829,-0.0571390213806885,-0.0568395318595564,-0.056542990120301,-0.0562493561461147,-0.0559585905592984,-0.0556706546111296,-0.0553855101718218,-0.0551031197205781,-0.0548234463357446,-0.0545464536850649,-0.0542721060160432,-0.0540003681464125,-0.0537312054547188,-0.0534645838710144,-0.0532004698676719,-0.0529388304503107,-0.0526796331488471,-0.0524228460086615,-0.0521684375818875,-0.0519163769188241,-0.0516666335594688,-0.0514191775251746,-0.0511739793104294,-0.0509310098747595,-0.0506902406347549,-0.0504516434562181,-0.0502151906464351,-0.0499808549465685,-0.0497486095241717,-0.0495184279658238,-0.0492902842698834,-0.0490641528393637,-0.0488400084749227,-0.0486178263679727,-0.0483975820939038,-0.048179251605424,-0.0479628112260111,-0.0477482376434782,-0.0475355079036496,-0.0473245994041467,-0.0471154898882817,-0.0469081574390596,-0.0467025804732844,-0.0464987377357702,-0.0462966082936551,-0.0460961715308161,-0.0458974071423842,-0.0457002951293578,-0.0455048157933129,-0.0453109497312087,-0.0451186778302878,-0.0449279812630679,-0.044738841482425,-0.0445512402167672,-0.0443651594652947,-0.0441805814933472,-0.043997488827838,-0.0438158642527691,-0.0436356908048308,-0.0434569517690818,-0.0432796306747081,-0.0431037112908602,-0.0429291776225683,-0.042756013906731,-0.0425842046081797,-0.0424137344158143,-0.0422445882388116,-0.0420767512029031,-0.0419102086467217,-0.0417449461182158,-0.0415809493711304,-0.0414182043615524,-0.0412566972445207,-0.0410964143706982,-0.0409373422831057,-0.040779467713916,-0.0406227775813074,-0.0404672589863757,-0.0403128992101016,-0.0401596857103767,-0.0400076061190814,-0.0398566482392187,0,-0.132046874742814,-0.130594814570073,-0.129187172535756,-0.127823707850902,-0.126502036944504,-0.125219187731469,-0.12397219715221,-0.122758289889173,-0.121574923563514,-0.120419794891564,-0.119290832546665,-0.118186183744682,-0.117104197372386,-0.116043405499744,-0.115002504632072,-0.113980337627507,-0.11297587683451,-0.11198820872284,-0.111016520090159,-0.110060085808409,-0.109118258008863,-0.108190456574502,-0.107276160799717,-0.106374902081031,-0.105486257512626,-0.104609844273209,-0.103745314704064,-0.102892351990814,-0.102050666372938,-0.101219991815273,-0.100400083084536,-0.0995907131814714,-0.0987916710857315,-0.0980027597760706,-0.0972237944931993,-0.0964546012166522,-0.0956950153305125,-0.094944880455833,-0.0942040474301937,-0.0934723734171128,-0.0927497211300031,-0.0920359581571206,-0.0913309563754835,-0.0906345914431019,-0.0899467423600644,-0.0892672910900936,-0.0885961222351356,-0.0879331227563943,-0.0872781817359711,-0.0866311901739451,-0.085992040816323,-0.0853606280098209,-0.084736847579913,-0.0841205967290062,-0.0835117739519709,-0.0829102789665934,-0.0823160126568134,-0.0817288770268686,-0.0811487751647064,-0.0805756112132256,-0.0800092903480968,-0.0794497187610702,-0.0788968036478229,-0.0783504531995265,-0.0778105765974219,-0.0772770840097929,-0.0767498865908105,-0.0762288964808,-0.0757140268075455,-0.0752051916883094,-0.0747023062322903,-0.0742052865432905,-0.0737140497224024,-0.0732285138705555,-0.0727485980907964,-0.072274222490199,-0.0718053081813219,-0.0713417772831541,-0.0708835529214984,-0.0704305592287624,-0.0699827213431366,-0.0695399654071455,-0.069102218565572,-0.0686694089627574,-0.0682414657392869,-0.0678183190280753,-0.0673998999498709,-0.0669861406081997,-0.0665769740837716,-0.0661723344283757,-0.0657721566582907,-0.065376376747237,-0.0649849316188997,-0.0645977591390496,-0.0642147981072911,-0.063835988248464,-0.0634612702037264,-0.063090585521346,-0.0627238766472263,-0.0623610869151908,-0.0620021605370515,-0.0616470425924854,-0.0612956790187385,-0.0609480166001824,-0.060604002957742,-0.0602635865382138,-0.0599267166034932,-0.05959334321973,-0.0592634172464259,-0.0589368903254919,-0.058613714870278,-0.0582938440545924,-0.0579772318017184,-0.057663832773445,-0.0573536023591213,-0.0570464966647431,-0.0567424725020848,-0.0564414873778827,-0.0561434994830802,-0.0558484676821402,-0.0555563515024344,-0.0552671111237138,-0.0549807073676672,-0.054697101687574,-0.0544162561580534,-0.0541381334649175,-0.0538626968951312,-0.0535899103268809,-0.0533197382197578,-0.0530521456050568,-0.0527870980761935,-0.052524561779243,-0.0522645034035994,-0.0520068901727618,-0.0517516898352426,-0.0514988706556051,-0.0512484014056259,-0.0510002513555863,-0.0507543902656911,-0.050510788377616,-0.0502694164061837,-0.050030245531167,-0.0497932473892206,-0.0495583940659406,-0.0493256580880498,-0.0490950124157106,-0.048866430434963,-0.0486398859502858,-0.0484153531772839,-0.0481928067354967,-0.0479722216413279,-0.0477535733010976,-0.0475368375042106,-0.0473219904164457,-0.0471090085733593,-0.0468978688738057,-0.0466885485735706,-0.0464810252791165,-0.0462752769414404,-0.0460712818500402,-0.0458690186269885,-0.0456684662211142,-0.0454696039022881,-0.0452724112558116,-0.0450768681769085,-0.044882954865316,-0.0446906518199749,-0.0444999398338166,-0.0443107999886462,-0.0441232136501193,-0.0439371624628117,-0.0437526283453799,-0.0435695934858107,-0.0433880403367595,-0.0432079516109743,-0.0430293102768056,-0.0428520995537978,-0.0426763029083656,-0.0425019040495481,-0.0423288869248435,-0.0421572357161209,-0.041986934835609,-0.0418179689219588,-0.0416503228363806,-0.0414839816588525,-0.0413189306844,-0.0411551554194452,-0.0409926415782241,-0.0408313750792709,-0.0406713420419674,-0.0405125287831576,-0.040354921813825,-0.040198507835832,-0.0400432737387204,-0.0398892065965711,-0.0397362936649219,-0.0395845223777443,-0.0394338803444743,-0.0392843553471005,-0.0391359353373049,0,-0.130185535382534,-0.128730942013513,-0.127325381232764,-0.125969286657691,-0.124658540762871,-0.123388826294961,-0.122156272778422,-0.120957492767875,-0.119789526928248,-0.11864978834126,-0.117536015473784,-0.116446231576562,-0.115378708641405,-0.114331935181149,-0.113304587591788,-0.112295504940679,-0.111303666968674,-0.110328175026601,-0.109368235628094,-0.108423146293689,-0.107492283376562,-0.106575091588469,-0.105671074977863,-0.104779789146121,-0.103900834519525,-0.103033850522881,-0.102178510525047,-0.101334517447276,-0.100501599942513,-0.0996795090680805,-0.0988680153860362,-0.0980669064352245,-0.0972759845271725,-0.0964950648246882,-0.0957239736676549,-0.0949625471152394,-0.0942106296777328,-0.0934680732146467,-0.0927347359786033,-0.0920104817870747,-0.0912951793061974,-0.0905887014327864,-0.0898909247623294,-0.0892017291321861,-0.0885209972305013,-0.0878486142624573,-0.0871844676664883,-0.0865284468739522,-0.0858804431065326,-0.0852403492063314,-0.0846080594942152,-0.0839834696525236,-0.0833664766287183,-0.0827569785569747,-0.0821548746950936,-0.0815600653744378,-0.0809724519608886,-0.0803919368250802,-0.0798184233203898,-0.0792518157673687,-0.0786920194434697,-0.0781389405770872,-0.077592486345058,-0.0770525648728933,-0.0765190852371177,-0.0759919574691813,-0.0754710925604915,-0.074956402468185,-0.0744478001213151,-0.073945199427191,-0.0734485152776433,-0.0729576635550366,-0.0724725611378839,-0.0719931259059419,-0.0715192767447006,-0.0710509335491956,-0.0705880172270929,-0.0701304497010136,-0.0696781539100768,-0.0692310538106503,-0.0687890743763121,-0.0683521415970282,-0.0679201824775628,-0.0674931250351404,-0.0670708982963845,-0.0666534322935578,-0.0662406580601386,-0.0658325076257594,-0.0654289140105462,-0.0650298112188884,-0.0646351342326757,-0.0642448190040359,-0.0638588024476067,-0.0634770224323776,-0.0630994177731318,-0.0627259282215226,-0.0623564944568149,-0.0619910580763213,-0.0616295615855633,-0.0612719483881841,-0.0609181627756408,-0.0605681499167008,-0.0602218558467679,-0.0598792274570596,-0.0595402124836586,-0.0592047594964591,-0.0588728178880271,-0.0585443378623931,-0.0582192704237953,-0.0578975673653878,-0.0575791812579311,-0.0572640654384775,-0.0569521739990651,-0.0566434617754332,-0.0563378843357695,-0.0560353979695006,-0.0557359596761356,-0.0554395271541709,-0.055146058790065,-0.0548555136472921,-0.0545678514554792,-0.054283032599635,-0.0540010181094752,-0.0537217696488506,-0.0534452495052811,-0.0531714205796014,-0.0529002463757216,-0.0526316909905061,-0.0523657191037726,-0.0521022959684168,-0.0518413874006619,-0.0515829597704355,-0.051326979991878,-0.0510734155139801,-0.0508222343113529,-0.0505734048751309,-0.0503268962040084,-0.0500826777954089,-0.0498407196367891,-0.0496009921970769,-0.0493634664182427,-0.0491281137070038,-0.0488949059266626,-0.0486638153890759,-0.0484348148467573,-0.048207877485109,-0.047982976914784,-0.047760087164177,-0.0475391826720429,-0.0473202382802421,-0.0471032292266107,-0.0468881311379545,-0.0466749200231663,-0.0464635722664634,-0.0462540646207458,-0.0460463742010714,-0.0458404784782491,-0.0456363552725465,-0.0454339827475107,-0.0452333394039023,-0.0450344040737383,-0.0448371559144443,-0.0446415744031151,-0.0444476393308779,-0.0442553307973627,-0.0440646292052714,-0.0438755152550508,-0.0436879699396624,-0.0435019745394493,-0.0433175106171003,-0.0431345600127067,-0.042953104838912,-0.0427731274761522,-0.0425946105679861,-0.0424175370165114,-0.0422418899778695,-0.0420676528578325,-0.0418948093074747,-0.0417233432189247,-0.0415532387211984,-0.0413844801761101,-0.0412170521742601,-0.0410509395310991,-0.0408861272830668,-0.0407226006838016,-0.0405603452004243,-0.0403993465098904,-0.0402395904954112,-0.0400810632429426,-0.0399237510377408,-0.0397676403609821,-0.0396127178864459,-0.0394589704772616,-0.0393063851827156,-0.0391549492351184,-0.0390046500467311,-0.0388554752067495,-0.0387074124783439,-0.0385604497957558,-0.0384145752614474,0,-0.12828234860192,-0.126830810400911,-0.125433779141304,-0.124090391856512,-0.122794805880915,-0.121541572124716,-0.120326102197108,-0.119144542974675,-0.117993630802021,-0.116870583193374,-0.115773018238538,-0.114698891066663,-0.113646441645777,-0.112614151086609,-0.111600704864516,-0.110604961859654,-0.109625928321866,-0.108662735987739,-0.107714623677415,-0.106780921793113,-0.105861039230262,-0.104954452292938,-0.104060695276109,-0.103179352437501,-0.102310051132152,-0.101452455923962,-0.100606263522044,-0.0997711984167401,-0.0989470091118819,-0.0981334648674213,-0.097330352880623,-0.0965374758454416,-0.0957546498389839,-0.0949817024915541,-0.0942184714030478,-0.0934648027736684,-0.0927205502212959,-0.0919855737615228,-0.0912597389294891,-0.0905429160253281,-0.0898349794673302,-0.0891358072389194,-0.0884452804172647,-0.0877632827728517,-0.0870897004306535,-0.0864244215846956,-0.0857673362588136,-0.0851183361073027,-0.0844773142499249,-0.0838441651364448,-0.0832187844364578,-0.082601068950818,-0.0819909165414392,-0.0813882260766591,-0.0807928973897189,-0.0802048312482372,-0.0796239293328323,-0.0790500942233015,-0.0784832293909788,-0.077923239196088,-0.0773700288890709,-0.076823504615021,-0.0762835734204784,-0.0757501432619544,-0.0752231230156527,-0.0747024224879366,-0.0741879524261671,-0.0736796245296018,-0.0731773514600958,-0.0726810468523992,-0.0721906253238817,-0.0717060024835534,-0.0712270949402812,-0.0707538203101236,-0.0702860972227324,-0.069823845326784,-0.0693669852944231,-0.0689154388247123,-0.0684691286460919,-0.0680279785178629,-0.0675919132307174,-0.0671608586063396,-0.0667347414961119,-0.0663134897789603,-0.065897032358376,-0.0654852991586569,-0.0650782211204038,-0.06467573019532,-0.0642777593403522,-0.0638842425112144,-0.0634951146553408,-0.0631103117043025,-0.0627297705657324,-0.0623534291147949,-0.0619812261852391,-0.0616131015600714,-0.0612489959618813,-0.0608888510428552,-0.0605326093745104,-0.0601802144371778,-0.0598316106092633,-0.0594867431563162,-0.0591455582199291,-0.0588080028064945,-0.0584740247758409,-0.0581435728297707,-0.0578165965005194,-0.0574930461391558,-0.057172872903942,-0.0568560287486675,-0.0565424664109745,-0.0562321394006902,-0.0559250019881764,-0.0556210091927113,-0.0553201167709143,-0.0550222812052237,-0.0547274596924389,-0.0544356101323338,-0.0541466911163511,-0.0538606619163848,-0.053577482473658,-0.0532971133876999,-0.053019515905432,-0.0527446519103643,-0.0524724839119082,-0.05220297503481,-0.0519360890087069,-0.0516717901578123,-0.0514100433907282,-0.0511508141903912,-0.0508940686041521,-0.050639773233991,-0.0503878952268696,-0.0501384022652215,-0.0498912625575814,-0.0496464448293545,-0.0494039183137239,-0.0491636527427006,-0.0489256183383112,-0.0486897858039263,-0.0484561263157284,-0.0482246115143181,-0.0479952134964581,-0.0477679048069557,-0.0475426584306801,-0.0473194477847167,-0.0470982467106541,-0.0468790294670045,-0.0466617707217571,-0.04644644554506,-0.0462330294020324,-0.0460214981457037,-0.0458118280100785,-0.045603995603327,-0.0453979779010967,-0.0451937522399463,-0.0449912963108993,-0.0447905881531146,-0.0445916061476745,-0.0443943290114857,-0.0441987357912939,-0.0440048058578097,-0.0438125188999433,-0.0436218549191462,-0.0434327942238597,-0.0432453174240674,-0.0430594054259486,-0.0428750394266348,-0.042692200909062,-0.0425108716369232,-0.0423310336497143,-0.0421526692578744,-0.0419757610380192,-0.0418002918282626,-0.0416262447236301,-0.0414536030715565,-0.0412823504674718,-0.0411124707504691,-0.0409439479990567,-0.0407767665269896,-0.0406109108791812,-0.0404463658276937,-0.0402831163678027,-0.0401211477141397,-0.0399604452969054,-0.0398009947581573,-0.0396427819481668,-0.0394857929218454,-0.0393300139352409,-0.0391754314420975,-0.0390220320904836,-0.0388698027194825,-0.0387187303559466,-0.038568802211312,-0.0384200056784759,-0.0382723283287307,-0.0381257579087568,-0.0379802823376735,-0.0378358897041441,-0.0376925682635372,0,-0.126339189170334,-0.124896410402151,-0.123514517803638,-0.1221891422476,-0.12091281382642,-0.119679225209656,-0.118483289198914,-0.117320848357979,-0.116188455375177,-0.115083224607618,-0.114002725715161,-0.112944902254712,-0.111908006860005,-0.11089054868128,-0.109891250457414,-0.108909013347812,-0.107942888058864,-0.106992051077623,-0.10605578504481,-0.105133462481746,-0.104224532238054,-0.103328508152515,-0.102444959521399,-0.101573503050433,-0.100713796031542,-0.0998655305368319,-0.0990284284626515,-0.098202237288301,-0.0973867264389113,-0.0965816841617163,-0.0957869148405664,-0.0950022366859956,-0.0942274797481835,-0.0934624842082726,-0.0927070989101528,-0.0919611801002967,-0.0912245903477971,-0.0904971976205754,-0.0897788744969681,-0.0890694974946456,-0.088368946501178,-0.0876771042925843,-0.0869938561279606,-0.0863190894097997,-0.0856526934009417,-0.0849945589902472,-0.0843445785000959,-0.0837026455296978,-0.0830686548289757,-0.0824425021984572,-0.08182408441121,-0.0812132991533749,-0.0806100449803073,-0.0800142212857428,-0.0794257282817466,-0.0788444669875232,-0.0782703392254221,-0.0777032476227187,-0.0771430956179499,-0.0765897874707647,-0.0760432282744071,-0.0755033239700821,-0.074969981362578,-0.0744431081366142,-0.0739226128734796,-0.0734084050675978,-0.0729003951427248,-0.0723984944675403,-0.0719026153704424,-0.0714126711534002,-0.0709285761047493,-0.0704502455108511,-0.0699775956665589,-0.0695105438844566,-0.0690490085028536,-0.0685929088925361,-0.0681421654622842,-0.0676966996631783,-0.0672564339917238,-0.0668212919918296,-0.0663911982556837,-0.0659660784235691,-0.0655458591826699,-0.0651304682649161,-0.0647198344439201,-0.064313887531054,-0.0639125583707222,-0.0635157788348795,-0.0631234818168444,-0.0627356012244586,-0.062352071972641,-0.0619728299753804,-0.0615978121372168,-0.0612269563442491,-0.0608602014547162,-0.0604974872891881,-0.0601387546204053,-0.0597839451628045,-0.059433001561763,-0.0590858673825957,-0.058742487099334,-0.0584028060833169,-0.0580667705916217,-0.0577343277553579,-0.0574054255678516,-0.0570800128727392,-0.0567580393519947,-0.0564394555139091,-0.0561242126810386,-0.0558122629781413,-0.0555035593201162,-0.0551980553999602,-0.0548957056767555,-0.0545964653637021,-0.054300290416203,-0.0540071375200175,-0.0537169640794874,-0.053429728205849,-0.053145388705637,-0.0528639050691858,-0.0525852374592402,-0.0523093466996744,-0.0520361942643315,-0.0517657422659827,-0.0514979534454141,-0.0512327911606429,-0.0509702193762678,-0.0507102026529544,-0.0504527061370596,-0.0501976955503978,-0.0499451371801477,-0.0496949978689038,-0.0494472450048729,-0.0492018465122159,-0.0489587708415358,-0.0487179869605126,-0.0484794643446838,-0.048243172968373,-0.0480090832957631,-0.047777166272116,-0.0475473933151377,-0.0473197363064864,-0.0470941675834258,-0.046870659930619,-0.046649186572065,-0.0464297211631748,-0.0462122377829857,-0.0459967109265139,-0.0457831154972417,-0.0455714267997406,-0.0453616205324254,-0.045153672780441,-0.0449475600086776,-0.0447432590549138,-0.044540747123086,-0.0443400017766821,-0.0441410009322565,-0.0439437228530678,-0.0437481461428327,-0.0435542497395994,-0.0433620129097339,-0.0431714152420213,-0.0429824366418771,-0.0427950573256698,-0.0426092578151491,-0.0424250189319819,-0.0422423217923912,-0.0420611478018983,-0.0418814786501641,-0.0417032963059307,-0.0415265830120584,-0.0413513212806594,-0.0411774938883234,-0.0410050838714364,-0.0408340745215879,-0.0406644493810679,-0.0404961922384503,-0.0403292871242604,-0.0401637183067266,-0.0399994702876143,-0.0398365277981389,-0.0396748757949587,-0.0395144994562444,-0.039355384177824,-0.039197515569403,-0.0390408794508558,-0.0388854618485901,-0.0387312489919802,-0.038578227309868,-0.0384263834271343,-0.0382757041613321,-0.0381261765193867,-0.0379777876943594,-0.0378305250622711,-0.0376843761789886,-0.0375393287771699,-0.0373953707632672,-0.0372524902145876,-0.0371106753764103,-0.0369699146591569,0,-0.124357963446396,-0.122930581043129,-0.121570428095468,-0.120268131895058,-0.11901487108958,-0.117803804684986,-0.116629581587878,-0.115487906866947,-0.114375272100297,-0.113288781097629,-0.112226026239526,-0.111184994658405,-0.11016399461444,-0.109161596881569,-0.10817658779288,-0.107207931485208,-0.106254739430177,-0.10531624573986,-0.10439178705188,-0.103480786053248,-0.10258273790547,-0.101697198994253,-0.100823777552934,-0.0999621258064855,-0.0991119333584634,-0.0982729216014469,-0.0974448389763769,-0.0966274569407875,-0.0958205665327466,-0.0950239754382042,-0.0942375054858235,-0.0934609905063216,-0.0926942745036787,-0.0919372100938935,-0.0911896571737328,-0.090451481787478,-0.0897225551642818,-0.0890027529025936,-0.088291954281366,-0.0875900416805014,-0.0868969000953554,-0.0862124167321273,-0.0855364806727123,-0.0848689825990904,-0.0842098145686382,-0.0835588698328774,-0.0829160426931692,-0.0822812283877227,-0.0816543230050347,-0.0810352234195396,-0.0804238272458189,-0.0798200328082188,-0.0792237391231639,-0.0786348458918336,-0.0780532535012042,-0.0774788630317421,-0.0769115762702931,-0.0763512957269276,-0.0757979246546923,-0.075251367071385,-0.0747115277826126,-0.074178312405513,-0.0736516273926339,-0.073131380055546,-0.0726174785878557,-0.0721098320873419,-0.071608350577006,-0.0711129450248702,-0.0706235273624009,-0.0701400105014724,-0.0696623083498138,-0.0691903358249057,-0.0687240088663193,-0.0682632444465009,-0.0678079605800259,-0.0673580763313513,-0.0669135118211104,-0.0664741882309971,-0.0660400278072935,-0.0656109538630994,-0.0651868907793245,-0.0647677640045057,-0.0643535000535136,-0.0639440265052117,-0.0635392719991325,-0.063139166231233,-0.0627436399487912,-0.062352624944504,-0.0619660540498451,-0.0615838611277384,-0.0612059810646029,-0.0608323497618189,-0.0604629041266693,-0.0600975820627979,-0.0597363224602367,-0.0593790651850396,-0.0590257510685675,-0.0586763218964596,-0.0583307203973308,-0.0579888902312281,-0.0576507759778761,-0.0573163231247469,-0.0569854780549765,-0.0566581880351597,-0.0563344012030452,-0.0560140665551547,-0.0556971339343473,-0.0553835540173497,-0.0550732783022708,-0.0547662590961156,-0.0544624495023193,-0.0541618034083091,-0.053864275473114,-0.0535698211150303,-0.0532783964993568,-0.0529899585262074,-0.0527044648184142,-0.0524218737095257,-0.0521421442319111,-0.0518652361049754,-0.0515911097234926,-0.0513197261460635,-0.0510510470837011,-0.0507850348885498,-0.0505216525427413,-0.0502608636473914,-0.0500026324117392,-0.049746923642434,-0.0494937027329682,-0.0492429356532613,-0.0489945889393947,-0.0487486296834986,-0.0485050255237917,-0.048263744634775,-0.0480247557175789,-0.0477880279904638,-0.047553531179475,-0.04732123550925,-0.0470911116939788,-0.0468631309285162,-0.046637264879645,-0.0464134856774886,-0.0461917659070732,-0.0459720786000373,-0.045754397226487,-0.0455386956869973,-0.0453249483047551,-0.0451131298178451,-0.0449032153716747,-0.0446951805115387,-0.0444890011753181,-0.044284653686317,-0.0440821147462292,-0.0438813614282373,-0.0436823711702414,-0.0434851217682141,-0.043289591369681,-0.0430957584673246,-0.0429036018927101,-0.0427131008101296,-0.0425242347105647,-0.0423369834057643,-0.0421513270224359,-0.0419672459965479,-0.0417847210677436,-0.0416037332738602,-0.041424263945556,-0.0412462947010401,-0.0410698074409044,-0.0408947843430569,-0.0407212078577517,-0.0405490607027162,-0.0403783258583741,-0.0402089865631588,-0.0400410263089208,-0.0398744288364226,-0.0397091781309218,-0.0395452584178405,-0.039382654158519,-0.0392213500460514,-0.0390613310012038,-0.0389025821684102,-0.0387450889118477,-0.0385888368115876,-0.0384338116598208,-0.0382799994571577,-0.0381273864089988,-0.0379759589219766,-0.0378257036004665,-0.0376766072431644,-0.0375286568397314,-0.0373818395675037,-0.0372361427882655,-0.0370915540450843,-0.0369480610592076,-0.036805651727019,-0.036664314117053,-0.0365240364670678,-0.0363848071811735,-0.0362466148270153,0,-0.122340836670095,-0.120936971539298,-0.119604928974608,-0.118330343372278,-0.117103535308736,-0.115917487234942,-0.114766819794581,-0.113647263590889,-0.112555367731989,-0.111488314420944,-0.110443786400045,-0.109419866171093,-0.108414957432463,-0.107427723271469,-0.106457037334673,-0.105501945112314,-0.10456163310633,-0.103635404142568,-0.102722657478272,-0.101822872664435,-0.100935596363228,-0.100060431506171,-0.099197028320415,-0.0983450768581596,-0.0975043007457875,-0.0966744519310571,-0.0958553062535484,-0.0950466596992446,-0.094248325227459,-0.0934601300794027,-0.0926819134940915,-0.0919135247701816,-0.0911548216225522,-0.0904056687906658,-0.0896659368623895,-0.0889355012824231,-0.088214241518989,-0.0875020403662131,-0.0867987833627962,-0.086104358310265,-0.0854186548763861,-0.0847415642712892,-0.0840729789855339,-0.08341279258082,-0.0827608995252941,-0.0821171950665059,-0.0814815751360167,-0.0808539362804844,-0.0802341756147721,-0.0796221907932472,-0.0790178799959831,-0.0784211419270465,-0.0778318758224638,-0.0772499814658147,-0.0766753592097125,-0.0761079100016956,-0.0755475354132887,-0.0749941376711898,-0.0744476196897165,-0.0739078851037891,-0.0733748383018592,-0.0728483844583034,-0.0723284295648922,-0.0718148804610294,-0.0713076448625219,-0.0708066313887013,-0.0703117495877639,-0.0698229099602433,-0.0693400239805572,-0.0688630041166049,-0.0683917638474128,-0.0679262176788457,-0.0674662811574181,-0.0670118708822509,-0.0665629045152311,-0.0661193007894382,-0.0656809795159077,-0.0652478615888056,-0.0648198689890918,-0.0643969247867492,-0.0639789531416612,-0.0635658793032121,-0.0631576296086938,-0.0627541314805919,-0.062355313422828,-0.0619611050160314,-0.0615714369119112,-0.0611862408267959,-0.0608054495344066,-0.060428996857927,-0.0600568176614301,-0.059688847840716,-0.0593250243136201,-0.0589652850098367,-0.0586095688603125,-0.0582578157862509,-0.0579099666877735,-0.0575659634322782,-0.0572257488425313,-0.0568892666845303,-0.0565564616551715,-0.0562272793697504,-0.0559016663493282,-0.0555795700079886,-0.0552609386400112,-0.0549457214069849,-0.054633868324882,-0.0543253302511148,-0.0540200588715925,-0.0537180066877932,-0.0534191270038716,-0.0531233739138127,-0.052830702288645,-0.0525410677637283,-0.0522544267261244,-0.0519707363020605,-0.0516899543444972,-0.051412039420806,-0.0511369508005664,-0.0508646484434868,-0.0505950929874572,-0.0503282457367375,-0.0500640686502883,-0.0498025243302437,-0.0495435760105348,-0.0492871875456644,-0.0490333233996342,-0.04878194863503,-0.0485330289022636,-0.048286530428974,-0.0480424200095897,-0.0478006649950504,-0.0475612332826921,-0.0473240933062921,-0.0470892140262764,-0.0468565649200881,-0.0466261159727162,-0.0463978376673849,-0.0461717009764017,-0.0459476773521642,-0.0457257387183232,-0.0455058574611017,-0.0452880064207688,-0.0450721588832657,-0.0448582885719834,-0.0446463696396902,-0.0444363766606065,-0.0442282846226257,-0.0440220689196803,-0.0438177053442489,-0.0436151700800045,-0.0434144396946009,-0.0432154911325956,-0.0430183017085066,-0.0428228491000022,-0.0426291113412203,-0.0424370668162163,-0.0422466942525373,-0.0420579727149189,-0.0418708815991063,-0.0416854006257926,-0.0415015098346767,-0.0413191895786361,-0.0411384205180136,-0.0409591836150152,-0.0407814601282181,-0.0406052316071851,-0.0404304798871872,-0.0402571870840265,-0.0400853355889625,-0.0399149080637385,-0.039745887435705,-0.0395782568930387,-0.0394119998800576,-0.0392471000926247,-0.039083541473647,-0.0389213082086583,-0.0387603847214924,-0.0386007556700408,-0.0384424059420916,-0.0382853206512541,-0.0381294851329602,-0.0379748849405466,-0.0378215058414128,-0.0376693338132548,-0.0375183550403735,-0.0373685559100541,-0.0372199230090176,-0.0370724431199414,-0.0369261032180481,-0.0367808904677606,-0.0366367922194227,-0.0364937960060837,-0.0363518895403459,-0.0362110607112732,-0.0360712975813597,-0.0359325883835567,-0.0357949215183588,-0.0356582855509451,-0.0355226692083755,0,-0.120290944981285,-0.118919989420055,-0.11762191099254,-0.116379044969536,-0.11518153207882,-0.11402254002898,-0.11289688237646,-0.11180046617165,-0.110730007700757,-0.109682849423374,-0.108656826173778,-0.107650162539366,-0.10666139307664,-0.105689300086526,-0.104732864994371,-0.103791230237709,-0.102863669242105,-0.101949562616753,-0.101048379142292,-0.100159660467252,-0.0992830086930133,-0.0984180762263713,-0.0975645574281198,-0.0967221816976148,-0.0958907077164001,-0.0950699186360614,-0.0942596180419784,-0.0934596265596897,-0.0926697789971803,-0.0918899219367755,-0.0911199117060863,-0.0903596126697853,-0.0896088957937616,-0.0888676374410223,-0.0881357183650554,-0.0874130228715609,-0.086699438123764,-0.0859948535701127,-0.0852991604761918,-0.0846122515452471,-0.0839340206139002,-0.083264362411506,-0.0826031723732125,-0.0819503464981693,-0.0813057812455272,-0.0806693734619075,-0.0800410203349135,-0.0794206193680382,-0.0788080683729869,-0.0782032654760232,-0.0776061091354492,-0.0770164981677643,-0.076434331780431,-0.075859509609496,-0.0752919317606003,-0.0747314988521555,-0.0741781120596668,-0.07363167316037,-0.0730920845774968,-0.0725592494236193,-0.0720330715426319,-0.0715134555500303,-0.0710003068712202,-0.0704935317776662,-0.0699930374207391,-0.0694987318631766,-0.0690105241081064,-0.0685283241256167,-0.0680520428768864,-0.067581592335909,-0.0671168855088602,-0.0666578364511772,-0.0662043602824256,-0.0657563731990376,-0.0653137924850148,-0.0648765365206891,-0.0644445247896388,-0.0640176778838607,-0.0635959175072955,-0.0631791664778046,-0.062767348727695,-0.0623603893028887,-0.0619582143608241,-0.0615607511671836,-0.061167928091529,-0.0607796746019302,-0.0603959212586635,-0.0600165997070573,-0.0596416426695558,-0.0592709839370683,-0.0589045583596703,-0.0585423018367167,-0.0581841513064239,-0.0578300447349771,-0.0574799211052126,-0.0571337204049231,-0.0567913836148319,-0.0564528526962765,-0.0561180705786441,-0.0557869811465904,-0.055459529227083,-0.0551356605762935,-0.0548153218663752,-0.0544984606721476,-0.0541850254577181,-0.0538749655630602,-0.0535682311905736,-0.0532647733916429,-0.0529645440532154,-0.0526674958844152,-0.0523735824032054,-0.0520827579231183,-0.0517949775400612,-0.0515101971192123,-0.0512283732820171,-0.0509494633932938,-0.0506734255484573,-0.0504002185608696,-0.0501298019493228,-0.0498621359256615,-0.04959718138255,-0.0493348998813882,-0.049075253640383,-0.0488182055227748,-0.0485637190252252,-0.0483117582663684,-0.0480622879755261,-0.0478152734815905,-0.0475706807020746,-0.0473284761323318,-0.0470886268349452,-0.0468511004292869,-0.046615865081247,-0.0463828894931336,-0.0461521428937408,-0.0459235950285865,-0.0456972161503184,-0.0454729770092856,-0.0452508488442782,-0.0450308033734294,-0.0448128127852823,-0.0445968497300171,-0.0443828873108386,-0.0441708990755228,-0.0439608590081182,-0.0437527415208025,-0.0435465214458924,-0.0433421740280023,-0.043139674916353,-0.0429390001572251,-0.0427401261865586,-0.0425430298226929,-0.0423476882592467,-0.0421540790581367,-0.0419621801427305,-0.0417719697911334,-0.0415834266296061,-0.0413965296261107,-0.0412112580839837,-0.0410275916357334,-0.0408455102369587,-0.0406649941603891,-0.0404860239900407,-0.0403085806154902,-0.0401326452262592,-0.0399581993063129,-0.0397852246286662,-0.0396137032500977,-0.0394436175059681,-0.0392749500051429,-0.0391076836250143,-0.0389418015066242,-0.0387772870498835,-0.0386141239088854,-0.0384522959873145,-0.0382917874339455,-0.0381325826382315,-0.0379746662259817,-0.0378180230551235,-0.0376626382115499,-0.0375084970050483,-0.0373555849653121,-0.0372038878380298,-0.0370533915810523,-0.0369040823606367,-0.0367559465477638,-0.0366089707145289,-0.0364631416306036,-0.0363184462597687,-0.0361748717565136,-0.0360324054627046,-0.0358910349043179,-0.0357507477882367,-0.0356115319991119,-0.0354733755962841,-0.0353362668107657,-0.0352001940422822,-0.0350651458563716,-0.0349311109815401,-0.0347980783064732,0,-0.118213145481188,-0.116884702524477,-0.115625596169039,-0.114417676186138,-0.113251665790683,-0.112121250624812,-0.111021630159414,-0.109949019885483,-0.108900399798123,-0.107873344583155,-0.106865894980076,-0.105876457861532,-0.104903728644319,-0.103946631228621,-0.103004271521772,-0.102075901367302,-0.101160890392724,-0.10025870387514,-0.0993688851919198,-0.0984910417844149,-0.0976248338345152,-0.0967699650557819,-0.0959261751498496,-0.0950932335882748,-0.0942709344605024,-0.0934590921879679,-0.0926575379483352,-0.0918661166867127,-0.0910846846154365,-0.0903131071228693,-0.089551257026197,-0.0887990131145696,-0.0880562589379174,-0.0873228818039854,-0.0865987719519786,-0.0858838218760213,-0.0851779257756162,-0.0844809791136322,-0.0837928782651616,-0.0831135202429803,-0.0824428024873795,-0.0817806227098874,-0.081126878781895,-0.0804814686604935,-0.0798442903449443,-0.0792152418581594,-0.0785942212484052,-0.0779811266071554,-0.0773758560996358,-0.0767783080051417,-0.0761883807646663,-0.0756059730337727,-0.075030983738988,-0.0744633121362854,-0.0739028578704758,-0.0733495210345419,-0.0728032022281335,-0.0722638026145992,-0.0717312239760599,-0.0712053687661457,-0.0706861401601109,-0.0701734421021207,-0.0696671793495738,-0.0691672575143756,-0.0686735831011273,-0.0681860635422327,-0.0677046072299513,-0.0672291235454605,-0.066759522884997,-0.066295716683174,-0.065837617433575,-0.065385138706737,-0.0649381951656423,-0.0644967025788372,-0.0640605778313049,-0.0636297389332149,-0.0632041050266718,-0.0627835963905874,-0.0623681344437924,-0.0619576417465059,-0.0615520420002746,-0.0611512600464891,-0.060755221863584,-0.0603638545630181,-0.0599770863841336,-0.0595948466879829,-0.0592170659502097,-0.0588436757530661,-0.0584746087766433,-0.0581097987893888,-0.0577491806379779,-0.0573926902366058,-0.0570402645557587,-0.0566918416105223,-0.0563473604484821,-0.0560067611372609,-0.0556699847517455,-0.0553369733610405,-0.0550076700151944,-0.0546820187317303,-0.0543599644820217,-0.0540414531775385,-0.0537264316560004,-0.0534148476674588,-0.0531066498603374,-0.0528017877674507,-0.0525002117920256,-0.0522018731937423,-0.0519067240748155,-0.0516147173661313,-0.0513258068134518,-0.0510399469637081,-0.0507570931513861,-0.0504772014850216,-0.0502002288338133,-0.0499261328143618,-0.0496548717775445,-0.0493864047955318,-0.0491206916489526,-0.0488576928142136,-0.0485973694509778,-0.048339683389807,-0.0480845971199695,-0.0478320737774213,-0.0475820771329567,-0.0473345715805351,-0.0470895221257855,-0.0468468943746859,-0.046606654522425,-0.0463687693424391,-0.0461332061756319,-0.0458999329197712,-0.045668918019066,-0.0454401304539207,-0.0452135397308684,-0.0449891158726799,-0.0447668294086477,-0.0445466513650458,-0.0443285532557599,-0.0441125070730907,-0.0438984852787252,-0.043686460794876,-0.0434764069955855,-0.0432682976981952,-0.043062107154974,-0.0428578100449087,-0.042655381465649,-0.0424547969256093,-0.0422560323362216,-0.0420590640043405,-0.0418638686247942,-0.0416704232730828,-0.0414787053982189,-0.0412886928157094,-0.0411003637006755,-0.0409136965811097,-0.0407286703312659,-0.0405452641651809,-0.0403634576303247,-0.0401832306013789,-0.0400045632741377,-0.039827436159532,-0.0396518300777732,-0.0394777261526141,-0.0393051058057259,-0.0391339507511873,-0.0389642429900844,-0.0387959648052214,-0.0386290987559343,-0.038463627673012,-0.0382995346537189,-0.038136803056917,-0.0379754164982875,-0.0378153588456477,-0.0376566142143627,-0.0374991669628502,-0.0373430016881743,-0.0371881032217287,-0.0370344566250081,-0.036882047185462,-0.0367308604124335,-0.0365808820331797,-0.0364320979889716,-0.0362844944312712,-0.0361380577179871,-0.0359927744098034,-0.0358486312665831,-0.0357056152438416,-0.0355637134892932,-0.0354229133394638,-0.0352832023163725,-0.0351445681242784,-0.0350069986464926,-0.0348704819422528,-0.0347350062436595,-0.0346005599526745,-0.0344671316381754,-0.0343347100330722,-0.0342032840314766,-0.0340728426859296,0,-0.116114345770585,-0.114836671912527,-0.113620378264724,-0.112449726587441,-0.111316728134223,-0.110215856335402,-0.109142850789359,-0.108094343686683,-0.1070676591362,-0.106060663980464,-0.10507164920118,-0.104099236524056,-0.103142306029671,-0.10219994055262,-0.101271383062557,-0.100356003894458,-0.0994532753877983,-0.098562752091702,-0.0976840551668247,-0.0968168599742417,-0.0959608861076509,-0.0951158893195331,-0.0942816549328734,-0.093457992432111,-0.0926447310010023,-0.0918417158290006,-0.09104880504732,-0.0902658671851587,-0.0894927790585136,-0.0887294240206988,-0.0879756905165162,-0.08723147089207,-0.0864966604201832,-0.0857711565077814,-0.0850548580568411,-0.0843476649548068,-0.0836494776739821,-0.0829601969624131,-0.0822797236113463,-0.0816079582865136,-0.0809448014123588,-0.0802901530999123,-0.0796439131103926,-0.0790059808477861,-0.0783762553746779,-0.0777546354464719,-0.0771410195598986,-0.0765353060123498,-0.075937392969141,-0.0753471785362772,-0.0747645608367103,-0.0741894380884263,-0.0736217086830021,-0.073061271263526,-0.0725080248009977,-0.0719618686685039,-0.071422702712626,-0.070890427321668,-0.0703649434904016,-0.0698461528811214,-0.0693339578808765,-0.0688282616548135,-0.0683289681956138,-0.0678359823690525,-0.0673492099557432,-0.0668685576891547,-0.066393933290012,-0.0659252454972082,-0.0654624040953645,-0.0650053199391889,-0.0645539049747821,-0.0641080722580493,-0.063667735970375,-0.0632328114317139,-0.0628032151112563,-0.0623788646358152,-0.0619596787960856,-0.061545577550917,-0.0611364820297375,-0.0607323145332613,-0.0603329985326069,-0.059938458666948,-0.0595486207398096,-0.0591634117141222,-0.0587827597061349,-0.0584065939782864,-0.0580348449311278,-0.0576674440943812,-0.0573043241172188,-0.0569454187578384,-0.0565906628724062,-0.0562399924034358,-0.0558933443676652,-0.0555506568434916,-0.0552118689580181,-0.0548769208737624,-0.0545457537750767,-0.0542183098543203,-0.0538945322978287,-0.0535743652717137,-0.0532577539075305,-0.0529446442878456,-0.0526349834317314,-0.052328719280219,-0.05202580068173,-0.0517261773775143,-0.0514297999871108,-0.0511366199938547,-0.0508465897304433,-0.0505596623645823,-0.0502757918847214,-0.0499949330858971,-0.0497170415556905,-0.0494420736603123,-0.0491699865308263,-0.0489007380495158,-0.0486342868364034,-0.0483705922359307,-0.0481096143038021,-0.0478513137939986,-0.0475956521459664,-0.0473425914719831,-0.0470920945447047,-0.0468441247848975,-0.0465986462493538,-0.046355623618996,-0.046115022187169,-0.0458768078481208,-0.0456409470856738,-0.0454074069620847,-0.0451761551070943,-0.0449471597071654,-0.0447203894949094,-0.0444958137387,-0.0442734022324717,-0.0440531252857047,-0.0438349537135908,-0.0436188588273816,-0.0434048124249166,-0.0431927867813276,-0.0429827546399201,-0.0427746892032267,-0.0425685641242324,-0.0423643534977693,-0.0421620318520763,-0.0419615741405252,-0.0417629557335064,-0.0415661524104751,-0.0413711403521543,-0.0411778961328917,-0.0409863967131682,-0.0407966194322562,-0.0406085420010242,-0.0404221424948863,-0.0402373993468908,-0.0400542913409517,-0.0398727976052135,-0.0396928976055513,-0.0395145711392027,-0.0393377983285284,-0.0391625596148991,-0.0389888357527064,-0.0388166078034976,-0.0386458571302265,-0.0384765653916234,-0.0383087145366801,-0.0381422867992461,-0.0379772646927357,-0.0378136310049422,-0.0376513687929597,-0.0374904613782066,-0.0373308923415512,-0.0371726455185376,-0.0370157049947072,-0.0368600551010172,-0.0367056804093513,-0.0365525657281222,-0.0364006960979638,-0.0362500567875105,-0.0361006332892626,-0.0359524113155351,-0.03580537679449,-0.0356595158662465,-0.035514814879073,-0.0353712603856537,-0.0352288391394316,-0.0350875380910252,-0.0349473443847171,-0.0348082453550139,-0.0346702285232745,-0.0345332815944061,-0.034397392453627,-0.0342625491632941,-0.0341287399597928,-0.0339959532504905,-0.0338641776107493,-0.0337334017809991,-0.0336036146638682,-0.0334748053213718,-0.0333469629721542,0,-0.114002908855575,-0.112781707669378,-0.111610650625653,-0.110478613640806,-0.109379407912734,-0.10830847549339,-0.107262205400679,-0.106237728452391,-0.105232775297832,-0.104245551374726,-0.103274631679583,-0.10231887695705,-0.101377369036905,-0.100449361637486,-0.0995342430417156,-0.0986315076689176,-0.0977407342504563,-0.0968615689062977,-0.0959937118784983,-0.0951369070187072,-0.0942909333741339,-0.0934555983936384,-0.0926307324018705,-0.0918161840793279,-0.0910118167504886,-0.0902175053284277,-0.089433133797936,-0.0886585931438644,-0.0878937796498719,-0.0871385935067326,-0.086392937680153,-0.0856567169965245,-0.0849298374117934,-0.0842122054341195,-0.0835037276754928,-0.0828043105112282,-0.0821138598293988,-0.0814322808549278,-0.0807594780353222,-0.0800953549769622,-0.0794398144225172,-0.0787927582614812,-0.0781540875670422,-0.0775237026535522,-0.0769015031497688,-0.0762873880838121,-0.0756812559764542,-0.0750830049399221,-0.0744925327798929,-0.0739097370987699,-0.0733345153986899,-0.0727667651830158,-0.0722063840553196,-0.0716532698150859,-0.0711073205495455,-0.0705684347212013,-0.0700365112507401,-0.0695114495951303,-0.068993149820792,-0.0684815126718003,-0.0679764396331416,-0.067477832989088,-0.0669855958767976,-0.0664996323352709,-0.0660198473498226,-0.0655461468922436,-0.0650784379568339,-0.0646166285925051,-0.0641606279311469,-0.0637103462124594,-0.0632656948054473,-0.062826586226777,-0.0623929341561862,-0.0619646534491346,-0.0615416601468814,-0.0611238714841598,-0.0607112058946236,-0.0603035830142231,-0.0599009236826679,-0.0595031499431216,-0.0591101850402691,-0.0587219534168879,-0.058338380709049,-0.0579593937400639,-0.0575849205132899,-0.0572148902038964,-0.0568492331496912,-0.0564878808410963,-0.0561307659103611,-0.0557778221200917,-0.0554289843511697,-0.0550841885901323,-0.0547433719160757,-0.0544064724871441,-0.0540734295266582,-0.0537441833089355,-0.0534186751448505,-0.0530968473671772,-0.0527786433157577,-0.0524640073225308,-0.0521528846964584,-0.051845221708379,-0.0515409655758183,-0.051240064447785,-0.050942467389574,-0.0506481243675996,-0.0503569862342814,-0.0500690047129979,-0.0497841323831271,-0.0495023226651884,-0.0492235298060985,-0.0489477088645562,-0.0486748156965634,-0.0484048069410957,-0.0481376400059283,-0.0478732730536279,-0.047611664987714,-0.0473527754389983,-0.0470965647521062,-0.046842993972184,-0.0465920248317966,-0.0463436197380187,-0.0460977417597207,-0.0458543546150526,-0.0456134226591267,-0.0453749108719005,-0.0451387848462595,-0.0449050107763009,-0.0446735554458182,-0.0444443862169854,-0.0442174710192413,-0.0439927783383711,-0.043770277205787,-0.0435499371880026,-0.0433317283763031,-0.0431156213766073,-0.0429015872995203,-0.0426895977505747,-0.042479624820658,-0.0422716410766248,-0.0420656195520899,-0.0418615337384011,-0.041659357575789,-0.0414590654446906,-0.041260632157245,-0.0410640329489582,-0.0408692434705338,-0.0406762397798677,-0.0404849983342032,-0.0402954959824455,-0.0401077099576306,-0.0399216178695472,-0.0397371976975089,-0.0395544277832732,-0.0393732868241061,-0.0391937538659871,-0.0390158082969549,-0.0388394298405888,-0.0386645985496242,-0.0384912947996997,-0.0383194992832325,-0.0381491930034205,-0.0379803572683679,-0.0378129736853315,-0.0376470241550872,-0.0374824908664105,-0.0373193562906737,-0.0371576031765526,-0.0369972145448429,-0.0368381736833851,-0.0366804641420916,-0.0365240697280793,-0.0363689745008997,-0.0362151627678704,-0.0360626190794995,-0.0359113282250072,-0.0357612752279381,-0.0356124453418633,-0.0354648240461719,-0.0353183970419481,-0.0351731502479333,-0.0350290697965704,-0.0348861420301298,-0.0347443534969135,-0.0346036909475375,-0.0344641413312899,-0.034325691792563,-0.0341883296673575,-0.0340520424798582,-0.0339168179390793,-0.0337826439355772,-0.0336495085382294,-0.0335173999910793,-0.033386306710244,-0.0332562172808838,-0.0331271204542343,-0.0329990051446954,-0.0328718604269816,-0.0327456755333258,-0.0326204398507421,0,-0.11188780332643,-0.110725569930309,-0.109600631932443,-0.1085075653101,-0.107442205612502,-0.10640104286643,-0.105381178979575,-0.104380298571902,-0.103396582516614,-0.102428607007824,-0.101475253647037,-0.100535637542857,-0.099609052389342,-0.0986949292204252,-0.0977928055024741,-0.0969023018382167,-0.0960231042286722,-0.0951549504017715,-0.094297619141272,-0.0934509218567227,-0.0926146958523997,-0.0917887989051008,-0.0909731048666588,-0.0901675000810668,-0.0893718804581101,-0.0885861490822956,-0.0878102142623861,-0.087043987946217,-0.0862873844399026,-0.0855403193815046,-0.0848027089277503,-0.0840744691191389,-0.0833555153942231,-0.0826457622283309,-0.0819451228757153,-0.0812535091972583,-0.0805708315585047,-0.0798969987850846,-0.0792319181645151,-0.0785754954850484,-0.0779276351036721,-0.0772882400365988,-0.0766572120666515,-0.076034451862863,-0.0754198591083932,-0.0748133326335422,-0.0742147705512095,-0.0736240703926455,-0.0730411292417536,-0.0724658438665603,-0.0718981108467663,-0.0713378266965506,-0.0707848879820027,-0.070239191432745,-0.0697006340474458,-0.0691691131930518,-0.068644526697666,-0.0681267729370768,-0.0676157509150121,-0.0671113603372437,-0.0666135016797048,-0.0661220762508206,-0.0656369862482691,-0.0651581348104091,-0.0646854260626221,-0.0642187651588245,-0.0637580583184007,-0.0633032128588192,-0.062854137224181,-0.0624107410099494,-0.0619729349841043,-0.0615406311049537,-0.0611137425358306,-0.0606921836568914,-0.0602758700742234,-0.0598647186264611,-0.0594586473890978,-0.0590575756766735,-0.0586614240430064,-0.0582701142796284,-0.057883569412576,-0.0575017136976762,-0.057124472614462,-0.0567517728588411,-0.056383542334635,-0.0560197101440972,-0.0556602065775112,-0.0553049631019653,-0.0549539123493904,-0.0546069881039436,-0.0542641252888147,-0.0539252599525244,-0.0535903292547813,-0.0532592714519571,-0.0529320258822375,-0.052608532950499,-0.0522887341129594,-0.0519725718616474,-0.0516599897087298,-0.0513509321707341,-0.0510453447527002,-0.0507431739322936,-0.0504443671439058,-0.0501488727627709,-0.0498566400891189,-0.0495676193323909,-0.0492817615955305,-0.0489990188593744,-0.0487193439671547,-0.0484426906091271,-0.0481690133073393,-0.0478982674005507,-0.047630409029312,-0.0473653951212154,-0.0471031833763224,-0.0468437322527752,-0.046587000952601,-0.046332949407709,-0.0460815382660892,-0.0458327288782139,-0.0455864832836462,-0.0453427641978557,-0.045101534999247,-0.0448627597163979,-0.0446264030155104,-0.0443924301880765,-0.0441608071387539,-0.0439315003734566,-0.0437044769876564,-0.0434797046548951,-0.043257151615507,-0.043036786665549,-0.0428185791459377,-0.0426024989317908,-0.0423885164219716,-0.0421766025288337,-0.0419667286681636,-0.04175886674932,-0.0415529891655656,-0.0413490687845895,-0.0411470789392184,-0.0409469934183121,-0.0407487864578419,-0.0405524327321486,-0.040357907345377,-0.0401651858230847,-0.0399742441040215,-0.0397850585320761,-0.0395976058483894,-0.0394118631836284,-0.03922780805042,-0.0390454183359411,-0.0388646722946612,-0.0386855485412366,-0.0385080260435515,-0.0383320841159031,-0.0381577024123301,-0.0379848609200791,-0.0378135399532079,-0.0376437201463211,-0.037475382448439,-0.0373085081169917,-0.0371430787119412,-0.0369790760900254,-0.0368164823991218,-0.0366552800727309,-0.0364954518245731,-0.0363369806433,-0.0361798497873153,-0.0360240427797047,-0.0358695434032711,-0.0357163356956736,-0.0355644039446688,-0.0354137326834492,-0.0352643066860812,-0.0351161109630364,-0.0349691307568163,-0.0348233515376686,-0.0346787589993908,-0.0345353390552222,-0.0343930778338209,-0.0342519616753227,-0.0341119771274835,-0.0339731109418991,-0.0338353500703042,-0.0336986816609477,-0.0335630930550412,-0.0334285717832814,-0.0332951055624439,-0.0331626822920455,-0.0330312900510755,-0.0329009170947938,-0.0327715518515931,-0.0326431829199264,-0.0325157990652951,-0.0323893892172989,-0.0322639424667457,-0.0321394480628191,-0.032015895410303,-0.0318932740668625,0,-0.109777923130588,-0.108673653185549,-0.107594201988651,-0.106539512858367,-0.105507355761743,-0.104495251199883,-0.103501035816351,-0.102522977891578,-0.10155973362375,-0.100610267668659,-0.0996737794720596,-0.0987496449554921,-0.0978373728323518,-0.0969365724340701,-0.0960469299986465,-0.0951681910289904,-0.0943001469841666,-0.0934426250829335,-0.0925954803721552,-0.0917585894723022,-0.0909318455896471,-0.0901151545050096,-0.0893084313303335,-0.0885115978797322,-0.0877245805396203,-0.0869473085489781,-0.0861797126195329,-0.0854217238392561,-0.0846732728127228,-0.0839342889996729,-0.0832047002192477,-0.0824844322923523,-0.0817734087986837,-0.0810715509284136,-0.0803787774114385,-0.0796950045096153,-0.0790201460595638,-0.0783541135554871,-0.0776968162630715,-0.0770481613569373,-0.0764080540753118,-0.0757763978866453,-0.075153094663791,-0.0745380448621377,-0.0739311476987505,-0.0733323013301351,-0.0727414030267256,-0.0721583493425997,-0.0715830362792701,-0.0710153594426904,-0.0704552141928543,-0.0699024957855682,-0.0693570995061424,-0.0688189207948847,-0.068287855364388,-0.0677637993086941,-0.0672466492044873,-0.0667363022045256,-0.0662326561235606,-0.065735609517029,-0.0652450617528184,-0.0647609130764305,-0.0642830646698683,-0.0638114187045796,-0.0633458783887898,-0.0628863480095524,-0.0624327329698378,-0.0619849398209768,-0.0615428762907592,-0.0611064513074846,-0.0606755750202423,-0.0602501588156923,-0.0598301153316016,-0.0594153584673795,-0.059005803391842,-0.0586013665484242,-0.0582019656580452,-0.0578075197198186,-0.0574179490097913,-0.0570331750778806,-0.0566531207431686,-0.0562777100877039,-0.0559068684489507,-0.0555405224110123,-0.0551785997947543,-0.0548210296469365,-0.0544677422284599,-0.0541186690018257,-0.0537737426178961,-0.0534328969020403,-0.0530960668397431,-0.0527631885617464,-0.0524341993287908,-0.052109037516016,-0.0517876425970785,-0.0514699551280347,-0.051155916731038,-0.0508454700778948,-0.0505385588735151,-0.0502351278392974,-0.0499351226964792,-0.0496384901494828,-0.0493451778692855,-0.0490551344768374,-0.0487683095265498,-0.0484846534898751,-0.0482041177389951,-0.0479266545306362,-0.0476522169900246,-0.0473807590949952,-0.0471122356602659,-0.0468466023218876,-0.0465838155218797,-0.046323832493057,-0.0460666112440578,-0.0458121105445765,-0.0455602899108074,-0.0453111095911027,-0.0450645305518499,-0.0448205144635685,-0.044579023687232,-0.0443400212608123,-0.0441034708860514,-0.0438693369154595,-0.0436375843395382,-0.0434081787742307,-0.0431810864485981,-0.0429562741927186,-0.0427337094258113,-0.0425133601445815,-0.0422951949117857,-0.0420791828450148,-0.0418652936056933,-0.0416534973882921,-0.0414437649097522,-0.0412360673991169,-0.0410303765873707,-0.0408266646974795,-0.0406249044346329,-0.0404250689766822,-0.0402271319647732,-0.0400310674941705,-0.0398368501052687,-0.0396444547747889,-0.0394538569071583,-0.0392650323260661,-0.0390779572661964,-0.0388926083651326,-0.0387089626554309,-0.0385269975568601,-0.038346690868804,-0.0381680207628227,-0.0379909657753715,-0.0378155048006728,-0.0376416170837382,-0.037469282213538,-0.0372984801163154,-0.0371291910490421,-0.0369613955930125,-0.0367950746475727,-0.0366302094239841,-0.0364667814394149,-0.0363047725110615,-0.0361441647503917,-0.0359849405575121,-0.0358270826156536,-0.0356705738857745,-0.0355153976012768,-0.0353615372628356,-0.0352089766333371,-0.0350576997329231,-0.0349076908341414,-0.0347589344571973,-0.0346114153653064,-0.0344651185601438,-0.03432002927739,-0.034176132982371,-0.0340334153657883,-0.0338918623395396,-0.0337514600326268,-0.0336121947871492,-0.0334740531543807,-0.0333370218909288,-0.0332010879549735,-0.0330662385025845,-0.0329324608841141,-0.0327997426406666,-0.0326680715006385,-0.032537435376332,-0.0324078223606376,-0.0322792207237847,-0.0321516189101598,-0.0320250055351889,-0.0318993693822848,-0.0317746993998556,-0.031650984698376,-0.0315282145475161,-0.0314063783733301,-0.031285465755501,-0.0311654664246423,0,-0.107680994892741,-0.106630697828394,-0.105594759615713,-0.104576998446242,-0.103576759532307,-0.102592500515091,-0.101622781215763,-0.100666460865759,-0.0997226783754862,-0.0987907904565135,-0.0978703145338,-0.0969608851446943,-0.0960622224763276,-0.095174109944671,-0.0942963781042086,-0.0934288929079155,-0.0925715469617014,-0.0917242528684688,-0.0908869380623892,-0.090059540734946,-0.0892420065845837,-0.0884342862057805,-0.0876363329874596,-0.0868481014257297,-0.0860695457789873,-0.085300619008888,-0.0845412719614319,-0.0837914527501563,-0.0830511063092837,-0.0823201740892965,-0.0815985938712029,-0.0808862996789701,-0.080183221772378,-0.0794892867049735,-0.0788044174339458,-0.078128533470639,-0.0774615510620817,-0.0768033833953887,-0.0761539408181793,-0.0755131310692823,-0.0748808595149852,-0.0742570293869258,-0.0736415420184659,-0.0730342970770095,-0.0724351927902643,-0.0718441261649009,-0.0712609931964477,-0.070685689069581,-0.0701181083482392,-0.0695581451552106,-0.0690056933410302,-0.0684606466421654,-0.0679228988285941,-0.06739234384097,-0.066868875917649,-0.0663523897119024,-0.0658427803996876,-0.0653399437783774,-0.0648437763568661,-0.0643541754374858,-0.0638710391901666,-0.0633942667192803,-0.0629237581235925,-0.0624594145497494,-0.0620011382397073,-0.0615488325725026,-0.0611024021007448,-0.0606617525821977,-0.0602267910068005,-0.0597974256194595,-0.0593735659389285,-0.0589551227730747,-0.0585420082308142,-0.0581341357309812,-0.0577314200083823,-0.0573337771172688,-0.0569411244324489,-0.0565533806482425,-0.0561704657754738,-0.0557923011366778,-0.0554188093596889,-0.055049914369768,-0.0546855413804098,-0.0543256168829656,-0.0539700686352071,-0.0536188256489428,-0.0532718181767973,-0.0529289776982487,-0.0525902369050167,-0.0522555296858852,-0.0519247911110358,-0.0515979574159625,-0.0512749659850361,-0.0509557553347737,-0.0506402650968726,-0.0503284360010555,-0.050020209857776,-0.0497155295408233,-0.0494143389698674,-0.0491165830929787,-0.0488222078691519,-0.0485311602508661,-0.0482433881667049,-0.0479588405040609,-0.0476774670919456,-0.0473992186839235,-0.0471240469411876,-0.0468519044157923,-0.0465827445340558,-0.0463165215801438,-0.0460531906798477,-0.0457927077845633,-0.045535029655479,-0.0452801138479816,-0.0450279186962837,-0.0447784032982787,-0.0445315275006272,-0.0442872518840781,-0.0440455377490266,-0.0438063471013115,-0.0435696426382521,-0.0433353877349275,-0.0431035464306958,-0.0428740834159551,-0.0426469640191454,-0.0424221541939886,-0.0421996205069686,-0.0419793301250468,-0.0417612508036125,-0.0415453508746667,-0.0413315992352354,-0.041119965336012,-0.0409104191702233,-0.0407029312627203,-0.040497472659286,-0.0402940149161613,-0.0400925300897847,-0.0398929907267407,-0.0396953698539162,-0.0394996409688607,-0.0393057780303461,-0.039113755449124,-0.0389235480788757,-0.0387351312073535,-0.0385484805477075,-0.0383635722299963,-0.0381803827928774,-0.037998889175473,-0.0378190687094106,-0.0376408991110317,-0.037464358473767,-0.0372894252606754,-0.0371160782971413,-0.0369442967637297,-0.0367740601891931,-0.0366053484436291,-0.0364381417317856,-0.0362724205865077,-0.0361081658623277,-0.0359453587291913,-0.0357839806663189,-0.0356240134561985,-0.0354654391787092,-0.0353082402053683,-0.0351523991937039,-0.0349978990817475,-0.0348447230826448,-0.0346928546793814,-0.034542277619623,-0.0343929759106638,-0.0342449338144846,-0.0340981358429158,-0.033952566752904,-0.0338082115418781,-0.0336650554432159,-0.0335230839218063,-0.0333822826697045,-0.033242637601882,-0.033104134852064,-0.032966760768656,-0.0328305019107568,-0.032695345044254,-0.0325612771380041,-0.0324282853600901,-0.0322963570741598,-0.0321654798358395,-0.0320356413892236,-0.0319068296634366,-0.0317790327692672,-0.0316522389958728,-0.0315264368075509,-0.0314016148405793,-0.0312777619001207,-0.0311548669571906,-0.0310329191456888,-0.0309119077594913,-0.0307918222496019,-0.0306726522213617,-0.0305543874317169,-0.0304370177865407,0,-0.10560265051113,-0.104600566369872,-0.103605112302011,-0.102622100778959,-0.101651929344439,-0.100693856402243,-0.0997471303834406,-0.0988111895827118,-0.0978856466355786,-0.0969702405709817,-0.0960647964428612,-0.0951691971088274,-0.0942833644704177,-0.0934072470450316,-0.0925408115685667,-0.0916840371336914,-0.0908369109388554,-0.0899994250884765,-0.0891715741087576,-0.088353352977481,-0.0875447555445949,-0.086745773265594,-0.0859563941952879,-0.0851766022038901,-0.0844063763853957,-0.0836456906328797,-0.082894513358272,-0.0821528073362737,-0.0814205296538343,-0.0806976317482356,-0.0799840595184139,-0.0792797534957197,-0.0785846490618437,-0.0778986767031209,-0.0772217622918238,-0.0765538273863633,-0.0758947895435219,-0.0752445626369263,-0.0746030571769485,-0.0739701806280812,-0.0733458377205989,-0.0727299307539656,-0.0721223598900245,-0.0715230234344851,-0.0709318181056365,-0.0703486392895577,-0.0697733812813872,-0.0692059375124476,-0.0686462007632175,-0.0680940633622976,-0.0675494173716414,-0.0670121547584215,-0.0664821675539725,-0.0659593480003065,-0.0654435886847399,-0.0649347826631899,-0.0644328235727157,-0.0639376057338862,-0.063449024243551,-0.0629669750585843,-0.0624913550711613,-0.0620220621761083,-0.0615589953308484,-0.0611020546084501,-0.0606511412442547,-0.0602061576765468,-0.0597670075817004,-0.0593335959042153,-0.0589058288820341,-0.0584836140675072,-0.0580668603443525,-0.0576554779409339,-0.0572493784401644,-0.0568484747863172,-0.0564526812890117,-0.0560619136246222,-0.0556760888353415,-0.0552951253261127,-0.0549189428596314,-0.0545474625496016,-0.0541806068524193,-0.0538182995574417,-0.0534604657759918,-0.0531070319292304,-0.0527579257350278,-0.0524130761939437,-0.0520724135744308,-0.0517358693973519,-0.0514033764199094,-0.0510748686190643,-0.0507502811745241,-0.0504295504513695,-0.0501126139823841,-0.0497994104501433,-0.0494898796689212,-0.0491839625664584,-0.0488816011656404,-0.0485827385661234,-0.0482873189259462,-0.0479952874431613,-0.0477065903375146,-0.0474211748322012,-0.0471389891357222,-0.0468599824238641,-0.0465841048218202,-0.0463113073864716,-0.0460415420888436,-0.0457747617967516,-0.0455109202576475,-0.0452499720816776,-0.0449918727249626,-0.0447365784731049,-0.0444840464249321,-0.0442342344764823,-0.0439871013052344,-0.0437426063545876,-0.0435007098185953,-0.0432613726269525,-0.0430245564302399,-0.0427902235854253,-0.0425583371416232,-0.0423288608261118,-0.042101759030607,-0.0418769967977926,-0.0416545398081049,-0.0414343543667711,-0.0412164073910984,-0.0410006663980116,-0.0407870994918376,-0.040575675352333,-0.0403663632229537,-0.0401591328993608,-0.0399539547181618,-0.0397507995458839,-0.0395496387681737,-0.0393504442792227,-0.039153188471413,-0.0389578442251811,-0.0387643848990942,-0.0385727843201382,-0.0383830167742104,-0.0381950569968156,-0.0380088801639614,-0.0378244618832478,-0.037641778185149,-0.0374608055144828,-0.0372815207220635,-0.0371039010565362,-0.0369279241563871,-0.0367535680421269,-0.0365808111086453,-0.036409632117729,-0.0362400101907455,-0.0360719248014831,-0.0359053557691489,-0.0357402832515186,-0.0355766877382347,-0.0354145500442526,-0.0352538513034269,-0.03509457296224,-0.0349366967736657,-0.0347802047911662,-0.0346250793628213,-0.0344713031255832,-0.0343188589996581,-0.0341677301830086,-0.0340179001459752,-0.0338693526260163,-0.0337220716225595,-0.033576041391966,-0.0334312464426043,-0.033287671530028,-0.0331453016522602,-0.0330041220451777,-0.0328641181779954,-0.0327252757488471,-0.0325875806804613,-0.0324510191159298,-0.0323155774145672,-0.0321812421478563,-0.0320480000954842,-0.0319158382414589,-0.0317847437703104,-0.0316547040633713,-0.0315257066951372,-0.0313977394297034,-0.0312707902172764,-0.0311448471907595,-0.0310198986624097,-0.0308959331205648,-0.0307729392264394,-0.0306509058109872,-0.0305298218718281,-0.0304096765702419,-0.0302904592282206,-0.030172159325585,-0.030054766497159,-0.0299382705300029,-0.0298226613607035,-0.0297079290727197,0,-0.1035465149321,-0.102586115648028,-0.101627403167582,-0.100676380428086,-0.0997339465049061,-0.0988000181476196,-0.0978744851428874,-0.0969573371402451,-0.0960486367369758,-0.0951484833382775,-0.0942569897369509,-0.0933742695279221,-0.0925004310403743,-0.0916355747107623,-0.0907797921103609,-0.0899331656832924,-0.0890957687339638,-0.0882676654624651,-0.0874489109783553,-0.0866395512850478,-0.0858396232516886,-0.0850491545954618,-0.0842681638947338,-0.0834966606477316,-0.0827346453852466,-0.0819821098403918,-0.0812390371741655,-0.0805054022525327,-0.0797811719687899,-0.0790663056039115,-0.0783607552171967,-0.0776644660596231,-0.0769773770027434,-0.0762994209765843,-0.0756305254107409,-0.0749706126736353,-0.074319600505682,-0.0736774024428317,-0.0730439282276483,-0.0724190842056842,-0.0718027737054632,-0.0711948974008535,-0.0705953536550217,-0.0700040388455017,-0.0694208476702027,-0.0688456734344182,-0.068278408319088,-0.0677189436307266,-0.067167170033542,-0.0666229777643694,-0.0660862568311064,-0.0655568971953839,-0.0650347889402372,-0.0645198224235568,-0.0640118884181012,-0.0635108782388512,-0.0630166838584687,-0.0625291980116082,-0.0620483142888024,-0.0615739272206221,-0.0611059323527742,-0.060644226312782,-0.06018870686885,-0.0597392729814916,-0.0592958248484651,-0.0588582639435288,-0.058426493049501,-0.0580004162860774,-0.057579939132831,-0.0571649684477927,-0.0567554124819849,-0.0563511808902518,-0.0559521847387126,-0.0555583365091358,-0.0551695501005132,-0.0547857408280944,-0.0544068254201187,-0.0540327220124692,-0.0536633501414544,-0.0532986307349048,-0.0529384861017623,-0.0525828399203243,-0.0522316172252895,-0.0518847443937445,-0.0515421491302173,-0.0512037604509129,-0.0508695086672375,-0.0505393253687113,-0.0502131434053559,-0.049890896869641,-0.0495725210780648,-0.0492579525524346,-0.0489471290009139,-0.0486399892988881,-0.0483364734697045,-0.0480365226653321,-0.0477400791469817,-0.047447086265729,-0.0471574884431723,-0.0468712311521566,-0.0465882608975937,-0.0463085251974016,-0.0460319725635881,-0.0457585524834967,-0.0454882154012329,-0.0452209126992891,-0.0449565966803776,-0.0446952205494889,-0.0444367383961813,-0.0441811051771146,-0.0439282766988319,-0.0436782096008004,-0.0434308613387127,-0.0431861901680547,-0.0429441551279438,-0.0427047160252398,-0.0424678334189292,-0.042233468604786,-0.0420015836003086,-0.0417721411299315,-0.0415451046105137,-0.0413204381371008,-0.0410981064689608,-0.0408780750158906,-0.0406603098247909,-0.0404447775665096,-0.0402314455229474,-0.0400202815744254,-0.0398112541873101,-0.0396043324018933,-0.0393994858205234,-0.0391966845959839,-0.0389958994201159,-0.0387971015126812,-0.0386002626104606,-0.0384053549565861,-0.0382123512900999,-0.0380212248357388,-0.0378319492939387,-0.0376444988310551,-0.0374588480697966,-0.0372749720798655,-0.0370928463688035,-0.036912446873037,-0.0367337499491189,-0.0365567323651624,-0.036381371292463,-0.0362076442973051,-0.0360355293329482,-0.0358650047317913,-0.0356960491977091,-0.0355286417985576,-0.035362761958845,-0.0351983894525659,-0.0350355043961913,-0.0348740872418163,-0.0347141187704575,-0.034555580085499,-0.034398452606283,-0.0342427180618422,-0.0340883584847704,-0.0339353562052277,-0.0337836938450793,-0.0336333543121615,-0.0334843207946754,-0.0333365767557025,-0.0331901059278426,-0.0330448923079668,-0.0329009201520878,-0.0327581739703412,-0.0326166385220769,-0.0324762988110566,-0.0323371400807587,-0.0321991478097816,-0.0320623077073499,-0.0319266057089171,-0.0317920279718628,-0.0316585608712845,-0.0315261909958785,-0.0313949051439111,-0.0312646903192757,-0.0311355337276346,-0.0310074227726433,-0.0308803450522566,-0.0307542883551125,-0.0306292406569931,-0.0305051901173618,-0.0303821250759732,-0.0302600340495549,-0.0301389057285594,-0.0300187289739852,-0.0298994928142634,-0.0297811864422116,-0.0296637992120497,-0.0295473206364799,-0.0294317403838259,-0.0293170482752329,-0.0292032342819255,-0.0290902885225223,-0.0289782012604055,0,-0.101514544481823,-0.100589169733218,-0.0996630755710772,-0.0987408447812338,-0.0978234322221003,-0.0969112971534439,-0.096004918873589,-0.0951047976449612,-0.0942114091903811,-0.093325180561453,-0.0924464840839112,-0.0915756402540935,-0.0907129238663761,-0.0898585705837236,-0.0890127828077992,-0.0881757345084414,-0.0873475750284621,-0.0865284320156733,-0.0857184136670406,-0.0849176104581379,-0.0841260965029036,-0.0833439306573533,-0.0825711574521695,-0.0818078079150802,-0.0810539003249655,-0.0803094409252571,-0.0795744246136664,-0.078848835617822,-0.0781326481613036,-0.0774258271212266,-0.0767283286764825,-0.0760401009445977,-0.0753610846046561,-0.0746912135036272,-0.074030415243593,-0.0733786117476838,-0.0727357198029148,-0.0721016515785279,-0.0714763151188566,-0.0708596148101048,-0.0702514518207797,-0.0696517245158127,-0.0690603288446643,-0.0684771587039101,-0.0679021062749906,-0.0673350623379261,-0.066775916561915,-0.0662245577737981,-0.0656808742054246,-0.0651447537209869,-0.0646160840253996,-0.0640947528547984,-0.0635806481502227,-0.0630736582155198,-0.0625736718604848,-0.0620805785302089,-0.0615942684215781,-0.0611146325878173,-0.0606415630319332,-0.0601749527898712,-0.0597146960041479,-0.0592606879886864,-0.0588128252855355,-0.0583710057141095,-0.0579351284135498,-0.0575050938787701,-0.0570808039907032,-0.0566621620412426,-0.056249072753331,-0.0558414422966151,-0.0554391782990642,-0.0550421898549099,-0.0546503875292498,-0.0542636833596216,-0.0538819908548389,-0.0535052249913548,-0.0531333022073973,-0.0527661403951049,-0.0524036588908702,-0.0520457784640836,-0.0516924213044539,-0.0513435110080682,-0.0509989725623414,-0.0506587323299884,-0.050322718032148,-0.0499908587307729,-0.0496630848103881,-0.0493393279593146,-0.0490195211504489,-0.0487035986216738,-0.0483914958559745,-0.0480831495613289,-0.0477784976504264,-0.0474774792202759,-0.0471800345317478,-0.0468861049890956,-0.0465956331194992,-0.0463085625526625,-0.0460248380005017,-0.0457444052369493,-0.0454672110779047,-0.0451932033613482,-0.0449223309276452,-0.0446545436000546,-0.0443897921654589,-0.0441280283553294,-0.0438692048269386,-0.0436132751448307,-0.0433601937625588,-0.0431099160046954,-0.0428623980491235,-0.0426175969096135,-0.0423754704186883,-0.042135977210781,-0.0418990767056874,-0.041664729092314,-0.0414328953127219,-0.0412035370464681,-0.0409766166952416,-0.0407520973677952,-0.0405299428651705,-0.0403101176662129,-0.0400925869133774,-0.0398773163988203,-0.0396642725507731,-0.0394534224201976,-0.0392447336677185,-0.0390381745508274,-0.0388337139113584,-0.0386313211632262,-0.0384309662804298,-0.0382326197853089,-0.0380362527370577,-0.0378418367204839,-0.0376493438350148,-0.037458746683942,-0.0372700183639025,-0.0370831324545901,-0.0368980630086954,-0.0367147845420662,-0.0365332720240874,-0.0363535008682739,-0.0361754469230729,-0.035999086462871,-0.0358243961792024,-0.0356513531721534,-0.0354799349419588,-0.0353101193807869,-0.0351418847647082,-0.0349752097458446,-0.034810073344694,-0.0346464549426275,-0.0344843342745548,-0.0343236914217539,-0.0341645068048621,-0.0340067611770235,-0.0338504356171907,-0.0336955115235761,-0.0335419706072498,-0.0333897948858815,-0.0332389666776213,-0.0330894685951174,-0.0329412835396681,-0.0327943946955031,-0.0326487855241929,-0.032504439759182,-0.0323613414004443,-0.0322194747092559,-0.0320788242030851,-0.0319393746505943,-0.031801111066753,-0.0316640187080585,-0.0315280830678615,-0.0313932898717947,-0.031259625073302,-0.0311270748492654,-0.0309956255957274,-0.0308652639237071,-0.0307359766551076,-0.0306077508187118,-0.0304805736462656,-0.0303544325686461,-0.0302293152121128,-0.0301052093946384,-0.0299821031223205,-0.0298599845858692,-0.0297388421571705,-0.0296186643859228,-0.029499439996346,-0.0293811578839594,-0.0292638071124305,-0.0291473769104875,-0.0290318566688999,-0.0289172359375211,-0.0288035044223943,-0.0286906519829192,-0.0285786686290769,-0.0284675445187146,-0.0283572699548862,-0.0282478353832475,0,-0.0995070597356401,-0.0986105802697429,-0.0977128707158919,-0.0968159311366656,-0.095920531769856,-0.0950276057657914,-0.0941381698052233,-0.0932531829080353,-0.0923734857493207,-0.0914997911591,-0.0906326959298579,-0.0897726985837345,-0.0889202167208054,-0.0880756018036104,-0.0872391510104294,-0.0864111164526397,-0.0855917122399254,-0.0847811198759642,-0.0839794923994773,-0.0831869576028266,-0.0824036205830872,-0.0816295658155636,-0.080864858888048,-0.0801095479944899,-0.079363665257122,-0.078627227924416,-0.0779002394766942,-0.077182690660262,-0.0764745604633732,-0.0757758170422353,-0.0750864186019153,-0.0744063142348961,-0.0737354447187665,-0.073073743273833,-0.0724211362811275,-0.0717775439611951,-0.0711428810141105,-0.0705170572213004,-0.0698999780099139,-0.0692915449806571,-0.0686916564001642,-0.0681002076591141,-0.0675170916974188,-0.0669421993978914,-0.0663754199498654,-0.0658166411842728,-0.0652657498817046,-0.0647226320549761,-0.0641871732077014,-0.0636592585703528,-0.0631387733152386,-0.0626256027517896,-0.062119632503486,-0.0616207486677038,-0.0611288379596954,-0.0606437878418612,-0.0601654866394039,-0.059693823643396,-0.0592286892022323,-0.0587699748023756,-0.0583175731392499,-0.0578713781790772,-0.0574312852124026,-0.0569971908999997,-0.0565689933118015,-0.0561465919594562,-0.0557298878230626,-0.0553187833725999,-0.0549131825845295,-0.0545129909540101,-0.0541181155031307,-0.0537284647855405,-0.0533439488878208,-0.0529644794279183,-0.052589969550934,-0.0522203339225395,-0.0518554887202654,-0.0514953516228964,-0.0511398417981763,-0.0507888798890189,-0.0504423879983996,-0.0501002896730889,-0.0497625098863753,-0.0494289750199119,-0.0490996128448106,-0.0487743525020944,-0.0484531244826117,-0.0481358606065044,-0.047822494002315,-0.0475129590858092,-0.0472071915385837,-0.0469051282865212,-0.0466067074781523,-0.0463118684629714,-0.0460205517697582,-0.0457326990849413,-0.0454482532310447,-0.0451671581452484,-0.0448893588580954,-0.0446148014723691,-0.0443434331421652,-0.0440752020521794,-0.04381005739723,-0.0435479493620273,-0.0432888291012096,-0.043032648719651,-0.0427793612530568,-0.0425289206488517,-0.0422812817473683,-0.0420364002633426,-0.0417942327677203,-0.041554736669777,-0.0413178701995559,-0.0410835923906235,-0.0408518630631447,-0.0406226428072773,-0.0403958929668841,-0.040171575623564,-0.0399496535809986,-0.0397300903496111,-0.039512850131538,-0.0392978978059086,-0.0390851989144289,-0.0388747196472673,-0.038666426829238,-0.0384602879062785,-0.0382562709322158,-0.0380543445558186,-0.0378544780081301,-0.0376566410900767,-0.0374608041603489,-0.0372669381235484,-0.0370750144185981,-0.0368850050074088,-0.0366968823637984,-0.0365106194626595,-0.0363261897693684,-0.0361435672294337,-0.0359627262583774,-0.0357836417318433,-0.0356062889759312,-0.035430643757748,-0.0352566822761742,-0.03508438115284,-0.0349137174233053,-0.0347446685284425,-0.034577212306013,-0.0344113269824367,-0.0342469911647494,-0.034084183832742,-0.0339228843312802,-0.0337630723627979,-0.0336047279799623,-0.033447831578506,-0.033292363890221,-0.0331383059761142,-0.0329856392197162,-0.0328343453205429,-0.032684406287706,-0.0325358044336678,-0.0323885223681368,-0.0322425429921025,-0.0320978494920044,-0.0319544253340323,-0.0318122542585554,-0.0316713202746769,-0.0315316076549103,-0.0313931009299761,-0.0312557848837139,-0.0311196445481093,-0.0309846651984312,-0.0308508323484779,-0.0307181317459289,-0.0305865493677993,-0.0304560714159959,-0.0303266843129713,-0.0301983746974736,-0.0300711294203903,-0.0299449355406835,-0.0298197803214139,-0.0296956512258522,-0.0295725359136766,-0.0294504222372508,-0.029329298237985,-0.0292091521427759,-0.0290899723605226,-0.0289717474787189,-0.0288544662601191,-0.0287381176394746,-0.0286226907203419,-0.0285081747719582,-0.0283945592261836,-0.0282818336745098,-0.0281699878651305,-0.028059011700076,-0.0279488952324067,-0.0278396286634671,-0.0277312023401972,-0.0276236067525006,-0.0275168325306678,0,-0.0975229791907461,-0.0966503460495023,-0.0957768497321007,-0.0949015054908326,-0.0940249111625902,-0.0931484563333613,-0.0922736425616692,-0.0914018257140261,-0.0905341536862791,-0.0896715759373473,-0.0888148734387932,-0.0879646901666098,-0.08712156023348,-0.0862859295687954,-0.0854581726669108,-0.0846386053358369,-0.0838274943641746,-0.0830250648796331,-0.082231506007817,-0.0814469752928044,-0.0806716022211783,-0.0799054910981283,-0.0791487234540768,-0.0784013601084562,-0.0776634429795815,-0.0769349967025219,-0.0762160300977273,-0.0755065375197485,-0.0748065001061275,-0.0741158869402063,-0.073434656137363,-0.0727627558613818,-0.0721001252758616,-0.0714466954344312,-0.0708023901128559,-0.0701671265857235,-0.0695408163501832,-0.0689233657991041,-0.0683146768459795,-0.0677146475038804,-0.0671231724207635,-0.0665401433734228,-0.0659654497223594,-0.0653989788298145,-0.0648406164431679,-0.0642902470458506,-0.0637477541778542,-0.0632130207278509,-0.0626859291988523,-0.0621663619492553,-0.061654201411033,-0.0611493302867374,-0.0606516317268924,-0.0601609894892626,-0.0596772880813977,-0.0592004128877632,-0.0587302502826842,-0.05826668773025,-0.0578096138722474,-0.0573589186051183,-0.0569144931468653,-0.0564762300947646,-0.0560440234746806,-0.0556177687827191,-0.0551973630198996,-0.0547827047204759,-0.0543736939744851,-0.0539702324450616,-0.0535722233810062,-0.0531795716250677,-0.0527921836183524,-0.0524099674012439,-0.052032832611189,-0.0516606904776696,-0.0512934538146586,-0.0509310370108308,-0.050573356017778,-0.0502203283364552,-0.0498718730020663,-0.0495279105675791,-0.0491883630860432,-0.0488531540918682,-0.0485222085812079,-0.0481954529915799,-0.0478728151808408,-0.0475542244056259,-0.0472396112993504,-0.0469289078498621,-0.0466220473768264,-0.0463189645089166,-0.0460195951608743,-0.0457238765105004,-0.0454317469756295,-0.0451431461911354,-0.0448580149860112,-0.0445762953605623,-0.0442979304637443,-0.0440228645706793,-0.0437510430603762,-0.0434824123936765,-0.0432169200914491,-0.0429545147130515,-0.0426951458350713,-0.0424387640303638,-0.0421853208473954,-0.0419347687899028,-0.0416870612968771,-0.0414421527228769,-0.0411999983186781,-0.0409605542122622,-0.0407237773901474,-0.0404896256790637,-0.0402580577279711,-0.0400290329904254,-0.039802511707286,-0.0395784548897677,-0.0393568243028327,-0.0391375824489227,-0.0389206925520248,-0.0387061185420717,-0.0384938250396701,-0.038283777341154,-0.038075941403959,-0.0378702838323138,-0.0376667718632419,-0.0374653733528722,-0.0372660567630508,-0.0370687911482498,-0.0368735461427686,-0.0366802919482216,-0.036488999321308,-0.0362996395618571,-0.0361121845011453,-0.0359266064904785,-0.035742878390034,-0.0355609735579593,-0.0353808658397183,-0.0352025295576843,-0.0350259395009703,-0.0348510709154949,-0.0346778994942766,-0.034506401367952,-0.0343365530955132,-0.0341683316552595,-0.0340017144359581,-0.0338366792282093,-0.0336732042160118,-0.0335112679685227,-0.0333508494320085,-0.0331919279219825,-0.0330344831155234,-0.0328784950437727,-0.0327239440846036,-0.0325708109554607,-0.0324190767063647,-0.0322687227130776,-0.0321197306704257,-0.0319720825857768,-0.0318257607726661,-0.0316807478445698,-0.0315370267088202,-0.0313945805606607,-0.0312533928774369,-0.0311134474129196,-0.0309747281917584,-0.0308372195040597,-0.0307009059000897,-0.0305657721850972,-0.0304318034142519,-0.0302989848876997,-0.0301673021457275,-0.0300367409640382,-0.0299072873491308,-0.0297789275337854,-0.0296516479726475,-0.0295254353379133,-0.0294002765151085,-0.0292761585989637,-0.0291530688893793,-0.0290309948874804,-0.0289099242917598,-0.0287898449943045,-0.0286707450771065,-0.0285526128084539,-0.0284354366394016,-0.0283192052003185,-0.0282039072975103,-0.0280895319099158,-0.0279760681858748,-0.0278635054399659,-0.0277518331499132,-0.0276410409535582,-0.0275311186458984,-0.0274220561761881,-0.0273138436451023,-0.02720647130196,-0.0270999295420079,-0.0269942089037599,-0.0268893000663949,-0.0267851938472079,0,-0.0955604166060567,-0.0947077607367716,-0.0938544300161031,-0.0929968742124199,-0.0921357654729073,-0.0912729700783783,-0.0904104176241472,-0.0895497893516607,-0.0886924749866823,-0.0878396062270734,-0.0869921044851289,-0.086150724343457,-0.0853160886043938,-0.0844887152720029,-0.0836690379365896,-0.0828574210935654,-0.08205417168937,-0.0812595479026028,-0.0804737659168815,-0.079697005240651,-0.0789294129755342,-0.0781711073206719,-0.0774221805171596,-0.0766827013766318,-0.0759527174951997,-0.0752322572236677,-0.0745213314437271,-0.0738199351850539,-0.0731280491080543,-0.0724456408700189,-0.0717726663877103,-0.0711090710062112,-0.0704547905817259,-0.0698097524846008,-0.0691738765278878,-0.0685470758261421,-0.0679292575887166,-0.0673203238515186,-0.0667201721509666,-0.0661286961437125,-0.0655457861755394,-0.064971329802706,-0.0644052122688706,-0.0638473169405958,-0.0632975257042956,-0.0627557193273503,-0.0622217777859772,-0.0616955805623052,-0.0611770069129636,-0.0606659361113627,-0.060162247665706,-0.0596658215146508,-0.0591765382024021,-0.0586942790349135,-0.0582189262187433,-0.0577503629840161,-0.0572884736928265,-0.0568331439343301,-0.0563842606076718,-0.0559417119938151,-0.0555053878172545,-0.0550751792985181,-0.0546509791982945,-0.0542326818539543,-0.0538201832091732,-0.0534133808373078,-0.0530121739591199,-0.0526164634554014,-0.0522261518749973,-0.0518411434386945,-0.0514613440393931,-0.0510866612389493,-0.0507170042620443,-0.0503522839874005,-0.049992412936641,-0.0496373052610627,-0.0492868767265678,-0.0489410446969783,-0.0485997281159378,-0.0482628474875853,-0.0479303248561723,-0.0476020837847735,-0.0472780493332326,-0.0469581480354697,-0.0466423078762625,-0.0463304582676078,-0.0460225300247535,-0.0457184553419886,-0.0454181677682659,-0.0451216021827236,-0.0448286947701723,-0.044539382996597,-0.0442536055847268,-0.0439713024897139,-0.0436924148749634,-0.0434168850881458,-0.0431446566374234,-0.0428756741679197,-0.0426098834384521,-0.0423472312985495,-0.0420876656657735,-0.0418311355033573,-0.0415775907981744,-0.0413269825390508,-0.0410792626954254,-0.0408343841963705,-0.0405923009099732,-0.0403529676230861,-0.0401163400214496,-0.0398823746701843,-0.039651028994659,-0.0394222612617328,-0.0391960305613682,-0.0389722967886175,-0.038751020625977,-0.0385321635261093,-0.0383156876949278,-0.0381015560750412,-0.0378897323295544,-0.0376801808262195,-0.0374728666219349,-0.0372677554475842,-0.0370648136932145,-0.0368640083935427,-0.0366653072137906,-0.0364686784358378,-0.0362740909446915,-0.0360815142152627,-0.0358909182994471,-0.0357022738135028,-0.0355155519257188,-0.0353307243443693,-0.0351477633059472,-0.0349666415636721,-0.0347873323762654,-0.0346098094969878,-0.0344340471629333,-0.0342600200845742,-0.0340877034355511,-0.0339170728427025,-0.0337481043763282,-0.0335807745406832,-0.0334150602646932,-0.0332509388928893,-0.0330883881765563,-0.0329273862650891,-0.0327679116975517,-0.0326099433944351,-0.0324534606496095,-0.0322984431224648,-0.0321448708302355,-0.0319927241405061,-0.031841983763892,-0.0316926307468918,-0.0315446464649063,-0.0313980126154214,-0.0312527112113493,-0.0311087245745253,-0.0309660353293564,-0.0308246263966161,-0.0306844809873845,-0.0305455825971282,-0.0304079149999177,-0.0302714622427773,-0.0301362086401663,-0.0300021387685866,-0.0298692374613143,-0.0297374898032521,-0.0296068811258994,-0.0294773970024377,-0.0293490232429271,-0.0292217458896132,-0.0290955512123395,-0.0289704257040641,-0.0288463560764783,-0.0287233292557227,-0.0286013323782009,-0.0284803527864871,-0.0283603780253242,-0.0282413958377126,-0.0281233941610856,-0.0280063611235703,-0.0278902850403308,-0.027775154409993,-0.0276609579111482,-0.0275476843989334,-0.0274353229016869,-0.0273238626176778,-0.0272132929119057,-0.0271036033129725,-0.0269947835100187,-0.0268868233497303,-0.0267797128334072,-0.0266734421140968,-0.0265680014937885,-0.0264633814206687,-0.0263595724864348,-0.0262565654236658,-0.0261543511032504,-0.0260529205318683,0,-0.0936169596482482,-0.0927815496352113,-0.0919444261132354,-0.0911008060569621,-0.0902518378469648,-0.0893998951618957,-0.0885472681759475,-0.0876958829206426,-0.0868473000312116,-0.0860027760158372,-0.0851633273848236,-0.0843297836480364,-0.0835028280430797,-0.0826830280261879,-0.0818708579302752,-0.0810667158406179,-0.0802709362724062,-0.0794837998239114,-0.0787055406563966,-0.0779363524101694,-0.0771763929894695,-0.0764257885216752,-0.0756846367056708,-0.0749530097001821,-0.074230956657941,-0.0735185059801885,-0.0728156673442646,-0.0721224335420075,-0.0714387821563471,-0.0707646770963937,-0.0701000700064761,-0.0694449015612666,-0.0687991026568573,-0.068162595506081,-0.0675352946452643,-0.0669171078588131,-0.0663079370274407,-0.0657076789053961,-0.0651162258316816,-0.0645334663799337,-0.0639592859513635,-0.0633935673148948,-0.0628361910983996,-0.0622870362346969,-0.0617459803657642,-0.0612129002083951,-0.0606876718843301,-0.0601701712176946,-0.0596602740023815,-0.0591578562418422,-0.0586627943635698,-0.058174965410399,-0.057694247210589,-0.0572205185285119,-0.0567536591976265,-0.0562935502372956,-0.0558400739548744,-0.0553931140343943,-0.0549525556130522,-0.0545182853466266,-0.0540901914648412,-0.0536681638176211,-0.0532520939131036,-0.0528418749481951,-0.0524374018323992,-0.0520385712055781,-0.0516452814502577,-0.0512574326990257,-0.0508749268375347,-0.0504976675035693,-0.0501255600826015,-0.0497585117002178,-0.0493964312117706,-0.0490392291895709,-0.0486868179079161,-0.0483391113262141,-0.0479960250704468,-0.0476574764131893,-0.0473233842523847,-0.0469936690890508,-0.0466682530040861,-0.0463470596343172,-0.0460300141479247,-0.0457170432193651,-0.0454080750038984,-0.0451030391118176,-0.0448018665824698,-0.0445044898581456,-0.0442108427579083,-0.043920860451426,-0.0436344794328631,-0.0433516374948801,-0.0430722737027876,-0.0427963283688932,-0.0425237430270754,-0.0422544604076168,-0.0419884244123202,-0.0417255800899333,-0.0414658736119014,-0.041209252248463,-0.0409556643451072,-0.0407050592993983,-0.0404573875381853,-0.0402126004951978,-0.0399706505890389,-0.0397314912015762,-0.0394950766567388,-0.0392613621997171,-0.0390303039765712,-0.0388018590142438,-0.0385759852009798,-0.038352641267149,-0.0381317867664695,-0.0379133820576298,-0.037697388286305,-0.0374837673675626,-0.0372724819686549,-0.0370634954921913,-0.0368567720596869,-0.0366522764954792,-0.0364499743110117,-0.0362498316894731,-0.0360518154707897,-0.0358558931369643,-0.0356620327977532,-0.0354702031766773,-0.0352803735973601,-0.0350925139701848,-0.0349065947792659,-0.0347225870697282,-0.0345404624352858,-0.0343601930061159,-0.0341817514370202,-0.0340051108958683,-0.0338302450523156,-0.0336571280667912,-0.0334857345797474,-0.0333160397011674,-0.0331480190003226,-0.0329816484957763,-0.032816904645625,-0.032653764337974,-0.0324922048816415,-0.0323322039970833,-0.0321737398075366,-0.032016790830374,-0.0318613359686654,-0.0317073545029395,-0.0315548260831436,-0.0314037307207948,-0.031254048781317,-0.0311057609765616,-0.030958848357505,-0.0308132923071195,-0.0306690745334137,-0.0305261770626372,-0.0303845822326459,-0.0302442726864241,-0.0301052313657589,-0.0299674415050635,-0.0298308866253462,-0.0296955505283191,-0.0295614172906468,-0.0294284712583274,-0.0292966970412061,-0.0291660795076152,-0.0290366037791393,-0.0289082552255011,-0.0287810194595665,-0.028654882332464,-0.0285298299288161,-0.028405848562082,-0.0282829247700049,-0.0281610453101649,-0.0280401971556327,-0.0279203674907223,-0.0278015437068403,-0.0276837133984291,-0.0275668643590017,-0.0274509845772663,-0.0273360622333372,-0.0272220856950318,-0.0271090435142495,-0.026996924423432,-0.0268857173321022,-0.0267754113234801,-0.0266659956511732,-0.026557459735941,-0.0264497931625295,-0.0263429856765761,-0.0262370271815828,-0.0261319077359541,-0.0260276175501012,-0.0259241469836073,-0.0258214865424566,-0.0257196268763211,-0.0256185587759079,-0.0255182731703612,-0.0254187611247229,-0.0253200138374451,0,-0.0916902669904238,-0.0908699676325256,-0.0900450882595278,-0.0892115627258972,-0.0883714482986251,-0.0875276331542151,-0.0866826836013158,-0.085838681769929,-0.0849972852161519,-0.0841598171154349,-0.0833273439868342,-0.0825007351635321,-0.0816807066805667,-0.0808678533720113,-0.0800626724081519,-0.0792655807165318,-0.0784769280584351,-0.0776970070213186,-0.0769260608155014,-0.0761642894975648,-0.0754118550551122,-0.0746688856558155,-0.0739354792718449,-0.0732117068270566,-0.0724976149702797,-0.0717932285477285,-0.0710985528267516,-0.0704135755088666,-0.0697382685602643,-0.0690725898812757,-0.0684164848316908,-0.0677698876256302,-0.0671327226074372,-0.0665049054184611,-0.0658863440634332,-0.0652769398842527,-0.0646765884483041,-0.0640851803578556,-0.0635026019866069,-0.062928736149019,-0.0623634627076838,-0.0618066591236213,-0.0612582009540689,-0.0607179623020097,-0.0601858162213907,-0.0596616350817014,-0.0591452908953203,-0.0586366556107827,-0.0581356013748911,-0.0576420007663636,-0.0571557270035121,-0.0566766541282424,-0.0562046571684889,-0.0557396122810255,-0.0552813968764389,-0.0548298897279002,-0.0543849710652378,-0.053946522655688,-0.0535144278725827,-0.0530885717531293,-0.0526688410463345,-0.0522551242520374,-0.0518473116519317,-0.0514452953333791,-0.0510489692067465,-0.0506582290169359,-0.0502729723497141,-0.0498930986333974,-0.0495185091363935,-0.0491491069610625,-0.0487847970343109,-0.0484254860952983,-0.0480710826806026,-0.0477214971071519,-0.0473766414532103,-0.0470364295376711,-0.0467007768978901,-0.0463696007662698,-0.0460428200457843,-0.045720355284614,-0.0454021286500487,-0.0450880639017939,-0.0447780863648098,-0.0444721229017921,-0.0441701018853985,-0.0438719531703085,-0.0435776080652013,-0.0432869993047201,-0.0430000610214895,-0.042716728718243,-0.0424369392401099,-0.0421606307471078,-0.0418877426868788,-0.0416182157677044,-0.0413519919318294,-0.0410890143291193,-0.0408292272910757,-0.0405725763052261,-0.0403190079899071,-0.0400684700694522,-0.0398209113497959,-0.0395762816945032,-0.0393345320012306,-0.039095614178625,-0.0388594811236629,-0.0386260866994318,-0.0383953857133562,-0.038167333895866,-0.0379418878795085,-0.0377190051784978,-0.0374986441687043,-0.0372807640680749,-0.0370653249174844,-0.0368522875620099,-0.0366416136326251,-0.0364332655283082,-0.0362272063985568,-0.0360234001263049,-0.0358218113112344,-0.0356224052534749,-0.0354251479376843,-0.0352300060175049,-0.0350369468003855,-0.0348459382327645,-0.034656948885605,-0.0344699479402775,-0.0342849051747779,-0.0341017909502803,-0.033920576198011,-0.0337412324064412,-0.0335637316087888,-0.033388046370823,-0.0332141497789654,-0.0330420154286796,-0.0328716174131428,-0.0327029303121937,-0.0325359291815492,-0.0323705895422834,-0.0322068873705627,-0.0320447990876319,-0.0318843015500427,-0.0317253720401211,-0.0315679882566661,-0.031412128305875,-0.0312577706924893,-0.0311048943111551,-0.030953478437994,-0.0308035027223764,-0.0306549471788972,-0.0305077921795417,-0.0303620184460439,-0.0302176070424275,-0.0300745393677268,-0.029932797148883,-0.0297923624338102,-0.0296532175846288,-0.0295153452710606,-0.0293787284639799,-0.0292433504291215,-0.0291091947209357,-0.0289762451765908,-0.028844485910117,-0.0287139013066893,-0.0285844760170455,-0.0284561949520351,-0.0283290432772969,-0.0282030064080613,-0.0280780700040743,-0.0279542199646398,-0.0278314424237777,-0.0277097237454948,-0.0275890505191643,-0.0274694095550139,-0.0273507878797161,-0.0272331727320813,-0.0271165515588503,-0.0270009120105811,-0.026886241937632,-0.026772529386235,-0.0266597625946584,-0.0265479299894573,-0.0264370201818081,-0.026327021963926,-0.0262179243055631,-0.0261097163505851,-0.0260023874136248,-0.0258959269768096,-0.0257903246865631,-0.0256855703504763,-0.025581653934249,-0.0254785655586988,-0.025376295496835,-0.0252748341709985,-0.0251741721500621,-0.0250743001466942,-0.02497520901468,-0.0248768897463029,-0.0247793334697809,-0.0246825314467598,-0.0245864750698591,0,-0.0897782134091005,-0.0889708377185273,-0.08815413586526,-0.0873269371610495,-0.0864925314163632,-0.0856542729599377,-0.0848148987380872,-0.0839765522844617,-0.0831409138601021,-0.0823093168342593,-0.0814828346964631,-0.0806623433882923,-0.0798485656755185,-0.079042102941189,-0.0782434582506579,-0.0774530533615175,-0.0766712415181481,-0.0758983172943757,-0.0751345243514909,-0.0743800617068663,-0.0736350889219413,-0.0728997304907598,-0.0721740796231478,-0.0714582015573098,-0.0707521364963006,-0.0700559022354828,-0.0693694965295286,-0.0686928992349281,-0.0680260742554028,-0.0673689713117486,-0.0667215275535714,-0.066083669027528,-0.0654553120146339,-0.0648363642476864,-0.0642267260186878,-0.0636262911852375,-0.0630349480840944,-0.0624525803594588,-0.0618790677129472,-0.061314286581714,-0.0607581107506943,-0.0602104119045031,-0.0596710601241102,-0.0591399243330274,-0.0586168726973792,-0.0581017729838922,-0.0575944928795209,-0.0570949002761276,-0.0566028635233651,-0.056118251652646,-0.055640934574848,-0.0551707832541838,-0.0547076698604544,-0.0542514679017225,-0.0538020523392604,-0.0533592996864714,-0.0529230880933338,-0.0524932974177798,-0.0520698092852969,-0.0516525071379278,-0.0512412762737335,-0.0508360038776967,-0.0504365790449454,-0.0500428927971054,-0.0496548380925087,-0.0492723098309246,-0.0488952048534128,-0.0485234219378495,-0.048156861790617,-0.0477954270349097,-0.0474390221960623,-0.0470875536842687,-0.0467409297750229,-0.0463990605875865,-0.0460618580617514,-0.0457292359331457,-0.0454011097073028,-0.045077396632693,-0.044758015672899,-0.0444428874780937,-0.0441319343559682,-0.0438250802422377,-0.0435222506708432,-0.0432233727439515,-0.0429283751018476,-0.0426371878928015,-0.0423497427429829,-0.0420659727264879,-0.0417858123355372,-0.0415091974508949,-0.0412360653125519,-0.0409663544907136,-0.0407000048571259,-0.0404369575567668,-0.0401771549799304,-0.0399205407347234,-0.0396670596199923,-0.0394166575986962,-0.0391692817717365,-0.0389248803522538,-0.0386834026404,-0.0384447989985883,-0.0382090208272291,-0.0379760205409492,-0.0377457515452987,-0.0375181682139424,-0.0372932258663363,-0.0370708807458842,-0.0368510899985725,-0.0366338116520792,-0.0364190045953497,-0.0362066285586373,-0.0359966440939993,-0.0357890125562453,-0.035583696084327,-0.0353806575831664,-0.0351798607059129,-0.0349812698366212,-0.0347848500733445,-0.0345905672116325,-0.034398387728428,-0.0342082787663544,-0.0340202081183837,-0.0338341442128798,-0.0336500560990067,-0.0334679134324955,-0.0332876864617606,-0.033109346014358,-0.0329328634837776,-0.0327582108165619,-0.0325853604997438,-0.0324142855485941,-0.0322449594946739,-0.0320773563741827,-0.0319114507165948,-0.0317472175335788,-0.0315846323081908,-0.0314236709843361,-0.0312643099564923,-0.0311065260596865,-0.0309502965597215,-0.0307955991436434,-0.0306424119104446,-0.0304907133619973,-0.0303404823942106,-0.030191698288405,-0.0300443407028998,-0.0298983896648076,-0.0297538255620292,-0.0296106291354469,-0.0294687814713063,-0.0293282639937865,-0.0291890584577504,-0.0290511469416721,-0.0289145118407362,-0.0287791358601042,-0.0286450020083446,-0.0285120935910216,-0.0283803942044384,-0.0282498877295308,-0.0281205583259087,-0.0279923904260387,-0.0278653687295673,-0.027739478197779,-0.0276147040481864,-0.0274910317492489,-0.027368447015216,-0.0272469358010938,-0.0271264842977289,-0.0270070789270084,-0.0268887063371735,-0.0267713533982408,-0.0266550071975326,-0.0265396550353102,-0.0264252844205083,-0.0263118830665696,-0.0261994388873745,-0.026087939993265,-0.02597737468716,-0.0258677314607598,-0.0257589989908369,-0.0256511661356124,-0.0255442219312135,-0.0254381555882125,-0.0253329564882433,-0.0252286141806948,-0.025125118379478,-0.0250224589598665,-0.0249206259554067,-0.0248196095548976,-0.0247194000994381,-0.0246199880795384,-0.0245213641322967,-0.0244235190386375,-0.0243264437206114,-0.0242301292387522,-0.0241345667894945,-0.0240397477026453,-0.0239456634389119,-0.023852305587483,0,-0.0878791492191286,-0.0870815316789209,-0.086268787996942,-0.0854442996929047,-0.0846126821202017,-0.0837776310822878,-0.0829419278291643,-0.0821076801231584,-0.0812765196670042,-0.0804497375713172,-0.0796283749676367,-0.0788132842431655,-0.078005171221183,-0.0772046248401339,-0.0764121385116539,-0.0756281258671624,-0.0748529326746028,-0.0740868461084237,-0.0733301021635441,-0.0725828917442369,-0.0718453657859262,-0.0711176396525782,-0.070399796975446,-0.0696918930476672,-0.0689939578550611,-0.0683059988007197,-0.0676280031657937,-0.066959940338699,-0.0663017638380796,-0.0656534131501626,-0.065014815397842,-0.0643858868564761,-0.0637665343296262,-0.0631566563966124,-0.0625561445426708,-0.0619648841815781,-0.0613827555798179,-0.0608096346906481,-0.0602453939057912,-0.059689902731867,-0.0591430283981418,-0.0586046364016498,-0.058074590995267,-0.0575527556238635,-0.0570389933132489,-0.0565331670162327,-0.0560351399197595,-0.0555447757167473,-0.0550619388459415,-0.0545864947028171,-0.0541183098242894,-0.0536572520497587,-0.0532031906607823,-0.0527559965014693,-0.0523155420814995,-0.0518817016634989,-0.0514543513363469,-0.0510333690758415,-0.0506186347940239,-0.0502100303783398,-0.049807439721704,-0.0494107487444398,-0.0490198454089702,-0.0486346197280547,-0.0482549637672948,-0.0478807716425564,-0.0475119395129006,-0.0471483655695551,-0.0467899500214062,-0.0464365950774486,-0.0460882049265821,-0.0457446857151107,-0.0454059455222623,-0.0450718943340161,-0.0447424440154949,-0.0444175082821553,-0.0440970026699833,-0.0437808445048832,-0.0434689528714258,-0.0431612485811061,-0.0428576541402445,-0.0425580937176511,-0.042262493112157,-0.0419707797201104,-0.0416828825029177,-0.0413987319547052,-0.0411182600701663,-0.0408414003126501,-0.0405680875825433,-0.0402982581859877,-0.0400318498039695,-0.0397688014618162,-0.0395090534991269,-0.0392525475401567,-0.0389992264646815,-0.0387490343793517,-0.0385019165895536,-0.0382578195717855,-0.0380166909465582,-0.0377784794518239,-0.0375431349169387,-0.037310608237159,-0.0370808513486736,-0.0368538172041698,-0.0366294597489306,-0.0364077338974604,-0.036188595510635,-0.0359720013733708,-0.0357579091728059,-0.0355462774769892,-0.0353370657140677,-0.0351302341519678,-0.0349257438785592,-0.0347235567822959,-0.0345236355333247,-0.0343259435650536,-0.0341304450561694,-0.0339371049130978,-0.0337458887528961,-0.0335567628865683,-0.0333696943027959,-0.0331846506520731,-0.0330016002312397,-0.0328205119683989,-0.0326413554082166,-0.0324641006975879,-0.0322887185716649,-0.032115180340238,-0.0319434578744591,-0.0317735235939009,-0.031605350453943,-0.0314389119334771,-0.0312741820229221,-0.0311111352125434,-0.0309497464810664,-0.030789991284578,-0.0306318455457085,-0.0304752856430869,-0.0303202884010614,-0.0301668310796794,-0.0300148913649197,-0.0298644473591708,-0.0297154775719473,-0.0295679609108404,-0.0294218766726942,-0.0292772045350041,-0.029133924547528,-0.0289920171241089,-0.0288514630346995,-0.0287122433975859,-0.0285743396718042,-0.0284377336497444,-0.0283024074499375,-0.0281683435100206,-0.0280355245798747,-0.0279039337149316,-0.0277735542696448,-0.0276443698911194,-0.0275163645128988,-0.027389522348901,-0.0272638278875037,-0.0271392658857718,-0.0270158213638251,-0.0268934795993412,-0.026772226122191,-0.0266520467092032,-0.0265329273790535,-0.0264148543872764,-0.0262978142213955,-0.0261817935961695,-0.0260667794489511,-0.025952758935155,-0.0258397194238334,-0.0257276484933548,-0.0256165339271846,-0.0255063637097646,-0.0253971260224869,-0.0252888092397639,-0.0251814019251876,-0.025074892827778,-0.0249692708783185,-0.0248645251857751,-0.0247606450337979,-0.0246576198773023,-0.024555439339129,-0.0244540932067782,-0.0243535714292196,-0.0242538641137737,-0.024154961523063,-0.0240568540720329,-0.0239595323250374,-0.0238629869929924,-0.0237672089305901,-0.0236721891335765,-0.0235779187360894,-0.0234843890080541,-0.023391591352637,-0.0232995173037555,-0.0232081585236424,-0.0231175068004619,0,-0.085991558220277,-0.0851989079102036,-0.0843857968067958,-0.0835606527291188,-0.0827292084985235,-0.0818952969364471,-0.0810616019860128,-0.0802301009256062,-0.0794023119632468,-0.0785794377178284,-0.0777624527833049,-0.0769521598427502,-0.0761492271545483,-0.0753542145158233,-0.074567591862296,-0.0737897530462168,-0.0730210263918216,-0.0722616830536793,-0.0715119438429704,-0.0707719849566294,-0.0700419428959988,-0.069321918765727,-0.0686119820815324,-0.0679121741752401,-0.0672225112594545,-0.0665429871973408,-0.0658735760119808,-0.0652142341625299,-0.0645649026095634,-0.0639255086886754,-0.0632959678090331,-0.0626761849918254,-0.0620660562621635,-0.061465469906848,-0.0608743076094336,-0.0602924454731442,-0.0597197549413835,-0.0591561036248453,-0.05860135604353,-0.0580553742913204,-0.0575180186301588,-0.056989148020293,-0.0564686205925235,-0.055956294067884,-0.0554520261297231,-0.0549556747527236,-0.0544670984929987,-0.0539861567430358,-0.0535127099549215,-0.0530466198349702,-0.0525877495125928,-0.0521359636859847,-0.0516911287469692,-0.0512531128871181,-0.050821786187072,-0.0503970206908011,-0.0499786904663835,-0.0495666716547282,-0.0491608425075321,-0.0487610834156415,-0.0483672769288679,-0.0479793077682158,-0.0475970628313792,-0.0472204311922858,-0.0468493040953872,-0.0464835749453288,-0.0461231392925661,-0.045767894815443,-0.0454177412991892,-0.0450725806122567,-0.044732316680364,-0.0443968554585853,-0.0440661049017847,-0.0437399749336656,-0.0434183774146748,-0.0431012261089796,-0.0427884366507095,-0.0424799265096342,-0.0421756149564331,-0.0418754230276909,-0.0415792734907411,-0.0412870908084646,-0.0409988011041397,-0.0407143321264223,-0.0404336132145366,-0.0401565752637343,-0.0398831506910821,-0.0396132734016241,-0.0393468787549619,-0.0390839035322877,-0.0388242859039022,-0.0385679653972405,-0.0383148828654301,-0.0380649804563957,-0.0378182015825274,-0.0375744908909217,-0.0373337942342024,-0.0370960586419297,-0.0368612322925986,-0.0366292644862282,-0.0364001056175448,-0.0361737071497507,-0.0359500215888833,-0.0357290024587535,-0.035510604276463,-0.0352947825284907,-0.035081493647344,-0.0348706949887655,-0.0346623448094879,-0.0344564022455286,-0.0342528272910129,-0.0340515807775207,-0.0338526243539418,-0.0336559204668341,-0.0334614323412722,-0.0332691239621783,-0.0330789600561229,-0.0328909060735871,-0.0327049281716753,-0.0325209931972678,-0.0323390686706044,-0.0321591227692873,-0.0319811243126943,-0.0318050427467928,-0.0316308481293435,-0.0314585111154846,-0.0312880029436889,-0.0311192954220801,-0.0309523609151053,-0.0307871723305472,-0.030623703106875,-0.0304619272009181,-0.0303018190758604,-0.0301433536895408,-0.029986506483058,-0.0298312533696658,-0.0296775707239553,-0.0295254353713143,-0.029374824577657,-0.0292257160394172,-0.0290780878737969,-0.0289319186092647,-0.0287871871762953,-0.0286438728983464,-0.0285019554830637,-0.0283614150137103,-0.0282222319408122,-0.0280843870740153,-0.0279478615741477,-0.0278126369454834,-0.0276786950281982,-0.0275460179910161,-0.0274145883240401,-0.0272843888317607,-0.0271554026262396,-0.0270276131204627,-0.0269010040218576,-0.0267755593259719,-0.0266512633103067,-0.0265281005283029,-0.026406055803475,-0.0262851142236875,-0.0261652611355726,-0.026046482139083,-0.0259287630821775,-0.025812090055635,-0.0256964493879944,-0.0255818276406162,-0.0254682116028628,-0.0253555882873941,-0.0252439449255767,-0.0251332689630009,-0.025023548055106,-0.0249147700629079,-0.0248069230488284,-0.0246999952726232,-0.0245939751874048,-0.0244888514357592,-0.0243846128459528,-0.0242812484282289,-0.0241787473711888,-0.0240770990382574,-0.0239762929642312,-0.0238763188519041,-0.0237771665687725,-0.0236788261438148,-0.0235812877643444,-0.0234845417729353,-0.0233885786644158,-0.0232933890829324,-0.0231989638190779,-0.0231052938070852,-0.0230123701220841,-0.022920183977419,-0.0228287267220262,-0.0227379898378706,-0.0226479649374375,-0.0225586437612819,-0.0224700181756296,-0.0223820801700324,0,-0.0841133667588632,-0.0833192399702229,-0.0825014921350444,-0.0816726946742844,-0.0808391905078222,-0.0800046817410662,-0.0791716088748472,-0.0783417324528627,-0.0775164019030675,-0.0766966932439636,-0.0758834866424884,-0.0750775136558266,-0.0742793878734977,-0.0734896258705582,-0.0727086622385478,-0.0719368608698473,-0.0711745238009754,-0.0704218984166526,-0.0696791835141687,-0.0689465345425347,-0.068224068216568,-0.06751186663527,-0.0668099809900831,-0.0661184349216362,-0.0654372275670032,-0.0647663363293028,-0.0641057193951498,-0.0634553180214844,-0.0628150586106961,-0.0621848545911372,-0.0615646081187628,-0.0609542116145086,-0.0603535491510459,-0.0597624977016438,-0.0591809282630091,-0.0586087068631536,-0.0580456954645369,-0.0574917527719676,-0.0569467349540137,-0.0564104962859729,-0.0558828897217909,-0.0553637674016991,-0.0548529811017553,-0.0543503826309325,-0.0538558241809011,-0.0533691586331777,-0.0528902398278948,-0.0524189227980481,-0.0519550639727182,-0.0514985213524375,-0.0510491546595688,-0.0506068254662932,-0.0501713973025509,-0.0497427357460544,-0.0493207084962917,-0.0489051854342417,-0.0484960386693649,-0.0480931425752718,-0.0476963738153379,-0.047305611359404,-0.0469207364925919,-0.0465416328171593,-0.0461681862482252,-0.0458002850041166,-0.0454378195920063,-0.0450806827894484,-0.0447287696223514,-0.0443819773398782,-0.0440402053867061,-0.0437033553730404,-0.0433713310427299,-0.043044038239796,-0.0427213848736572,-0.042403280883297,-0.0420896382005952,-0.0417803707130247,-0.0414753942258853,-0.0411746264242325,-0.0408779868346381,-0.040585396786905,-0.0402967793758422,-0.0400120594231962,-0.0397311634398193,-0.0394540195881477,-0.039180557645052,-0.0389107089651125,-0.0386444064443683,-0.0383815844845769,-0.0381221789580193,-0.0378661271728784,-0.0376133678392127,-0.0373638410355444,-0.0371174881760773,-0.036874251978554,-0.0366340764327628,-0.0363969067696976,-0.0361626894313745,-0.0359313720413059,-0.0357029033756323,-0.0354772333349059,-0.0352543129165247,-0.0350340941878113,-0.0348165302597272,-0.0346015752612186,-0.0343891843141833,-0.0341793135090498,-0.033971919880959,-0.033766961386539,-0.0335643968812622,-0.0333641860973727,-0.0331662896223748,-0.03297066887807,-0.0327772861001304,-0.0325861043181994,-0.0323970873365057,-0.0322101997149793,-0.0320254067508594,-0.0318426744607812,-0.0316619695633306,-0.0314832594620557,-0.0313065122289229,-0.0311316965882078,-0.0309587819008096,-0.0307877381489774,-0.0306185359214373,-0.0304511463989138,-0.0302855413400293,-0.0301216930675762,-0.0299595744551502,-0.029799158914135,-0.0296404203810291,-0.0294833333051055,-0.029327872636396,-0.0291740138139904,-0.0290217327546406,-0.0288710058416665,-0.0287218099141482,-0.0285741222564023,-0.0284279205877323,-0.0282831830524449,-0.0281398882101265,-0.0279980150261712,-0.0278575428625545,-0.0277184514688451,-0.0275807209734482,-0.0274443318750752,-0.0273092650344306,-0.0271755016661138,-0.0270430233307271,-0.0269118119271848,-0.0267818496852183,-0.0266531191580719,-0.026525603215383,-0.0263992850362428,-0.0262741481024309,-0.0261501761918216,-0.026027353371954,-0.0259056639937638,-0.0257850926854713,-0.0256656243466217,-0.0255472441422728,-0.0254299374973267,-0.025313690091002,-0.0251984878514411,-0.0250843169504506,-0.0249711637983702,-0.0248590150390667,-0.02474785754505,-0.0246376784127077,-0.0245284649576547,-0.0244202047101954,-0.0243128854108948,-0.0242064950062558,-0.0241010216445006,-0.0239964536714509,-0.0238927796265089,-0.0237899882387303,-0.0236880684229932,-0.0235870092762549,-0.023486800073898,-0.0233874302661612,-0.0232888894746549,-0.0231911674889558,-0.0230942542632824,-0.0229981399132467,-0.0229028147126801,-0.0228082690905343,-0.022714493627851,-0.0226214790548024,-0.0225292162477984,-0.0224376962266597,-0.0223469101518555,-0.0222568493218022,-0.0221675051702245,-0.0220788692635751,-0.021990933298511,-0.0219036890994283,-0.0218171286160496,-0.0217312439210669,-0.0216460272078347,0,-0.0822412405280405,-0.0814381743320121,-0.0806118452041077,-0.0797768931302321,-0.0789395429447856,-0.0781030693465953,-0.0772695332720786,-0.0764404071132557,-0.0756168288431656,-0.0747997193628088,-0.0739898435887748,-0.0731878456956489,-0.0723942712813124,-0.0716095824037659,-0.0708341685148137,-0.0700683549285986,-0.0693124097463958,-0.0685665497664254,-0.0678309456848519,-0.0671057267661884,-0.0663909850878107,-0.0656867794215683,-0.0649931387922995,-0.0643100657405861,-0.0636375393106503,-0.0629755177811556,-0.0623239411552268,-0.0616827334253496,-0.0610518046284502,-0.060431052706151,-0.0598203651848171,-0.0592196206895339,-0.058628690305566,-0.058047438800184,-0.0574757257170068,-0.0569134063542445,-0.0563603326374412,-0.0558163538965359,-0.0552813175562986,-0.0547550697484667,-0.0542374558531989,-0.0537283209768148,-0.053227510372159,-0.0527348698073642,-0.0522502458882477,-0.0517734863390915,-0.0513044402461026,-0.0508429582674427,-0.0503888928133364,-0.0499420981994295,-0.0495024307762549,-0.0490697490373842,-0.048643913708584,-0.0482247878200686,-0.0478122367637286,-0.047406128337025,-0.0470063327750718,-0.0466127227722697,-0.0462251734947195,-0.0458435625845163,-0.0454677701569116,-0.0450976787912289,-0.0447331735163294,-0.0443741417913362,-0.0440204734822559,-0.0436720608350667,-0.0433287984457825,-0.042990583227948,-0.0426573143779713,-0.0423288933386567,-0.0420052237612578,-0.0416862114663425,-0.0413717644037201,-0.0410617926116602,-0.0407562081756029,-0.0404549251865357,-0.0401578596991969,-0.0398649296902408,-0.0395760550164853,-0.0392911573733489,-0.0390101602535691,-0.0387329889062812,-0.0384595702965282,-0.0381898330652606,-0.0379237074898761,-0.0376611254453444,-0.0374020203659506,-0.0371463272076896,-0.0368939824113334,-0.0366449238661938,-0.0363990908745915,-0.0361564241170483,-0.035916865618204,-0.0356803587134681,-0.0354468480164055,-0.0352162793868565,-0.0349885998997893,-0.0347637578148798,-0.0345417025468146,-0.0343223846363089,-0.0341057557218314,-0.0338917685120259,-0.0336803767588225,-0.0334715352312239,-0.0332651996897576,-0.0330613268615815,-0.0328598744162303,-0.0326608009419904,-0.0324640659228899,-0.0322696297162916,-0.0320774535310741,-0.0318874994063899,-0.031699730190985,-0.0315141095230686,-0.0313306018107184,-0.0311491722128096,-0.0309697866204525,-0.0307924116389292,-0.0306170145701132,-0.0304435633953617,-0.0302720267588674,-0.0301023739514578,-0.02993457489483,-0.0297686001262106,-0.029604420783426,-0.0294420085903762,-0.029281335842898,-0.0291223753950078,-0.028965100645514,-0.0288094855249881,-0.0286555044830854,-0.0285031324762041,-0.0283523449554747,-0.0282031178550703,-0.0280554275808272,-0.0279092509991705,-0.0277645654263309,-0.0276213486178499,-0.0274795787583618,-0.0273392344516456,-0.0272002947109396,-0.0270627389495103,-0.0269265469714693,-0.0267916989628308,-0.0266581754828028,-0.0265259574553053,-0.0263950261607094,-0.0262653632277909,-0.0261369506258914,-0.0260097706572836,-0.0258838059497316,-0.0257590394492436,-0.025635454413009,-0.0255130344025181,-0.0253917632768549,-0.0252716251861621,-0.0251526045652714,-0.0250346861274946,-0.0249178548585709,-0.0248020960107681,-0.024687395097129,-0.0245737378858647,-0.0244611103948847,-0.0243494988864655,-0.0242388898620497,-0.0241292700571741,-0.0240206264365231,-0.0239129461891035,-0.0238062167235365,-0.0237004256634663,-0.0235955608430792,-0.0234916103027322,-0.0233885622846867,-0.0232864052289459,-0.0231851277691913,-0.0230847187288177,-0.0229851671170624,-0.0228864621252263,-0.022788593122986,-0.0226915496547915,-0.0225953214363499,-0.0224998983511924,-0.0224052704473209,-0.0223114279339329,-0.0222183611782235,-0.0221260607022618,-0.0220345171799382,-0.0219437214339846,-0.0218536644330602,-0.0217643372889075,-0.0216757312535706,-0.021587837716678,-0.021500648202788,-0.0214141543687923,-0.0213283480013803,-0.0212432210145593,-0.0211587654472304,-0.0210749734608192,-0.0209918373369588,-0.0209093494752246,0,-0.0803701798808217,-0.0795507562488198,-0.078712556647604,-0.0778695662286967,-0.0770270806541875,-0.0761876672237404,-0.075352897119826,-0.0745239038501713,-0.0737015861247007,-0.0728866917003937,-0.0720798568473331,-0.0712816274076886,-0.0704924714997593,-0.0697127881765683,-0.0689429140401947,-0.0681831287844861,-0.0674336601426104,-0.0666946884655173,-0.0659663510299138,-0.0652487461113634,-0.0645419368294143,-0.0638459547609547,-0.0631608033162664,-0.0624864608745776,-0.0618228836796472,-0.0611700084997205,-0.0605277550594688,-0.0598960282540473,-0.0592747201571726,-0.0586637118362105,-0.0580628749877982,-0.0574720734076204,-0.0568911643077286,-0.0563199994943316,-0.0557584264183618,-0.0552062891104053,-0.0546634290108113,-0.0541296857050067,-0.0536048975732536,-0.0530889023633272,-0.0525815376938577,-0.0520826414953934,-0.0515920523955928,-0.0511096100543575,-0.0506351554541631,-0.0501685311503388,-0.0497095814855761,-0.0492581527725351,-0.0488140934480169,-0.0483772542018338,-0.0479474880831839,-0.0475246505870569,-0.047108599722933,-0.0466991960678106,-0.0462963028053817,-0.0458997857529894,-0.045509513377831,-0.0451253568037133,-0.0447471898095343,-0.0443748888205379,-0.0440083328932775,-0.043647403695127,-0.0432919854790836,-0.0429419650545318,-0.042597231754559,-0.042257677400356,-0.0419231962631689,-0.0415936850242243,-0.0412690427329993,-0.0409491707641642,-0.0406339727734912,-0.0403233546529889,-0.0400172244854874,-0.0397154924988785,-0.0394180710201851,-0.0391248744296161,-0.0388358191147424,-0.0385508234249105,-0.0382698076259992,-0.0379926938556045,-0.0377194060787328,-0.0374498700440631,-0.0371840132408381,-0.0369217648564267,-0.0366630557346,-0.0364078183345492,-0.0361559866906726,-0.0359074963731524,-0.0356622844493349,-0.0354202894459248,-0.0351814513120028,-0.0349457113828672,-0.0347130123447027,-0.0344832982000734,-0.034256514234236,-0.0340326069822678,-0.0338115241970008,-0.0335932148177538,-0.0333776289398521,-0.0331647177849222,-0.0329544336719501,-0.0327467299890904,-0.0325415611662117,-0.0323388826481652,-0.0321386508687601,-0.0319408232254336,-0.0317453580545979,-0.0315522146076506,-0.031361353027633,-0.0311727343265199,-0.0309863203631275,-0.0308020738216227,-0.0306199581906192,-0.0304399377428454,-0.0302619775153702,-0.0300860432903699,-0.0299121015764251,-0.0297401195903302,-0.0295700652394038,-0.0294019071042857,-0.0292356144222064,-0.0290711570707181,-0.0289085055518714,-0.0287476309768282,-0.0285885050508963,-0.028431100058975,-0.0282753888513998,-0.0281213448301745,-0.0279689419355798,-0.0278181546331481,-0.0276689579009931,-0.0275213272174847,-0.0273752385492586,-0.0272306683395519,-0.0270875934968546,-0.0269459913838669,-0.0268058398067563,-0.0266671170047018,-0.0265298016397214,-0.02639387278677,-0.0262593099241039,-0.0261260929239019,-0.0259942020431353,-0.0258636179146819,-0.0257343215386736,-0.0256062942740748,-0.0254795178304805,-0.0253539742601314,-0.0252296459501379,-0.0251065156149077,-0.0249845662887704,-0.0248637813187942,-0.0247441443577884,-0.0246256393574879,-0.0245082505619117,-0.0243919625008936,-0.0242767599837785,-0.0241626280932789,-0.0240495521794891,-0.02393751785405,-0.023826510984464,-0.0237165176885506,-0.0236075243290442,-0.0234995175083256,-0.0233924840632861,-0.0232864110603202,-0.0231812857904416,-0.0230770957645216,-0.0229738287086437,-0.0228714725595741,-0.0227700154603425,-0.0226694457559316,-0.0225697519890714,-0.0224709228961355,-0.0223729474031381,-0.0222758146218267,-0.0221795138458692,-0.0220840345471324,-0.0219893663720506,-0.0218954991380791,-0.0218024228302336,-0.0217101275977109,-0.0216186037505899,-0.0215278417566097,-0.021437832238024,-0.0213485659685287,-0.0212600338702614,-0.0211722270108707,-0.0210851366006532,-0.0209987539897568,-0.0209130706654485,-0.020828078249445,-0.0207437684953037,-0.0206601332858742,-0.0205771646308076,-0.020494854664121,-0.0204131956418184,-0.0203321799395649,-0.0202518000504128,-0.0201720485825786,0,-0.0784933595804968,-0.077651544166231,-0.0767991692728096,-0.0759469694187487,-0.0750985835045267,-0.0742556557652766,-0.0734191977537925,-0.0725899784369678,-0.0717686455676105,-0.0709557664578751,-0.0701518426840969,-0.0693573159594062,-0.0685725711210335,-0.0677979384175382,-0.0670336958916297,-0.0662800720955871,-0.0655372491446069,-0.0648053660238341,-0.0640845220403719,-0.0633747803166063,-0.0626761712381426,-0.0619886957898057,-0.0613123287323206,-0.060647021588748,-0.0599927054230008,-0.0593492934029678,-0.0587166831482983,-0.0580947588682505,-0.0574833932986148,-0.0568824494490141,-0.0562917821731725,-0.0557112395753131,-0.0551406642658996,-0.0545798944796277,-0.0540287650680392,-0.0534871083784409,-0.0529547550300452,-0.052431534597446,-0.0519172762107353,-0.0514118090807806,-0.0509149629574281,-0.0504265685276825,-0.0499464577602529,-0.0494744642022352,-0.0490104232331361,-0.0485541722809231,-0.0481055510043148,-0.0476644014450948,-0.04723056815384,-0.0468038982921084,-0.0463842417138089,-0.0459714510281905,-0.0455653816466327,-0.0451658918151852,-0.0447728426345986,-0.0443860980693998,-0.0440055249473996,-0.0436309929508709,-0.0432623746004975,-0.0428995452330783,-0.0425423829738586,-0.0421907687042688,-0.04184458602576,-0.0415037212203506,-0.0411680632084283,-0.040837503504291,-0.0405119361698539,-0.040191257766899,-0.0398753673082011,-0.0395641662078268,-0.0392575582308601,-0.0389554494427869,-0.0386577481587319,-0.0383643648927274,-0.0380752123071583,-0.0377902051625209,-0.0375092602676053,-0.0372322964301982,-0.0369592344083915,-0.0366899968625667,-0.0364245083081126,-0.0361626950689289,-0.035904485231754,-0.0356498086013509,-0.0353985966565767,-0.0351507825073559,-0.034906300852572,-0.034665087938887,-0.0344270815204937,-0.0341922208198046,-0.0339604464890735,-0.0337317005729491,-0.03350592647195,-0.0332830689068571,-0.0330630738840092,-0.0328458886614933,-0.0326314617162131,-0.0324197427118252,-0.032210682467525,-0.0320042329276671,-0.0318003471322066,-0.0315989791879381,-0.031400084240524,-0.0312036184472853,-0.0310095389507452,-0.0308178038529021,-0.0306283721902178,-0.0304412039093015,-0.0302562598432723,-0.0300735016887832,-0.0298928919836887,-0.0297143940853392,-0.0295379721494856,-0.0293635911097776,-0.0291912166578374,-0.0290208152238968,-0.0288523539579782,-0.0286858007116058,-0.0285211240200323,-0.0283582930849648,-0.028197277757778,-0.0280380485231981,-0.027880576483445,-0.0277248333428204,-0.0275707913927264,-0.0274184234971032,-0.027267703078276,-0.0271186041031932,-0.026971101070051,-0.0268251689952876,-0.0266807834009402,-0.0265379203023502,-0.0263965561962099,-0.0262566680489383,-0.0261182332853758,-0.0259812297777912,-0.0258456358351884,-0.0257114301929056,-0.0255785920024986,-0.0254471008218986,-0.0253169366058372,-0.0251880796965307,-0.0250605108146152,-0.0249342110503255,-0.0248091618549121,-0.0246853450322861,-0.0245627427308884,-0.0244413374357743,-0.0243211119609084,-0.0242020494416643,-0.0240841333275205,-0.0239673473749496,-0.0238516756404934,-0.0237371024740193,-0.0236236125121524,-0.0235111906718779,-0.02339982214431,-0.0232894923886206,-0.0231801871261255,-0.023071892334521,-0.0229645942422696,-0.0228582793231269,-0.0227529342908095,-0.0226485460937967,-0.0225451019102635,-0.0224425891431426,-0.0223409954153084,-0.0222403085648825,-0.0221405166406564,-0.0220416078976271,-0.0219435707926445,-0.0218463939801644,-0.0217500663081085,-0.0216545768138234,-0.0215599147201404,-0.0214660694315298,-0.0213730305303496,-0.021280787773185,-0.0211893310872753,-0.0210986505670272,-0.0210087364706126,-0.0209195792166456,-0.0208311693809413,-0.0207434976933486,-0.0206565550346601,-0.0205703324335945,-0.0204848210638484,-0.0204000122412192,-0.0203158974207939,-0.0202324681942032,-0.0201497162869404,-0.0200676335557409,-0.019986211986023,-0.0199054436893867,-0.0198253209011711,-0.0197458359780658,-0.019666981395777,-0.0195887497467481,-0.0195111337379294,-0.0194341261886,0,-0.0766027340324528,-0.0757348166005159,-0.0748672003074737,-0.0740053835079589,-0.0731508583482576,-0.0723042340787239,-0.071465943080627,-0.0706363913334103,-0.069815980075776,-0.0690050991270168,-0.0682041161593274,-0.067413367681818,-0.0666331528035764,-0.0658637296148179,-0.0651053137188592,-0.0643580784105791,-0.0636221560461438,-0.0628976402241741,-0.0621845884767963,-0.0614830252402255,-0.0607929449348736,-0.0601143150337878,-0.0594470790363735,-0.058791159293369,-0.0581464596505665,-0.0575128678944014,-0.056890257993601,-0.0562784921387044,-0.0556774225863428,-0.0550868933183584,-0.0545067415277017,-0.0539367989439389,-0.0533768930114452,-0.0528268479331528,-0.0522864855922175,-0.0517556263633006,-0.0512340898243796,-0.0507216953791795,-0.0502182627994998,-0.0497236126958874,-0.0492375669243522,-0.0487599489360773,-0.0482905840764121,-0.0478292998387992,-0.0473759260787256,-0.0469302951922508,-0.0464922422632029,-0.046061605182697,-0.0456382247442415,-0.0452219447173529,-0.0448126119022811,-0.044410076168168,-0.0440141904767065,-0.0436248108931433,-0.0432417965862643,-0.0428650098188197,-0.0424943159296839,-0.042129583308902,-0.0417706833666425,-0.0414174904969632,-0.0410698820371889,-0.0407277382236159,-0.0403909421441677,-0.0400593796885575,-0.0397329394964459,-0.039411512904028,-0.0390949938894241,-0.0387832790172118,-0.0384762673823866,-0.0381738605540103,-0.0378759625187656,-0.037582479624613,-0.0372933205247161,-0.0370083961217793,-0.0367276195129236,-0.0364509059352039,-0.0361781727118608,-0.0359093391993786,-0.0356443267354173,-0.0353830585876649,-0.0351254599036562,-0.0348714576615907,-0.034620980622172,-0.0343739592814926,-0.0341303258249725,-0.0338900140823619,-0.0336529594838108,-0.0334190990170041,-0.0331883711853586,-0.0329607159672746,-0.0327360747764335,-0.0325143904231267,-0.0322956070766064,-0.0320796702284382,-0.0318665266568445,-0.0316561243920148,-0.03144841268237,-0.0312433419617577,-0.0310408638175609,-0.0308409309596992,-0.0306434971905007,-0.0304485173754273,-0.030255947414628,-0.0300657442153051,-0.0298778656648663,-0.0296922706048484,-0.0295089188055867,-0.0293277709416142,-0.0291487885677684,-0.0289719340959862,-0.0287971707727688,-0.0286244626572967,-0.0284537746001766,-0.0282850722228018,-0.0281183218973083,-0.0279534907271094,-0.0277905465279922,-0.0276294578097582,-0.0274701937583931,-0.0273127242187493,-0.027157019677726,-0.027003051247932,-0.0268507906518168,-0.0267002102062546,-0.0265512828075709,-0.026403981916993,-0.026258281546517,-0.0261141562451744,-0.0259715810856892,-0.0258305316515115,-0.0256909840242168,-0.0255529147712609,-0.0254163009340776,-0.0252811200165107,-0.0251473499735686,-0.0250149692004923,-0.0248839565221282,-0.0247542911825941,-0.0246259528352321,-0.0244989215328379,-0.0243731777181587,-0.0242487022146521,-0.024125476217497,-0.0240034812848498,-0.0238826993293377,-0.023763112609784,-0.023644703723155,-0.0235274555967245,-0.0234113514804491,-0.0232963749395469,-0.0231825098472746,-0.0230697403778963,-0.0229580509998392,-0.0228474264690299,-0.0227378518224057,-0.022629312371597,-0.0225217936967751,-0.0224152816406596,-0.0223097623026827,-0.0222052220333036,-0.0221016474284708,-0.0219990253242261,-0.0218973427914478,-0.0217965871307275,-0.0216967458673784,-0.0215978067465695,-0.0214997577285837,-0.0214025869841952,-0.0213062828901629,-0.0212108340248375,-0.0211162291638775,-0.0210224572760723,-0.0209295075192694,-0.0208373692364004,-0.0207460319516075,-0.0206554853664637,-0.020565719356285,-0.020476723966534,-0.0203884894093099,-0.0203010060599238,-0.0202142644535567,-0.020128255281998,-0.0200429693904621,-0.0199583977744812,-0.019874531576872,-0.0197913620847743,-0.0197088807267602,-0.0196270790700106,-0.0195459488175592,-0.0194654818055992,-0.0193856700008553,-0.019306505498015,-0.0192279805172199,-0.0191500874016154,-0.0190728186149561,-0.0189961667392672,-0.0189201244725579,-0.0188446846265886,-0.0187698401246876,-0.0186955839996178,0,-0.0746896207519303,-0.0737948471244568,-0.0729122824295458,-0.0720411985906677,-0.0711807950800176,-0.0703306605875343,-0.0694906826512664,-0.0686609324047114,-0.0678415838677847,-0.0670328614093116,-0.0662350055154539,-0.0654482504638276,-0.0646728100555991,-0.0639088689693231,-0.0631565780788031,-0.0624160525481884,-0.0616873718345996,-0.060970580958564,-0.0602656925752545,-0.0595726895103008,-0.0588915275224483,-0.0582221381287575,-0.0575644313820562,-0.0569182985295659,-0.0562836145096861,-0.0556602402636787,-0.055048024852664,-0.0544468073795665,-0.0538564187216943,-0.0532766830834018,-0.052707419380462,-0.0521484424688397,-0.0515995642308759,-0.0510605945317055,-0.0505313420582285,-0.0500116150522609,-0.0495012219486864,-0.0489999719285899,-0.0485076753965021,-0.0480241443900602,-0.0475491929296062,-0.0470826373145006,-0.0466242963722559,-0.0461739916659565,-0.0457315476648676,-0.0452967918826068,-0.0448695549867889,-0.0444496708836229,-0.0440369767805662,-0.0436313132297893,-0.043232524154908,-0.0428404568631553,-0.0424549620449285,-0.0420758937624229,-0.0417031094288703,-0.0413364697797266,-0.0409758388369969,-0.0406210838677486,-0.0402720753377415,-0.039928686860992,-0.0395907951459941,-0.0392582799392308,-0.0389310239665335,-0.0386089128727821,-0.0382918351603692,-0.0379796821268088,-0.0376723478018122,-0.0373697288841191,-0.0370717246783274,-0.0367782370319386,-0.0364891702727989,-0.0362044311470971,-0.0359239287580513,-0.0356475745053974,-0.0353752820257796,-0.0351069671341152,-0.0348425477660068,-0.0345819439212492,-0.0343250776084759,-0.0340718727909759,-0.0338222553337067,-0.0335761529515189,-0.0333334951586022,-0.0330942132191578,-0.0328582400992975,-0.0326255104201638,-0.0323959604122637,-0.0321695278710038,-0.0319461521134144,-0.0317257739360451,-0.0315083355740142,-0.0312937806611917,-0.0310820541914967,-0.0308731024812848,-0.0306668731328046,-0.0304633149986985,-0.030262378147525,-0.0300640138302777,-0.0298681744478765,-0.0296748135196061,-0.0294838856524793,-0.0292953465114971,-0.0291091527907856,-0.0289252621855826,-0.0287436333650514,-0.0285642259458982,-0.028387000466771,-0.0282119183634158,-0.0280389419445697,-0.0278680343685678,-0.0276991596206437,-0.0275322824909024,-0.0273673685529452,-0.0272043841431275,-0.0270432963404295,-0.0268840729469216,-0.0267266824688059,-0.0265710940980168,-0.0264172776943622,-0.026265203768189,-0.0261148434635576,-0.0259661685419088,-0.0258191513662073,-0.0256737648855468,-0.0255299826202049,-0.0253877786471294,-0.0252471275858468,-0.0251080045847763,-0.0249703853079392,-0.0248342459220499,-0.024699563083977,-0.0245663139285633,-0.0244344760567918,-0.0243040275242904,-0.0241749468301601,-0.0240472129061216,-0.0239208051059651,-0.0237957031952993,-0.023671887341586,-0.0235493381044534,-0.0234280364262805,-0.0233079636230404,-0.0231891013754001,-0.0230714317200631,-0.0229549370413523,-0.0228396000630229,-0.022725403840298,-0.0226123317521233,-0.02250036749363,-0.0223894950688034,-0.0222796987833478,-0.0221709632377441,-0.0220632733204937,-0.0219566142015413,-0.0218509713258747,-0.0217463304072929,-0.0216426774223394,-0.0215399986043956,-0.021438280437929,-0.0213375096528919,-0.0212376732192658,-0.0211387583417486,-0.021040752454578,-0.0209436432164897,-0.0208474185058045,-0.0207520664156418,-0.0206575752492544,-0.0205639335154835,-0.020471129924328,-0.0203791533826255,-0.0202879929898432,-0.0201976380339731,-0.0201080779875309,-0.0200193025036546,-0.0199313014122988,-0.0198440647165249,-0.0197575825888812,-0.0196718453678734,-0.0195868435545207,-0.0195025678089955,-0.0194190089473462,-0.0193361579382985,-0.019254005900134,-0.0191725440976441,-0.0190917639391571,-0.0190116569736361,-0.0189322148878462,-0.0188534295035889,-0.018775292775002,-0.0186977967859227,-0.0186209337473137,-0.0185446959947483,-0.0184690759859548,-0.0183940662984186,-0.0183196596270386,-0.0182458487818385,-0.0181726266857311,-0.0180999863723326,-0.0180279209838287,-0.0179564237688871,0,-0.0727454028213179,-0.0718262087187686,-0.0709302992384631,-0.0700509880028209,-0.0691854140821579,-0.0683322870230205,-0.0674910338058846,-0.0666614419818114,-0.0658434899811871,-0.0650372560880399,-0.064242865012596,-0.0634604549551042,-0.0626901570912422,-0.061932083114816,-0.0611863181806314,-0.0604529174947666,-0.0597319053450782,-0.0590232757259119,-0.0583269939627607,-0.0576429989222263,-0.0569712055215875,-0.0563115073446877,-0.0556637792366476,-0.0550278797963656,-0.0544036537182137,-0.0537909339567076,-0.0531895437031061,-0.0525992981729593,-0.0520200062100985,-0.0514514717165282,-0.0508934949199163,-0.0503458734914362,-0.0498084035269934,-0.049280880404624,-0.0487630995303021,-0.048254856983642,-0.047755950074147,-0.0472661778177736,-0.0467853413427158,-0.0463132442324681,-0.0458496928134338,-0.0453944963936061,-0.044947467458163,-0.0445084218272001,-0.0440771787802513,-0.0436535611517422,-0.0432373954010564,-0.042828511660482,-0.0424267437639355,-0.0420319292590289,-0.0416439094047511,-0.0412625291567691,-0.0408876371421251,-0.0405190856248916,-0.0401567304641642,-0.0398004310656089,-0.0394500503276325,-0.0391054545831138,-0.0387665135375226,-0.03843310020415,-0.0381050908370791,-0.037782364862454,-0.0374648048085244,-0.0371522962348892,-0.0368447276613001,-0.0365419904963421,-0.0362439789662612,-0.0359505900441741,-0.0356617233798577,-0.0353772812302896,-0.0350971683910831,-0.0348212921289342,-0.0345495621151848,-0.0342818903605811,-0.0340181911512931,-0.0337583809862504,-0.0335023785158311,-0.0332501044819368,-0.0330014816594716,-0.0327564347992395,-0.0325148905722653,-0.0322767775155383,-0.0320420259791736,-0.0318105680749807,-0.0315823376264268,-0.0313572701199754,-0.0311353026577835,-0.0309163739117335,-0.0307004240787761,-0.0304873948375603,-0.030277229306322,-0.0300698720020052,-0.0298652688005879,-0.0296633668985808,-0.0294641147756754,-0.0292674621585073,-0.0290733599855063,-0.0288817603728078,-0.0286926165811908,-0.0285058829840188,-0.0283215150361518,-0.0281394692438034,-0.0279597031353131,-0.027782175232811,-0.0276068450247419,-0.0274336729392293,-0.0272626203182488,-0.0270936493925897,-0.0269267232575767,-0.0267618058495333,-0.0265988619229561,-0.0264378570283873,-0.0262787574909544,-0.0261215303895611,-0.0259661435367085,-0.0258125654589235,-0.0256607653777784,-0.0255107131914818,-0.0253623794570205,-0.0252157353728377,-0.0250707527620289,-0.0249274040560377,-0.0247856622788388,-0.0246455010315879,-0.0245068944777278,-0.0243698173285338,-0.024234244829084,-0.0241001527446426,-0.0239675173474413,-0.0238363154038463,-0.0237065241619003,-0.023578121339224,-0.0234510851112698,-0.0233253940999132,-0.0232010273623721,-0.0230779643804452,-0.022956185050056,-0.0228356696710963,-0.0227163989375578,-0.0225983539279417,-0.022481516095941,-0.0223658672613832,-0.022251389601427,-0.0221380656420058,-0.0220258782495079,-0.0219148106226893,-0.0218048462848082,-0.0216959690759778,-0.0215881631457277,-0.0214814129457697,-0.0213757032229611,-0.0212710190124581,-0.0211673456310549,-0.0210646686707039,-0.0209629739922078,-0.0208622477190822,-0.0207624762315824,-0.0206636461608871,-0.0205657443834389,-0.0204687580154319,-0.0203726744074459,-0.0202774811392205,-0.0201831660145667,-0.0200897170564096,-0.0199971225019607,-0.019905370798015,-0.019814450596369,-0.0197243507493556,-0.019635060305495,-0.0195465685052545,-0.0194588647769171,-0.0193719387325542,-0.0192857801641003,-0.0192003790395251,-0.0191157254991036,-0.0190318098517764,-0.0189486225716032,-0.018866154294302,-0.0187843958138753,-0.0187033380793179,-0.018622972191406,-0.0185432893995655,-0.0184642810988143,-0.0183859388267814,-0.0183082542607959,-0.0182312192150466,-0.0181548256378108,-0.0180790656087481,-0.0180039313362585,-0.0179294151549044,-0.017855509522893,-0.0177822070196169,-0.017709500343255,-0.0176373823084263,-0.0175658458439016,-0.0174948839903662,-0.017424489898235,-0.0173546568255185,-0.0172853781357371,-0.017216647295884,0,-0.0707624267433008,-0.069824056721772,-0.0689174996224862,-0.0680315667971836,-0.067161902825338,-0.0663065847703187,-0.0654647023437302,-0.0646358279407072,-0.0638197848414204,-0.0630165297063747,-0.0622260861010159,-0.0614485044891794,-0.0606838376858907,-0.0599321260418932,-0.0591933889865733,-0.0584676207714988,-0.0577547889707401,-0.0570548347527221,-0.0563676742482179,-0.0556932005535874,-0.0550312860581188,-0.0543817848889573,-0.0537445353399034,-0.0531193622006844,-0.0525060789377602,-0.0519044897010349,-0.0513143911463678,-0.0507355740738603,-0.0501678248882493,-0.049610926891508,-0.0490646614198009,-0.0485288088378055,-0.0480031494035403,-0.0474874640164629,-0.0469815348609491,-0.0464851459564395,-0.0459980836246501,-0.0455201368833218,-0.0450510977750987,-0.0445907616392641,-0.0441389273332704,-0.0436953974102577,-0.0432599782580851,-0.0428324802047797,-0.0424127175947621,-0.0420005088397054,-0.0415956764474388,-0.0411980470319122,-0.0408074513068799,-0.0404237240656495,-0.0400467041489567,-0.0396762344027844,-0.0393121616277177,-0.0389543365212354,-0.0386026136141639,-0.0382568512023663,-0.0379169112746057,-0.0375826594374001,-0.0372539648375829,-0.0369307000831897,-0.036612741163207,-0.0362999673666495,-0.0359922612013691,-0.0356895083129374,-0.0353915974038981,-0.0350984201536454,-0.0348098711391353,-0.0345258477566139,-0.0342462501445139,-0.0339709811076394,-0.0336999460427455,-0.0334330528655896,-0.033170211939524,-0.0329113360056755,-0.0326563401147471,-0.0324051415604721,-0.032157659814728,-0.031913816464323,-0.0316735351494485,-0.0314367415037946,-0.0312033630963119,-0.0309733293746052,-0.030746571609937,-0.0305230228438136,-0.0303026178361308,-0.0300852930148476,-0.0298709864271571,-0.0296596376921198,-0.0294511879547318,-0.0292455798413867,-0.0290427574166999,-0.0288426661416605,-0.0286452528330731,-0.028450465624256,-0.0282582539269609,-0.0280685683944773,-0.0278813608858889,-0.0276965844314472,-0.0275141931990293,-0.0273341424616458,-0.0271563885659687,-0.0269808889018443,-0.0268076018727649,-0.0266364868672634,-0.0264675042312076,-0.0263006152409592,-0.0261357820773757,-0.0259729678006224,-0.0258121363257728,-0.0256532523991693,-0.025496281575518,-0.0253411901956987,-0.0251879453652601,-0.0250365149335819,-0.0248868674736816,-0.0247389722626417,-0.0245927992626413,-0.0244483191025669,-0.0243055030601892,-0.0241643230448807,-0.024024751580862,-0.0238867617909555,-0.0237503273808308,-0.0236154226237274,-0.0234820223456351,-0.0233501019109202,-0.0232196372083825,-0.0230906046377269,-0.0229629810964384,-0.0228367439670445,-0.0227118711047569,-0.0225883408254735,-0.022466131894136,-0.0223452235134252,-0.0222255953127886,-0.0221072273377844,-0.0219901000397357,-0.0218741942656833,-0.021759491248626,-0.0216459725980425,-0.0215336202906827,-0.0214224166616218,-0.0213123443955674,-0.0212033865184129,-0.0210955263890287,-0.0209887476912829,-0.0208830344262868,-0.0207783709048541,-0.0206747417401706,-0.0205721318406681,-0.0204705264030913,-0.0203699109057577,-0.0202702711020013,-0.0201715930137939,-0.0200738629255412,-0.0199770673780452,-0.0198811931626309,-0.0197862273154287,-0.0196921571118123,-0.0195989700609823,-0.019506653900696,-0.0194151965921345,-0.0193245863149068,-0.0192348114621843,-0.0191458606359629,-0.0190577226424481,-0.0189703864875612,-0.0188838413725602,-0.0187980766897749,-0.0187130820184512,-0.0186288471207013,-0.0185453619375577,-0.0184626165851278,-0.0183806013508443,-0.0182993066898124,-0.0182187232212472,-0.0181388417250004,-0.0180596531381746,-0.0179811485518208,-0.0179033192077182,-0.0178261564952331,-0.0177496519482555,-0.0176737972422107,-0.0175985841911428,-0.017524004744871,-0.0174500509862129,-0.0173767151282763,-0.0173039895118155,-0.0172318666026505,-0.0171603389891493,-0.0170893993797687,-0.0170190406006536,-0.0169492555932941,-0.0168800374122368,-0.0168113792228497,-0.0167432742991403,-0.0166757160216235,-0.0166086978752395,-0.0165422134473201,-0.0164762564256013,0,-0.0687346787834524,-0.0677843443752825,-0.0668705773965399,-0.0659800304599312,-0.065107640144746,-0.0642511630043129,-0.063409497480178,-0.0625820786880964,-0.061768619832393,-0.060968983008165,-0.0601831068943708,-0.0594109636929407,-0.0586525329974791,-0.0579077861931483,-0.0571766776364559,-0.0564591402404197,-0.0557550839001341,-0.0550643957095504,-0.0543869412636275,-0.0537225665733262,-0.0530711002806382,-0.0524323559702408,-0.051806134449024,-0.0511922259153584,-0.0505904119739783,-0.0500004674749086,-0.0494221621695535,-0.0488552621863803,-0.0482995313343082,-0.0477547322451277,-0.0472206273678731,-0.0466969798285983,-0.0461835541688559,-0.0456801169756216,-0.0451864374146006,-0.0447022876779373,-0.0442274433563846,-0.0437616837450374,-0.0433047920908133,-0.0428565557890086,-0.0424167665354557,-0.0419852204400796,-0.0415617181069938,-0.0411460646856756,-0.0407380698972298,-0.0403375480392696,-0.0399443179725227,-0.0395582030918874,-0.0391790312843338,-0.0388066348757455,-0.0384408505685362,-0.0380815193716455,-0.0377284865243106,-0.0373816014148336,-0.0370407174954055,-0.036705692193905,-0.0363763868234719,-0.036052666490542,-0.035734400001941,-0.0354214597715447,-0.0351137217269461,-0.0348110652165015,-0.0345133729170713,-0.0342205307427267,-0.0339324277546413,-0.0336489560723601,-0.0333700107865949,-0.0330954898736722,-0.0328252941117347,-0.0325593269987725,-0.0322974946725434,-0.0320397058324245,-0.0317858716632249,-0.0315359057609735,-0.0312897240606886,-0.0310472447661259,-0.0308083882814937,-0.030573077145117,-0.0303412359650297,-0.0301127913564638,-0.029887671881207,-0.0296658079887943,-0.029447131959493,-0.0292315778490474,-0.0290190814351384,-0.0288095801655179,-0.0286030131077758,-0.0283993209006959,-0.0281984457071583,-0.0280003311685436,-0.027804922360598,-0.027612165750714,-0.0274220091565862,-0.0272344017061994,-0.0270492937991091,-0.0268666370689717,-0.0266863843472877,-0.0265084896283165,-0.0263329080351268,-0.0261595957867453,-0.0259885101663661,-0.0258196094905887,-0.0256528530796468,-0.025488201228599,-0.0253256151794459,-0.025165057094143,-0.0250064900284811,-0.0248498779068024,-0.0246951854975257,-0.024542378389452,-0.0243914229688251,-0.0242422863971204,-0.0240949365895375,-0.0239493421941733,-0.0238054725718505,-0.0236632977765819,-0.0235227885366451,-0.0233839162362512,-0.0232466528977837,-0.0231109711645889,-0.0229768442843006,-0.0228442460926799,-0.0227131509979512,-0.022583533965621,-0.022455370503759,-0.0223286366487299,-0.0222033089513573,-0.0220793644635075,-0.0219567807250778,-0.0218355357513767,-0.0217156080208814,-0.0215969764633619,-0.021479620448358,-0.0213635197739983,-0.0212486546561495,-0.0211350057178845,-0.0210225539792611,-0.0209112808473972,-0.0208011681068372,-0.0206921979101964,-0.0205843527690765,-0.0204776155452423,-0.0203719694420522,-0.0202673979961327,-0.0201638850692909,-0.0200614148406562,-0.0199599717990434,-0.0198595407355317,-0.0197601067362515,-0.0196616551753729,-0.0195641717082889,-0.0194676422649884,-0.0193720530436116,-0.0192773905041836,-0.0191836413625184,-0.019090792584291,-0.0189988313792702,-0.0189077451957063,-0.0188175217148736,-0.0187281488457561,-0.0186396147198782,-0.0185519076862719,-0.0184650163065792,-0.0183789293502824,-0.0182936357900622,-0.0182091247972767,-0.0181253857375592,-0.0180424081665309,-0.0179601818256245,-0.0178786966380171,-0.0177979427046671,-0.0177179103004528,-0.0176385898704113,-0.0175599720260711,-0.01748204754188,-0.0174048073517227,-0.0173282425455256,-0.0172523443659479,-0.017177104205155,-0.0171025136016723,-0.0170285642373178,-0.0169552479342101,-0.0168825566518501,-0.0168104824842752,-0.0167390176572823,-0.0166681545257189,-0.0165978855708404,-0.0165282033977306,-0.0164591007327857,-0.0163905704212567,-0.0163226054248536,-0.0162551988194035,-0.0161883437925677,-0.0161220336416098,-0.016056261771219,-0.0159910216913826,-0.0159263070153104,-0.0158621114574055,-0.0157984288312839,-0.0157352530478394,0,-0.0666582478794073,-0.0657039328255722,-0.0647867070060179,-0.0638937715256265,-0.0630202076619796,-0.062163778576232,-0.0613233411723576,-0.0604982721478543,-0.0596882199463281,-0.0588929791962145,-0.0581124199776541,-0.057346445799501,-0.0565949683580667,-0.0558578927247958,-0.0551351091852787,-0.0544264893348804,-0.0537318848652252,-0.0530511280061754,-0.0523840329386641,-0.0517303977289638,-0.0510900064933875,-0.0504626316089684,-0.049848035857001,-0.04924597443373,-0.0486561967936336,-0.0480784483109171,-0.0475124717576004,-0.0469580086043823,-0.0464148001549717,-0.0458825885269112,-0.0453611174928464,-0.0448501331962402,-0.0443493847550274,-0.0438586247658936,-0.0433776097208901,-0.0429061003470566,-0.0424438618786948,-0.0419906642709333,-0.0415462823622914,-0.0411104959930829,-0.0406830900857127,-0.0402638546922042,-0.0398525850136567,-0.0394490813957569,-0.0390531493039625,-0.0386645992815196,-0.0382832468930811,-0.0379089126563365,-0.0375414219637532,-0.0371806049962574,-0.0368262966304391,-0.036478336340657,-0.0361365680972312,-0.03580084026175,-0.0354710054803738,-0.0351469205758966,-0.0348284464392097,-0.0345154479207276,-0.0342077937222394,-0.0339053562895876,-0.033608011706505,-0.0333156395898893,-0.0330281229867433,-0.0327453482729696,-0.0324672050541712,-0.032193586068575,-0.0319243870921744,-0.0316595068461559,-0.0313988469066593,-0.0311423116169026,-0.0308898080016864,-0.0306412456842803,-0.0303965368056845,-0.0301555959462479,-0.0299183400496185,-0.0296846883489941,-0.0294545622956369,-0.0292278854896098,-0.029004583612691,-0.0287845843634174,-0.0285678173942088,-0.0283542142505205,-0.0281437083119714,-0.0279362347353954,-0.0277317303997618,-0.0275301338529099,-0.0273313852600464,-0.0271354263539498,-0.0269422003868311,-0.0267516520837987,-0.0265637275978733,-0.0263783744665087,-0.0261955415695616,-0.0260151790886702,-0.0258372384679875,-0.0256616723762297,-0.0254884346699905,-0.0253174803582804,-0.0251487655682492,-0.0249822475120491,-0.0248178844548,-0.024655635683619,-0.0244954614776757,-0.0243373230792387,-0.0241811826656784,-0.0240270033223902,-0.0238747490166094,-0.0237243845720839,-0.0235758756445749,-0.0234291886981572,-0.0232842909822889,-0.0231411505096268,-0.0229997360345571,-0.0228600170324196,-0.0227219636793993,-0.0225855468330617,-0.0224507380135102,-0.0223175093851434,-0.022185833738991,-0.022055684475608,-0.0219270355885079,-0.0217998616481167,-0.0216741377862284,-0.0215498396809453,-0.0214269435420866,-0.0213054260970482,-0.0211852645770987,-0.0210664367040969,-0.0209489206776158,-0.020832695162459,-0.0207177392765573,-0.0206040325792306,-0.0204915550598051,-0.0203802871265713,-0.0202702095960735,-0.0201613036827182,-0.0200535509886905,-0.0199469334941704,-0.0198414335478363,-0.0197370338576468,-0.0196337174818945,-0.0195314678205172,-0.0194302686066634,-0.019330103898501,-0.0192309580712619,-0.0191328158095146,-0.0190356620996574,-0.0189394822226255,-0.0188442617468047,-0.0187499865211452,-0.0186566426684687,-0.0185642165789637,-0.0184726949038612,-0.0183820645492872,-0.0182923126702849,-0.0182034266650012,-0.018115394169034,-0.0180282030499333,-0.0179418414018521,-0.0178562975403435,-0.0177715599972965,-0.0176876175160104,-0.0176044590464001,-0.0175220737403293,-0.0174404509470688,-0.0173595802088747,-0.0172794512566829,-0.0172000540059186,-0.0171213785524129,-0.0170434151684286,-0.0169661542987881,-0.0168895865571014,-0.016813702722092,-0.0167384937340174,-0.0166639506911798,-0.0165900648465287,-0.0165168276043462,-0.0164442305170192,-0.0163722652818917,-0.0163009237381959,-0.0162301978640609,-0.0161600797735955,-0.016090561714044,-0.0160216360630112,-0.0159532953257574,-0.0158855321325583,-0.0158183392361309,-0.015751709509121,-0.0156856359416526,-0.0156201116389355,-0.0155551298189326,-0.0154906838100803,-0.0154267670490663,-0.0153633730786586,-0.0153004955455866,-0.0152381281984729,-0.0151762648858127,-0.0151148995540017,-0.0150540262454096,-0.0149936390964991,0,-0.0645314995274667,-0.0635805811129861,-0.0626635324723342,-0.061770474100363,-0.0608973888549797,-0.060042338139932,-0.0592042722002954,-0.058382581035264,-0.0575768897184277,-0.0567869501510831,-0.0560125786460964,-0.0552536187264741,-0.0545099190731245,-0.0537813209549126,-0.0530676516621225,-0.0523687217148781,-0.0516843243954998,-0.0510142366578559,-0.0503582207993732,-0.0497160265019783,-0.0490873929944152,-0.0484720511847954,-0.0478697256753862,-0.0472801366125662,-0.0467030013510141,-0.0461380359275431,-0.0455849563498671,-0.0450434797112426,-0.0445133251448522,-0.0439942146329746,-0.0434858736860821,-0.042988031906457,-0.0425004234499941,-0.0420227873987616,-0.0415548680557235,-0.0410964151718659,-0.0406471841148644,-0.0402069359873889,-0.0397754377021977,-0.0393524620203042,-0.0389377875577324,-0.0385311987656805,-0.038132485888301,-0.0377414449017627,-0.03735787743778,-0.0369815906943743,-0.0366123973362617,-0.0362501153869402,-0.0358945681142592,-0.0355455839110132,-0.0352029961718804,-0.0348666431678376,-0.0345363679190208,-0.0342120180668541,-0.0338934457461449,-0.0335805074577364,-0.0332730639422109,-0.0329709800550584,-0.032674124643649,-0.0323823704262935,-0.0320955938736131,-0.0318136750924024,-0.031536497712125,-0.0312639487741469,-0.030995918623785,-0.0307323008052228,-0.0304729919593232,-0.0302178917243484,-0.0299669026395855,-0.0297199300518601,-0.0294768820249092,-0.0292376692515773,-0.0290022049687917,-0.028770404875265,-0.0285421870518701,-0.028317471884629,-0.0280961819902503,-0.0278782421441542,-0.0276635792109157,-0.0274521220770599,-0.0272438015861414,-0.0270385504760396,-0.0268363033184024,-0.0266369964601699,-0.026440567967113,-0.0262469575693208,-0.0260561066085703,-0.0258679579875196,-0.0256824561206577,-0.0254995468869534,-0.0253191775841453,-0.0251412968846109,-0.0249658547927658,-0.0247928026039324,-0.0246220928646298,-0.0244536793342322,-0.0242875169479478,-0.0241235617810686,-0.0239617710144472,-0.0238021029011545,-0.0236445167342762,-0.0234889728158059,-0.0233354324265965,-0.0231838577973277,-0.0230342120804573,-0.0228864593231159,-0.0227405644409138,-0.0225964931926239,-0.0224542121557122,-0.022313688702681,-0.0221748909781982,-0.0220377878769829,-0.0219023490224199,-0.0217685447458762,-0.0216363460666954,-0.0215057246728437,-0.021376652902186,-0.0212491037243671,-0.0211230507232786,-0.0209984680800884,-0.0208753305568147,-0.0207536134804228,-0.0206332927274283,-0.0205143447089871,-0.0203967463564561,-0.0202804751074075,-0.0201655088920795,-0.0200518261202513,-0.0199394056685242,-0.0198282268679961,-0.0197182694923158,-0.0196095137461043,-0.0195019402537288,-0.019395530048419,-0.0192902645617132,-0.0191861256132227,-0.0190830954007044,-0.0189811564904297,-0.0188802918078425,-0.0187804846284919,-0.0186817185692358,-0.0185839775797019,-0.0184872459339999,-0.0183915082226756,-0.0182967493448995,-0.0182029545008816,-0.0181101091845055,-0.0180181991761726,-0.0179272105358541,-0.0178371295963381,-0.0177479429566709,-0.0176596374757824,-0.0175722002662908,-0.017485618688483,-0.0173998803444605,-0.0173149730724508,-0.0172308849412746,-0.0171476042449668,-0.0170651194975444,-0.0169834194279191,-0.0169024929749475,-0.0168223292826153,-0.0167429176953539,-0.0166642477534808,-0.0165863091887638,-0.0165090919201034,-0.0164325860493302,-0.0163567818571136,-0.0162816697989786,-0.0162072405014276,-0.0161334847581638,-0.0160603935264131,-0.0159879579233417,-0.0159161692225656,-0.0158450188507525,-0.015774498384308,-0.0157045995461491,-0.0156353142025587,-0.0155666343601201,-0.0154985521627296,-0.0154310598886834,-0.0153641499478395,-0.0152978148788481,-0.0152320473464528,-0.0151668401388584,-0.0151021861651636,-0.0150380784528568,-0.0149745101453736,-0.0149114744997141,-0.0148489648841182,-0.0147869747757962,-0.0147254977587169,-0.014664527521446,-0.0146040578550378,-0.0145440826509779,-0.0144845958991736,-0.0144255916859923,-0.0143670641923471,-0.0143090076918267,-0.014251416548869,0,-0.0623545599372416,-0.061412819531503,-0.0604991135089382,-0.0596080886836575,-0.0587371572627436,-0.0578848934877252,-0.0570504456598561,-0.0562332748719057,-0.0554330167607051,-0.054649400827693,-0.0538822017235149,-0.0531312100193254,-0.0523962152937407,-0.0516769970393904,-0.0509733204748199,-0.0502849353603362,-0.0496115765836815,-0.0489529657233119,-0.0483088130885882,-0.0476788199271662,-0.0470626806139346,-0.0464600847156466,-0.0458707188760695,-0.0452942684981377,-0.0447304192188873,-0.04417885818428,-0.0436392751372483,-0.043111363335316,-0.0425948203151718,-0.0420893485214121,-0.0415946558158049,-0.0411104558822201,-0.0406364685409927,-0.0401724199850786,-0.0397180429490021,-0.0392730768203083,-0.0388372677020578,-0.0384103684338361,-0.0379921385777875,-0.0375823443753447,-0.0371807586795626,-0.036787160867311,-0.0364013367349992,-0.0360230783809972,-0.0356521840774772,-0.0352884581340116,-0.0349317107549279,-0.034581757892132,-0.0342384210948526,-0.0339015273575446,-0.0335709089669967,-0.0332464033495214,-0.0329278529189681,-0.0326151049261706,-0.0323080113103379,-0.0320064285528055,-0.03171021753348,-0.0314192433902514,-0.0311333753815776,-0.0308524867524065,-0.0305764546035499,-0.0303051597645919,-0.030038486670383,-0.029776323241141,-0.0295185607661641,-0.0292650937911362,-0.0290158200089955,-0.0287706401543185,-0.0285294579011648,-0.0282921797643205,-0.0280587150038662,-0.0278289755329945,-0.027602875828998,-0.0273803328473421,-0.0271612659387373,-0.0269455967691263,-0.026733249242495,-0.0265241494264215,-0.0263182254802758,-0.0261154075859826,-0.025915627881262,-0.0257188203952643,-0.0255249209865152,-0.0253338672830921,-0.0251455986249503,-0.0249600560083239,-0.0247771820321251,-0.0245969208462701,-0.02441921810186,-0.0242440209031487,-0.0240712777612309,-0.0239009385493867,-0.0237329544600203,-0.0235672779631329,-0.0234038627662719,-0.0232426637759016,-0.0230836370601398,-0.0229267398128108,-0.0227719303187622,-0.0226191679204011,-0.0224684129853997,-0.0223196268755284,-0.0221727719165731,-0.0220278113692947,-0.0218847094013935,-0.0217434310604368,-0.0216039422477179,-0.0214662096930074,-0.021330200930166,-0.0211958842735837,-0.0210632287954178,-0.0209322043035963,-0.0208027813205607,-0.0206749310627194,-0.0205486254205853,-0.0204238369395724,-0.0203005388014276,-0.0201787048062734,-0.0200583093552394,-0.0199393274336604,-0.0198217345948225,-0.0197055069442337,-0.0195906211244032,-0.0194770543001097,-0.01936478414414,-0.0192537888234826,-0.0191440469859602,-0.0190355377472826,-0.0189282406785084,-0.0188221357938995,-0.0187172035391542,-0.0186134247800054,-0.0185107807911723,-0.0184092532456531,-0.018308824204344,-0.0182094761059775,-0.0181111917573658,-0.01801395432394,-0.0179177473205743,-0.0178225546026866,-0.0177283603576041,-0.0176351490961874,-0.017542905644702,-0.0174516151369301,-0.0173612630065147,-0.0172718349795277,-0.0171833170672549,-0.0170956955591898,-0.0170089570162307,-0.0169230882640742,-0.0168380763867965,-0.0167539087206195,-0.0166705728478537,-0.0165880565910121,-0.0165063480070912,-0.0164254353820115,-0.0163453072252139,-0.016265952264407,-0.016187359440459,-0.0161095179024328,-0.0160324170027546,-0.0159560462925176,-0.0158803955169124,-0.0158054546107824,-0.0157312136942982,-0.01565766306875,-0.0155847932124521,-0.0155125947767572,-0.0154410585821766,-0.0153701756146033,-0.0152999370216353,-0.015230334108995,-0.0151613583370425,-0.0150930013173806,-0.0150252548095465,-0.0149581107177914,-0.0148915610879408,-0.0148255981043371,-0.0147602140868596,-0.0146954014880205,-0.0146311528901352,-0.0145674610025631,-0.0145043186590191,-0.0144417188149514,-0.0143796545449857,-0.0143181190404325,-0.0142571056068563,-0.0141966076617054,-0.0141366187319986,-0.0140771324520709,-0.0140181425613713,-0.013959642902317,-0.0139016274181981,-0.0138440901511326,-0.0137870252400716,-0.0137304269188521,-0.0136742895142952,-0.0136186074443511,-0.0135633752162867,-0.0135085874249172,0,-0.0601288023582467,-0.0591997360547319,-0.0582918388670497,-0.0574047917106519,-0.0565376561235191,-0.0556896314531871,-0.0548601287374073,-0.0540487193241943,-0.0532550732937914,-0.0524789121042879,-0.0517199771487592,-0.0509780107884867,-0.050252746048507,-0.0495439019331454,-0.0488511821976961,-0.048174276125747,-0.0475128603770263,-0.0468666013220785,-0.0462351575115672,-0.0456181820768322,-0.0450153249521004,-0.044426234866629,-0.0438505610898873,-0.0432879549331138,-0.0427380710216752,-0.0422005683581134,-0.0416751111978182,-0.0411613697593312,-0.0406590207902269,-0.0401677480079024,-0.0396872424327401,-0.039217202629205,-0.0387573348686092,-0.0383073532255595,-0.037866979618557,-0.0374359438038227,-0.0370139833301922,-0.036600843461832,-0.0361962770745881,-0.0358000445309404,-0.0354119135378295,-0.0350316589909875,-0.0346590628088761,-0.0342939137588614,-0.033936007277863,-0.0335851452893567,-0.033241136018324,-0.0329037938054787,-0.0325729389218804,-0.0322483973848593,-0.0319300007760118,-0.0316175860618865,-0.0313109954178644,-0.0310100760556295,-0.0307146800545494,-0.0304246641971988,-0.030139889809205,-0.02986022260354,-0.0295855325293343,-0.0293156936252555,-0.029050583877459,-0.0287900850820917,-0.0285340827123129,-0.0282824657897689,-0.0280351267604541,-0.02779196137487,-0.0275528685723906,-0.0273177503697332,-0.0270865117534259,-0.026859060576163,-0.0266353074569342,-0.026415165684813,-0.0261985511262879,-0.0259853821360208,-0.0257755794709183,-0.0255690662074015,-0.0253657676617618,-0.0251656113134942,-0.0249685267314971,-0.0247744455030374,-0.0245833011653743,-0.0243950291399442,-0.0242095666690098,-0.0240268527546771,-0.0238468281001928,-0.0236694350534307,-0.023494617552484,-0.0233223210732808,-0.0231524925791438,-0.022985080472218,-0.0228200345466922,-0.0226573059437451,-0.0224968471081464,-0.0223386117464484,-0.0221825547867055,-0.0220286323396607,-0.021876801661341,-0.0217270211170069,-0.0215792501464017,-0.0214334492302501,-0.0212895798579559,-0.0211476044964539,-0.0210074865601665,-0.0208691903820268,-0.020732681185523,-0.0205979250577251,-0.0204648889232556,-0.0203335405191691,-0.020203848370703,-0.0200757817678665,-0.0199493107428373,-0.0198244060481332,-0.0197010391355286,-0.0195791821356886,-0.0194588078384934,-0.0193398896740259,-0.0192224016941976,-0.0191063185549892,-0.0189916154992831,-0.018878268340264,-0.0187662534453681,-0.0186555477207601,-0.0185461285963175,-0.0184379740111045,-0.0183310623993175,-0.0182253726766835,-0.0181208842272973,-0.0180175768908787,-0.0179154309504369,-0.0178144271203256,-0.0177145465346765,-0.0176157707361955,-0.0175180816653106,-0.0174214616496578,-0.0173258933938939,-0.0172313599698229,-0.0171378448068285,-0.0170453316825968,-0.0169538047141246,-0.0168632483489993,-0.0167736473569433,-0.0166849868216117,-0.0165972521326376,-0.016510428977913,-0.0164245033361007,-0.0163394614693667,-0.0162552899163269,-0.0161719754852004,-0.0160895052471637,-0.0160078665298969,-0.0159270469113176,-0.0158470342134951,-0.0157678164967392,-0.0156893820538586,-0.0156117194045813,-0.0155348172901345,-0.0154586646679771,-0.0153832507066795,-0.0153085647809478,-0.0152345964667853,-0.0151613355367896,-0.0150887719555784,-0.0150168958753423,-0.0149456976315182,-0.014875167738582,-0.0148052968859544,-0.0147360759340186,-0.0146674959102447,-0.0145995480054175,-0.0145322235699667,-0.0144655141103932,-0.0143994112857913,-0.0143339069044615,-0.0142689929206134,-0.0142046614311545,-0.0141409046725631,-0.0140777150178412,-0.0140150849735483,-0.0139530071769094,-0.013891474392999,-0.0138304795119959,-0.0137700155465083,-0.0137100756289674,-0.0136506530090851,-0.0135917410513779,-0.0135333332327506,-0.0134754231401423,-0.0134180044682296,-0.0133610710171871,-0.0133046166905031,-0.0132486354928494,-0.0131931215280025,-0.0131380689968163,-0.0130834721952433,-0.0130293255124041,-0.0129756234287034,-0.0129223605139913,-0.0128695314257685,-0.0128171309074344,-0.0127651537865761,0,-0.0578559847971996,-0.0569407156333789,-0.0560403210077355,-0.0551589355961007,-0.054297172287563,-0.0534548599984332,-0.0526316937801079,-0.0518273735361604,-0.0510416161321771,-0.0502741423966138,-0.0495246645458388,-0.0487928787885758,-0.0480784625367386,-0.0473810747058024,-0.0467003577891206,-0.0460359407873975,-0.045387442414766,-0.0447544742445378,-0.044136643615242,-0.043533556214928,-0.0429448183191701,-0.0423700386903902,-0.0418088301627766,-0.0412608109444721,-0.0407256056707672,-0.0402028462411582,-0.0396921724707533,-0.0391932325834913,-0.0387056835714489,-0.0382291914414253,-0.0377634313671393,-0.0373080877627993,-0.0368628542915412,-0.0364274338202419,-0.0360015383305022,-0.0355848887941083,-0.0351772150200185,-0.034778255478826,-0.0343877571097268,-0.0340054751142255,-0.0336311727401388,-0.0332646210588753,-0.0329055987384878,-0.0325538918145696,-0.0322092934607155,-0.031871603759965,-0.031540629478388,-0.0312161838417559,-0.0308980863160584,-0.0305861623924636,-0.0302802433771954,-0.0299801661866814,-0.0296857731482367,-0.0293969118064659,-0.0291134347355028,-0.0288351993571463,-0.0285620677649115,-0.0282939065539716,-0.0280305866569381,-0.0277719831853994,-0.0275179752771179,-0.0272684459487705,-0.0270232819541025,-0.026782373647357,-0.0265456148518328,-0.0263129027334217,-0.0260841376789666,-0.0258592231792916,-0.0256380657167383,-0.0254205746570606,-0.0252066621455171,-0.0249962430070117,-0.0247892346501323,-0.0245855569749382,-0.0243851322843559,-0.0241878851990419,-0.0239937425755764,-0.0238026334278573,-0.023614488851567,-0.0234292419515867,-0.0232468277722424,-0.0230671832302642,-0.0228902470503528,-0.0227159597032399,-0.022544263346149,-0.0223751017655486,-0.0222084203221119,-0.0220441658977853,-0.0218822868448831,-0.021722732937123,-0.0215654553225221,-0.0214104064780771,-0.021257540166156,-0.0211068113925284,-0.0209581763659696,-0.0208115924593725,-0.0206670181723051,-0.0205244130949553,-0.020383737873406,-0.0202449541761855,-0.0201080246620436,-0.0199729129488994,-0.0198395835839186,-0.0197080020146705,-0.0195781345613232,-0.0194499483898353,-0.0193234114861029,-0.0191984926310261,-0.0190751613764565,-0.0189533880219906,-0.0188331435925777,-0.0187143998169085,-0.0185971291065539,-0.018481304535826,-0.0183668998223311,-0.0182538893081904,-0.0181422479418998,-0.0180319512608064,-0.0179229753741774,-0.0178152969468379,-0.0177088931833569,-0.0176037418127613,-0.0174998210737557,-0.0173971097004313,-0.0172955869084447,-0.0171952323816484,-0.0170960262591582,-0.0169979491228378,-0.0169009819851898,-0.0168051062776339,-0.0167103038391611,-0.0166165569053489,-0.0165238480977244,-0.0164321604134637,-0.0163414772154132,-0.0162517822224251,-0.0161630594999914,-0.0160752934511704,-0.0159884688077902,-0.0159025706219253,-0.0158175842576315,-0.0157334953829325,-0.0156502899620507,-0.0155679542478704,-0.0154864747746283,-0.0154058383508222,-0.0153260320523304,-0.0152470432157355,-0.0151688594318439,-0.0150914685393972,-0.0150148586189657,-0.0149390179870208,-0.0148639351901784,-0.0147895989996089,-0.0147159984056071,-0.0146431226123176,-0.0145709610326107,-0.0144995032831034,-0.0144287391793203,-0.0143586587309914,-0.0142892521374806,-0.0142205097833422,-0.0141524222340005,-0.0140849802315485,-0.0140181746906625,-0.0139519966946285,-0.0138864374914762,-0.0138214884902197,-0.0137571412571983,-0.0136933875125163,-0.0136302191265788,-0.013567628116719,-0.0135056066439164,-0.0134441470096014,-0.0133832416525429,-0.0133228831458205,-0.0132630641938734,-0.0132037776296271,-0.013145016411695,-0.0130867736216512,-0.0130290424613754,-0.0129718162504636,-0.0129150884237068,-0.0128588525286326,-0.0128031022231098,-0.0127478312730129,-0.0126930335499457,-0.0126387030290218,-0.0125848337867001,-0.0125314199986741,-0.0124784559378147,-0.012425935972161,-0.012373854562963,-0.0123222062627711,-0.012270985713572,-0.0122201876449698,-0.0121698068724118,-0.0121198382954556,-0.0120702768960797,-0.0120211177370326,0,-0.0555375972578914,-0.0546351816434797,-0.0537432877944099,-0.0528689955748233,-0.0520141074646795,-0.0511789922178436,-0.0503636097429424,-0.0495677861690472,-0.0487912856056658,-0.0480338283687358,-0.0472950970066016,-0.0465747407981575,-0.045872380792783,-0.0451876152878957,-0.0445200252915455,-0.0438691796196767,-0.0432346394370087,-0.042615962172212,-0.0420127048133479,-0.0414244266297504,-0.0408506913841573,-0.0402910691033247,-0.039745137472718,-0.0392124829148847,-0.0386927014039033,-0.0381853990610284,-0.0376901925698767,-0.0372067094434599,-0.0367345881701375,-0.0362734782610904,-0.0358230402181395,-0.0353829454375656,-0.0349528760629396,-0.0345325247977551,-0.0341215946868178,-0.0337197988738108,-0.0333268603411707,-0.0329425116373433,-0.0325664945956029,-0.0321985600478625,-0.0318384675362955,-0.0314859850250548,-0.0311408886139542,-0.0308029622556016,-0.0304719974771785,-0.0301477931078005,-0.0298301550121833,-0.0295188958311632,-0.0292138347294698,-0.0289147971510315,-0.0286216145819875,-0.0283341243215001,-0.0280521692603931,-0.0277755976675801,-0.0275042629842079,-0.0272380236254003,-0.0269767427894582,-0.0267202882743489,-0.026468532301302,-0.0262213513453164,-0.0259786259723668,-0.0257402406831045,-0.0255060837628306,-0.0252760471375266,-0.0250500262357239,-0.0248279198559977,-0.0246096300398686,-0.0243950619499084,-0.0241841237528375,-0.0239767265074212,-0.0237727840569644,-0.0235722129262195,-0.0233749322225232,-0.0231808635409843,-0.0229899308735546,-0.0228020605218156,-0.0226171810133237,-0.0224352230213624,-0.0222561192879547,-0.0220798045499948,-0.0219062154683654,-0.0217352905599114,-0.0215669701321459,-0.0214011962205716,-0.0212379125285028,-0.021077064369281,-0.0209185986107794,-0.0207624636220996,-0.0206086092223626,-0.0204569866315072,-0.0203075484230066,-0.020160248478423,-0.0200150419437208,-0.0198718851872609,-0.0197307357594093,-0.0195915523536862,-0.0194542947693937,-0.0193189238756575,-0.0191854015768244,-0.0190536907791577,-0.0189237553587769,-0.018795560130788,-0.0186690708195572,-0.0185442540300795,-0.0184210772203958,-0.0182995086750174,-0.0181795174793148,-0.0180610734948335,-0.0179441473354953,-0.0178287103446546,-0.0177147345729692,-0.0176021927570586,-0.0174910582989129,-0.0173813052460266,-0.017272908272226,-0.0171658426591637,-0.0170600842784536,-0.0169556095744217,-0.0168523955474475,-0.0167504197378753,-0.01664966021047,-0.0165500955393989,-0.0164517047937201,-0.016354467523354,-0.0162583637455237,-0.0161633739316452,-0.0160694789946487,-0.0159766602767179,-0.0158848995374283,-0.0157941789422731,-0.0157044810515585,-0.0156157888096589,-0.0155280855346148,-0.0154413549080639,-0.0153555809654909,-0.0152707480867872,-0.0151868409871056,-0.0151038447080029,-0.0150217446088584,-0.014940526358558,-0.0148601759274359,-0.0147806795794634,-0.0147020238646771,-0.0146241956118377,-0.0145471819213109,-0.014470970158164,-0.0143955479454693,-0.0143209031578074,-0.014247023914965,-0.0141738985758183,-0.0141015157323977,-0.0140298642041265,-0.0139589330322275,-0.0138887114742935,-0.0138191889990142,-0.0137503552810552,-0.0136822001960851,-0.0136147138159436,-0.0135478864039476,-0.0134817084103302,-0.0134161704678091,-0.013351263387278,-0.0132869781536205,-0.0132233059216384,-0.013160238012095,-0.0130977659078657,-0.0130358812501962,-0.0129745758350619,-0.0129138416096269,-0.0128536706687991,-0.0127940552518787,-0.0127349877392966,-0.0126764606494398,-0.0126184666355622,-0.0125609984827774,-0.012504049105131,-0.0124476115427493,-0.0123916789590644,-0.0123362446381099,-0.0122813019818893,-0.01222684450781,-0.0121728658461858,-0.0121193597378023,-0.012066320031545,-0.0120137406820883,-0.011961615747642,-0.0119099393877567,-0.0118587058611825,-0.0118079095237828,-0.0117575448264997,-0.0117076063133701,-0.0116580886195915,-0.0116089864696342,-0.0115602946754018,-0.0115120081344355,-0.0114641218281625,-0.0114166308201871,-0.0113695302546235,-0.0113228153544685,-0.0112764814200127,0,-0.0531740861723711,-0.0522823795315961,-0.0513994855896107,-0.0505335192683382,-0.049686949758852,-0.0488605299589739,-0.0480544330844372,-0.0472685908569661,-0.0465028038981217,-0.045756785071055,-0.0450301823147791,-0.044322594459253,-0.04363358383271,-0.0429626867257661,-0.0423094220692814,-0.0416732985397978,-0.0410538202933535,-0.0404504915288534,-0.0398628200725644,-0.0392903201565351,-0.0387325145406396,-0.0381889361043933,-0.0376591290128734,-0.0371426495420041,-0.0366390666323351,-0.036147962227116,-0.0356689314395971,-0.0352015825856929,-0.0347455371110765,-0.0343004294360906,-0.0338659067372999,-0.033441628680858,-0.0330272671199061,-0.0326225057658617,-0.0322270398415277,-0.0318405757224098,-0.0314628305713681,-0.0310935319707026,-0.0307324175549448,-0.0303792346469392,-0.0300337398992513,-0.0296956989424733,-0.0293648860416378,-0.0290410837616353,-0.0287240826422922,-0.028413680883553,-0.0281096840410555,-0.0278119047322449,-0.0275201623530697,-0.027234282805214,-0.0269540982337496,-0.0266794467750398,-0.0264101723146803,-0.0261461242552326,-0.02588715729348,-0.0256331312069184,-0.0253839106491827,-0.0251393649540994,-0.0248993679480584,-0.0246637977703883,-0.0244325367014285,-0.0242054709979904,-0.0239824907359078,-0.0237634896593817,-0.0235483650368338,-0.02333701752299,-0.0231293510269228,-0.0229252725857947,-0.0227246922440481,-0.022527522937802,-0.0223336803842214,-0.0221430829756355,-0.0219556516781934,-0.0217713099348473,-0.0215899835724706,-0.0214116007129219,-0.0212360916878734,-0.0210633889572358,-0.0208934270310119,-0.0207261423944257,-0.0205614734361763,-0.020399360379674,-0.020239745217126,-0.0200825716463373,-0.0199277850101091,-0.0197753322381142,-0.0196251617911383,-0.0194772236075804,-0.0193314690521127,-0.0191878508664009,-0.0190463231217942,-0.0189068411738988,-0.0187693616189473,-0.01863384225189,-0.0185002420261273,-0.0183685210148156,-0.0182386403736733,-0.0181105623052261,-0.0179842500244266,-0.0178596677255879,-0.0177367805505788,-0.0176155545582202,-0.0174959566948388,-0.0173779547659218,-0.0172615174088316,-0.0171466140665315,-0.0170332149622842,-0.0169212910752779,-0.0168108141171453,-0.0167017565093364,-0.0165940913613094,-0.0164877924495095,-0.0163828341970978,-0.0162791916544057,-0.0161768404800809,-0.0160757569228998,-0.0159759178042182,-0.0158773005010347,-0.0157798829296443,-0.0156836435298557,-0.0155885612497534,-0.0154946155309806,-0.0154017862945233,-0.0153100539269779,-0.015219399267281,-0.0151298035938842,-0.0150412486123584,-0.0149537164434095,-0.0148671896112914,-0.0147816510325979,-0.0146970840054254,-0.0146134721988849,-0.0145307996429578,-0.0144490507186759,-0.0143682101486189,-0.0142882629877153,-0.0142091946143347,-0.0141309907216637,-0.0140536373093525,-0.0139771206754236,-0.0139014274084336,-0.0138265443798773,-0.0137524587368274,-0.0136791578948007,-0.0136066295308419,-0.0135348615768195,-0.0134638422129238,-0.0133935598613617,-0.0133240031802413,-0.0132551610576388,-0.0131870226058428,-0.0131195771557683,-0.0130528142515365,-0.0129867236452126,-0.0129212952916991,-0.0128565193437756,-0.012792386147284,-0.0127288862364524,-0.0126660103293516,-0.0126037493234839,-0.0125420942914958,-0.012481036477012,-0.0124205672905884,-0.0123606783057772,-0.0123013612553027,-0.0122426080273434,-0.0121844106619172,-0.0121267613473665,-0.0120696524169392,-0.0120130763454638,-0.0119570257461153,-0.0119014933672681,-0.0118464720894343,-0.0117919549222839,-0.0117379350017453,-0.0116844055871836,-0.011631360058652,-0.0115787919142174,-0.0115266947673563,-0.0114750623444182,-0.0114238884821561,-0.0113731671253202,-0.0113228923243151,-0.0112730582329162,-0.0112236591060462,-0.0111746892976064,-0.0111261432583654,-0.0110780155339001,-0.0110303007625889,-0.0109829936736557,-0.0109360890852626,-0.0108895819026502,-0.0108434671163248,-0.0107977398002894,-0.0107523951103194,-0.0107074282822798,-0.0106628346304843,-0.0106186095460937,-0.0105747484955539,-0.010531247019071,0,-0.0507645981254558,-0.0498812347762114,-0.049007604704103,-0.0481510838035124,-0.0473142480518964,-0.0464980486010583,-0.0457027991044772,-0.0449285017428213,-0.0441749732560088,-0.0434419058171946,-0.0427289038278127,-0.0420355097279998,-0.0413612233901589,-0.0407055170211737,-0.040067846638728,-0.0394476608608315,-0.0388444075807503,-0.0382575389845563,-0.0376865152767081,-0.0371308074032787,-0.0365898990003621,-0.0360632877452208,-0.0355504862481179,-0.0350510225917402,-0.0345644406010004,-0.0340902999073417,-0.0336281758572672,-0.0331776593037076,-0.0327383563102594,-0.032309887791692,-0.0318918891089671,-0.0314840096330121,-0.0310859122883592,-0.0306972730853069,-0.0303177806473408,-0.0299471357390224,-0.0295850507983614,-0.0292312494767269,-0.028885466188602,-0.0285474456728814,-0.0282169425669337,-0.0278937209942705,-0.0275775541663578,-0.0272682239988719,-0.0269655207425052,-0.0266692426282835,-0.026379195527239,-0.0260951926241898,-0.0258170541053161,-0.0255446068591647,-0.0252776841906799,-0.0250161255478345,-0.0247597762604147,-0.0245084872905049,-0.0242621149942178,-0.0240205208942105,-0.0237835714625369,-0.0235511379133931,-0.0233230960053219,-0.0230993258524542,-0.0228797117443772,-0.022664141974235,-0.0224525086746797,-0.0222447076613044,-0.0220406382832069,-0.0218402032803466,-0.0216433086473693,-0.0214498635035921,-0.0212597799688523,-0.0210729730449391,-0.0208893605023387,-0.0207088627720365,-0.0205314028421342,-0.0203569061590486,-0.0201853005330705,-0.0200165160480767,-0.0198504849751925,-0.0196871416902174,-0.0195264225946328,-0.0193682660400203,-0.0192126122557286,-0.019059403279635,-0.0189085828918539,-0.0187600965512534,-0.0186138913346484,-0.018469915878543,-0.0183281203233048,-0.0181884562596569,-0.0180508766773791,-0.0179153359161186,-0.0177817896182101,-0.0176501946834151,-0.0175205092254924,-0.0173926925305153,-0.017266705016858,-0.0171425081967756,-0.0170200646395047,-0.0168993379358174,-0.0167802926639667,-0.0166628943569564,-0.0165471094710812,-0.01643290535568,-0.0163202502240492,-0.016209113125466,-0.0160994639182729,-0.0159912732439784,-0.0158845125023302,-0.0157791538273194,-0.0156751700640759,-0.0155725347466173,-0.0154712220764161,-0.0153712069017506,-0.0152724646978056,-0.0151749715474947,-0.0150787041229711,-0.0149836396678013,-0.0148897559797727,-0.0147970313943113,-0.0147054447684829,-0.0146149754655546,-0.0145256033400962,-0.0144373087235972,-0.0143500724105806,-0.0142638756451936,-0.014178700108256,-0.0140945279047491,-0.0140113415517273,-0.0139291239666366,-0.0138478584560235,-0.0137675287046214,-0.0136881187647958,-0.0136096130463403,-0.0135319963066058,-0.0134552536409518,-0.0133793704735085,-0.0133043325482364,-0.0132301259202744,-0.0131567369475639,-0.0130841522827402,-0.0130123588652797,-0.0129413439138969,-0.0128710949191769,-0.0128015996364403,-0.0127328460788291,-0.0126648225106056,-0.0125975174406589,-0.0125309196162098,-0.0124650180167062,-0.0123998018479061,-0.0123352605361373,-0.0122713837227307,-0.0122081612586198,-0.0121455831991003,-0.0120836397987468,-0.0120223215064771,-0.011961618960763,-0.0119015229849812,-0.0118420245828979,-0.011783114934286,-0.0117247853906673,-0.0116670274711777,-0.0116098328585499,-0.0115531933952111,-0.0114971010794901,-0.0114415480619325,-0.0113865266417184,-0.0113320292631805,-0.0112780485124196,-0.0112245771140122,-0.0111716079278108,-0.0111191339458308,-0.011067148289223,-0.0110156442053279,-0.0109646150648107,-0.0109140543588728,-0.0108639556965387,-0.0108143128020148,-0.0107651195121196,-0.0107163697737813,-0.0106680576416013,-0.0106201772754823,-0.0105727229383187,-0.0105256889937463,-0.0104790699039511,-0.010432860227535,-0.0103870546174356,-0.0103416478189006,-0.0102966346675121,-0.0102520100872638,-0.0102077690886838,-0.0101639067670074,-0.0101204183003947,-0.0100772989481923,-0.0100345440492394,-0.00999214902021549,-0.00995010935402889,-0.00990842061824458,-0.00986707845355145,-0.00982607857226678,-0.00978541675687616,0,-0.0483071668660503,-0.0474302961008872,-0.0465662330950812,-0.0457202637098525,-0.044894591206412,-0.0440901842717887,-0.043307414582356,-0.042546309678182,-0.0418066744673275,-0.0410881620768187,-0.0403903212096809,-0.0397126300725449,-0.0390545213383358,-0.0384154006257223,-0.0377946601425374,-0.0371916886915352,-0.0366058789399328,-0.036036632635702,-0.0354833642870835,-0.0349455036944433,-0.0344224976267272,-0.0339138108616243,-0.0334189267536168,-0.0329373474529989,-0.0324685938682383,-0.0320122054411354,-0.0315677397870792,-0.0311347722398591,-0.0307128953308334,-0.0303017182249773,-0.0299008661308284,-0.0295099796971623,-0.0291287144060495,-0.0287567399695043,-0.0283937397350694,-0.0280394101042443,-0.0276934599665568,-0.0273556101512256,-0.0270255928977028,-0.0267031513458774,-0.0263880390463317,-0.0260800194907437,-0.0257788656623014,-0.0254843596058226,-0.0251962920171514,-0.0249144618512995,-0.0246386759487496,-0.0243687486792785,-0.024104501602642,-0.0238457631454425,-0.0235923682934967,-0.0233441582990269,-0.0231009804020065,-0.0228626875650028,-0.0226291382208827,-0.0224001960327613,-0.0221757296655966,-0.0219556125688588,-0.0217397227697199,-0.0215279426762388,-0.0213201588900377,-0.021116262027986,-0.0209161465524386,-0.0207197106095863,-0.020526855875508,-0.0203374874095295,-0.0201515135145141,-0.0199688456037304,-0.0197893980739614,-0.0196130881845364,-0.0194398359419806,-0.0192695639900004,-0.0191021975045294,-0.0189376640935813,-0.0187758937016646,-0.0186168185185304,-0.018460372892035,-0.0183064932449109,-0.0181551179952516,-0.0180061874805259,-0.0178596438849457,-0.0177154311700218,-0.0175734950081533,-0.0174337827191001,-0.0172962432091972,-0.0171608269131808,-0.017027485738498,-0.0168961730119802,-0.0167668434287694,-0.0166394530033877,-0.0165139590228509,-0.016390320001727,-0.0162684956390503,-0.0161484467770045,-0.0160301353612908,-0.0159135244031057,-0.0157985779426518,-0.0156852610141133,-0.0155735396120284,-0.0154633806589964,-0.0153547519746581,-0.0152476222458929,-0.0151419609981786,-0.0150377385680619,-0.0149349260766911,-0.0148334954043625,-0.0147334191660396,-0.0146346706877989,-0.0145372239841653,-0.0144410537362969,-0.0143461352709835,-0.0142524445404249,-0.0141599581027542,-0.0140686531032762,-0.0139785072563898,-0.0138894988281678,-0.0138016066195633,-0.0137148099502213,-0.0136290886428662,-0.013544423008245,-0.0134607938306019,-0.0133781823536633,-0.0132965702671121,-0.0132159396935334,-0.0131362731758095,-0.0130575536649509,-0.0129797645083418,-0.0129028894383865,-0.0128269125615394,-0.012751818347706,-0.0126775916199977,-0.0126042175448282,-0.0125316816223397,-0.0124599696771428,-0.0123890678493628,-0.0123189625859766,-0.0122496406324311,-0.0121810890245346,-0.0121132950806069,-0.0120462463938814,-0.0119799308251494,-0.0119143364956377,-0.0118494517801098,-0.0117852653001847,-0.0117217659178638,-0.0116589427292595,-0.0115967850585162,-0.0115352824519207,-0.0114744246721906,-0.0114142016929389,-0.0113546036933049,-0.011295621052748,-0.0112372443459977,-0.0111794643381545,-0.0111222719799372,-0.0110656584030699,-0.0110096149158061,-0.0109541329985833,-0.0108992042998053,-0.0108448206317469,-0.0107909739665762,-0.010737656432493,-0.010684860309977,-0.0106325780281434,-0.0105808021612021,-0.0105295254250166,-0.0104787406737604,-0.0104284408966674,-0.0103786192148718,-0.0103292688783369,-0.0102803832628688,-0.0102319558672116,-0.0101839803102231,-0.0101364503281272,-0.0100893597718408,-0.0100427026043738,-0.00999647289829832,-0.00995066483328617,-0.00990527269371243,-0.00986029086632224,-0.00981571383795971,-0.00977153619335665,-0.00972775261297973,-0.00968435787093312,-0.0096413468329168,-0.00959871445423698,-0.00955645577786834,-0.0095145659325663,-0.00947304013102683,-0.00943187366809427,-0.00939106191901394,-0.00935060033772922,-0.00931048445522165,-0.00927070987789234,-0.0092312722859843,-0.00919216743204401,-0.00915339113942022,-0.00911493930080155,-0.00907680787678822,-0.00903899289450028,0,-0.0457989785552707,-0.0449277604145682,-0.0440738389712433,-0.0432396110502067,-0.042426593367283,-0.0416356244613166,-0.0408670523971416,-0.0401208795628199,-0.0393968659410112,-0.0386946036140818,-0.0380135711759637,-0.0373531735328443,-0.0367127708810652,-0.0360916996512047,-0.0354892875137197,-0.0349048640184003,-0.0343377680383146,-0.0337873528831708,-0.0332529897174043,-0.0327340697479324,-0.0322300055212355,-0.0317402315778063,-0.0312642046452235,-0.0308014035024645,-0.0303513286126314,-0.0299135015953941,-0.0294874645915296,-0.0290727795580448,-0.0286690275221427,-0.0282758078147401,-0.0278927372986392,-0.027519449602293,-0.0271555943670002,-0.0268008365130417,-0.0264548555285361,-0.0261173447834942,-0.0257880108705715,-0.0254665729733024,-0.025152762262052,-0.0248463213175283,-0.0245470035814031,-0.0242545728333859,-0.0239688026939434,-0.0236894761517638,-0.0234163851149976,-0.0231493299852772,-0.0228881192534958,-0.0226325691163373,-0.0223825031125536,-0.0221377517780116,-0.0218981523185593,-0.0216635482997937,-0.021433789352844,-0.0212087308953269,-0.0209882338666613,-0.0207721644769729,-0.0205603939688547,-0.0203527983912843,-0.0201492583850389,-0.0199496589789804,-0.0197538893966174,-0.0195618428723828,-0.0193734164771005,-0.019188510952135,-0.0190070305517554,-0.0188288828932679,-0.0186539788144918,-0.0184822322381876,-0.018313560043058,-0.0181478819409715,-0.0179851203600753,-0.0178252003334814,-0.0176680493932326,-0.0175135974692679,-0.0173617767931228,-0.017212521806119,-0.0170657690718059,-0.0169214571924349,-0.0167795267292594,-0.0166399201264575,-0.0165025816385007,-0.0163674572607855,-0.0162344946633652,-0.0161036431276275,-0.0159748534857666,-0.0158480780629121,-0.0157232706217825,-0.0156003863097387,-0.0154793816081199,-0.0153602142837483,-0.0152428433425014,-0.0151272289848459,-0.0150133325632464,-0.0149011165413509,-0.0147905444548758,-0.0146815808741067,-0.0145741913679372,-0.0144683424693789,-0.0143640016424692,-0.0142611372505144,-0.0141597185256072,-0.0140597155393585,-0.0139610991747904,-0.0138638410993352,-0.0137679137388937,-0.013673290252903,-0.0135799445103689,-0.0134878510668225,-0.0133969851421577,-0.0133073225993123,-0.0132188399237554,-0.0131315142037472,-0.0130453231113366,-0.0129602448840656,-0.0128762583073509,-0.0127933426975126,-0.0127114778854242,-0.0126306442007571,-0.0125508224567948,-0.0124719939357932,-0.0123941403748646,-0.0123172439523638,-0.0122412872747562,-0.012166253363947,-0.0120921256450545,-0.0120188879346097,-0.0119465244291619,-0.0118750196942799,-0.011804358653927,-0.0117345265802001,-0.0116655090834152,-0.0115972921025275,-0.0115298618958729,-0.0114632050322183,-0.0113973083821086,-0.0113321591094995,-0.0112677446636654,-0.0112040527713709,-0.0111410714292981,-0.011078788896717,-0.0110171936883938,-0.010956274567724,-0.0108960205400864,-0.0108364208464065,-0.0107774649569224,-0.0107191425651482,-0.0106614435820241,-0.0106043581302485,-0.0105478765387868,-0.0104919893375467,-0.0104366872522193,-0.0103819611992754,-0.0103278022811137,-0.0102742017813567,-0.0102211511602864,-0.0101686420504172,-0.0101166662522005,-0.0100652157298564,-0.0100142826073278,-0.00996385916435397,-0.00991393783265809,-0.00986451119224571,-0.00981557196781067,-0.00976711302524405,-0.00971912736824322,-0.00967160813501801,-0.00962454859508979,-0.00957794214618188,-0.00953178231119642,-0.00948606273527673,-0.00944077718295176,-0.00939591953535882,-0.00935148378754438,-0.00930746404583764,-0.00926385452529777,-0.00922064954722933,-0.009177843536766,-0.00913543102051964,-0.00909340662429209,-0.00905176507084861,-0.00901050117775111,-0.00896960985524853,-0.0089290861042232,-0.00888892501419124,-0.00884912176135549,-0.00880967160670952,-0.00877056989419067,-0.00873181204888096,-0.0086933935752546,-0.00865531005547077,-0.0086175571477092,-0.00858013058454932,-0.00854302617138954,-0.00850623978490739,-0.00846976737155757,-0.0084336049461084,-0.00839774859021392,-0.00836219445102278,-0.00832693873982045,-0.00829197773070553,0,-0.043236537647547,-0.0423715569677068,-0.0415287782366511,-0.040707647599932,-0.0399088859532931,-0.0391331026475012,-0.0383805486128414,-0.0376511491732412,-0.036944583633021,-0.0362603590447419,-0.035597868373953,-0.0349564337311083,-0.0343353375785374,-0.0337338448457029,-0.0331512183685523,-0.032586729501015,-0.0320396652648231,-0.0315093330301223,-0.0309950634414038,-0.0304962121009649,-0.0300121603764995,-0.0295423155952,-0.0290861108123068,-0.0286430042888681,-0.0282124787754162,-0.027794040670985,-0.0273872191072554,-0.0269915649934556,-0.0266066500473892,-0.0262320658305207,-0.0258674227996314,-0.0255123493836117,-0.0251664910910731,-0.0248295096523603,-0.0245010821980148,-0.0241809004746305,-0.0238686700982365,-0.0235641098447776,-0.0232669509768561,-0.0229769366056253,-0.0226938210865434,-0.022417369447582,-0.0221473568484274,-0.0218835680691795,-0.0216257970270709,-0.0213738463197376,-0.0211275267936214,-0.020886657136127,-0.0206510634902089,-0.0204205790901241,-0.0201950439171452,-0.0199743043740837,-0.019758212977543,-0.019546628066869,-0.019339413528829,-0.0191364385371052,-0.0189375773057363,-0.018742708855699,-0.0185517167938634,-0.0183644891036037,-0.0181809179463892,-0.0180008994737215,-0.017824333648822,-0.0176511240775092,-0.0174811778477406,-0.0173144053773251,-0.0171507202693437,-0.0169900391748411,-0.0168322816623804,-0.0166773700940785,-0.0165252295077567,-0.0163757875048737,-0.0162289741439175,-0.0160847218389596,-0.0159429652630877,-0.0158036412564551,-0.0156666887386959,-0.0155320486254716,-0.0153996637489303,-0.0152694787818691,-0.0151414401654061,-0.0150154960399763,-0.0148915961794806,-0.0147696919284209,-0.0146497361418712,-0.0145316831281367,-0.0144154885939656,-0.014301109592183,-0.0141885044716264,-0.0140776328292668,-0.0139684554644072,-0.0138609343348548,-0.0137550325149713,-0.013650714155508,-0.0135479444451409,-0.0134466895736217,-0.0133469166964681,-0.0132485939011204,-0.0131516901744939,-0.0130561753718615,-0.0129620201870054,-0.0128691961235752,-0.0127776754676023,-0.012687431261111,-0.0125984372767804,-0.0125106679936071,-0.0124240985735254,-0.0123387048389389,-0.0122544632511258,-0.0121713508894764,-0.0120893454315281,-0.0120084251337615,-0.0119285688131247,-0.0118497558292537,-0.0117719660673597,-0.0116951799217538,-0.0116193782799819,-0.0115445425075447,-0.0114706544331759,-0.0113976963346582,-0.0113256509251523,-0.0112545013400173,-0.0111842311241044,-0.0111148242195028,-0.0110462649537185,-0.0109785380282704,-0.0109116285076861,-0.0108455218088795,-0.0107802036908981,-0.0107156602450221,-0.0106518778852042,-0.0105888433388337,-0.0105265436378151,-0.0104649661099469,-0.0104040983705895,-0.0103439283146115,-0.0102844441086028,-0.0102256341833455,-0.0101674872265314,-0.0101099921757181,-0.0100531382115135,-0.00999691475098115,-0.00994131144125777,-0.00988631815337432,-0.00983192497627557,-0.00977812221102739,-0.00972490036520772,-0.00967225014747297,-0.0096201624622945,-0.00956862840485874,-0.00951763925612391,-0.0094671864780302,-0.00941726170885523,-0.00936785675871218,-0.00931896360518346,-0.00927057438908638,-0.00922268141036617,-0.00917527712411152,-0.00912835413668867,-0.00908190520198937,-0.00903592321779062,-0.00899040122221936,-0.00894533239032227,-0.00890071003073345,-0.00885652758243952,-0.00881277861163751,-0.00876945680868248,-0.00872655598512247,-0.00868407007081787,-0.00864199311114103,-0.00860031926425638,-0.00855904279847494,-0.00851815808968379,-0.00847765961884638,-0.00843754196957171,-0.00839779982575088,-0.00835842796925806,-0.00831942127771382,-0.00828077472230986,-0.00824248336569205,-0.00820454235990023,-0.0081669469443639,-0.00812969244395062,-0.00809277426706684,-0.00805618790380846,-0.0080199289241604,-0.00798399297624348,-0.00794837578460662,-0.00791307314856396,-0.00787808094057453,-0.0078433951046641,-0.00780901165488748,-0.00777492667383012,-0.00774113631114715,-0.00770763678214129,-0.00767442436637475,-0.00764149540631676,-0.00760884630602537,-0.0075764735298616,-0.00754437360123586,0,-0.040616189485238,-0.0397594648121739,-0.0389293196729703,-0.0381228676411772,-0.0373401163327219,-0.036581397212964,-0.035846802304152,-0.0351361296937742,-0.0344489419738025,-0.033784636922642,-0.0331425064781911,-0.0325217808929249,-0.0319216602541332,-0.0313413363725424,-0.0307800076589066,-0.0302368890066616,-0.0297112181590547,-0.0292022596189539,-0.0287093068504882,-0.0282316833003101,-0.027768742609679,-0.0273198682783946,-0.0268844729641965,-0.0264619975468212,-0.0260519100475513,-0.0256537044679972,-0.0252668995926457,-0.0248910377860688,-0.0245256838059624,-0.0241704236462533,-0.0238248634195549,-0.0234886282847191,-0.023161361422716,-0.0228427230622841,-0.0225323895555399,-0.0222300525028651,-0.0219354179257927,-0.0216482054862217,-0.0213681477500429,-0.021094989493118,-0.0208284870474875,-0.0205684076856724,-0.0203145290409593,-0.0200666385616182,-0.0198245329970643,-0.019588017914063,-0.0193569072411664,-0.0191310228396588,-0.018910194099384,-0.0186942575579187,-0.0184830565416463,-0.0182764408273729,-0.0180742663232096,-0.0178763947675263,-0.0176826934448576,-0.0174930349177113,-0.0173072967732986,-0.0171253613842704,-0.016947115682598,-0.0167724509457998,-0.0166012625947608,-0.0164334500024446,-0.016268916312843,-0.0161075682695486,-0.0159493160533772,-0.0157940731285054,-0.0156417560966185,-0.0154922845586017,-0.0153455809833344,-0.0152015705831758,-0.0150601811957557,-0.0149213431717124,-0.0147849892680362,-0.0146510545467027,-0.0145194762782997,-0.0143901938503673,-0.0142631486801907,-0.0141382841317989,-0.014015545436941,-0.0138948796198202,-0.0137762354253855,-0.013659563250988,-0.0135448150812224,-0.0134319444257837,-0.0133209062601823,-0.0132116569691649,-0.0131041542927029,-0.0129983572744127,-0.0128942262122852,-0.0127917226116053,-0.01269080913995,-0.0125914495841608,-0.0124936088091911,-0.0123972527187352,-0.0123023482175506,-0.0122088631753901,-0.0121167663924659,-0.0120260275663687,-0.011936617260376,-0.011848506873077,-0.0117616686092574,-0.0116760754519788,-0.0115917011358008,-0.0115085201210896,-0.0114265075693632,-0.0113456393196254,-0.0112658918656432,-0.011187242334124,-0.0111096684637521,-0.0110331485850449,-0.0109576616009934,-0.0108831869684505,-0.0108097046802344,-0.0107371952479161,-0.0106656396852603,-0.01059501949229,-0.010525316639952,-0.0104565135553515,-0.010388593107536,-0.0103215385938028,-0.0102553337265084,-0.0101899626203593,-0.0101254097801628,-0.0100616600890193,-0.00999869879693834,-0.00993651150985914,-0.00987508417906127,-0.00981440309094825,-0.00975445485718804,-0.00969522640519875,-0.00963670496896286,-0.00957887808015853,-0.00952173355959503,-0.00946525950893989,-0.00940944430272679,-0.00935427658063248,-0.00929974524001403,-0.00924583942869357,-0.00919254853798392,-0.00913986219594345,-0.00908777026085331,-0.00903626281490745,-0.00898533015810729,-0.00893496280235503,-0.00888515146573549,-0.00883588706698274,-0.00878716072012135,-0.00873896372927796,-0.00869128758365717,-0.00864412395267364,-0.00859746468123766,-0.00855130178518566,-0.00850562744685307,-0.00846043401078296,-0.00841571397956521,-0.00837146000980371,-0.00832766490820511,-0.00828432162778506,-0.00824142326418927,-0.0081989630521236,-0.00815693436189091,-0.00811533069602965,-0.00807414568605222,-0.0080333730892785,-0.00799300678576123,-0.00795304077530175,-0.00791346917455139,-0.00787428621419561,-0.00783548623622014,-0.00779706369125374,-0.00775901313598722,-0.00772132923066443,-0.0076840067366452,-0.00764704051403479,-0.00761042551938064,-0.00757415680343262,-0.00753822950896456,-0.00750263886865699,-0.00746738020303603,-0.00743244891847021,-0.00739784050522041,-0.00736355053554284,-0.0073295746618434,-0.00729590861488071,-0.00726254820201776,-0.00722948930551953,-0.0071967278808958,-0.00716425995528744,-0.00713208162589538,-0.00710018905844953,-0.0070685784857189,-0.00703724620605975,-0.00700618858200025,-0.00697540203886257,-0.00694488306342028,-0.00691462820258851,-0.00688463406214923,-0.00685489730550712,-0.00682541465247777,-0.00679618287810541,0,-0.0379344894931136,-0.037089231129895,-0.0362736794900103,-0.0354837492204981,-0.0347189527259971,-0.0339793346385523,-0.0332647781986743,-0.0325749080270214,-0.0319091358579216,-0.0312667274019587,-0.030646859537927,-0.0300486629093036,-0.0294712518086664,-0.0289137444158591,-0.0283752761058599,-0.0278550079044546,-0.0273521315936487,-0.0268658725249979,-0.0263954908776978,-0.0259402818718942,-0.0254995752901337,-0.0250727345507892,-0.0246591555017972,-0.0242582650507444,-0.0238695197110179,-0.023492404118435,-0.0231264295551184,-0.0227711325050271,-0.0224260732569078,-0.0220908345643819,-0.0217650203686525,-0.0214482545863781,-0.0211401799632387,-0.0208404569923345,-0.0205487628956481,-0.0202647906662044,-0.0199882481682103,-0.0197188572922558,-0.0194563531625883,-0.0192004833934636,-0.0189510073916439,-0.0187076957021967,-0.0184703293948724,-0.0182386994884644,-0.0180126064106944,-0.0177918594913059,-0.0175762764861875,-0.0173656831304847,-0.0171599127187872,-0.0169588057106083,-0.0167622093594881,-0.0165699773641679,-0.0163819695403869,-0.0161980515119534,-0.0160180944198342,-0.0158419746480939,-0.0156695735655959,-0.0155007772824523,-0.0153354764202806,-0.0151735658953895,-0.015014944714076,-0.0148595157792751,-0.0147071857078502,-0.0145578646578672,-0.0144114661652341,-0.0142679069891338,-0.0141271069657139,-0.0139889888695356,-0.0138534782823135,-0.0137205034685138,-0.0135899952574014,-0.0134618869311593,-0.0133361141187232,-0.0132126146949993,-0.0130913286851562,-0.0129721981736997,-0.0128551672180559,-0.0127401817664127,-0.0126271895795759,-0.0125161401566183,-0.0124069846641118,-0.012299675868745,-0.0121941680731417,-0.0120904170547056,-0.0119883800073298,-0.0118880154858157,-0.0117892833528603,-0.0116921447284719,-0.0115965619416902,-0.0115024984844911,-0.0114099189677592,-0.0113187890792257,-0.0112290755432695,-0.0111407460824864,-0.0110537693809392,-0.0109681150490017,-0.0108837535897204,-0.010800656366616,-0.0107187955728557,-0.0106381442017285,-0.0105586760183617,-0.0104803655326158,-0.0104031879731047,-0.0103271192622859,-0.01025213599257,-0.0101782154034015,-0.0101053353592669,-0.0100334743285857,-0.00996261136344312,-0.00989272608012752,-0.00982379864043491,-0.00975580973370567,-0.00968874055956023,-0.00962257281130419,-0.00955728865997026,-0.0094928707389712,-0.00942930212933574,-0.00936656634550263,-0.0093046473216478,-0.00924352939852159,-0.00918319731077546,-0.00912363617475587,-0.00906483147674557,-0.00900676906163421,-0.00894943512199946,-0.00889281618758235,-0.00883689911513955,-0.00878167107865661,-0.00872711955991,-0.00867323233935971,-0.00861999748736293,-0.00856740335569267,-0.00851543856935083,-0.00846409201866383,-0.00841335285164899,-0.00836321046664125,-0.00831365450516944,-0.0082646748450743,-0.00821626159385554,-0.00816840508224252,-0.00812109585797777,-0.00807432467980541,-0.00802808251165764,-0.00798236051703093,-0.00793715005354514,-0.00789244266767872,-0.00784823008967275,-0.00780450422859892,-0.00776125716758366,-0.00771848115918464,-0.00767616862091203,-0.00763431213089072,-0.0075929044236582,-0.00755193838609226,-0.00751140705346492,-0.00747130360561797,-0.00743162136325443,-0.00739235378434488,-0.00735349446064025,-0.00731503711429189,-0.00727697559457187,-0.0072393038746911,-0.00720201604871343,-0.00716510632855889,-0.00712856904109725,-0.00709239862532532,-0.00705658962962677,-0.00702113670911247,-0.0069860346230365,-0.0069512782322869,-0.00691686249694853,-0.0068827824739348,-0.00684903331468695,-0.00681561026293888,-0.00678250865254297,-0.0067497239053588,-0.00671725152919965,-0.00668508711583586,-0.00665322633905385,-0.00662166495276773,-0.00659039878918324,-0.00655942375701196,-0.00652873583973254,-0.00649833109390063,-0.00646820564750321,-0.00643835569835693,-0.00640877751254992,-0.006379467422924,-0.00635042182759793,-0.00632163718852868,-0.00629311003011102,-0.00626483693781313,-0.00623681455684816,-0.00620903959088007,-0.00618150880076251,-0.0061542190033102,-0.00612716707010183,-0.00610034992631345,-0.00607376454958103,-0.0060474079688923,0,-0.0351885792406836,-0.0343586666778452,-0.0335600577206272,-0.0327887715620986,-0.0320440945963167,-0.0313257967145038,-0.0306335120287722,-0.0299666508299292,-0.0293244436655128,-0.0287060044587461,-0.0281103835700087,-0.0275366064407127,-0.0269836999487087,-0.0264507096233788,-0.0259367104277506,-0.0254408131336606,-0.024962167725179,-0.0244999648223155,-0.0240534358029785,-0.0236218520841453,-0.0232045238748591,-0.0228007986126395,-0.022410059226106,-0.0220317223196923,-0.0216652363442526,-0.0213100797953945,-0.0209657594662907,-0.020631808771386,-0.0203077861503249,-0.0199932735565993,-0.0196878750321444,-0.0193912153669318,-0.0191029388411879,-0.0188227080469693,-0.0185502027853012,-0.0182851190348132,-0.018027167987707,-0.0177760751489114,-0.0175315794943837,-0.0172934326846594,-0.0170613983299424,-0.0168352513032181,-0.0166147770980839,-0.0163997712281974,-0.0161900386654391,-0.0159853933140937,-0.0157856575185297,-0.0155906616020457,-0.0154002434347069,-0.0152142480281664,-0.0150325271555989,-0.0148549389950194,-0.0146813477943846,-0.0145116235569889,-0.01434564174578,-0.0141832830053191,-0.0140244329002015,-0.0138689816688414,-0.013716823991606,-0.0135678587723541,-0.0134219889325042,-0.013279121216821,-0.0131391660101632,-0.0130020371644955,-0.0128676518355093,-0.0127359303282492,-0.0126067959511809,-0.0124801748781753,-0.0123559960179218,-0.0122341908903151,-0.0121146935093921,-0.0119974402724227,-0.0118823698547872,-0.0117694231102953,-0.0116585429766254,-0.0115496743855839,-0.0114427641779054,-0.0113377610223292,-0.0112346153387095,-0.0111332792249265,-0.0110337063873861,-0.0109358520749062,-0.0108396730157997,-0.010745127357978,-0.01065217461191,-0.0105607755962788,-0.0104708923861914,-0.0103824882638038,-0.010295527671232,-0.0102099761656281,-0.0101258003763057,-0.0100429679638116,-0.00996144758083731,-0.00988120883487803,-0.00980222225255081,-0.00972445924548455,-0.00964789207770375,-0.00957249383443079,-0.00949823839223676,-0.00942510039047149,-0.00935305520391248,-0.00928207891657121,-0.00921214829660179,-0.0091432407722577,-0.00907533440884645,-0.00900840788663511,-0.0089424404796609,-0.00887741203540555,-0.00881330295528988,-0.00875009417595547,-0.00868776715129063,-0.00862630383517349,-0.00856568666489355,-0.00850589854522338,-0.00844692283311242,-0.0083887433229719,-0.00833134423252731,-0.00827471018921155,-0.00821882621707616,-0.00816367772419636,-0.00810925049055035,-0.0080555306563503,-0.00800250471080843,-0.00795015948131575,-0.00789848212301897,-0.0078474601087782,-0.00779708121948784,-0.00774733353474788,-0.00769820542386823,-0.0076496855371954,-0.00760176279774584,-0.00755442639313474,-0.00750766576778715,-0.00746147061542195,-0.0074158308717948,-0.00737073670769318,-0.00732617852217005,-0.00728214693600925,-0.00723863278541269,-0.00719562711590002,-0.00715312117641329,-0.00711110641361881,-0.00706957446639678,-0.00702851716051579,-0.00698792650347886,-0.00694779467954071,-0.00690811404488539,-0.00686887712296098,-0.0068300765999635,-0.00679170532046612,-0.00675375628318739,-0.00671622263689353,-0.00667909767642968,-0.0066423748388767,-0.00660604769982601,-0.00657010996977235,-0.00653455549061661,-0.0064993782322765,-0.00646457228940146,-0.00643013187818661,-0.00639605133328458,-0.00636232510480918,-0.00632894775542982,-0.00629591395755279,-0.00626321849058566,-0.00623085623828315,-0.00619882218617095,-0.00616711141904529,-0.0061357191185453,-0.00610464056079534,-0.00607387111411684,-0.0060434062368043,-0.00601324147496612,-0.00598337246042663,-0.00595379490868746,-0.00592450461694699,-0.00589549746217458,-0.00586676939924008,-0.00583831645909381,-0.00581013474699872,-0.00578222044080963,-0.00575456978930156,-0.00572717911054241,-0.0057000447903105,-0.0056731632805555,-0.00564653109789995,-0.00562014482218201,-0.00559400109503694,-0.00556809661851587,-0.0055424281537422,-0.00551699251960291,-0.00549178659147415,-0.00546680729998128,-0.00544205162978947,-0.00541751661842782,-0.00539319935514229,-0.00536909697977905,-0.00534520668169652,-0.00532152569870448,-0.00529805131603092,0,-0.0323761868836291,-0.0315656996580313,-0.0307866711163184,-0.030036436637461,-0.0293142876625587,-0.0286197313239635,-0.027952118327305,-0.027310610103064,-0.0266942312010172,-0.0261019285970167,-0.0255326183508589,-0.0249852180371227,-0.0244586678174134,-0.0239519433847761,-0.0234640633677146,-0.0229940930554997,-0.022541145725408,-0.0221043824347695,-0.0216830108534465,-0.0212762835187045,-0.0208834957649098,-0.0205039834940567,-0.0201371208954188,-0.0197823181840261,-0.0194390194018163,-0.0191067003079922,-0.018784866373516,-0.0184730508869456,-0.0181708131737086,-0.0178777369275782,-0.0175934286509959,-0.0173175161995968,-0.0170496474255568,-0.0167894889140338,-0.0165367248068727,-0.0162910557078177,-0.0160521976636528,-0.015819881215933,-0.0155938505182563,-0.0153738625143256,-0.015159686172355,-0.0149511017716798,-0.0147479002377241,-0.0145498825217554,-0.0143568590221299,-0.0141686490439717,-0.0139850802944708,-0.0138059884111949,-0.0136312165210167,-0.0134606148274402,-0.0132940402242819,-0.0131313559338247,-0.0129724311677022,-0.012817140808911,-0.0126653651134667,-0.012516989430339,-0.0123719039383979,-0.0122300033992082,-0.0120911869245869,-0.0119553577579301,-0.0118224230683814,-0.0116922937569885,-0.0115648842740548,-0.0114401124469516,-0.0113178993177084,-0.0111981689897535,-0.0110808484832134,-0.0109658675982302,-0.0108531587857898,-0.010742657025589,-0.0106342997105068,-0.0105280265372694,-0.010423779402933,-0.0103215023068279,-0.0102211412576369,-0.0101226441853,-0.0100259608574584,-0.00993104280017196,-0.00983784322265785,-0.00974631694581871,-0.00965642033434133,-0.00956811123216159,-0.00948134890110543,-0.00939609396252472,-0.00931230834176314,-0.00922995521529307,-0.00914899896037737,-0.00906940510711528,-0.00899114029274796,-0.00891417221809566,-0.00883846960601706,-0.00876400216178023,-0.00869074053524591,-0.00861865628476717,-0.00854772184271613,-0.00847791048255433,-0.00840919628736575,-0.00834155411977917,-0.00827495959320999,-0.00820938904435232,-0.00814481950686283,-0.00808122868617225,-0.00801859493537482,-0.00795689723213608,-0.00789611515657583,-0.00783622887007412,-0.00777721909495878,-0.00771906709503081,-0.00766175465688965,-0.00760526407201789,-0.00754957811959242,-0.00749468004998685,-0.00744055356893349,-0.00738718282231428,-0.00733455238155269,-0.00728264722957843,-0.00723145274733902,-0.00718095470083527,-0.00713113922865512,-0.00708199282998472,-0.00703350235307666,-0.00698565498415335,-0.006938438236728,-0.00689183994132549,-0.00684584823558389,-0.00680045155472216,-0.00675563862235916,-0.00671139844166488,-0.00666772028683704,-0.00662459369488068,-0.00658200845768719,-0.00653995461439227,-0.00649842244400814,-0.00645740245831318,-0.00641688539499265,-0.00637686221101828,-0.00633732407625748,-0.00629826236730284,-0.00625966866151434,-0.00622153473126369,-0.00618385253837533,-0.006146614228754,-0.00610981212719326,-0.00607343873235786,-0.0060374867119318,-0.00600194889792806,-0.00596681828215154,-0.00593208801181073,-0.00589775138527179,-0.00586380184795188,-0.00583023298834176,-0.00579703853415833,-0.00576421234861886,-0.00573174842683316,-0.00569964089231026,-0.0056678839935741,-0.00563647210088553,-0.00560539970306584,-0.00557466140441859,-0.00554425192174643,-0.0055141660814592,-0.00548439881676961,-0.00545494516497515,-0.00542580026482094,-0.00539695935394259,-0.00536841776638469,-0.0053401709301942,-0.00531221436508396,-0.00528454368016611,-0.00525715457175135,-0.00523004282121262,-0.00520320429291098,-0.00517663493218129,-0.00515033076337611,-0.0051242878879655,-0.00509850248269121,-0.00507297079777311,-0.00504768915516642,-0.0050226539468681,-0.00499786163327028,-0.00497330874156032,-0.00494899186416436,-0.0049249076572353,-0.00490105283918063,-0.00487742418923193,-0.00485401854605311,-0.00483083280638588,-0.00480786392373297,-0.00478510890707562,-0.00476256481962595,-0.00474022877761329,-0.00471809794910108,-0.00469616955283758,-0.00467444085713409,-0.00465290917877484,-0.00463157188195482,-0.00461042637724352,-0.00458947012057859,-0.00456870061228309,-0.00454811539610853,0,-0.0294956955619781,-0.0287083867456738,-0.027951780387154,-0.0272252934998114,-0.0265283426581875,-0.0258601662183348,-0.0252198002692992,-0.0246061300580916,-0.0240179563610493,-0.0234540499135132,-0.0229131893263073,-0.0223941852244601,-0.0218958945003546,-0.0214172279333249,-0.0209571535186196,-0.0205146970930144,-0.0200889413016651,-0.019679023583571,-0.0192841336110859,-0.0189035104613778,-0.0185364396955956,-0.0181822504553181,-0.0178403126429509,-0.0175100342249193,-0.0171908586784882,-0.0168822625914358,-0.0165837534163946,-0.0162948673770289,-0.0160151675203933,-0.0157442419081983,-0.0154817019388703,-0.0152271807919865,-0.0149803319866767,-0.0147408280458137,-0.0145083592581703,-0.0142826325311446,-0.0140633703271174,-0.0138503096769785,-0.0136432012648232,-0.0134418085782708,-0.0132459071192873,-0.0130552836707984,-0.0128697356147529,-0.0126890702976547,-0.0125131044398991,-0.0123416635855516,-0.0121745815894839,-0.0120117001390318,-0.0118528683075737,-0.01169794213764,-0.0115467842513569,-0.0113992634862106,-0.0112552545542735,-0.0111146377231881,-0.0109772985173412,-0.0108431274377805,-0.0107120196995433,-0.0105838749851727,-0.0104585972132874,-0.0103360943211646,-0.0102162780603684,-0.0100990638045386,-0.00998437036851441,-0.00987211983803231,-0.00976223740929524,-0.00965465123776225,-0.00954929229555272,-0.00944609423690597,-0.00934499327117898,-0.00924592804289831,-0.00914883951842009,-0.00905367087878108,-0.00896036741835672,-0.00886887644896407,-0.00877914720907656,-0.00869113077783959,-0.00860477999359412,-0.00852004937664143,-0.008436895055993,-0.00835527469987285,-0.00827514744974948,-0.00819647385769555,-0.00811921582687936,-0.00804333655501198,-0.00796880048057964,-0.00789557323170501,-0.00782362157748942,-0.00775291338169946,-0.00768341755866629,-0.00761510403127914,-0.00754794369095571,-0.00748190835948481,-0.00741697075264157,-0.00735310444547706,-0.00729028383919915,-0.00722848412955546,-0.00716768127664436,-0.00710785197607693,-0.00704897363142387,-0.00699102432787728,-0.00693398280706947,-0.00687782844298872,-0.00682254121893727,-0.00676810170547949,-0.00671449103933279,-0.00666169090315197,-0.0066096835061672,-0.00655845156563151,-0.00650797828903947,-0.00645824735708149,-0.00640924290729662,-0.00636094951839274,-0.006313352195202,-0.00626643635424208,-0.00622018780985478,-0.00617459276089656,-0.00612963777795374,-0.00608530979106105,-0.006041596077899,-0.00599848425244834,-0.00595596225408303,-0.00591401833708063,-0.00587264106053212,-0.00583181927863391,-0.00579154213134529,-0.00575179903539516,-0.00571257967562347,-0.00567387399664288,-0.00563567219480651,-0.00559796471047008,-0.00556074222053424,-0.00552399563125684,-0.00548771607132385,-0.00545189488516715,-0.00541652362651981,-0.00538159405219915,-0.0053470981161082,-0.00531302796344671,-0.00527937592512309,-0.00524613451235946,-0.00521329641148266,-0.00518085447889205,-0.00514880173619958,-0.0051171313655337,-0.00508583670500062,-0.00505491124429877,-0.00502434862047824,-0.00499414261383958,-0.00496428714397049,-0.00493477626590928,-0.00490560416643539,-0.00487676516047911,-0.00484825368764778,-0.00482006430886284,-0.00479219170310448,-0.00476463066426004,-0.00473737609807166,-0.00471042301917972,-0.00468376654825921,-0.00465740190924532,-0.00463132442664452,-0.00460552952292867,-0.00458001271601,-0.00455476961679116,-0.00452979592679204,-0.00450508743584659,-0.00448064001987014,-0.00445644963869271,-0.00443251233395731,-0.00440882422708062,-0.00438538151727404,-0.00436218047962207,-0.00433921746321844,-0.00431648888935474,-0.00429399124976274,-0.00427172110490735,-0.00424967508232776,-0.0042278498750271,-0.00420624223990723,-0.00418484899624796,-0.0041636670242293,-0.00414269326349548,-0.00412192471175812,-0.00410135842343962,-0.00408099150835306,-0.00406082113041864,-0.00404084450641676,-0.00402105890477267,-0.00400146164437654,-0.00398205009343408,-0.0039628216683491,-0.00394377383263525,-0.00392490409585791,-0.00390621001260286,-0.00388768918147395,-0.00386933924411581,-0.00385115788426338,-0.00383314282681541,-0.0038152918369333,-0.0037976027191618,0,-0.0265459525559822,-0.0257848882534548,-0.025053712638267,-0.0243539646778927,-0.0236851570103525,-0.0230462251089778,-0.0224358610565905,-0.0218526549047083,-0.0212951742828646,-0.0207620113535647,-0.020251809529694,-0.0197632774887777,-0.0192951953660841,-0.0188464162499634,-0.018415864937583,-0.0180025351597731,-0.0176054860125706,-0.0172238380408281,-0.0168567692392356,-0.0165035111255246,-0.0161633449728207,-0.0158355982466071,-0.0155196412664806,-0.015214884097636,-0.0149207736679855,-0.0146367911016645,-0.0143624492569215,-0.0140972904551311,-0.0138408843873246,-0.0135928261848409,-0.0133527346412328,-0.0131202505732725,-0.0128950353096937,-0.0126767692971295,-0.0124651508135193,-0.0122598947800396,-0.0120607316633582,-0.011867406460703,-0.011679677760883,-0.0114973168749922,-0.0113201070310724,-0.0111478426275103,-0.0109803285404027,-0.0108173794805352,-0.0106588193960035,-0.0105044809168471,-0.0103542048383809,-0.0102078396401957,-0.0100652410380557,-0.00992627156615961,-0.00979080018744271,-0.00965870192979735,-0.00952985754626194,-0.00940415319739127,-0.00928148015417053,-0.00916173451996677,-0.00904481697013363,-0.0089306325079986,-0.00881909023606266,-0.00871010314133282,-0.00860358789379787,-0.00849946465713035,-0.00839765691077005,-0.0082980912826123,-0.00820069739157835,-0.00810540769940495,-0.00801215737103501,-0.00792088414304402,-0.00783152819956986,-0.00774403205526164,-0.00765834044479141,-0.00757440021851069,-0.00749216024385949,-0.00741157131216726,-0.00733258605050657,-0.00725515883828926,-0.00717924572830966,-0.00710480437196725,-0.00703179394841318,-0.00696017509738564,-0.0068899098555151,-0.00682096159589274,-0.00675329497071217,-0.00668687585680459,-0.00662167130389957,-0.00655764948545716,-0.00649477965192267,-0.00643303208626891,-0.00637237806169656,-0.0063127898013737,-0.00625424044010026,-0.00619670398779372,-0.00614015529469474,-0.00608457001820178,-0.00602992459124585,-0.00597619619212418,-0.00592336271571485,-0.00587140274600061,-0.00582029552983256,-0.00577002095187114,-0.00572055951064203,-0.00567189229565004,-0.00562400096549974,-0.00557686772696885,-0.00553047531498874,-0.00548480697348586,-0.00543984643704279,-0.0053955779133369,-0.00535198606632023,-0.00530905600010469,-0.00526677324351631,-0.00522512373529076,-0.00518409380987463,-0.00514367018380842,-0.00510383994266134,-0.00506459052849222,-0.00502590972781347,-0.00498778566003424,-0.00495020676636035,-0.00491316179913093,-0.00487663981157181,-0.004840630147947,-0.00480512243408998,-0.00477010656829915,-0.0047355727125796,-0.00470151128421752,-0.00466791294767267,-0.0046347686067733,-0.00460206939720371,-0.00456980667926772,-0.00453797203092136,-0.00450655724105808,-0.00447555430304007,-0.00444495540846318,-0.00441475294114597,-0.00438493947133459,-0.00435550775011286,-0.00432645070401136,-0.0042977614298053,-0.00426943318949535,-0.0042414594054621,-0.00421383365578964,-0.00418654966974849,-0.00415960132343481,-0.00413298263555767,-0.0041066877633683,-0.00408071099872762,-0.0040550467643049,-0.00402968960990362,-0.00400463420890884,-0.00397987535485232,-0.00395540795808982,-0.00393122704258775,-0.0039073277428129,-0.00388370530072461,-0.00386035506286192,-0.00383727247752512,-0.00381445309204637,-0.00379189255014747,-0.00376958658938031,-0.00374753103864792,-0.00372572181580273,-0.00370415492532017,-0.00368282645604286,-0.00366173257899575,-0.00364086954526682,-0.00362023368395291,-0.00359982140016854,-0.00357962917311332,-0.00355965355419886,-0.0035398911652308,-0.00352033869664523,-0.00350099290579731,-0.00348185061530069,-0.00346290871141465,-0.00344416414247981,-0.00342561391739823,-0.00340725510415758,-0.00338908482839866,-0.0033711002720227,-0.00335329867183995,-0.00333567731825507,-0.00331823355399138,-0.00330096477284966,-0.00328386841850231,-0.00326694198332145,-0.00325018300723931,-0.00323358907664012,-0.00321715782328244,-0.00320088692325177,-0.00318477409594073,-0.00316881710305747,-0.00315301374766166,-0.00313736187322494,-0.00312185936271805,-0.00310650413772176,-0.00309129415756118,-0.0030762274184635,-0.00306130195273815,-0.00304651582797777,0,-0.02352594701711,-0.0227934285357581,-0.022090882323454,-0.0214211744934104,-0.0207837386689688,-0.0201771453316947,-0.0195997162633345,-0.0190497371350331,-0.0185255426797044,-0.0180255519595387,-0.0175482813779508,-0.0170923470756607,-0.0166564621919361,-0.0162394317427906,-0.0158401465381704,-0.0154575768754288,-0.0150907663834875,-0.0147388261973809,-0.0144009295383842,-0.0140763067195083,-0.0137642405675557,-0.0134640622390522,-0.0131751474014556,-0.0128969127494167,-0.0126288128264387,-0.0123703371239498,-0.0121210074319139,-0.011880375417358,-0.0116480204093867,-0.0114235473713315,-0.0112065850425859,-0.0109967842344087,-0.0107938162655471,-0.0105973715249282,-0.0104071581499364,-0.0102229008099174,-0.0100443395855611,-0.00987122893572449,-0.009703336744064,-0.00954044343857559,-0.00938234117779647,-0.00922883309800512,-0.00907973261628666,-0.00893486278480437,-0.00879405569204401,-0.00865715190718498,-0.00852399996409573,-0.00839445588176918,-0.00826838271829002,-0.00814565015568778,-0.00802613411325781,-0.00790971638714043,-0.00779628431414033,-0.00768573045794169,-0.00757795231602316,-0.00747285204572976,-0.00737033620807695,-0.00727031552798442,-0.00717270466974417,-0.00707742202662177,-0.0069843895235792,-0.00689353243218908,-0.00680477919688256,-0.00671806127174146,-0.00663331296710477,-0.00655047130531868,-0.00646947588500726,-0.00639026875329253,-0.00631279428542952,-0.00623699907136965,-0.00616283180879371,-0.00609024320219526,-0.00601918586762358,-0.00594961424272381,-0.00588148450173663,-0.00581475447514695,-0.00574938357368986,-0.00568533271644397,-0.00562256426276118,-0.00556104194779837,-0.00550073082143367,-0.00544159719036384,-0.00538360856319214,-0.00532673359833263,-0.00527094205456226,-0.00521620474407043,-0.00516249348785686,-0.00510978107334911,-0.00505804121410845,-0.00500724851150802,-0.00495737841827397,-0.00490840720378326,-0.00486031192102418,-0.00481307037512431,-0.00476666109336586,-0.00472106329660325,-0.00467625687200952,-0.00463222234708253,-0.00458894086484106,-0.00454639416015026,-0.00450456453711705,-0.00446343484750049,-0.00442298847008395,-0.00438320929096073,-0.00434408168468627,-0.00430559049625431,-0.00426772102385312,-0.00423045900236631,-0.00419379058757999,-0.00415770234105989,-0.0041221812156686,-0.00408721454169078,-0.00405279001353612,-0.00401889567699354,-0.00398551991701027,-0.00395265144597086,-0.00392027929245227,-0.00388839279043354,-0.00385698156893838,-0.00382603554209134,-0.00379554489956788,-0.00376550009742066,-0.0037358918492659,-0.00370671111781186,-0.00367794910671612,-0.00364959725275538,-0.00362164721829511,-0.00359409088404514,-0.00356692034208939,-0.00354012788917739,-0.00351370602026584,-0.00348764742230119,-0.0034619449682305,-0.00343659171123308,-0.00341158087916281,-0.00338690586919103,-0.00336256024264456,-0.00333853772002747,-0.00331483217622167,-0.00329143763585731,-0.00326834826884656,-0.00324555838607514,-0.00322306243524279,-0.00320085499684979,-0.00317893078032094,-0.00315728462026404,-0.00313591147285475,-0.00311480641234527,-0.00309396462769143,-0.00307338141929236,-0.00305305219584007,-0.00303297247127379,-0.00301313786183466,-0.00299354408321824,-0.0029741869478202,-0.00295506236207116,-0.00293616632385968,-0.00291749492003654,-0.0028990443240007,-0.00288081079336157,-0.00286279066767639,-0.00284498036625869,-0.002827376386056,-0.00280997529959424,-0.00279277375298595,-0.00277576846400091,-0.0027589562201957,-0.00274233387710131,-0.00272589835646596,-0.0027096466445518,-0.0026935757904827,-0.00267768290464239,-0.00266196515712097,-0.00264641977620629,-0.00263104404692287,-0.00261583530961164,-0.0026007909585528,-0.00258590844062934,-0.00257118525402839,-0.00255661894698175,-0.00254220711654188,-0.00252794740739382,-0.00251383751070089,-0.00249987516298322,-0.00248605814502861,-0.0024723842808341,-0.00245885143657709,-0.00244545751961586,-0.00243220047751738,-0.00241907829711296,-0.00240608900357919,-0.00239323065954536,-0.00238050136422402,-0.00236789925256647,-0.00235542249444104,-0.00234306929383288,-0.00233083788806665,-0.00231872654704887,-0.00230673357253147,-0.00229485729739484,0,-0.0204342672503105,-0.0197322624728276,-0.0190618150782692,-0.0184257794597484,-0.017823231330827,-0.0172522962875817,-0.0167109065053622,-0.016197045841596,-0.0157088270404771,-0.0152445098943902,-0.0148024982030289,-0.0143813295144011,-0.0139796630204181,-0.0135962676715921,-0.0132300112460951,-0.0128798505646127,-0.0125448228250117,-0.0122240379524516,-0.0119166718412474,-0.0116219603694346,-0.011339194080127,-0.0110677134386959,-0.0108069045888208,-0.010556195542662,-0.0103150527506389,-0.0100829780047483,-0.00985950563628457,-0.00964419997450414,-0.0094366530374551,-0.00923648243005996,-0.00904332942776905,-0.008856857226807,-0.00867674934433471,-0.00850270815379703,-0.0083344535424078,-0.00817172167917481,-0.00801426388311925,-0.00786184558245293,-0.00771424535642931,-0.00757125405244104,-0.00743267397168283,-0.00729831811735816,-0.00716800950000708,-0.00704158049504715,-0.00691887224809755,-0.00679973412406632,-0.00668402319636349,-0.00657160377293478,-0.00646234695611336,-0.00635613023356042,-0.00625283709780983,-0.00615235669215045,-0.00605458348078156,-0.00595941694135772,-0.00586676127819646,-0.00577652515457873,-0.00568862144269429,-0.00560296698991853,-0.00551948240020322,-0.00543809182947604,-0.00535872279402631,-0.00528130599093987,-0.00520577512972431,-0.0051320667743275,-0.00506012019482283,-0.00498987722808555,-0.00492128214684227,-0.00485428153651761,-0.00478882417935134,-0.00472486094529731,-0.00466234468924942,-0.00460123015417865,-0.00454147387979348,-0.00448303411636282,-0.00442587074336981,-0.004369945192689,-0.00431522037599605,-0.00426166061614829,-0.0042092315822847,-0.00415790022841704,-0.00410763473529759,-0.00405840445536224,-0.00401017986056616,-0.00396293249293482,-0.00391663491767236,-0.00387126067867297,-0.00382678425629701,-0.00378318102727986,-0.00374042722664787,-0.00369849991153026,-0.00365737692675651,-0.00361703687213882,-0.00357745907134668,-0.00353862354228279,-0.00350051096887979,-0.00346310267423793,-0.00342638059503186,-0.00339032725711767,-0.00335492575227588,-0.00332015971602943,-0.00328601330648093,-0.00325247118411297,-0.0032195184925056,-0.00318714083991904,-0.00315532428169986,-0.00312405530346711,-0.00309332080504,-0.00306310808506853,-0.00303340482633294,-0.00300419908167722,-0.00297547926054731,-0.00294723411610275,-0.0029194527328739,-0.00289212451493957,-0.00286523917459769,-0.00283878672150803,-0.00281275745228286,-0.00278714194050396,-0.0027619310271482,-0.0027371158113995,-0.00271268764183261,-0.00268863810794776,-0.00266495903204421,-0.00264164246141407,-0.00261868066084293,-0.00259606610540385,-0.00257379147353191,-0.00255184964036466,-0.0025302336713398,-0.00250893681603624,-0.00248795250224965,-0.00246727433029063,-0.00244689606749782,-0.00242681164295486,-0.00240701514240355,-0.00238750080334504,-0.00236826301031989,-0.00234929629036114,-0.00233059530861154,-0.00231215486409961,-0.00229396988566674,-0.0022760354280396,-0.0022583466680422,-0.00224089890094141,-0.00222368753692102,-0.00220670809767907,-0.00218995621314269,-0.00217342761829706,-0.00215711815012301,-0.00214102374464015,-0.00212514043404931,-0.0021094643439727,-0.0020939916907865,-0.00207871877904311,-0.00206364199897906,-0.00204875782410538,-0.0020340628088783,-0.0020195535864455,-0.00200522686646636,-0.00199107943300293,-0.00197710814247973,-0.00196330992170796,-0.0019496817659744,-0.00193622073719026,-0.00192292396209902,-0.00190978863054106,-0.00189681199377255,-0.00188399136283683,-0.00187132410698705,-0.00185880765215668,-0.00184643947947831,-0.00183421712384692,-0.00182213817252756,-0.00181020026380542,-0.00179840108567622,-0.00178673837457652,-0.00177520991415236,-0.00176381353406355,-0.001752547108825,-0.00174140855668115,-0.00173039583851342,-0.0017195069567813,-0.0017087399544925,-0.00169809291420386,-0.00168756395705141,-0.00167715124180745,-0.00166685296396593,-0.00165666735485298,-0.00164659268076289,-0.00163662724211885,-0.00162676937265732,-0.00161701743863468,-0.00160736983805718,-0.00159782499993102,-0.00158838138353434,-0.00157903747770885,-0.00156979180017053,-0.00156064289683949,-0.00155158934118879,-0.00154262973360983,0,-0.0172688419673172,-0.0165996714011339,-0.0159651786161524,-0.0153668008707412,-0.0148029402534433,-0.0142711978191187,-0.0137691097644412,-0.0132943745848741,-0.0128449053593469,-0.0124188250161132,-0.0120144453723845,-0.0116302437745002,-0.011264841690446,-0.0109169862863802,-0.0105855349038459,-0.0102694420353509,-0.00996774835756352,-0.00967957143241344,-0.00940409775688228,-0.00914057590819196,-0.00888831058580953,-0.00864665739484026,-0.00841501824864684,-0.00819283729393509,-0.00797959728091517,-0.00777481631595946,-0.00757804494559266,-0.00738886352950544,-0.00720687986724004,-0.00703172704871437,-0.00686306150317587,-0.00670056122477293,-0.00654392415588097,-0.00639286671176682,-0.00624712243222496,-0.00610644074755175,-0.00597058584770015,-0.00583933564472189,-0.00571248081970532,-0.00558982394635818,-0.00547117868422622,-0.00535636903525791,-0.00524522865807117,-0.00513760023484458,-0.00503333488625717,-0.00493229163034405,-0.00483433688153802,-0.00473934398651803,-0.00464719279380045,-0.00455776925429967,-0.00447096505033281,-0.00438667725077563,-0.00430480799028179,-0.00422526417066299,-0.00414795718269672,-0.00407280264677597,-0.00399972017095536,-0.00392863312507113,-0.00385946842972185,-0.00379215635900274,-0.00372663035597559,-0.0036628268599397,-0.0036006851446495,-0.00354014716668898,-0.00348115742327888,-0.00342366281885095,-0.00336761253977327,-0.00331295793666291,-0.00325965241376032,-0.00320765132488678,-0.00315691187553728,-0.00310739303069728,-0.00305905542800463,-0.00301186129589998,-0.00296577437644473,-0.002920759852498,-0.00287678427897704,-0.00283381551793654,-0.00279182267722859,-0.00275077605251502,-0.00271064707242588,-0.00267140824666878,-0.00263303311690768,-0.00259549621024292,-0.00255877299513625,-0.00252283983963326,-0.00248767397174689,-0.00245325344187569,-0.00241955708713625,-0.00238656449749915,-0.00235425598362479,-0.00232261254630099,-0.00229161584739257,-0.00226124818221596,-0.00223149245326104,-0.00220233214518301,-0.00217375130099673,-0.00214573449940514,-0.00211826683320195,-0.00209133388869022,-0.00206492172606036,-0.00203901686068006,-0.00201360624524419,-0.00198867725274207,-0.00196421766019797,-0.00194021563314611,-0.00191665971079981,-0.00189353879188274,-0.00187084212108644,-0.0018485592761214,-0.00182668015533582,-0.00180519496586935,-0.00178409421231827,-0.00176336868588592,-0.00174300945399479,-0.00172300785033699,-0.00170335546534424,-0.00168404413705422,-0.00166506594235723,-0.00164641318860266,-0.00162807840555043,-0.00161005433764981,-0.00159233393663144,-0.0015749103543963,-0.00155777693619107,-0.00154092721405329,-0.00152435490051667,-0.0015080538825635,-0.0014920182158132,-0.00147624211893752,-0.00146071996829039,-0.00144544629274465,-0.00143041576872648,-0.00141562321543741,-0.00140106359025739,-0.00138673198432017,-0.00137262361825474,-0.00135873383808373,-0.00134505811127414,-0.00133159202293311,-0.00131833127214259,-0.00130527166842694,-0.00129240912834852,-0.00127973967222567,-0.00126725942096798,-0.00125496459302436,-0.00124285150143898,-0.00123091655101017,-0.00121915623555052,-0.00120756713524044,-0.00119614591407509,-0.00118488931739839,-0.00117379416952205,-0.00116285737142585,-0.00115207589853566,-0.00114144679857686,-0.00113096718950077,-0.00112063425747846,-0.00111044525496323,-0.00110039749881678,-0.00109048836849639,-0.00108071530430265,-0.00107107580568401,-0.00106156742959583,-0.00105218778891407,-0.00104293455089773,-0.00103380543570314,-0.0010247982149436,-0.00101591071029557,-0.00100714079214889,-0.000998486378299607,-0.00098994543268309,-0.000981515964147181,-0.000973196025263356,-0.000964983711173845,-0.000956877158475963,-0.000948874544137973,-0.000940974084450652,-0.000933174034008472,-0.000925472684723233,-0.000917868364865682,-0.000910359438137803,-0.000902944302770575,-0.000895621390650081,-0.00088838916646905,-0.000881246126902796,-0.000874190799809799,-0.000867221743455909,-0.00086033754575976,-0.000853536823561707,-0.000846818221912571,-0.000840180413383129,-0.000833622097393905,-0.000827141999562353,-0.000820738871070759,-0.000814411488050226,-0.000808158650982715,-0.00080197918411945,-0.000795871934916398,-0.000789835773483488,0,-0.0140269290661065,-0.0133939990617598,-0.0127998232442535,-0.0122434593006246,-0.0117223577356739,-0.0112335376429083,-0.0107741526894252,-0.0103416483278374,-0.00993377206581708,-0.00954854078446432,-0.00918420085716111,-0.00883919196601343,-0.00851211699066073,-0.00820171765105691,-0.00790685491112385,-0.00762649313412921,-0.00735968714571136,-0.00710557154627299,-0.00686335177370324,-0.0066322965417924,-0.00641173137310831,-0.00620103301405839,-0.00599962457046065,-0.00580697123911842,-0.00562257653831724,-0.00544597896055646,-0.0052767489861377,-0.00511448640784067,-0.00495881792583841,-0.00480939497892918,-0.00466589178361483,-0.00452800355690491,-0.00439544490222567,-0.00426794834067894,-0.00414526297225196,-0.00402715325355015,-0.00391339788028006,-0.00380378876411126,-0.00369813009475135,-0.00359623747909818,-0.00349793715023137,-0.0034030652397808,-0.00331146710789368,-0.0032229967256183,-0.00313751610505019,-0.00305489477305078,-0.00297500928476495,-0.00289774277352632,-0.00282298453407007,-0.0027506296362626,-0.0026805785668204,-0.00261273689672116,-0.00254701497222447,-0.0024833276276035,-0.00242159391786297,-0.00236173686986807,-0.00230368325045051,-0.00224736335017852,-0.00219271078159463,-0.00213966229082417,-0.0020881575815507,-0.00203813915043918,-0.00198955213316253,-0.00194234416025916,-0.00189646522210713,-0.00185186754236466,-0.00180850545927159,-0.00176633531426177,-0.00172531534737184,-0.00168540559897941,-0.00164656781743368,-0.00160876537217837,-0.00157196317199712,-0.00153612758803687,-0.00150122638129387,-0.00146722863426718,-0.00143410468650941,-0.00140182607381986,-0.00137036547084979,-0.00133969663689805,-0.00130979436469943,-0.001280634432016,-0.00125219355585753,-0.00122444934916893,-0.00119738027983379,-0.00117096563185237,-0.00114518546856436,-0.00112002059779316,-0.00109545253879688,-0.00107146349092201,-0.00104803630385696,-0.0010251544493948,-0.00100280199461808,-0.000980963576422411,-0.000959624377305388,-0.000938770102347691,-0.000918386957319828,-0.000898461627853051,-0.000878981259613637,-0.000859933439427876,-0.000841306177304171,-0.000823087889304047,-0.000805267381217833,-0.000787833833000059,-0.000770776783926175,-0.000754086118430738,-0.000737752052593021,-0.000721765121236589,-0.000706116165608978,-0.000690796321614159,-0.000675797008568207,-0.000661109918452724,-0.000646727005639433,-0.000632640477064905,-0.000618842782829671,-0.000605326607204429,-0.000592084860020201,-0.00057911066842628,-0.000566397368996732,-0.000553938500168216,-0.00054172779499484,-0.000529759174204364,-0.000518026739540614,-0.000506524767379821,-0.000495247702607074,-0.000484190152742633,-0.000473346882304132,-0.000462712807394988,-0.000452282990509895,-0.00044205263554499,-0.000432017083006025,-0.00042217180540402,-0.000412512402830023,-0.000403034598702695,-0.000393734235678733,-0.000384607271721626,-0.000375649776318127,-0.00036685792684138,-0.000358228005048519,-0.000349756393711528,-0.000341439573372987,-0.000333274119223251,-0.000325256698091705,-0.000317384065549847,-0.000309653063119641,-0.000302060615583882,-0.000294603728393308,-0.000287279485167533,-0.000280085045285122,-0.000273017641560264,-0.000266074578001013,-0.000259253227647027,-0.000252551030483231,-0.00024596549142647,-0.00023949417838158,-0.000233134720365652,-0.000226884805695673,-0.000220742180239625,-0.000214704645726135,-0.000208770058111887,-0.000202936326004266,-0.000197201409136344,-0.000191563316894239,-0.000186020106891893,-0.000180569883594606,-0.0001752107969865,-0.000169941041282567,-0.000164758853683361,-0.000159662513168665,-0.000154650339331444,-0.000149720691249342,-0.000144871966391416,-0.000140102599560904,-0.000135411061871274,-0.000130795859754063,-0.000126255533998948,-0.000121788658823424,-0.000117393840971564,-0.000113069718841174,-0.000108814961637005,-0.000104628268551649,-0.000100508367970181,-9.64540166997208e-05,-9.24639992227194e-05,-8.85371269721269e-05,-8.46722376290909e-05,-8.08681944414746e-05,-7.71238855632739e-05,-7.34382234127695e-05,-6.98101440503862e-05,-6.62386065751752e-05,-6.27225925385611e-05,-5.92611053751302e-05,-5.58531698510722e-05,-5.24978315276092e-05,-4.91941562402731e-05,-4.59412295933104e-05,-4.27381564686857e-05,-3.95840605490749e-05,-3.64780838543466e-05,0,-0.0107055614108556,-0.0101137314335924,-0.00956483229661646,-0.00905521010632389,-0.00858118717859634,-0.00813918693561453,-0.00772602021102985,-0.00733892897793382,-0.00697554084728227,-0.00663380529859874,-0.00631193511979998,-0.00600835850478638,-0.0057216813888262,-0.00545065812800916,-0.00519416859114825,-0.00495120007683192,-0.00472083284718227,-0.00450222838625627,-0.0042946197316879,-0.00409730340418767,-0.00390963258613081,-0.00373101129108243,-0.00356088933103312,-0.00339875793487371,-0.00324414590557013,-0.00309661622835433,-0.002955763060652,-0.00282120904825796,-0.00269260292272602,-0.00256961734297786,-0.00245194695038536,-0.0023393066115098,-0.00223142982661827,-0.00212806728527384,-0.00202898555289475,-0.00193396587432431,-0.00184280308224341,-0.00175530459976239,-0.00167128952781118,-0.00159058780903561,-0.00151303946085147,-0.00143849387111977,-0.0013668091506145,-0.00129785153707383,-0.00123149484616689,-0.00116761996518665,-0.00110611438570143,-0.00104687177177068,-0.000989791560662395,-0.000934778593306783,-0.000881742771981671,-0.000830598742962194,-0.000781265602077467,-0.000733666621307624,-0.000687728994719944,-0.000643383602203312,-0.000600564789588282,-0.000559210163872351,-0.000519260402375196,-0.000480659074758305,-0.000443352476922745,-0.000407289475895675,-0.000372421364879583,-0.000338701727715163,-0.000306086312064122,-0.00027453291068022,-0.000244001250183111,-0.000214452886801567,-0.000185851108590221,-0.000158160843665996,-0.000131348574046126,-0.000105382254699332,-8.02312374550973e-05,-5.58661994399107e-05,-3.22590757367985e-05,-9.38299598632342e-06,1.27877753339986e-05,3.42778951898798e-05,5.51109950571033e-05,7.53097309813128e-05,9.48958308249342e-05,0.000113890138876929,0.000132312657996278,0.000150182589439982,0.000167518370520842,0.000184337710229854,0.000200657622945299,0.000216494460347563,0.000231863941645732,0.00024678118221716,0.000261260720757231,0.000275316545021456,0.000288962116248015,0.000302210392334953,0.000315073849842612,0.000327564504891187,0.000339693933014723,0.000351473288030882,0.00036291331998145,0.000374024392195818,0.000384816497525475,0.000395299273795793,0.000405482018516909,0.000415373702893976,0.000424982985175931,0.000434318223376029,0.000443387487399236,0.000452198570606535,0.000460759000847369,0.000469076050985326,0.000477156748947036,0.000485007887313968,0.000492636032485533,0.000500047533431747,0.000507248530057666,0.000514244961198645,0.000521042572265235,0.000527646922554484,0.000534063392244488,0.000540297189088268,0.000546353354819715,0.000552236771288864,0.000557952166334072,0.000563504119411376,0.000568897066984861,0.000574135307693971,0.000579223007307755,0.000584164203473958,0.000588962810274582,0.000593622622596199,0.0005981473203229,0.000602540472361107,0.000606805540502658,0.000610945883134539,0.000614964758801795,0.000618865329629945,0.000622650664613242,0.00062632374277477,0.000629887456204237,0.000633344612978759,0.00063669793997076,0.000639950085549679,0.00064310362218073,0.000646161048924884,0.000649124793846143,0.000651997216327083,0.000654780609299702,0.000657477201393031,0.000660089159001537,0.000662618588277639,0.000665067537051589,0.000667437996681841,0.000669731903838025,0.000671951142220559,0.0006740975442176,0.000676172892504101,0.000678178921583089,0.000680117319273477,0.000681989728144913,0.000683797746902651,0.000685542931724292,0.000687226797550469,0.000688850819329914,0.000690416433222873,0.000691925037763427,0.00069337799498094,0.000694776631484983,0.000696122239512986,0.000697416077942353,0.000698659373269697,0.000699853320556068,0.00070099908434236,0.00070209779953348,0.000703150572253591,0.000704158480673872,0.000705122575812261,0.000706043882308854,0.000706923399173998,0.000707762100514736,0.000708560936236058,0.000709320832720933,0.000710042693487761,0.000710727399827915,0.000711375811422638,0.000711988766940563,0.000712567084616783,0.000713111562813867,0.000713622980564738,0.00071410209810005,0.000714549657358426,0.000714966382480919,0.000715352980290851,0.000715710140759052,0.000716038537454722,0.000716338827982305,0.000716611654406563,0.000716857643663027,0.000717077407957734,0.000717271545154108,0.000717440639149358,0,-0.00730198430922708,-0.00675760866192641,-0.00625958005783921,-0.00580177828155352,-0.00537936446931096,-0.00498821316762932,-0.00462486284742622,-0.00428641912085682,-0.00397044609275202,-0.00367487129228311,-0.00339791021324766,-0.00313800867817998,-0.00289379930146932,-0.00266406850641397,-0.00244773127760432,-0.0022438115578912,-0.00205142678351711,-0.0018697754831223,-0.00169812717477111,-0.00153581401208944,-0.0013822237825654,-0.00123679396773274,-0.00109900665023749,-0.000968384106360964,-0.000844484961048719,-0.000726900810439496,-0.000615253237417401,-0.000509191160978563,-0.000408388471707405,-0.000312541914437178,-0.000221369185953932,-0.000134607220925093,-5.2010643450201e-05,2.66496349812517e-05,0.000101587687587973,0.000173003728652504,0.000241085166462457,0.00030600756359643,0.000367935513986825,0.000427023445067135,0.000483416352341406,0.000537250472888953,0.00058865390358899,0.000637747169229444,0.000684643745109646,0.000729450538271309,0.000772268331063745,0.000813192190377947,0.000852311845551394,0.000889712037650287,0.000925472842577095,0.000959669970213323,0.000992375041603266,0.00102365584599289,0.00105357657937577,0.00108219806604338,0.00110957796450342,0.00113577095900858,0.00116082893782932,0.00118480115930041,0.00120773440658939,0.00122967313204589,0.00125065959192405,0.00127073397219897,0.00128993450614238,0.00130829758426168,0.00132585785716532,0.00134264833186241,0.00135870046197253,0.00137404423227547,0.00138870823800418,0.00140271975924702,0.00141610483079843,0.00142888830777366,0.00144109392727536,0.00145274436637853,0.00146386129668469,0.00147446543566865,0.00148457659503631,0.0014942137262839,0.00150339496364382,0.0015121376645869,0.00152045844803221,0.00152837323041957,0.00153589725976913,0.00154304514786192,0.00154983090065504,0.0015562679470406,0.00156236916605043,0.00156814691260032,0.00157361304186338,0.00157877893235299,0.00158365550779312,0.0015882532578482,0.00159258225777782,0.00159665218708002,0.0016004723471832,0.00160405167823689,0.00160739877505783,0.0016105219022766,0.00161342900872913,0.00161612774113869,0.00161862545712317,0.00162092923756917,0.00162304589840442,0.0016249820018041,0.00162674386685886,0.00162833757973559,0.0016297690033579,0.00163104378663004,0.00163216737323117,0.0016331450099993,0.00163398175493006,0.00163468248480567,0.00163525190247825,0.00163569454382051,0.00163601478436444,0.00163621684564068,0.00163630480123639,0.00163628258258403,0.0016361539844941,0.00163592267044622,0.0016355921776494,0.00163516592188166,0.001634647202122,0.00163403920498346,0.00163334500895619,0.00163256758847169,0.00163170981779349,0.00163077447474706,0.00162976424429107,0.00162868172194248,0.00162752941705792,0.00162630975598198,0.001625025085065,0.00162367767355909,0.0016222697163961,0.00162080333685392,0.00161928058911517,0.00161770346072451,0.00161607387494751,0.00161439369303694,0.0016126647164092,0.00161088868873609,0.00160906729795425,0.00160720217819742,0.00160529491165323,0.00160334703034942,0.00160136001787144,0.00159933531101361,0.0015972743013694,0.00159517833686013,0.00159304872320698,0.00159088672534805,0.0015886935688014,0.00158647044097948,0.0015842184924531,0.00158193883817,0.00157963255862865,0.00157730070100873,0.00157494428026124,0.0015725642801587,0.00157016165430772,0.00156773732712524,0.00156529219477961,0.0015628271260988,0.00156034296344586,0.00155784052356374,0.00155532059839039,0.00155278395584518,0.00155023134058797,0.0015476634747522,0.00154508105865175,0.00154248477146433,0.00153987527189098,0.00153725319879267,0.00153461917180572,0.00153197379193667,0.00152931764213587,0.00152665128785248,0.00152397527757125,0.0015212901433303,0.00151859640122237,0.0015158945518792,0.00151318508094006,0.0015104684595042,0.00150774514456964,0.00150501557945595,0.00150228019421492,0.00149953940602648,0.00149679361958283,0.00149404322745936,0.00149128861047415,0.00148853013803588,0.00148576816848003,0.00148300304939505,0.00148023511793838,0.00147746470114146,0.00147469211620566,0.00147191767078919,0,-0.00381414525068844,-0.00332475508387679,-0.00288379250669328,-0.0024831903278144,-0.00211707530005459,-0.00178088931259975,-0.0014710011460493,-0.00118446359434222,-0.000918842737019185,-0.000672094950756971,-0.000442478010700562,-0.000228486565644483,-2.88048808940664e-05,0.000157728234098507,0.000332145877022925,0.000495373356059425,0.000648244058111813,0.000791512072578382,0.000925862404640057,0.00105191936819013,0.00117025358102117,0.00128138786894147,0.00138580230452243,0.00148393854901958,0.00157620362521517,0.00166297321945956,0.00174459458962593,0.00182138913972059,0.00189365470989315,0.00196166762146946,0.00202568450959144,0.00208594397055871,0.00214266804661721,0.00219606356746582,0.00224632336493423,0.00229362737497893,0.00233814363923944,0.00238002921680684,0.00241943101551587,0.00245648655094088,0.00249132464030297,0.00252406603766592,0.00255482401608115,0.0025837049017125,0.00261080856443408,0.00263622886891318,0.00266005408977585,0.0026823672940797,0.00270324669399835,0.00272276597232687,0.00274099458316772,0.00275799802992177,0.00277383812251222,0.0027885732155827,0.00280225842924809,0.0028149458538347,0.00282668473991168,0.00283752167479791,0.00284750074662513,0.00285666369694103,0.00286505006274788,0.00287269730879895,0.00287964095089888,0.00288591467089561,0.00289155042399099,0.00289657853894149,0.00290102781168283,0.00290492559285538,0.00290829786968031,0.00291116934259143,0.00291356349700067,0.00291550267054294,0.00291700811611782,0.00291810006102346,0.0029187977624545,0.00291911955961063,0.00291908292265244,0.00291870449871279,0.00291800015516618,0.00291698502033565,0.00291567352180913,0.00291407942252014,0.00291221585474087,0.00291009535212043,0.00290772987989536,0.00290513086338869,0.0029023092149055,0.00289927535912513,0.00289603925708587,0.00289261042884659,0.00288899797490888,0.00288521059647459,0.00288125661460871,0.0028771439883756,0.00287288033200613,0.00286847293115865,0.00286392875832212,0.0028592544874159,0.0028544565076285,0.00284954093654462,0.00284451363259677,0.00283938020688247,0.00283414603438306,0.00282881626461597,0.00282339583175478,0.00281788946424442,0.00281230169394182,0.0028066368648048,0.0028008991411575,0.00279509251555266,0.00278922081625478,0.0027832877143614,0.00277729673058578,0.00277125124171519,0.00276515448676469,0.00275900957284064,0.00275281948073014,0.00274658707022998,0.00274031508522861,0.00273400615855443,0.00272766281660074,0.0027212874837414,0.00271488248654427,0.00270845005779549,0.00270199234034299,0.00269551139076746,0.0026890091828904,0.0026824876111271,0.00267594849369128,0.00266939357565889,0.0026628245318997,0.00265624296988003,0.00264965043234426,0.00264304839988166,0.00263643829338295,0.00262982147639167,0.00262319925735581,0.00261657289178471,0.00260994358431402,0.00260331249068504,0.00259668071964109,0.0025900493347448,0.00258341935612068,0.00257679176212489,0.00257016749094768,0.00256354744214909,0.00255693247813256,0.00255032342555965,0.0025437210767054,0.0025371261907613,0.00253053949508479,0.00252396168639915,0.00251739343194568,0.00251083537058971,0.00250428811388417,0.00249775224708929,0.00249122833015397,0.0024847168986587,0.00247821846472016,0.00247173351786252,0.00246526252585408,0.00245880593551223,0.00245236417347623,0.00244593764695245,0.00243952674442895,0.00243313183636452,0.00242675327585082,0.00242039139924921,0.00241404652680477,0.00240771896323567,0.00240140899830187,0.00239511690735136,0.00238884295184705,0.00238258737987362,0.00237635042662571,0.00237013231487759,0.00236393325543674,0.00235775344757944,0.00235159307947086,0.0023454523285707,0.00233933136202258,0.00233323033703012,0.00232714940121931,0.00232108869298792,0.00231504834184171,0.00230902846871944,0.00230302918630501,0.00229705059933002,0.00229109280486367,0.00228515589259429,0.00227923994509918,0.00227334503810558,0.00226747124074242,0.00226161861578358,0.00225578721988165,0.00224997710379377,0.00224418831260026,0.00223842088591461,0.0022326748580862,0.00222695025839725,0,-0.000240861701735463,0.000185193416115295,0.000562395535484761,0.000900199679250049,0.00120523300771094,0.00148230135748564,0.00173507319560537,0.00196645136737295,0.00217879565301644,0.00237406654159359,0.00255392248341094,0.00271978770944081,0.00287290068814768,0.00301434952248229,0.00314509836406444,0.00326600753715097,0.003377849179437,0.00348131963022107,0.00357704941598883,0.0036656114292563,0.00374752772459938,0.00382327523810762,0.00389329065492797,0.00395797459229635,0.00401769522472381,0.00407279144865691,0.00412357566248653,0.0041703362219165,0.00421333961878647,0.00425283242239191,0.00428904301535923,0.00432218315068883,0.00435244935226627,0.00438002417769946,0.00440507735954926,0.00442776683874285,0.00444823970207393,0.004466633034129,0.00448307469265934,0.00449768401530256,0.00451057246460961,0.00452184421751481,0.00453159670468945,0.00453992110460449,0.00454690279660384,0.00455262177682471,0.00455715304039571,0.00456056693298802,0.00456292947447975,0.00456430265721368,0.00456474472108535,0.00456431040747521,0.00456305119384576,0.00456101551065023,0.00455824894204238,0.00455479441173892,0.00455069235526033,0.00454598087966342,0.00454069591178129,0.00453487133588799,0.00452853912163376,0.00452172944301281,0.00451447078906654,0.00450679006695967,0.00449871269801563,0.00449026270724441,0.00448146280685602,0.00447233447420623,0.00446289802458942,0.00445317267925577,0.0044431766290018,0.00443292709365343,0.00442244037773702,0.00441173192260931,0.00440081635529593,0.00438970753426925,0.0043784185923787,0.00436696197712905,0.00435534948848918,0.00434359231439876,0.00433170106412713,0.00431968579963073,0.00430755606503859,0.00429532091439273,0.00428298893775503,0.00427056828578957,0.00425806669291551,0.00424549149912615,0.00423284967055614,0.00422014781887646,0.00420739221959264,0.00419458882931244,0.00418174330204882,0.00416886100461586,0.00415594703117456,0.00414300621697937,0.00413004315137426,0.00411706219008326,0.00410406746683685,0.00409106290437511,0.00407805222486228,0.0040650389597502,0.00405202645911885,0.00403901790052731,0.0040260162974023,0.00401302450699095,0.0040000452379014,0.00398708105725637,0.00397413439748043,0.00396120756274074,0.00394830273506333,0.00393542198013758,0.00392256725283373,0.00390974040243995,0.00389694317764304,0.00388417723125976,0.00387144412473657,0.00385874533242798,0.00384608224566578,0.00383345617663094,0.00382086836203728,0.00380831996663811,0.00379581208656392,0.00378334575250083,0.00377092193271747,0.00375854153594798,0.0037462054141392,0.00373391436506795,0.0037216691348359,0.00370947042024831,0.00369731887107998,0.00368521509223897,0.0036731596458278,0.00366115305311082,0.00364919579639113,0.00363728832080101,0.00362543103601168,0.00361362431786415,0.00360186850992664,0.00359016392498178,0.0035785108464463,0.00356690952972713,0.00355536020351721,0.00354386307103216,0.00353241831119301,0.00352102607975592,0.00350968651039134,0.00349839971571624,0.00348716578828054,0.00347598480150924,0.00346485681060474,0.00345378185340806,0.00344275995122337,0.0034317911096062,0.00342087531911735,0.00341001255604394,0.00339920278308922,0.00338844595003235,0.00337774199436011,0.00336709084187038,0.00335649240725082,0.00334594659463179,0.00333545329811502,0.00332501240228164,0.00331462378267518,0.00330428730626735,0.00329400283190119,0.00328377021071635,0.00327358928655655,0.00326345989635868,0.00325338187052585,0.00324335503328477,0.00323337920302699,0.00322345419263656,0.00321357980980319,0.00320375585732202,0.00319398213338057,0.00318425843183404,0.00317458454246808,0.00316496025125065,0.0031553853405733,0.00314585958948232,0.00313638277389847,0.00312695466682991,0.00311757503857366,0.0031082436569097,0.00309896028728637,0.00308972469299756,0.0030805366353524,0.00307139587383828,0.00306230216627557,0.00305325526896674,0.0030442549368383,0.00303530092357684,0.00302639298175936,0.00301753086297687,0.00300871431795438,0.00299994309666377,0.00299121694843266,0.00298253562204806,0,0.00341807955127622,0.00377197850138927,0.00407839387740161,0.00434769281554237,0.00458684652198387,0.00480066554337782,0.00499269986092538,0.00516570158930526,0.00532188063630758,0.00546305876279064,0.00559076875518794,0.00570632139595801,0.00581085237327494,0.0059053561448528,0.00599071103704875,0.00606769829601943,0.00613701686628152,0.00619929508469885,0.00625510010148476,0.00630494559324375,0.00634929816855219,0.00638858275493474,0.00642318717912746,0.00645346609864461,0.00647974440439694,0.00650232018652647,0.00652146733544404,0.00653743783510154,0.00655046379427278,0.0065607592530381,0.00656852179504079,0.00657393399089573,0.00657716469401912,0.00657837020685823,0.0065776953328304,0.00657527432709575,0.00657123175748732,0.0065656832854141,0.00655873637529453,0.0065504909400057,0.00654103992892428,0.00653046986435916,0.00651886133149926,0.00650628942642424,0.00649282416621721,0.00647853086478166,0.00646347047757737,0.00644769991815057,0.0064312723490394,0.00641423744936715,0.00639664166120725,0.00637852841659335,0.00635993834686695,0.00634090947588788,0.00632147739849107,0.00630167544543721,0.0062815348359911,0.00626108481915597,0.00624035280449869,0.00621936448341077,0.00619814394158331,0.00617671376339565,0.00615509512886122,0.00613330790371567,0.0061113707231844,0.00608930106991426,0.00606711534652295,0.00604482894317036,0.00602245630053086,0.00600001096851031,0.00597750566102276,0.00595495230711959,0.00593236209873504,0.00590974553529605,0.00588711246542195,0.00586447212592068,0.0058418331782748,0.00581920374279482,0.00579659143060038,0.00577400337358373,0.00575144625249123,0.00572892632325465,0.00570644944168963,0.00568402108667197,0.00566164638189438,0.00563933011629758,0.00561707676326519,0.00559489049866088,0.00557277521778615,0.00555073455132839,0.0055287718803622,0.00550689035046853,0.00548509288502377,0.00546338219771515,0.00544176080432844,0.00542023103385392,0.00539879503895629,0.00537745480584204,0.00535621216356594,0.00533506879281086,0.00531402623417004,0.00529308589596404,0.00527224906162051,0.00525151689664172,0.00523089045518581,0.00521037068628298,0.00518995843970996,0.0051696544715417,0.00514945944939847,0.00512937395740773,0.00510939850089694,0.00508953351083051,0.00506977934800813,0.00505013630703816,0.00503060462009586,0.00501118446048217,0.00499187594599197,0.00497267914210262,0.00495359406499474,0.00493462068441118,0.00491575892636682,0.0048970086757141,0.00487836977857457,0.00485984204464232,0.00484142524936698,0.00482311913602233,0.00480492341766732,0.00478683777900422,0.00476886187814082,0.00475099534826028,0.00473323779920441,0.00471558881897521,0.00469804797515821,0.00468061481627188,0.0046632888730474,0.00464606965964223,0.00462895667479082,0.00461194940289555,0.00459504731506116,0.00457824987007621,0.00456155651534271,0.00454496668775864,0.00452847981455397,0.00451209531408275,0.00449581259657601,0.00447963106485262,0.0044635501149955,0.00444756913699132,0.00443168751533667,0.00441590462961289,0.00440021985503018,0.00438463256294298,0.00436914212133903,0.00435374789530056,0.00433844924744295,0.00432324553832858,0.00430813612685847,0.00429312037064358,0.00427819762635498,0.00426336725005599,0.00424862859751476,0.00423398102450069,0.00421942388706399,0.00420495654179953,0.00419057834609572,0.00417628865836961,0.00416208683828825,0.00414797224697702,0.00413394424721651,0.00412000220362718,0.00410614548284295,0.004092373453675,0.00407868548726473,0.00406508095722796,0.00405155923978984,0.00403811971391096,0.00402476176140559,0.0040114847670521,0.00399828811869596,0.00398517120734587,0.00397213342726285,0.00395917417604347,0.00394629285469661,0.0039334888677148,0.00392076162314001,0.00390811053262394,0.00389553501148424,0.00388303447875479,0.00387060835723285,0.00385825607352108,0.00384597705806575,0.00383377074519117,0.00382163657313095,0.00380957398405501,0.00379758242409392,0.00378566134335984,0.00377381019596459,0.00376202844003534,0.0037503155377267,0.00373867095523125,0,0.00716205349276199,0.00743463984280399,0.00766312791503915,0.00785823960548507,0.0080267876804873,0.00817330570865381,0.00830105627428374,0.0084125310712493,0.00850971450797702,0.00859423510982459,0.00866745931253579,0.00873055317318373,0.0087845249347151,0.00883025551783979,0.00886852106291651,0.00890001004937009,0.00892533660539316,0.0089450510707262,0.0089596485321418,0.00896957583059167,0.00897523739347549,0.00897700014743923,0.00897519769973302,0.00897013392901232,0.0089620860929098,0.00895130753543093,0.00893803005939743,0.00892246601586134,0.00890481015235212,0.00888524125410479,0.00886392360641758,0.00884100830157027,0.00881663440997675,0.00879093003222026,0.00876401324615957,0.00873599296127454,0.00870696969074668,0.00867703625037104,0.00864627839222289,0.00861477538000502,0.00858260051215411,0.0085498215980607,0.00851650139212592,0.00848269798984368,0.00844846518962224,0.0084138528236532,0.00837890706077467,0.00834367068396394,0.0083081833448159,0.00827248179712192,0.00823660011144672,0.0082005698724099,0.00816442036021097,0.00812817871778122,0.00809187010481676,0.00805551783982332,0.008019143531197,0.00798276719826817,0.0079464073831526,0.00791008125417011,0.00787380470153007,0.00783759242591148,0.00780145802051532,0.00776541404711301,0.00772947210656889,0.00769364290427491,0.00765793631089397,0.00762236141877908,0.00758692659440211,0.00755163952709569,0.007516507274392,0.00748153630421233,0.00744673253414543,0.00741210136803049,0.00737764773004481,0.00734337609647734,0.00730929052535968,0.00727539468410689,0.0072416918753133,0.00720818506083442,0.00717487688427602,0.00714176969200422,0.00710886555277893,0.00707616627610717,0.00704367342940566,0.00701138835405282,0.00697931218040847,0.00694744584186936,0.00691579008802773,0.00688434549699184,0.0068531124869249,0.00682209132685503,0.00679128214680394,0.00676068494727894,0.00673029960817158,0.0067001258970987,0.00667016347722553,0.00664041191460141,0.00661087068504115,0.00658153918058053,0.00655241671553243,0.00652350253217103,0.00649479580606377,0.00646629565107819,0.00643800112407825,0.00640991122933597,0.00638202492266922,0.0063543411153283,0.00632685867764315,0.00629957644244822,0.00627249320829615,0.00624560774247587,0.00621891878384472,0.00619242504548671,0.00616612521720868,0.0061400179678805,0.00611410194763344,0.00608837578992109,0.00606283811345336,0.00603748752401023,0.00601232261614269,0.00598734197476689,0.00596254417665942,0.00593792779185667,0.00591349138496723,0.00588923351640079,0.00586515274351633,0.00584124762169974,0.00581751670536906,0.00579395854891569,0.00577057170758223,0.00574735473828475,0.00572430620037731,0.00570142465636635,0.00567870867257686,0.0056561568197715,0.00563376767372731,0.00561153981577164,0.00558947183327929,0.00556756232013406,0.00554580987715589,0.0055242131124964,0.00550277064200327,0.00548148108955759,0.00546034308738295,0.00543935527632994,0.00541851630613674,0.00539782483566792,0.00537727953313093,0.00535687907627358,0.00533662215256259,0.00531650745934455,0.00529653370399025,0.00527669960402337,0.00525700388723478,0.00523744529178286,0.00521802256628021,0.00519873446986999,0.0051795797722882,0.0051605572539177,0.00514166570583038,0.00512290392982086,0.00510427073843074,0.00508576495496441,0.00506738541349799,0.00504913095887936,0.00503100044672293,0.00501299274339675,0.00499510672600464,0.00497734128236169,0.00495969531096491,0.00494216772096007,0.00492475743210166,0.00490746337471099,0.00489028448962875,0.00487321972816473,0.00485626805204353,0.00483942843334792,0.00482269985445835,0.0048060813079904,0.00478957179672959,0.00477317033356386,0.00475687594141408,0.00474068765316213,0.00472460451157805,0.00470862556924517,0.00469274988848342,0.00467697654127186,0.0046613046091703,0.0046457331832386,0.00463026136395664,0.00461488826114254,0.00459961299387004,0.00458443469038597,0.00456935248802631,0.00455436553313252,0.00453947298096746,0.00452467399563067,0.00450996774997375,0.00449535342551508,0,0.0109894677187666,0.0111714735657258,0.0113150326779314,0.0114304480726405,0.0115238269749615,0.0115991315863189,0.0116591677924953,0.0117060607027935,0.0117414976884852,0.0117668630806332,0.0117833190652124,0.0117918577994351,0.0117933369778176,0.0117885052505114,0.0117780210755307,0.0117624671294197,0.0117423616007171,0.011718167226699,0.0116902986523011,0.0116591285124387,0.0116249925231227,0.0115881937891049,0.0115490064824258,0.0115076790087546,0.0114644367515488,0.0114194844644619,0.0113730083678739,0.0113251779944512,0.0112761478202439,0.011226058711319,0.0111750392108093,0.011123206687199,0.01107066836139,0.0110175222274496,0.0109638578797647,0.0109097572575333,0.0108552953160303,0.0108005406328352,0.0107455559561445,0.0106903987014047,0.0106351214017255,0.0105797721168831,0.0105243948051553,0.0104690296617374,0.0104137134270668,0.0103584796680129,0.0103033590345619,0.0102483794943456,0.010193566547112,0.0101389434210164,0.0100845312524166,0.0100303492506834,0.00997641484938762,0.00992274384508728,0.00986935052481672,0.00981624778327524,0.00976344723061558,0.00971095929164491,0.00965879329717603,0.00960695756819739,0.00955545949346845,0.0095043056010898,0.00945350162455029,0.00940305256370527,0.00935296274110253,0.00930323585403166,0.0092538750226431,0.00920488283445213,0.00915626138551383,0.00910801231853309,0.00906013685815055,0.00901263584362247,0.00896550975909902,0.00891875876168506,0.00887238270745136,0.00882638117555525,0.00878075349061037,0.00873549874344026,0.00869061581033352,0.00864610337091475,0.00860195992473249,0.00855818380665703,0.0085147732011784,0.00847172615568168,0.00842904059277574,0.00838671432174244,0.00834474504917031,0.00830313038883013,0.00826186787084783,0.00822095495022271,0.00818038901473819,0.0081401673923089,0.00810028735780015,0.00806074613936197,0.00802154092430514,0.00798266886455676,0.00794412708172072,0.00790591267177206,0.00786802270940917,0.00783045425208841,0.00779320434376268,0.00775627001834256,0.00771964830290181,0.00768333622064177,0.00764733079363264,0.00761162904534586,0.00757622800299257,0.00754112469968116,0.00750631617640375,0.00747179948386811,0.00743757168417965,0.00740362985238759,0.00736997107790312,0.00733659246579831,0.00730349113799228,0.00727066423433625,0.00723810891359886,0.00720582235436275,0.00717380175583718,0.00714204433859035,0.0071105473452106,0.00707930804089842,0.00704832371399403,0.00701759167644714,0.00698710926423059,0.0069568738377029,0.00692688278192277,0.00689713350691883,0.00686762344791857,0.00683835006553804,0.00680931084593601,0.00678050330093483,0.00675192496811002,0.00672357341085163,0.00669544621839832,0.00666754100584818,0.00663985541414423,0.00661238711004132,0.00658513378605166,0.00655809316037337,0.00653126297680143,0.00650464100462395,0.0064782250385044,0.00645201289835001,0.00642600242916905,0.00640019150091656,0.00637457800833052,0.00634915987075907,0.00632393503197863,0.00629890146000546,0.00627405714689945,0.00624940010856269,0.00622492838453184,0.0062006400377658,0.00617653315442897,0.00615260584367121,0.00612885623740295,0.00610528249006902,0.00608188277841892,0.00605865530127496,0.00603559827929927,0.00601270995475889,0.00598998859128916,0.00596743247365768,0.00594503990752634,0.00592280921921391,0.00590073875545764,0.00587882688317604,0.00585707198923135,0.00583547248019228,0.00581402678209811,0.00579273334022323,0.00577159061884261,0.00575059710099851,0.00572975128826878,0.00570905170053521,0.00568849687575584,0.00566808536973565,0.00564781575590162,0.00562768662507801,0.00560769658526422,0.00558784426141351,0.00556812829521494,0.00554854734487645,0.00552910008491003,0.00550978520591935,0.00549060141438884,0.00547154743247591,0.00545262199780402,0.00543382386325966,0.00541515179678967,0.00539660458120178,0.00537818101396786,0.00535987990702846,0.00534170008660012,0.00532364039298494,0.00530569968038219,0.00528787681670248,0.0052701706833837,0.00525258017521052,0,0.0148976825994152,0.0149800382343769,0.0150320737925533,0.0150626067984971,0.0150765035783688,0.0150768772991385,0.0150659215403258,0.0150452993944467,0.0150163377369582,0.0149801316579219,0.014937605456845,0.0148895512756552,0.0148366553585483,0.0147795169478966,0.0147186624938268,0.0146545567046445,0.0145876113639504,0.0145181925071454,0.0144466263549639,0.0143732042815803,0.014298187017539,0.0142218082360417,0.0141442776353562,0.0140657836046482,0.0139864955419613,0.0139065658792262,0.0138261318586697,0.0137453170968866,0.0136642329664935,0.0135829798202564,0.0135016480785616,0.0134203191978377,0.0133390665348807,0.0132579561198443,0.013177047348846,0.0130963936056235,0.013016042820405,0.0129360379730881,0.0128564175469038,0.0127772159379755,0.0126984638255051,0.0126201885067596,0.0125424142005291,0.0124651623223009,0.0123884517340255,0.0123122989710257,0.0122367184483138,0.012161722648338,0.0120873222919604,0.0120135264942732,0.0119403429066979,0.0118677778466556,0.011795836415968,0.0117245226090306,0.0116538394116938,0.0115837888916973,0.0115143722814158,0.0114455900536057,0.011377441990772,0.0113099272487156,0.0112430444147723,0.0111767915612008,0.0111111662941401,0.0110461657985137,0.0109817868792266,0.0109180259989677,0.0108548793129024,0.0107923427005169,0.0107304117948485,0.0106690820093189,0.0106083485623694,0.0105482065000719,0.0104886507168894,0.0104296759747269,0.0103712769204163,0.0103134481017596,0.0102561839822446,0.0101994789545397,0.0101433273528656,0.0100877234643319,0.0100326615393192,0.00997813580098416,0.00992414045395365,0.00987066969227457,0.00981771770667356,0.00976527869118467,0.00971334684918969,0.00966191639892064,0.00961098157846398,0.00956053665030503,0.00951057590544943,0.00946109366715393,0.00941208429429538,0.0093635421844085,0.00931546177641547,0.00926783755307323,0.00922066404315884,0.00917393582341468,0.00912764752027087,0.00908179381136366,0.00903636942686363,0.00899136915063202,0.00894678782121541,0.0089026203326925,0.00885886163538697,0.00881550673645382,0.00877255070035109,0.00872998864920645,0.00868781576308718,0.00864602728017975,0.00860461849689008,0.00856358476786664,0.0085229215059576,0.00848262418210315,0.00844268832517291,0.0084031095217498,0.00836388341586741,0.00832500570870358,0.00828647215823576,0.00824827857886083,0.0082104208409826,0.00817289487057068,0.00813569664869426,0.00809882221103181,0.00806226764736113,0.00802602910103056,0.00799010276841396,0.00795448489835268,0.0079191717915839,0.00788415980015948,0.00784944532685522,0.00781502482457239,0.00778089479573418,0.00774705179167562,0.00771349241203097,0.00768021330411697,0.00764721116231618,0.00761448272745674,0.00758202478619469,0.0075498341703945,0.00751790775651237,0.0074862424649807,0.00745483525959562,0.0074236831469064,0.00739278317560935,0.00736213243594486,0.00733172805909935,0.00730156721661078,0.00727164711978029,0.00724196501908801,0.00721251820361443,0.00718330400046858,0.00715431977422007,0.00712556292633912,0.00709703089464142,0.00706872115273993,0.00704063120950336,0.00701275860852031,0.00698510092757086,0.00695765577810434,0.00693042080472456,0.00690339368468096,0.00687657212736674,0.00684995387382471,0.00682353669625878,0.00679731839755289,0.00677129681079737,0.00674546979882062,0.00671983525372913,0.00669439109645326,0.00666913527630039,0.00664406577051463,0.00661918058384262,0.00659447774810687,0.006569955321785,0.006545611389596,0.00652144406209193,0.00649745147525763,0.0064736317901149,0.00644998319233495,0.00642650389185445,0.0064031921225009,0.00638004614162105,0.00635706422971688,0.00633424469008753,0.00631158584847627,0.00628908605272413,0.00626674367242763,0.00624455709860436,0.00622252474336207,0.00620064503957429,0.00617891644056104,0.00615733741977453,0.00613590647049048,0.00611462210550401,0.00609348285683148,0.00607248727541629,0.00605163393084038,0.00603092141103978,0.00601034832202565,0,0.0188828337938514,0.0188572110889632,0.0188117966778662,0.0187527230684688,0.018683154561474,0.0186051236639506,0.0185200835089846,0.018429157321124,0.0183332597569734,0.0182331596210756,0.0181295152190648,0.0180228964264785,0.0179137998681591,0.0178026601995541,0.0176898589606759,0.0175757317772036,0.0174605743516789,0.017344647521288,0.0172281815694287,0.0171113799265511,0.0169944223633572,0.016877467757568,0.0167606564997615,0.0166441125919701,0.01652794548352,0.0164122516812693,0.0162971161654546,0.0161826136375049,0.0160688096221599,0.0159557614429053,0.0158435190869519,0.0157321259736636,0.0156216196383746,0.0155120323418893,0.0154033916145587,0.0152957207426395,0.0151890392036319,0.0150833630564284,0.0149787052913673,0.0148750761446454,0.0147724833810034,0.0146709325481193,0.0145704272057355,0.0144709691321957,0.0143725585107517,0.014275194097734,0.0141788733744432,0.0140835926844133,0.0139893473575162,0.0138961318222158,0.0138039397071432,0.0137127639330358,0.0136225967959771,0.013533430042774,0.0134452549392261,0.013358062331959,0.0132718427044313,0.0131865862276597,0.0131022828061582,0.0130189221195297,0.0129364936601154,0.0128549867670625,0.0127743906571361,0.0126946944525725,0.0126158872062425,0.0125379579243655,0.0124608955869968,0.0123846891664864,0.0123093276440916,0.0122348000249076,0.0121610953512653,0.0120882027147355,0.0120161112668588,0.0119448102287178,0.0118742888994539,0.0118045366638195,0.0117355429988565,0.0116672974797718,0.0115997897850887,0.0115330097011324,0.0114669471259139,0.0114015920724624,0.011336934671659,0.011272965174615,0.0112096739546365,0.011147051508813,0.0110850884592658,0.0110237755540855,0.0109631036679902,0.0109030638027283,0.0108436470872526,0.0107848447776856,0.0107266482570979,0.0106690490351187,0.0106120387473925,0.0105556091549008,0.0104997521431626,0.0104444597213242,0.010389724021153,0.0103355372959456,0.0102818919193588,0.010228780384175,0.0101761953010075,0.010124129396956,0.0100725755142179,0.0100215266086616,0.00997097574836867,0.00992091611214828,0.00987134098803226,0.00982224377175009,0.00977361796519337,0.00972545717486824,0.00967775511034322,0.00963050558269324,0.00958370250294278,0.00953733988051148,0.00949141182166327,0.00944591252796201,0.00940083629473472,0.00935617750954498,0.00931193065067669,0.00926809028563037,0.00922465106963265,0.00918160774416074,0.00913895513548196,0.00909668815320945,0.00905480178887427,0.00901329111451625,0.00897215128129142,0.00893137751809862,0.00889096513022464,0.00885090949800865,0.00881120607552564,0.0087718503892897,0.00873283803697707,0.00869416468616789,0.00865582607310991,0.00861781800149995,0.008580136341286,0.00854277702748954,0.0085057360590465,0.00846900949766936,0.00843259346672773,0.00839648415014763,0.00836067779133226,0.00832517069209945,0.00828995921163908,0.0082550397654895,0.00822040882453164,0.00818606291400184,0.00815199861252226,0.00811821255114996,0.00808470141244237,0.00805146192954079,0.00801849088527135,0.00798578511126119,0.00795334148707315,0.00792115693935538,0.00788922844100742,0.00785755301036217,0.00782612771038295,0.00779494964787662,0.00776401597272065,0.00773332387710567,0.00770287059479222,0.00767265340038178,0.00764266960860142,0.00761291657360301,0.00758339168827465,0.00755409238356662,0.00752501612782897,0.00749616042616294,0.00746752281978444,0.00743910088539934,0.00741089223459143,0.00738289451322188,0.00735510540084006,0.00732752261010583,0.00730014388622302,0.00727296700638375,0.00724598977922336,0.00721921004428536,0.0071926256714977,0.00716623456065818,0.00714003464092955,0.00711402387034535,0.007088200235324,0.00706256175019251,0.00703710645672023,0.00701183242365977,0.00698673774629782,0.00696182054601427,0.00693707896984952,0.00691251119008041,0.00688811540380302,0.00686388983252528,0.00683983272176514,0.00681594234065791,0.00679221698156982,0.00676865495972023,0,0.0229399019082439,0.0227992993058313,0.0226514026873548,0.0224985748941314,0.0223419517164017,0.0221823249200488,0.0220203183501974,0.0218564608630222,0.0216912178940473,0.0215250045684016,0.021358191589395,0.0211911087826665,0.0210240481109993,0.0208572666886366,0.0206909898533592,0.0205254142191496,0.0203607106194078,0.0201970268740971,0.0200344903421599,0.0198732102432106,0.0197132797482839,0.0195547778493098,0.0193977710225306,0.0192423147036746,0.0190884545934049,0.0189362278111124,0.0187856639140395,0.0186367857973105,0.0184896104889243,0.0183441498522562,0.018200411207181,0.0180583978796105,0.0179181096880446,0.0177795433746755,0.0176426929876446,0.0175075502202246,0.017374104711981,0.0172423443163381,0.017112255338423,0.01698382274659,0.0168570303606066,0.0167318610191266,0.0166082967287587,0.0164863187967635,0.0163659079491766,0.0162470444359418,0.0161297081244604,0.0160138785827972,0.0158995351536484,0.0157866570200485,0.015675223263689,0.0155652129166221,0.015456605007041,0.015349378599753,0.0152435128318937,0.0151389869443764,0.0150357803095144,0.0149338724552104,0.0148332430860665,0.0147338721017294,0.0146357396127574,0.0145388259542601,0.0144431116975443,0.0143485776599683,0.0142552049131924,0.0141629747899899,0.0140718688897711,0.0139818690829545,0.0138929575143059,0.0138051166053575,0.0137183290560041,0.0136325778453673,0.0135478462320068,0.0134641177535522,0.0133813762258222,0.0132996057414873,0.0132187906683333,0.0131389156471703,0.013059965589433,0.0129819256745113,0.0129047813468449,0.0128285183128171,0.0127531225374714,0.0126785802410845,0.0126048778956102,0.0125320022210227,0.0124599401815726,0.0123886789819785,0.0123182060635622,0.0122485091003478,0.0121795759951333,0.012111394875546,0.0120439540900935,0.0119772422042164,0.0119112479963516,0.0118459604540139,0.0117813687699015,0.011717462338029,0.011654230749896,0.0115916637906926,0.0115297514355465,0.0114684838458161,0.0114078513654286,0.0113478445172706,0.0112884539996282,0.0112296706826824,0.0111714856050568,0.0111138899704242,0.0110568751441667,0.0110004326500952,0.0109445541672265,0.0108892315266167,0.0108344567082552,0.0107802218380157,0.0107265191846643,0.0106733411569272,0.0106206803006152,0.0105685292958044,0.010516880954075,0.0104657282158049,0.0104150641475192,0.0103648819392947,0.0103151749022181,0.0102659364658974,0.0102171601760259,0.0101688396919988,0.0101209687845787,0.0100735413336139,0.0100265513258025,0.00997999285250911,0.00993386010762425,0.00988814738547474,0.0098428490787761,0.00979795967663276,0.00975347376258004,0.00970938601267035,0.00966569119360132,0.00962238416088515,0.00957945985705784,0.00953691330992953,0.00949473963087188,0.00945293401314415,0.00941149173025725,0.00937040813437193,0.00932967865473457,0.00928929879614633,0.00924926413746667,0.00920957033015042,0.00917021309681672,0.00913118822984903,0.00909249159002791,0.00905411910519248,0.00901606676893159,0.00897833063930475,0.00894090683759016,0.00890379154706142,0.00886698101178963,0.00883047153547367,0.00879425948029433,0.00875834126579481,0.00872271336778491,0.00868737231726986,0.00865231469940166,0.00861753715245382,0.00858303636681787,0.00854880908402268,0.00851485209577334,0.00848116224301254,0.00844773641500052,0.00841457154841643,0.00838166462647744,0.00834901267807811,0.00831661277694704,0.00828446204082212,0.00825255763064328,0.00822089674976229,0.00818947664316888,0.00815829459673448,0.00812734793646999,0.00809663402780147,0.00806615027485874,0.00803589411978062,0.0080058630420338,0.00797605455774614,0.00794646621905376,0.00791709561346221,0.00788794036321966,0.00785899812470442,0.00783026658782399,0.00780174347542703,0.00777342654272728,0.00774531357673938,0.00771740239572549,0.00768969084865437,0.00766217681466991,0.0076348582025719,0.00760773295030662,0.00758079902446723,0.00755405441980528,0.00752749715875065,0,0.0270628289067166,0.0268022005621724,0.0265478480535705,0.0262977744255216,0.0260509443986508,0.0258068388145258,0.0255652111320136,0.0253259687333008,0.0250891075665742,0.0248546723962067,0.024622731811831,0.0243933626342341,0.0241666404800435,0.0239426343508861,0.0237214038127655,0.0235029978072108,0.0232874544614593,0.0230748014855339,0.0228650568915686,0.022658229868244,0.0224543217070164,0.0222533267182332,0.0220552331018217,0.0218600237541147,0.0216676770029094,0.021478167269275,0.0212914656583922,0.0211075404837826,0.0209263577302872,0.0207478814615133,0.020572074177408,0.020398897127357,0.0202283105838055,0.020060274080964,0.0198947466227044,0.019731686863319,0.0195710532644016,0.0194128042307348,0.0192568982277321,0.01910329388267,0.0189519500716884,0.0188028259942839,0.0186558812368262,0.0185110758264277,0.018368370276346,0.0182277256239518,0.018089103462169,0.0179524659651881,0.0178177759091571,0.0176849966884678,0.017554092328187,0.017425027493112,0.0172977674938776,0.0171722782904885,0.0170485264936105,0.016926479363911,0.0168061048097109,0.0166873713831743,0.0165702482752385,0.0164547053094657,0.0163407129349709,0.0162282422185699,0.0161172648362671,0.0160077530641957,0.0158996797691048,0.015793018398479,0.015687742970366,0.0155838280629778,0.0154812488041244,0.0153799808605306,0.0152800004270809,0.0151812842160323,0.0150838094462285,0.0149875538323465,0.0148924955742016,0.0147986133461313,0.014705886286481,0.0146142939872049,0.0145238164835991,0.014434434244176,0.0143461281606936,0.0142588795383449,0.0141726700861163,0.0140874819073193,0.0140032974903011,0.0139200996993363,0.0138378717657028,0.0137565972789423,0.0136762601783079,0.0135968447443977,0.0135183355909739,0.0134407176569681,0.013363976198669,0.0132880967820941,0.0132130652755399,0.0131388678423108,0.0130654909336244,0.0129929212816879,0.0129211458929461,0.0128501520414956,0.0127799272626642,0.0127104593467493,0.0126417363329163,0.0125737465032499,0.0125064783769567,0.0124399207047167,0.0123740624631781,0.0123088928495942,0.0122444012765977,0.0121805773671099,0.0121174109493816,0.012054892052161,0.0119930108999886,0.0119317579086118,0.0118711236805195,0.0118110990005923,0.0117516748318654,0.011692842311401,0.0116345927462673,0.0115769176096232,0.0115198085369021,0.0114632573220961,0.0114072559141356,0.0113517964133616,0.0112968710680899,0.011242472271264,0.0111885925571922,0.0111352245983704,0.0110823612023852,0.0110299953088965,0.0109781199866971,0.0109267284308473,0.0108758139598818,0.0108253700130882,0.0107753901478542,0.0107258680370815,0.010676797466665,0.0106281723330357,0.0105799866407649,0.0105322345002283,0.0104849101253287,0.0104380078312752,0.0103915220324177,0.0103454472401345,0.0102997780607737,0.0102545091936424,0.0102096354290483,0.0101651516463883,0.0101210528122821,0.0100773339787541,0.0100339902814575,0.0099910169379422,0.00994840924596396,0.0099061625818351,0.00986427239881457,0.00982273422553576,0.00978154366447287,0.00974069639044359,0.00970018814914669,0.00966001475573487,0.00962017209342096,0.00958065611211731,0.00954146282710583,0.0095025883177413,0.0094640287261826,0.00942578025615498,0.0093878391717401,0.00935020179619465,0.00931286451079555,0.00927582375371225,0.00923907601890411,0.00920261785504389,0.0091664458644643,0.00913055670213,0.00909494707463179,0.00905961373920333,0.00902455350276099,0.00898976322096393,0.00895523979729587,0.00892098018216708,0.00888698137203633,0.00885324040855198,0.00881975437771246,0.0087865204090446,0.00875353567480033,0.00872079738917136,0.00868830280751887,0.00865604922562307,0.00862403397894629,0.00859225444191333,0.0085607080272066,0.00852939218507662,0.00849830440266741,0.00846744220335602,0.00843680314610565,0.00840638482483361,0.00837618486779088,0.00834620093695623,0.00831643072744229,0.00828687196691413,0,0.0312450407280619,0.0308616050608278,0.0304979591003821,0.0301478391550141,0.0298081062754811,0.0294769587194342,0.0291532901880985,0.0288363887079776,0.0285257780291898,0.0282211269555645,0.0279221947232847,0.0276287971137474,0.0273407851285728,0.0270580315092147,0.0267804222361704,0.0265078512146881,0.0262402170051219,0.0259774208635248,0.0257193656174974,0.0254659550692699,0.0252170937262149,0.024972686729461,0.0247326398973021,0.0244968598302081,0.024265254043935,0.0240377311100944,0.0238142007918984,0.0235945741681992,0.0233787637423833,0.023166683534845,0.022958249159079,0.0227533778822048,0.0225519886711488,0.0223540022258996,0.0221593410013002,0.0219679292188065,0.021779692869552,0.021594559709956,0.0214124592509876,0.0212333227420788,0.021057083150569,0.0208836751374491,0.020713035030082,0.0205451007924822,0.0203798119936621,0.0202171097744822,0.0200569368133799,0.0198992372912979,0.0197439568560873,0.0195910425866201,0.0194404429568066,0.019292107799688,0.0191459882717426,0.0190020368175244,0.0188602071347311,0.018720454139782,0.0185827339339715,0.0184470037702503,0.0183132220206779,0.018181348144575,0.0180513426574053,0.0179231671003986,0.0177967840109306,0.0176721568936633,0.0175492501924499,0.0174280292630009,0.017308460346308,0.0171905105428181,0.0170741477873488,0.0169593408247331,0.0168460591861821,0.0167342731663514,0.0166239538010962,0.0165150728459017,0.0164076027549699,0.0163015166609502,0.0161967883552937,0.0160933922692173,0.0159913034552594,0.0158904975694127,0.0157909508538128,0.015692640119973,0.0155955427325427,0.015499636593577,0.015404900127302,0.0153113122653581,0.0152188524325081,0.0151275005327949,0.0150372369361348,0.0149480424653304,0.0148598983834933,0.0147727863818589,0.0146866885679848,0.0146015874543151,0.0145174659471045,0.0144343073356855,0.0143520952820687,0.014270813810867,0.0141904472995305,0.0141109804688824,0.0140323983739465,0.0139546863950574,0.0138778302292403,0.0138018158818562,0.0137266296585001,0.0136522581571454,0.0135786882605264,0.0135059071287491,0.0134339021921261,0.0133626611442243,0.0132921719351217,0.0132224227648634,0.0131534020771136,0.0130850985529933,0.0130175011051009,0.012950598871708,0.0128843812111243,0.0128188376962277,0.012753958109153,0.0126897324361335,0.0126261508624928,0.0125632037677789,0.0125008817210388,0.012439175476227,0.0123780759677452,0.0123175743061071,0.0122576617737266,0.0121983298208241,0.0121395700614462,0.0120813742695983,0.0120237343754822,0.0119666424618403,0.0119100907603988,0.011854071648409,0.0117985776452835,0.0117436014093234,0.0116891357345355,0.0116351735475337,0.0115817079045256,0.011528731988379,0.0114762391057672,0.0114242226843893,0.0113726762702662,0.0113215935251058,0.0112709682237392,0.0112207942516228,0.0111710656024065,0.0111217763755654,0.0110729207740915,0.0110244931022464,0.0109764877633707,0.0109288992577508,0.0108817221805383,0.010834951219724,0.0107885811541622,0.0107426068516453,0.0106970232670264,0.0106518254403891,0.0106070084952631,0.0105625676368835,0.0105184981504941,0.0104747953996919,0.0104314548248119,0.0103884719413528,0.0103458423384392,0.0103035616773228,0.0102616256899189,0.0102200301773785,0.0101787710086945,0.0101378441193416,0.0100972455099479,0.0100569712449993,0.0100170174515729,0.00997738031810153,0.00993805609316731,0.00989904108432188,0.00986033165693628,0.00982192423307618,0.00978381529040337,0.00974600136110235,0.00970847903083258,0.00967124493770408,0.00963429577127503,0.00959762827157509,0.00956123922814822,0.00952512547911849,0.00948928391027604,0.00945371145418444,0.0094184050893073,0.00938336183915406,0.00934857877144574,0.00931405299729851,0.00927978167042451,0.00924576198635169,0.0092119911816593,0.0091784665332309,0.00914518535752354,0.00911214500985219,0.00907934288369003,0.00904677640998358,0,0.0354799321793249,0.0349732183655658,0.0344985551385144,0.0340462664773026,0.0336113834802821,0.0331909462700815,0.0327830501004966,0.0323863943261239,0.0320000448420846,0.0316232995934362,0.0312556082209659,0.0308965221646467,0.0305456628338602,0.0302027009081877,0.0298673426778863,0.0295393209189198,0.0292183887276468,0.0289043153065946,0.0285968830466991,0.0282958854767989,0.028001125796721,0.0277124158052911,0.0274295750971223,0.0271524304434769,0.0268808153001226,0.0266145694036007,0.0263535384297749,0.02609757369692,0.0258465319012845,0.0256002748769092,0.0253586693740915,0.025121586852649,0.0248889032873376,0.0246604989835893,0.0244362584022779,0.0242160699925951,0.0239998260323601,0.0237874224752535,0.0235787588045737,0.0233737378931867,0.0231722658693858,0.0229742519884123,0.0227796085094028,0.0225882505775495,0.0224000961112646,0.0222150656941499,0.0220330824715775,0.0218540720516931,0.0216779624106595,0.0215046838019615,0.0213341686695981,0.0211663515649968,0.0210011690674859,0.0208385597081661,0.0206784638970351,0.020520823853215,0.0203655835381447,0.020212688591603,0.0200620862704338,0.0199137253898489,0.0197675562671931,0.019623530668057,0.019481601754631,0.0193417240361972,0.0192038533216634,0.0190679466740426,0.0189339623667934,0.0188018598419327,0.0186715996698437,0.0185431435106992,0.0184164540774306,0.01829149510017,0.0181682312921017,0.0180466283166581,0.0179266527560031,0.0178082720807414,0.0176914546208051,0.0175761695374606,0.0174623867963904,0.0173500771418017,0.0172392120715164,0.017129763813002,0.0170217053003011,0.0169150101518224,0.0168096526489557,0.0167056077154758,0.0166028508977042,0.016501358345393,0.0164011067933038,0.0163020735434529,0.0162042364479918,0.0161075738927019,0.0160120647810733,0.0159176885189484,0.0158244249997031,0.0157322545899475,0.0156411581157237,0.0155511168491797,0.0154621124957034,0.0153741271814954,0.0152871434415658,0.015201144208137,0.0151161127994368,0.015032032908867,0.014948888594534,0.0148666642691241,0.0147853446901161,0.0147049149503116,0.0146253604686768,0.01454666698148,0.0144688205337173,0.0143918074708116,0.0143156144305789,0.0142402283354494,0.0141656363849348,0.0140918260483329,0.014018785057661,0.0139465014008097,0.0138749633149082,0.0138041592798958,0.0137340780122899,0.0136647084591451,0.0135960397921952,0.0135280614021733,0.0134607628933029,0.0133941340779539,0.0133281649714579,0.013262845787078,0.0131981669311262,0.0131341189982256,0.0130706927667105,0.0130078791941606,0.0129456694130645,0.012884054726609,0.012823026604588,0.0127625766794306,0.012702696742339,0.0126433787395392,0.0125846147686346,0.0125263970750637,0.0124687180486561,0.0124115702202837,0.0123549462586061,0.0122988389669038,0.0122432412800003,0.0121881462612657,0.0121335470997044,0.0120794371071208,0.0120258097153591,0.0119726584736214,0.0119199770458531,0.011867759208201,0.0118159988465377,0.0117646899540494,0.0117138266288908,0.0116634030718978,0.0116134135843615,0.0115638525658592,0.011514714512142,0.0114659940130762,0.0114176857506367,0.0113697844969536,0.0113222851124057,0.0112751825437642,0.0112284718223822,0.0111821480624293,0.0111362064591716,0.0110906422872921,0.0110454508992555,0.0110006277237105,0.0109561682639339,0.0109120680963101,0.0108683228688502,0.0108249282997451,0.0107818801759543,0.0107391743518288,0.0106968067477666,0.0106547733489001,0.0106130702038157,0.0105716934233024,0.0105306391791309,0.0104899037028609,0.0104494832846765,0.0104093742722485,0.0103695730696232,0.0103300761361375,0.0102908799853577,0.0102519811840439,0.0102133763511374,0.0101750621567716,0.0101370353213049,0.0100992926143753,0.0100618308539771,0.0100246469055581,0.00998773768113581,0.00995110013843514,0.00991473128004391,0.00987862815258739,0.00984278784592099,0.00980720749234126,0,0.0397616034595712,0.0391329843570741,0.0385465694688569,0.0379906067104833,0.0374587414602115,0.0369470629189258,0.0364529738149517,0.0359746409115735,0.0355107018134182,0.0350600982829674,0.0346219764058494,0.0341956242502926,0.0337804316498388,0.0333758635739113,0.0329814421032444,0.0325967339838793,0.0322213418657329,0.0318548980130623,0.0314970596964937,0.0311475057441142,0.0308059339019787,0.0304720587675313,0.0301456101343767,0.0298263316369659,0.0295139796176002,0.0292083221611889,0.0289091382589875,0.0286162170734634,0.0283293572840296,0.0280483664987177,0.0277730607206318,0.0275032638607075,0.0272388072902311,0.0269795294279829,0.0267252753578897,0.0264758964738473,0.0262312501489404,0.0259911994267331,0.025755612732644,0.0255243636036839,0.025297330435054,0.0250743962422744,0.0248554484376568,0.0246403786200595,0.0244290823769599,0.0242214590979752,0.0240174117990345,0.0238168469564734,0.0236196743503866,0.0234258069166208,0.0232351606068464,0.0230476542561831,0.0228632094578972,0.0226817504447263,0.0225032039764138,0.022327499233072,0.0221545677140166,0.0219843431417402,0.0218167613707179,0.0216517603007573,0.021489279794626,0.0213292615997069,0.0211716492734494,0.0210163881123993,0.0208634250846046,0.0207127087652078,0.0205641892750474,0.0204178182221027,0.0202735486456276,0.0201313349628254,0.0199911329179311,0.0198528995335719,0.0197165930642839,0.0195821729520767,0.0194495997839352,0.019318835251161,0.0191898421104612,0.0190625841466923,0.0189370261371803,0.0188131338175361,0.0186908738488933,0.0185702137864991,0.0184511220495909,0.0183335678924997,0.0182175213769184,0.0181029533452821,0.0179898353952075,0.0178781398549397,0.0177678397597644,0.0176589088293362,0.017551321445884,0.0174450526332527,0.017340078036744,0.0172363739037202,0.0171339170649376,0.0170326849165758,0.0169326554029361,0.016833806999774,0.0167361186982454,0.0166395699894338,0.0165441408494386,0.0164498117249977,0.0163565635196228,0.0162643775802272,0.0161732356842232,0.0160831200270728,0.0159940132102702,0.0159058982297404,0.0158187584646356,0.0157325776665166,0.0156473399488983,0.0155630297771505,0.0154796319587368,0.0153971316337783,0.0153155142659313,0.015234765633565,0.0151548718212293,0.0150758192113987,0.014997594476486,0.0149201845711119,0.0148435767246224,0.0147677584338457,0.0146927174560767,0.0146184418022841,0.0145449197305298,0.0144721397395938,0.0144000905627953,0.0143287611620066,0.0142581407218484,0.0141882186440637,0.0141189845420613,0.0140504282356251,0.0139825397457808,0.0139153092898175,0.0138487272764561,0.0137827843011613,0.013717471141591,0.0136527787531785,0.0135886982648447,0.0135252209748331,0.0134623383466653,0.013400042005213,0.0133383237328813,0.0132771754659015,0.0132165892907268,0.0131565574405318,0.0130970722918076,0.0130381263610538,0.0129797123015609,0.0129218229002813,0.0128644510747876,0.0128075898703127,0.0127512324568704,0.0126953721264558,0.0126400022903183,0.01258511647631,0.0125307083263038,0.0124767715936808,0.0124233001408835,0.0123702879370336,0.0123177290556127,0.0122656176722035,0.0122139480622888,0.0121627145991083,0.0121119117515706,0.0120615340822184,0.0120115762452455,0.0119620329845648,0.0119128991319246,0.0118641696050727,0.0118158394059666,0.0117679036190279,0.0117203574094408,0.0116731960214925,0.0116264147769544,0.011580009073503,0.0115339743831795,0.0114883062508875,0.0114430002929257,0.0113980521955581,0.0113534577136162,0.0113092126691371,0.011265312950032,0.0112217545087878,0.0111785333611986,0.0111356455851277,0.0110930873192981,0.0110508547621112,0.0110089441704942,0.0109673518587725,0.0109260741975694,0.0108851076127311,0.0108444485842753,0.0108040936453648,0.010764039381304,0.0107242824285584,0.0106848194737963,0.0106456472529516,0.0106067625503077,0.0105681621976023,0,0.0440852684247251,0.0433372810414407,0.0426391587238549,0.0419785296429585,0.0413482077917146,0.0407435988063794,0.0401615529026499,0.0395997802829726,0.0390565319955426,0.0385304160586155,0.0380202862057143,0.0375251716657717,0.0370442312505492,0.0365767224285429,0.0361219799442666,0.0356794006797804,0.0352484326890044,0.0348285670752407,0.0344193318400866,0.0340202871222456,0.0336310214325561,0.0332511486150886,0.0328803053465293,0.0325181490416839,0.0321643560708929,0.0318186202213391,0.0314806513524719,0.0311501742086185,0.0308269273609744,0.0305106622577255,0.0302011423658119,0.0298981423913397,0.0296014475682357,0.0293108530067,0.0290261630944928,0.0287471909452414,0.0284737578888486,0.0282056929998044,0.0279428326597642,0.027685020151236,0.0274321052795928,0.0271839440209608,0.0269403981937942,0.0267013351521875,0.0264666274991722,0.0262361528184202,0.026009793422925,0.0257874361193671,0.0255689719869892,0.0253542961699083,0.0251433076818858,0.0249359092226655,0.0247320070050557,0.0245315105920103,0.0243343327430128,0.0241403892691343,0.0239495988961801,0.0237618831353849,0.0235771661611633,0.0233953746954544,0.023216437898238,0.0230402872638305,0.0228668565225947,0.0226960815477304,0.02252790026683,0.022362252577911,0.022199080269655,0.0220383269456026,0.0218799379520688,0.0217238603095673,0.0215700426475328,0.0214184351421588,0.0212689894571716,0.0211216586873756,0.020976397304817,0.0208331611074205,0.0206919071699639,0.0205525937972664,0.0204151804794688,0.0202796278492974,0.0201458976412059,0.0200139526522973,0.0198837567049346,0.0197552746109536,0.0196284721373952,0.0195033159736842,0.0193797737001769,0.0192578137580161,0.0191374054202234,0.0190185187639733,0.0189011246439896,0.0187851946670104,0.0186707011672712,0.01855761718296,0.0184459164335953,0.018335573298287,0.0182265627948385,0.0181188605596531,0.0180124428284043,0.0179072864174403,0.0178033687058876,0.0177006676184216,0.017599161608678,0.0174988296432737,0.0173996511864125,0.0173016061850506,0.0172046750545971,0.0171088386651272,0.0170140783280852,0.0169203757834606,0.0168277131874119,0.0167360731003244,0.0166454384752819,0.0165557926469361,0.0164671193207567,0.0163794025626485,0.0162926267889185,0.0162067767565822,0.0161218375539915,0.0160377945917769,0.0159546335940859,0.0158723405901111,0.0157909019058934,0.0157103041563924,0.0156305342378107,0.0155515793201666,0.0154734268401012,0.0153960644939154,0.0153194802308248,0.0152436622464278,0.0151685989763749,0.0150942790902364,0.0150206914855575,0.0149478252820964,0.0148756698162377,0.0148042146355757,0.0147334494936598,0.0146633643448988,0.0145939493396168,0.014525194819255,0.0144570913117163,0.0143896295268458,0.0143228003520438,0.0142565948480057,0.0141910042445858,0.0141260199367791,0.0140616334808189,0.0139978365903856,0.0139346211329218,0.0138719791260525,0.0138099027341048,0.0137483842647254,0.0136874161655917,0.0136269910212134,0.013567101549823,0.0135077406003509,0.0134489011494821,0.0133905762987943,0.0133327592719719,0.0132754434120955,0.0132186221790034,0.0131622891467235,0.0131064380009731,0.0130510625367249,0.0129961566558364,0.0129417143647416,0.012887729772202,0.0128341970871168,0.0127811106163888,0.0127284647628454,0.012676254023212,0.0126244729861378,0.0125731163302712,0.0125221788223834,0.0124716553155391,0.0124215407473134,0.0123718301380532,0.0123225185891795,0.0122736012815348,0.0122250734737687,0.0121769305007639,0.0121291677721,0.0120817807705553,0.0120347650506435,0.0119881162371875,0.0119418300239249,0.0118959021721487,0.0118503285093796,0.0118051049280689,0.011760227384334,0.0117156918967206,0.0116714945449967,0.0116276314689724,0.0115840988673486,0.0115408929965917,0.0114980101698333,0.0114554467557965,0.0114131991777463,0.0113712639124622,0.0113296374892372,0,0.0484473971882067,0.0475830713035848,0.046773791862086,0.0460078800652866,0.0452779084308244,0.0445788974612321,0.0439073050537941,0.04326047356728,0.0426363173490504,0.0420331384950046,0.0414495132976199,0.0408842193261566,0.0403361868745716,0.0398044655947819,0.0392882009099479,0.0387866169050112,0.0382990036116539,0.0378247073391766,0.037363123158703,0.036913688938575,0.036475880517806,0.0360492077297079,0.0356332110720863,0.0352274588779141,0.0348315448801479,0.0344450860921575,0.0340677209449222,0.0336991076362426,0.0333389226574212,0.0329868594703541,0.0326426273135206,0.0323059501195387,0.0319765655301133,0.0316542239966587,0.0313386879567817,0.0310297310783153,0.0307271375638078,0.0304307015093453,0.0301402263123888,0.0298555241239771,0.0295764153411966,0.0293027281362973,0.0290342980192335,0.0287709674307533,0.0285125853634609,0.0282590070085392,0.0280100934260426,0.0277657112368792,0.027525732334772,0.0272900336166524,0.0270584967300771,0.0268310078363855,0.0266074573884294,0.0263877399218048,0.0261717538586095,0.0259594013228312,0.0257505879665446,0.0255452228061648,0.0253432180680635,0.0251444890429097,0.0249489539481503,0.0247565337980863,0.0245671522810472,0.0243807356431998,0.0241972125785677,0.0240165141248627,0.0238385735647662,0.023663326332318,0.0234907099240998,0.0233206638149208,0.0231531293777343,0.0229880498075307,0.0228253700489742,0.0226650367275639,0.0225069980841136,0.0223512039123616,0.0221976054995313,0.0220461555696796,0.0218968082296721,0.0217495189176479,0.0216042443538309,0.0214609424935643,0.0213195724824481,0.0211800946134684,0.0210424702860118,0.0209066619666692,0.0207726331517329,0.020640348331304,0.0205097729549251,0.0203808733986627,0.0202536169335672,0.0201279716954407,0.0200039066558505,0.0198813915943251,0.0197603970716778,0.019640894404402,0.0195228556400882,0.0194062535338143,0.0192910615254633,0.0191772537179262,0.019064804856147,0.018953690306975,0.018843886039784,0.018735368607826,0.0186281151302856,0.0185221032750051,0.0184173112418493,0.0183137177466826,0.0182113020059324,0.0181100437217122,0.0180099230674823,0.0179109206742228,0.0178130176170991,0.0177161954025993,0.0176204359561223,0.0175257216099991,0.0174320350919296,0.0173393595138173,0.0172476783609857,0.0171569754817623,0.0170672350774137,0.0169784416924186,0.0168905802050662,0.0168036358183652,0.0167175940512537,0.0166324407300968,0.0165481619804597,0.0164647442191495,0.0163821741465115,0.0163004387389725,0.0162195252418209,0.0161394211622157,0.0160601142624152,0.0159815925532167,0.0159038442876014,0.015826857954574,0.0157506222731942,0.0156751261867876,0.0156003588573351,0.0155263096600303,0.0154529681780018,0.0153803241971922,0.0153083677013901,0.0152370888674093,0.0151664780604087,0.0150965258293505,0.0150272229025902,0.0149585601835941,0.0148905287467804,0.0148231198334794,0.0147563248480092,0.0146901353538628,0.0146245430700022,0.0145595398672572,0.014495117764825,0.0144312689268666,0.0143679856591975,0.0143052604060699,0.0142430857470429,0.0141814543939378,0.0141203591878761,0.0140597930963983,0.0139997492106586,0.013940220742696,0.0138812010227773,0.0138226834968109,0.013764661723829,0.0137071293735346,0.0136500802239145,0.013593508158913,0.013537407166166,0.0134817713347946,0.0134265948532536,0.0133718720072359,0.0133175971776306,0.0132637648385321,0.0132103695552986,0.0131574059826618,0.0131048688628807,0.0130527530239443,0.0130010533778157,0.0129497649187226,0.0128988827214875,0.0128484019398995,0.0127983178051259,0.012748625624162,0.0126993207783185,0.0126503987217446,0.0126018549799877,0.0125536851485862,0.012505884891696,0.0124584499407504,0.0124113760931498,0.0123646592109835,0.0123182952197806,0.0122722801072904,0.0122266099222908,0.0121812807734243,0.0121362888280605,0.0120916303111845,0,0.0528457105019108,0.0518679924532773,0.0509483119071363,0.0500767185243148,0.0492460952482976,0.0484513750537078,0.0476887880137849,0.0469554016109261,0.0462488467404681,0.045567150003206,0.0449086271734947,0.0442718129214717,0.0436554127923294,0.0430582693340714,0.0424793375101711,0.0419176663802379,0.0413723851198182,0.0408426921130727,0.0403278462677286,0.0398271599692279,0.0393399932669993,0.0388657490038174,0.0384038686796946,0.0379538288974808,0.0375151382764589,0.0370873347480614,0.0366699831678838,0.0362626731928069,0.0358650173828518,0.0354766494954812,0.0350972229461914,0.0347264094139398,0.0343638975736062,0.0340093919405608,0.0336626118146936,0.0333232903131093,0.0329911734821835,0.0326660194809184,0.032347597828556,0.0320356887102753,0.0317300823355235,0.0314305783441561,0.0311369852560929,0.0308491199606635,0.0305668072422102,0.0302898793388719,0.0300181755317816,0.0297515417621758,0.0294898302741608,0.0292328992810895,0.0289806126536932,0.0287328396282851,0.0284894545334977,0.0282503365341588,0.0280153693910286,0.027784441235231,0.0275574443563136,0.0273342750029569,0.0271148331954387,0.0268990225490267,0.026686750107547,0.0264779261864291,0.0262724642245886,0.0260702806445542,0.0258712947202968,0.0256754284522539,0.0254826064490861,0.0252927558157337,0.0251058060473745,0.0249216889289145,0.0247403384396663,0.0245616906628993,0.0243856836999639,0.0242122575887169,0.0240413542259898,0.0238729172938642,0.0237068921895311,0.0235432259585266,0.0233818672311524,0.0232227661619001,0.0230658743717102,0.0229111448929083,0.0227585321166731,0.0226079917428949,0.0224594807322979,0.0223129572607047,0.0221683806753272,0.0220257114529814,0.0218849111601205,0.0217459424145978,0.0216087688490666,0.0214733550759356,0.0213396666538015,0.0212076700552858,0.0210773326362032,0.0209486226060004,0.0208215089993997,0.0206959616491923,0.0205719511601229,0.0204494488838171,0.0203284268946994,0.0202088579668582,0.0200907155518105,0.0199739737571287,0.0198586073258869,0.0197445916168905,0.0196319025856553,0.0195205167660992,0.0194104112529194,0.0193015636846193,0.0191939522271637,0.0190875555582266,0.0189823528520144,0.0188783237646335,0.0187754484199824,0.0186737073961456,0.0185730817122675,0.0184735528158871,0.0183751025707136,0.0182777132448261,0.0181813674992783,0.0180860483770941,0.017991739292635,0.0178984240213281,0.017806086689738,0.0177147117659697,0.0176242840503894,0.0175347886666505,0.0174462110530144,0.0173585369539523,0.0172717524120191,0.0171858437599892,0.0171007976132422,0.017016600862392,0.0169332406661473,0.0168507044443972,0.0167689798715127,0.0166880548698556,0.0166079176034878,0.0165285564720745,0.0164499601049723,0.0163721173554977,0.0162950172953684,0.0162186492093108,0.01614300258983,0.0160680671321333,0.0159938327292045,0.0159202894670239,0.015847427619926,0.0157752376460939,0.0157037101831827,0.0156328360440697,0.0155626062127259,0.0154930118402047,0.0154240442407453,0.0153556948879841,0.0152879554112742,0.0152208175921064,0.0151542733606302,0.0150883147922702,0.015022934104436,0.0149581236533224,0.0148938759307956,0.0148301835613645,0.0147670392992341,0.0147044360254368,0.0146423667450409,0.014580824584433,0.0145198027886727,0.014459294718917,0.0143992938499111,0.0143397937675452,0.0142807881664763,0.014222270847808,0.0141642357168335,0.0141066767808336,0.0140495881469332,0.01399296402001,0.0139367987006574,0.0138810865831983,0.0138258221537481,0.0137709999883268,0.0137166147510174,0.0136626611921694,0.0136091341466478,0.0135560285321234,0.013503339347406,0.013451061670817,0.0133991906586025,0.013347721543384,0.0132966496326453,0.0132459703072574,0.0131956790200372,0.0131457712943405,0.0130962427226883,0.0130470889654251,0.0129983057494093,0.0129498888667324,0.0129018341734702,0.0128541375884611,0,0.0572792849171885,0.056190382279678,0.0551609661686695,0.0541833446286773,0.0532511632430302,0.0523595332197749,0.0515046093451901,0.0506832725890242,0.0498929220074972,0.0491313387630839,0.0483965952228605,0.0476869923494787,0.047001015232724,0.0463373005725851,0.0456946122597158,0.0450718225899583,0.0444678974963011,0.0438818847105857,0.0433129041063889,0.0427601396972285,0.0422228329137204,0.0417002768856076,0.0411918115257899,0.0406968192638546,0.0402147213127443,0.0397449743784973,0.0392870677423757,0.0388405206591764,0.0384048800264505,0.0379797182877461,0.0375646315394668,0.0371592378160321,0.0367631755320546,0.0363761020634865,0.0359976924523084,0.0356276382214774,0.0352656462886283,0.0349114379685004,0.0345647480553048,0.0342253239773037,0.0338929250167703,0.0335673215892721,0.0332482945768871,0.032935634710542,0.032629141997162,0.032328625187776,0.0320339012830938,0.0317447950734312,0.0314611387101515,0.0311827713060678,0.0309095385624888,0.0306412924208048,0.0303778907367036,0.0301191969752756,0.0298650799254245,0.0296154134321352,0.0293700761452793,0.0291289512837467,0.028891926413798,0.0286588932406221,0.0284297474121666,0.0282043883343852,0.027982718997117,0.0277646458098689,0.0275500784468378,0.027338929700553,0.0271311153435733,0.0269265539977108,0.0267251670102983,0.0265268783370476,0.0263316144310856,0.0261393041377793,0.025949878594992,0.0257632711384394,0.0255794172118358,0.0253982542815406,0.0252197217554426,0.0250437609058265,0.0248703147959952,0.0246993282104285,0.0245307475882743,0.0243645209599891,0.0242005978869433,0.0240389294038359,0.0238794679637547,0.0237221673857445,0.0235669828047438,0.023413870623766,0.0232627884682029,0.023113695142141,0.0229665505865852,0.0228213158394894,0.0226779529975054,0.0225364251793582,0.0223966964907681,0.0222587319908419,0.0221224976598613,0.0219879603683966,0.0218550878476859,0.0217238486612141,0.0215942121774348,0.0214661485435863,0.02133962866054,0.0212146241586415,0.0210911073744943,0.0209690513286435,0.0208484297041166,0.020729216825786,0.0206113876405124,0.0204949176980356,0.0203797831325808,0.020265960645146,0.0201534274864431,0.0200421614404633,0.0199321408086393,0.0198233443945789,0.0197157514893474,0.0196093418572727,0.019504095722253,0.0193999937545463,0.0192970170580194,0.0191951471578414,0.0190943659885998,0.0189946558828235,0.0188959995598967,0.0187983801153482,0.0187017810104988,0.0186061860624562,0.0185115794344403,0.0184179456264296,0.0183252694661105,0.0182335361001268,0.0181427309856069,0.0180528398819678,0.0179638488429802,0.0178757442090844,0.0177885125999524,0.0177021409072805,0.01761661628781,0.0175319261565628,0.0174480581802872,0.0173650002711047,0.0172827405803513,0.0172012674926054,0.017120569619897,0.0170406357960895,0.0169614550714312,0.0168830167072679,0.0168053101709115,0.0167283251306599,0.016652051450963,0.0165764791877286,0.0165015985837642,0.016427400064351,0.0163538742329439,0.0162810118669937,0.0162088039138882,0.0161372414870084,0.0160663158618941,0.0159960184725173,0.0159263409076595,0.0158572749073876,0.0157888123596289,0.0157209452968376,0.0156536658927541,0.0155869664592505,0.0155208394432622,0.0154552774238015,0.0153902731090506,0.015325819333533,0.0152619090553578,0.015198535353539,0.0151356914253826,0.0150733705839441,0.0150115662555503,0.0149502719773857,0.0148894813951415,0.014829188260724,0.0147693864300221,0.0147100698607307,0.01465123261023,0.0145928688335174,0.0145349727811912,0.0144775387974851,0.0144205613183507,0.0143640348695884,0.0143079540650232,0.0142523136047259,0.0141971082732768,0.0141423329380731,0.0140879825476753,0.0140340521301954,0.013980536791722,0.0139274317147836,0.0138747321568488,0.0138224334488618,0.013770530993812,0.0137190202653379,0.0136678968063627,0.0136171562277627,0,0.0617480966898397,0.0605492423217427,0.0594104033808077,0.058326301521033,0.0572916564861767,0.0563019648359463,0.0553534316080755,0.0544428265408649,0.0535673619069,0.0527246001635181,0.0519123857423586,0.051128794361761,0.0503720947225049,0.0496407189810185,0.0489332395373862,0.048248350453006,0.0475848523288395,0.0469416398186241,0.046317691183105,0.0457120594504107,0.0451238648588826,0.0445522883377253,0.043996565837937,0.0434559833678053,0.0429298726183143,0.0424176070871485,0.0419185986277466,0.041432294363517,0.0409581739179641,0.0404957469198322,0.0400445507490134,0.0396041484943033,0.0391741270983941,0.0387540956690389,0.0383436839382205,0.0379425408535887,0.0375503332884492,0.0371667448583082,0.0367914748334227,0.0364242371380541,0.0360647594281877,0.035712782240404,0.0353680582053887,0.0350303513202617,0.0346994362745224,0.034375097824939,0.0340571302151808,0.0337453366364152,0.0334395287254544,0.0331395260973675,0.0328451559097655,0.0325562524562275,0.0322726567865683,0.031994216351857,0.0317207846722831,0.0314522210261345,0.0311883901583046,0.0309291620068794,0.0306744114464817,0.0304240180471591,0.0301778658477041,0.0299358431423859,0.0296978422801543,0.0294637594754575,0.0292334946298759,0.029006951163842,0.0287840358577732,0.0285646587019929,0.0283487327548659,0.0281361740086153,0.0279269012623297,0.0277208360017038,0.0275179022850908,0.0273180266354728,0.027121137937988,0.0269271673426733,0.0267360481721104,0.0265477158336807,0.0263621077361593,0.0261791632103905,0.025998823433812,0.0258210313586036,0.0256457316432561,0.0254728705873671,0.0253023960694828,0.0251342574878198,0.0249684057037048,0.0248047929875886,0.0246433729674939,0.0244841005797659,0.0243269320220067,0.0241718247080769,0.0240187372250565,0.0238676292920666,0.0237184617208536,0.0235711963780494,0.0234257961490205,0.0232822249032307,0.0231404474610371,0.023000429561855,0.0228621378336208,0.0227255397634911,0.0225906036697213,0.0224572986746644,0.022325594678838,0.0221954623360116,0.0220668730292645,0.0219397988479694,0.0218142125656625,0.0216900876187548,0.0215673980860525,0.0214461186690448,0.0213262246729295,0.0212076919883407,0.0210904970737495,0.0209746169385083,0.0208600291265103,0.020746711700439,0.02063464322658,0.0205238027601754,0.0204141698312942,0.0203057244311995,0.0201984469991909,0.0200923184099019,0.019987319961037,0.0198834333615258,0.019780640720081,0.0196789245341427,0.0195782676791935,0.01947865339843,0.0193800652927775,0.0192824873112322,0.0191859037415214,0.0190902992010658,0.0189956586282362,0.0189019672738897,0.0188092106931774,0.0187173747376125,0.0186264455473886,0.0185364095439396,0.0184472534227315,0.0183589641462793,0.0182715289373778,0.0181849352725419,0.0180991708756459,0.0180142237117565,0.0179300819811521,0.0178467341135221,0.0177641687623371,0.0176823747993904,0.0176013413094968,0.0175210575853493,0.0174415131225258,0.0173626976146405,0.0172846009486361,0.0172072132002108,0.0171305246293767,0.0170545256761445,0.0169792069563301,0.0169045592574798,0.0168305735349095,0.0167572409078548,0.0166845526557266,0.0166125002144725,0.016541075173035,0.0164702692699103,0.0164000743897967,0.0163304825603374,0.0162614859489481,0.0161930768597321,0.0161252477304755,0.0160579911297241,0.0159912997539363,0.0159251664247112,0.0158595840860899,0.015794545801926,0.0157300447533252,0.0156660742361507,0.0156026276585925,0.0155396985387992,0.0154772805025702,0.0154153672811057,0.015353952708814,0.0152930307211746,0.0152325953526526,0.0151726407346679,0.0151131610936115,0.0150541507489143,0.0149956041111599,0.0149375156802465,0.0148798800435911,0.0148226918743793,0.0147659459298555,0.0147096370496562,0.0146537601541818,0.014598310243007,0.0145432823933301,0.0144886717584582,0.0144344735663279,0.014380683118062,0,0.066252947342205,0.0649441508999253,0.0636956390469956,0.0625043615015484,0.0613662625699921,0.0602773525243063,0.0592339727849961,0.0582328367026291,0.0572710038505976,0.0563458386814031,0.0554549698212759,0.0545962543855517,0.0537677478104741,0.0529676785873835,0.0521944270846902,0.0514465077103216,0.0507225537931142,0.0500213046829952,0.0493415946714747,0.0486823434152259,0.0480425476093969,0.047421273707275,0.0468176515220491,0.0462308685771585,0.0456601650959591,0.0451048295406784,0.0445641946259634,0.0440376337446479,0.0435245577532991,0.0430244120731974,0.042536674069011,0.0420608506728797,0.0415964762261366,0.0411431105146629,0.0407003369770347,0.0402677610672873,0.0398450087563857,0.0394317251584252,0.039027573269239,0.0386322328065179,0.0382453991417793,0.0378667823155938,0.0374961061284131,0.0371331073001562,0.0367775346924268,0.0364291485878706,0.0360877200217277,0.0357530301611346,0.0354248697281631,0.0351030384629696,0.0347873446237774,0.0344776045207167,0.0341736420808263,0.0338752884417676,0.0335823815720169,0.0332947659155095,0.0330122920588782,0.0327348164195972,0.0324622009534832,0.0321943128801383,0.0319310244250381,0.0316722125770761,0.0314177588604687,0.0311675491200242,0.0309214733188459,0.0306794253476226,0.0304413028447241,0.030207007026377,0.0299764425262551,0.0297495172438679,0.0295261422011776,0.029306231406917,0.0290897017281183,0.0288764727684025,0.0286664667526071,0.0284596084173621,0.0282558249072531,0.0280550456762329,0.0278572023939679,0.0276622288568294,0.0274700609032544,0.0272806363332249,0.0270938948316264,0.0269097778952667,0.0267282287633474,0.026549192351194,0.0263726151870659,0.0261984453518755,0.026026632421659,0.0258571274126494,0.0256898827288126,0.0255248521117184,0.0253619905926192,0.0252012544466249,0.0250426011488652,0.0248859893325346,0.0247313787487291,0.0245787302279796,0.0244280056434001,0.0242791678753702,0.0241321807776749,0.0239870091450331,0.0238436186819445,0.0237019759727946,0.0235620484531553,0.0234238043822275,0.0232872128163672,0.0231522435836514,0.0230188672594291,0.0228870551428162,0.0227567792340917,0.0226280122129494,0.0225007274175751,0.0223748988245031,0.022250501029226,0.0221275092275178,0.0220058991974447,0.02188564728203,0.0217667303725466,0.0216491258924108,0.0215328117816502,0.0214177664819228,0.0213039689220645,0.021191398504142,0.02108003508999,0.0209698589882157,0.0208608509416463,0.020752992115208,0.0206462640842126,0.0205406488230421,0.0204361286942084,0.0203326864377798,0.0202303051611559,0.0201289683291781,0.0200286597545641,0.019929363588652,0.0198310643124439,0.0197337467279363,0.0196373959497268,0.0195419973968877,0.0194475367850944,0.0193540001190021,0.0192613736848586,0.0191696440433472,0.0190787980226486,0.0189888227117165,0.0188997054537578,0.0188114338399095,0.0187239957031078,0.0186373791121384,0.0185515723658662,0.0184665639876352,0.0183823427198329,0.0182988975186153,0.0182162175487844,0.018134292178815,0.0180531109760251,0.0179726637018845,0.0178929403074575,0.0178139309289749,0.0177356258835316,0.0176580156649049,0.017581090939489,0.0175048425423445,0.0174292614733552,0.0173543388934923,0.0172800661211803,0.0172064346287617,0.0171334360390594,0.0170610621220295,0.016989304791506,0.0169181561020317,0.0168476082457736,0.0167776535495205,0.0167082844717591,0.0166394935998273,0.0165712736471412,0.0165036174504957,0.0164365179674331,0.0163699682736807,0.0163039615606538,0.0162384911330226,0.01617355040634,0.0161091329047311,0.0160452322586392,0.0159818422026294,0.0159189565732462,0.0158565693069253,0.015794674437956,0.0157332660964943,0.0156723385066251,0.0156118859844711,0.0155519029363476,0.0154923838569622,0.0154333233276584,0.0153747160146996,0.0153165566675972,0.0152588401174749,0.0152015612754743,0.0151447151311969,0,0.0707951038603832,0.0693751348408398,0.0680159925362416,0.0667164941078568,0.0654737960626666,0.0642844600800925,0.063145002020781,0.0620521076581703,0.0610027034309043,0.059993968192718,0.0590233220940437,0.0580884075122642,0.057187068168417,0.0563173289159331,0.0554773771384469,0.0546655460254943,0.0538802997069713,0.0531202201091572,0.0523839953547672,0.0516704095248293,0.0509783336112558,0.0503067175061768,0.0496545828927511,0.0490210169200804,0.0484051665611019,0.0478062335666246,0.0472234699410098,0.0466561738755545,0.0461036860846029,0.0455653864970177,0.0450406912620924,0.0445290500344503,0.0440299435071202,0.043542881165936,0.0430673992417846,0.0426030588401126,0.0421494442295991,0.041706161274031,0.0412728359932762,0.0408491132408553,0.0404346554870047,0.0400291416973496,0.0396322662983654,0.0392437382217442,0.0388632800206066,0.0384906270512202,0.0381255267145332,0.0377677377523898,0.0374170295938092,0.0370731817471447,0.0367359832343508,0.0364052320639316,0.0360807347394693,0.0357623058009104,0.0354497673960503,0.0351429488798777,0.0348416864396517,0.0345458227437727,0.0342552066126671,0.0339696927100682,0.0336891412532029,0.0334134177405248,0.0331423926957422,0.0328759414269941,0.0326139438001179,0.032356284025038,0.0321028504543829,0.0318535353935012,0.0316082349211232,0.0313668487199572,0.0311292799165779,0.0308954349300039,0.0306652233284052,0.0304385576934312,0.0302153534916769,0.0299955289528459,0.0297790049541978,0.0295657049108985,0.0293555546719154,0.0291484824211294,0.0289444185833523,0.0287432957349633,0.0285450485188982,0.0283496135637373,0.0281569294066623,0.0279669364200614,0.0277795767415798,0.0275947942074237,0.0274125342887393,0.0272327440309004,0.0270553719955448,0.0268803682052172,0.0267076840904734,0.0265372724393247,0.0263690873488921,0.0262030841791624,0.0260392195087356,0.0258774510924615,0.0257177378208722,0.0255600396813192,0.0254043177207331,0.0252505340099203,0.0250986516093281,0.0249486345362031,0.0248004477330777,0.0246540570375192,0.0245094291530844,0.0243665316214214,0.0242253327954651,0.0240858018136761,0.0239479085752763,0.0238116237164324,0.023676918587348,0.0235437652302222,0.0234121363580341,0.0232820053341206,0.0231533461525083,0.0230261334189695,0.0229003423327701,0.0227759486690791,0.0226529287620118,0.0225312594882803,0.0224109182514237,0.0222918829665969,0.0221741320458919,0.0220576443841705,0.0219423993453886,0.0218283767493894,0.0217155568591497,0.0216039203684578,0.0214934483900091,0.0213841224438991,0.0212759244465015,0.021168836699714,0.0210628418805584,0.0209579230311211,0.0208540635488211,0.0207512471769923,0.0206494579957682,0.0205486804132593,0.0204488991570093,0.0203500992657217,0.0202522660812465,0.020155385240816,0.020059442669524,0.0199644245730333,0.0198703174305108,0.0197771079877767,0.0196847832506603,0.0195933304785592,0.019502737178189,0.0194129910975212,0.0193240802199013,0.0192359927583391,0.0191487171499679,0.0190622420506657,0.0189765563298318,0.0188916490653148,0.0188075095384872,0.0187241272294593,0.0186414918124307,0.0185595931511732,0.0184784212946399,0.0183979664726988,0.0183182190919843,0.0182391697318639,0.0181608091405172,0.018083128231121,0.0180061180781399,0.0179297699137176,0.017854075124165,0.0177790252465442,0.0177046119653428,0.0176308271092378,0.0175576626479447,0.0174851106891508,0.0174131634755279,0.0173418133818238,0.0172710529120297,0.0172008746966211,0.0171312714898694,0.0170622361672225,0.0169937617227532,0.0169258412666717,0.0168584680229013,0.0167916353267159,0.0167253366224354,0.0166595654611804,0.0165943154986815,0.0165295804931433,0.0164653543031613,0.0164016308856892,0.0163384042940572,0.016275668676037,0.0162134182719552,0.0161516474128505,0.0160903505186772,0.0160295220965498,0.0159691567390303,0.0159092491224568,0,0.0753759784279734,0.0738425157356219,0.0723710014389825,0.0709618191330079,0.0696131721485387,0.0683221174108214,0.0670853309865136,0.0658994704777657,0.0647613318314592,0.0636679107718969,0.0626164203930029,0.0616042886726673,0.0606291470808154,0.0596888156595804,0.0587812872018803,0.0579047118009546,0.0570573823577285,0.0562377212793431,0.0554442684198274,0.0546756702221134,0.0539306699775495,0.0532080991023022,0.0525068693272321,0.051825965702177,0.0511644403232461,0.0505214067006419,0.0498960346935489,0.0492875459471831,0.0486952097749172,0.0481183394353986,0.0475562887607649,0.0470084490974769,0.046474246526015,0.0459531393297944,0.0454446156872221,0.0449481915639158,0.0444634087848027,0.0439898332681558,0.0435270534056685,0.0430746785744498,0.0426323377683821,0.0421996783376486,0.0417763648264339,0.0413620778998608,0.0409565133521499,0.0405593811888147,0.0401704047764281,0.0397893200541406,0.0394158748017043,0.0390498279592632,0.038690948994624,0.0383390173141285,0.0379938217136091,0.0376551598662297,0.0373228378443131,0.0369966696725064,0.0366764769098812,0.036362088258767,0.0360533391983135,0.0357500716409481,0.0354521336100459,0.0351593789372788,0.034871666978228,0.0345888623449684,0.0343108346544318,0.0340374582914577,0.0337686121855195,0.0335041796002011,0.0332440479345667,0.0329881085356306,0.0327362565212013,0.0324883906124195,0.0322444129753696,0.0320042290711822,0.0317677475140948,0.0315348799369698,0.0313055408638091,0.0310796475888389,0.0308571200617605,0.0306378807788019,0.0304218546792201,0.0302089690469357,0.0299991534169965,0.0297923394865951,0.0295884610303733,0.0293874538197749,0.0291892555462151,0.0289938057478554,0.028801045739783,0.0286109185474098,0.0284233688429132,0.0282383428845572,0.0280557884587391,0.0278756548246161,0.0276978926611778,0.0275224540166369,0.0273492922600174,0.0271783620348287,0.0270096192147186,0.0268430208610067,0.0266785251820024,0.0265160914940215,0.0263556801840142,0.0261972526737298,0.0260407713853404,0.0258861997084557,0.0257335019684608,0.0255826433961156,0.0254335900983557,0.0252863090302399,0.0251407679679896,0.0249969354830712,0.0248547809172732,0.0247142743587338,0.0245753866188757,0.0244380892102065,0.0243023543249495,0.0241681548144643,0.0240354641694263,0.0239042565007298,0.0237745065210842,0.0236461895272751,0.0235192813830587,0.0233937585026662,0.023269597834891,0.0231467768477344,0.0230252735135863,0.0229050662949212,0.0227861341304849,0.0226684564219552,0.0225520130210553,0.0224367842171034,0.0223227507249795,0.0222098936734945,0.0220981945941441,0.0219876354102353,0.0218781984263665,0.0217698663182525,0.0216626221228774,0.0215564492289656,0.0214513313677562,0.021347252604072,0.0212441973276704,0.0211421502448664,0.0210410963704167,0.0209410210196569,0.0208419098008812,0.0207437486079565,0.0206465236131617,0.0205502212602448,0.02045482825769,0.0203603315721871,0.0202667184222951,0.0201739762722956,0.0200820928262274,0.0199910560220954,0.0199008540262504,0.0198114752279318,0.0197229082339677,0.0196351418636288,0.0195481651436277,0.0194619673032633,0.0193765377697002,0.0192918661633827,0.0192079422935777,0.0191247561540401,0.0190422979188014,0.0189605579380719,0.0188795267342572,0.0187991949980837,0.0187195535848281,0.0186405935106514,0.0185623059490288,0.0184846822272783,0.0184077138231803,0.0183313923616869,0.0182557096117185,0.018180657483046,0.0181062280232523,0.0180324134147747,0.0179592059720235,0.0178865981385753,0.0178145824844381,0.0177431517033859,0.0176722986103629,0.0176020161389519,0.0175322973389069,0.0174631353737482,0.0173945235184173,0.0173264551569905,0.0172589237804487,0.0171919229845026,0.0171254464674716,0.0170594880282138,0.0169940415641068,0.0169291010690782,0.0168646606316823,0.016800714433225,0.0167372567459307,0.016674281931156,0,0.0799971267724615,0.0783467385636235,0.0767603198261329,0.0752395479999868,0.0737833722132939,0.0723891999306592,0.0710538013976615,0.0697737751550358,0.068545771311729,0.0673665940964461,0.066233244375866,0.0651429320469895,0.0640930733552195,0.0630812809072175,0.0621053504688322,0.061163246720008,0.0602530891098025,0.0593731383913047,0.0585217841042778,0.057697533100624,0.0568989991136822,0.0561248933231606,0.0553740158439988,0.0546452480585433,0.0539375457106451,0.0532499326838423,0.0525814953914652,0.0519313777130165,0.0512987764178074,0.0506829370231849,0.0500831500405732,0.0494987475678995,0.0489291001917443,0.0483736141668125,0.0478317288440625,0.0473029143221276,0.0467866692995596,0.0462825191079661,0.045790013908339,0.0453087270348326,0.0448382534719629,0.0443782084527164,0.0439282261663891,0.04348795856614,0.0430570742672963,0.0426352575283522,0.0422222073074206,0.0418176363876172,0.0414212705655012,0.0410328478972595,0.0406521179978387,0.0402788413886762,0.0399127888900933,0.0395537410547739,0.0392014876390776,0.0388558271092327,0.0385165661797149,0.0381835193813549,0.0378565086569325,0.0375353629822083,0.0372199180105178,0.0369100157392084,0.0366055041963475,0.0363062371462557,0.0360120738125365,0.0357228786173843,0.0354385209360455,0.0351588748653998,0.0348838190057071,0.0346132362546397,0.0343470136127879,0.034085041999887,0.0338272160810703,0.0335734341025069,0.0333235977358252,0.0330776119307721,0.0328353847755928,0.0325968273646573,0.0323618536728882,0.0321303804365809,0.0319023270402325,0.0316776154090199,0.0314561699065994,0.0312379172379151,0.0310227863567261,0.0308107083775846,0.0306016164920118,0.0303954458886345,0.0301921336770642,0.0299916188153096,0.0297938420405303,0.0295987458029516,0.0294062742027676,0.0292163729298758,0.0290289892062919,0.0288440717311054,0.0286615706278423,0.0284814373941134,0.0283036248534275,0.0281280871090634,0.0279547794998949,0.0277836585580713,0.0276146819684635,0.0274478085297851,0.0272829981173119,0.0271202116471175,0.0269594110417555,0.0268005591973184,0.0266436199518069,0.0264885580547508,0.0263353391380205,0.0261839296877749,0.0260342970174949,0.0258864092420509,0.0257402352527587,0.02559574469338,0.0254529079370233,0.0253116960639074,0.0251720808399493,0.0250340346961383,0.0248975307086662,0.0247625425797769,0.024629044619307,0.0244970117268882,0.0243664193747817,0.0242372435913206,0.0241094609449328,0.0239830485287212,0.0238579839455793,0.0237342452938181,0.0236118111532866,0.0234906605719624,0.0233707730529969,0.0232521285421944,0.0231347074159103,0.0230184904693501,0.0229034589052541,0.0227895943229526,0.0226768787077791,0.0225652944208243,0.0224548241890214,0.0223454510955474,0.0222371585705316,0.0221299303820559,0.0220237506274392,0.0219186037247937,0.0218144744048446,0.0217113477030022,0.0216092089516762,0.0215080437728279,0.0214078380707458,0.0213085780250412,0.0212102500838544,0.0211128409572624,0.0210163376108848,0.0209207272596778,0.0208259973619092,0.0207321356133128,0.0206391299414102,0.0205469684999985,0.0204556396637959,0.020365132023241,0.0202754343794405,0.0201865357392599,0.0200984253105524,0.0200110924975229,0.019924526896219,0.0198387182901504,0.0197536566460264,0.0196693321096131,0.019585735001702,0.01950285581419,0.0194206852062641,0.0193392140006903,0.0192584331802014,0.0191783338839813,0.0190989074042431,0.0190201451828969,0.0189420388083067,0.0188645800121307,0.0187877606662454,0.0187115727797484,0.0186360084960389,0.0185610600899747,0.0184867199650996,0.0184129806509428,0.0183398348003874,0.0182672751871036,0.0181952947030482,0.0181238863560254,0.018053043267309,0.0179827586693233,0.0179130259033814,0.0178438384174796,0.0177751897641443,0.0177070735983333,0.0176394836753861,0.0175724138490255,0.0175058580694056,0.0174398103812083,0,0.0846602544269526,0.0828881940421665,0.0811836078808436,0.0795489175626445,0.0779834035780625,0.0764846036445734,0.0750492694056996,0.0736738807765163,0.0723549090356203,0.071088947629575,0.0698727732405865,0.0687033697848601,0.0675779327039162,0.0664938629607251,0.0654487559253805,0.0644403880319397,0.0634667028050864,0.0625257971277914,0.0616159082038145,0.0607354014285159,0.0598827592437512,0.0590565709752341,0.0582555236089813,0.0574783934427243,0.0567240385397758,0.0559913919115254,0.0552794553573413,0.0545872938953011,0.0539140307226883,0.0532588426509586,0.0526209559654937,0.0519996426657362,0.0513942170461471,0.0508040325828059,0.0502284790944005,0.0496669801498494,0.0491189906978858,0.048583994896685,0.0480615041240133,0.0475510551505265,0.0470522084607073,0.0465645467076043,0.0460876732889886,0.0456212110338444,0.045164800989251,0.044718101298731,0.0442807861640359,0.0438525448831416,0.0434330809579353,0.04302211126571,0.0426193652891437,0.0422245843999497,0.041837521191831,0.0414579388587761,0.0410856106150981,0.0407203191539429,0.040361856141282,0.0400100217426732,0.039664624180307,0.0393254793180702,0.0389924102725541,0.0386652470481072,0.0383438261941918,0.0380279904834481,0.0377175886089996,0.0374124748996514,0.0371125090517407,0.036817555876499,0.0365274850618725,0.0362421709478298,0.0359614923142608,0.0356853321806379,0.0354135776166745,0.0351461195632716,0.0348828526630937,0.0346236751001698,0.0343684884479497,0.0341171975252955,0.0338697102599182,0.0336259375588104,0.0333857931852486,0.033149193641979,0.0329160580602151,0.0326863080941135,0.0324598678204027,0.0322366636428762,0.0320166242014648,0.0317996802856369,0.0315857647518786,0.0313748124450306,0.0311667601232685,0.0309615463865287,0.0307591116081912,0.0305593978698485,0.0303623488989925,0.0301679100094693,0.0299760280445533,0.0297866513225093,0.0295997295845096,0.0294152139447909,0.0292330568429331,0.029053211998158,0.0288756343655428,0.0287002800940579,0.0285271064863355,0.0283560719600891,0.0281871360111008,0.0280202591777022,0.0278554030066791,0.0276925300205313,0.0275316036860249,0.0273725883839765,0.0272154493802125,0.0270601527976502,0.0269066655894495,0.0267549555131855,0.0266049911059989,0.0264567416606771,0.0263101772026297,0.0261652684677134,0.0260219868808741,0.025880304535568,0.0257401941739293,0.0256016291676524,0.0254645834995588,0.0253290317458178,0.0251949490587967,0.0250623111505129,0.0249310942766608,0.0248012752211946,0.0246728312814401,0.0245457402537162,0.0244199804194451,0.0242955305317312,0.0241723698023918,0.0240504778894182,0.0239298348848548,0.0238104213030766,0.02369221806945,0.0235752065093644,0.0234593683376171,0.0233446856481412,0.0232311409040611,0.0231187169280649,0.0230073968930798,0.0228971643132426,0.022788003035151,0.0226798972293871,0.0225728313823025,0.0224667902880568,0.0223617590408979,0.0222577230276784,0.0221546679205965,0.0220525796701563,0.0219514444983384,0.0218512488919721,0.0217519795963058,0.0216536236087644,0.0215561681728906,0.0214596007724614,0.0213639091257761,0.0212690811801084,0.0211751051063158,0.0210819692936055,0.0209896623444456,0.0208981730696225,0.020807490483435,0.0207176037990235,0.0206285024238288,0.020540175955176,0.0204526141759803,0.0203658070505708,0.0202797447206262,0.0201944175012224,0.0201098158769861,0.0200259304983515,0.0199427521779166,0.0198602718868971,0.0197784807516738,0.0196973700504304,0.01961693120988,0.0195371558020765,0.0194580355413098,0.0193795622810789,0.0193017280111457,0.019224524854662,0.019147945065371,0.0190719810248792,0.0189966252399966,0.0189218703401457,0.0188477090748327,0.0187741343111843,0.0187011390315435,0.0186287163311257,0.0185568594157323,0.0184855615995206,0.0184148163028272,0.0183446170500454,0.0182749574675523,0.0182058312816872,0,0.0893666172599991,0.0874670413173799,0.0856404204558902,0.0838891207272348,0.082212255869173,0.0806072173674909,0.0790705877307426,0.0775986439604987,0.0761876295849589,0.0748338978021672,0.0735339826742357,0.0722846301339057,0.0710828066645766,0.0699256957887404,0.0688106881620855,0.067735368603986,0.0666975019733704,0.0656950189695154,0.0647260024491382,0.0637886745627843,0.0628813848436664,0.0620025992833105,0.061150890372423,0.0603249280553281,0.0595234715318274,0.0587453618350945,0.0579895151143444,0.0572549165541402,0.0565406148668482,0.0558457173000638,0.0551693851062557,0.0545108294271579,0.0538693075503666,0.0532441195001563,0.0526346049286316,0.0520401402770428,0.0514601361803835,0.0508940350913352,0.0503413091022196,0.0498014579459318,0.0492740071588634,0.0487585063906343,0.0482545278470451,0.0477616648540808,0.0472795305320466,0.0468077565700289,0.0463459920918624,0.0458939026056602,0.045451169029745,0.0450174867885135,0.0445925649723905,0.0441761255565776,0.0437679026738044,0.0433676419367267,0.0429750998060227,0.0425900430005877,0.042212247946556,0.0418415002621648,0.0414775942757366,0.0411203325742923,0.0407695255805204,0.0404249911560179,0.0400865542288977,0.0397540464440078,0.0394273058341589,0.0391061765108808,0.0387905083733515,0.0384801568342455,0.0381749825613513,0.0378748512338941,0.0375796333125825,0.0372892038224733,0.0370034421478162,0.036722231838103,0.0364454604246037,0.0361730192467235,0.0359048032875638,0.0356407110181146,0.0353806442495463,0.0351245079931053,0.0348722103271569,0.0346236622709415,0.0343787776646518,0.0341374730554553,0.0338996675891163,0.033665282906895,0.0334342430474211,0.0332064743532591,0.0329819053819022,0.032760466820948,0.0325420914072244,0.0323267138496494,0.0321142707556224,0.0319047005607567,0.0316979434617743,0.0314939413523956,0.0312926377620679,0.0310939777973826,0.0308979080860442,0.0307043767232596,0.030513333220424,0.0303247284559897,0.0301385146284045,0.0299546452110213,0.0297730749088803,0.0295937596172706,0.0294166563819875,0.0292417233612011,0.0290689197888627,0.0288982059395723,0.0287295430948422,0.0285628935106868,0.0283982203864828,0.0282354878350361,0.028074660853804,0.0279157052972177,0.0277585878500571,0.0276032760018304,0.0274497380221135,0.0272979429368068,0.0271478605052708,0.0269994611983002,0.0268527161768997,0.0267075972718314,0.0265640769638959,0.0264221283649181,0.0262817251994096,0.0261428417868758,0.0260054530247448,0.02586953437189,0.0257350618327222,0.0256020119418297,0.0254703617491423,0.0253400888055985,0.0252111711492982,0.0250835872921168,0.0249573162067683,0.0248323373142946,0.0247086304719676,0.0245861759615871,0.0244649544781595,0.0243449471189415,0.0242261353728387,0.0241085011101382,0.0239920265725731,0.0238766943636958,0.0237624874395567,0.023649389099673,0.0235373829782775,0.0234264530358386,0.023316583550839,0.023207759111807,0.0230999646095891,0.0229931852298552,0.0228874064458306,0.0227826140112426,0.0226787939534792,0.0225759325669475,0.0224740164066294,0.0223730322818237,0.0222729672500717,0.0221738086112579,0.0220755439018797,0.0219781608894825,0.0218816475672521,0.0217859921487608,0.0216911830628615,0.0215972089487248,0.0215040586510147,0.0214117212151982,0.0213201858829842,0.0212294420878885,0.0211394794509188,0.0210502877763785,0.0209618570477828,0.020874177423886,0.0207872392348149,0.0207010329783049,0.0206155493160366,0.0205307790700695,0.0204467132193688,0.0203633428964233,0.0202806593839523,0.0201986541116965,0.0201173186532931,0.0200366447232302,0.0199566241738797,0.0198772489926053,0.019798511298945,0.0197204033418626,0.0196429174970699,0.0195660462644159,0.0194897822653396,0.0194141182403877,0.019339047046792,0.0192645616561077,0.0191906551519081,0.0191173207275361,0.0190445516839108,0.0189723414273865,0,0.0941166413706826,0.0920830456067317,0.0901301019809791,0.088259238292697,0.086468856621036,0.0847558936446587,0.0831165865027274,0.0815469061770406,0.0800428065532764,0.0786003624546891,0.0772158412106712,0.0758857350961218,0.0746067711422937,0.0733759081750153,0.0721903269380043,0.0710474167698389,0.0699447608744893,0.0688801213676714,0.0678514247645841,0.066856748262953,0.0658943069880778,0.0649624422553264,0.0640596108409077,0.0631843752157653,0.0623353946790027,0.061511417319436,0.0607112727323853,0.0599338654209897,0.059178168815452,0.0584432198487169,0.057728114032479,0.0570320009827859,0.0563540803495942,0.0556935981093915,0.055049843184324,0.0544221443551957,0.0538098674392216,0.053212412706568,0.0526292125124979,0.052059729124441,0.0515034527254967,0.0509598995778447,0.0504286103312622,0.0499091484634859,0.0494010988405182,0.0489040663861865,0.0484176748513392,0.0479415656740158,0.0474753969227838,0.0470188423161868,0.0465715903119317,0.0461333432600445,0.0457038166147642,0.0452827382004326,0.0448698475270699,0.0444648951517167,0.0440676420819758,0.0436778592184997,0.0432953268334607,0.0429198340822885,0.0425511785462014,0.0421891658032623,0.0418336090258798,0.0414843286028514,0.0411411517841984,0.0408039123471851,0.0404724502820456,0.0401466114960557,0.0398262475346986,0.0395112153187673,0.0392013768963381,0.0388965992086287,0.0385967538688309,0.0383017169530771,0.0380113688027572,0.0377255938374657,0.0374442803779087,0.0371673204781473,0.0368946097666018,0.0366260472952785,0.0363615353967215,0.0361009795482242,0.0358442882428662,0.035591372866978,0.0353421475836515,0.0350965292219488,0.0348544371714824,0.0346157932820605,0.0343805217681091,0.0341485491176079,0.0339198040052864,0.0336942172098467,0.0334717215349946,0.0332522517340713,0.0330357444380937,0.0328221380870225,0.032611372864087,0.0324033906330065,0.0321981348779595,0.0319955506461582,0.0317955844928945,0.0315981844289359,0.031403299870147,0.0312108815892335,0.0310208816694958,0.0308332534605005,0.0306479515355713,0.0304649316510137,0.0302841507069905,0.0301055667099685,0.0299291387366627,0.0297548268994073,0.0295825923128879,0.0294123970621718,0.0292442041719749,0.029077977577112,0.0289136820940753,0.0287512833936889,0.0285907479747954,0.0284320431389242,0.0282751369659015,0.0281199982903601,0.0279665966791088,0.0278149024093257,0.0276648864475407,0.0275165204293705,0.027369776639978,0.0272246279952248,0.027081048023484,0.0269390108480938,0.0267984911704167,0.026659464253487,0.0265219059062168,0.0263857924681428,0.0262511007946889,0.026117808242925,0.0259858926578034,0.0258553323588525,0.0257261061273104,0.0255981931936817,0.0254715732257009,0.0253462263166861,0.0252221329742699,0.0250992741094908,0.0249776310262333,0.0248571854110027,0.0247379193230229,0.0246198151846438,0.0245028557720496,0.0243870242062525,0.0242723039443666,0.0241586787711485,0.0240461327907947,0.0239346504189894,0.0238242163751914,0.0237148156751517,0.0236064336236551,0.0234990558074773,0.0233926680885488,0.02328725659732,0.0231828077263204,0.0230793081239044,0.0229767446881776,0.0228751045610982,0.022774375122746,0.0226745439857564,0.0225755989899089,0.0224775281968717,0.0223803198850894,0.0222839625448165,0.022188444873287,0.0220937557700178,0.0219998843322402,0.0219068198504578,0.0218145518041232,0.0217230698574337,0.0216323638552379,0.0215424238190547,0.0214532399431955,0.0213648025909917,0.0212771022911203,0.0211901297340272,0.021103875768443,0.02101833139799,0.0209334877778777,0.0208493362116826,0.0207658681482111,0.0206830751784427,0.0206009490325506,0.0205194815769983,0.0204386648117091,0.0203584908673065,0.0202789520024237,0.0202000406010805,0.0201217491701236,0.0200440703367321,0.0199669968459835,0.0198905215584778,0.0198146374480215,0.0197393375993667,0,0.0989098404030703,0.0967354381770649,0.0946516943147572,0.092658176099448,0.0907520286515352,0.0889294199681271,0.0871860538269878,0.0855174806064677,0.0839192936522777,0.0823872448280461,0.0809173061931649,0.079505697747119,0.0781488946673323,0.0768436226280883,0.0755868465442892,0.0743757560093859,0.0732077493976974,0.0720804177949764,0.0709915294227365,0.0699390149151106,0.0689209536195169,0.0679355609792846,0.0669811769897035,0.0660562556812431,0.0651593555639622,0.0642891309584643,0.0634443241367671,0.062623758198389,0.061826330611039,0.0610510073504783,0.0602968175796932,0.059562848813109,0.0588482425169245,0.0581521901016588,0.0574739292675871,0.0568127406679238,0.0561679448583577,0.0555388995049125,0.0549249968251018,0.0543256612400198,0.0537403472173775,0.0531685372876014,0.052609740216981,0.0520634893235034,0.0515293409224932,0.0510068728904773,0.0504956833368582,0.0499953893740161,0.0495056259773771,0.04902604492781,0.0485563138294461,0.0480961151966705,0.0476451456046228,0.0472031148980686,0.0467697454539733,0.0463447714935369,0.0459279384398243,0.0455190023174723,0.0451177291912592,0.0447238946406061,0.0443372832673258,0.0439576882341674,0.0435849108319048,0.0432187600729126,0.0428590523093332,0.0425056108740979,0.0421582657432051,0.0418168532177831,0.0414812156245826,0.0411512010336503,0.04082666299203,0.0405074602724271,0.0401934566358532,0.0398845206073378,0.03958052526387,0.0392813480337825,0.0389868705068619,0.0386969782545061,0.0384115606593131,0.0381305107535152,0.0378537250657249,0.0375811034754887,0.0373125490751832,0.0370479680388183,0.0367872694973432,0.0365303654200758,0.036277170501904,0.036027602055928,0.0357815799112357,0.0355390263155243,0.0352998658422967,0.0350640253023813,0.034831433659539,0.0346020219499345,0.0343757232052649,0.0341524723793509,0.0339322062780061,0.0337148634920138,0.033500384333048,0.033288710772388,0.0330797863822838,0.0328735562798346,0.0326699670732584,0.0324689668104282,0.0322705049295665,0.032074532211989,0.0318810007367985,0.0316898638374341,0.0315010760599863,0.0313145931231944,0.0311303718800452,0.0309483702808978,0.0307685473380652,0.0305908630917814,0.0304152785774936,0.0302417557944167,0.0300702576752948,0.0299007480573129,0.0297331916541084,0.0295675540288352,0.0294038015682302,0.029241901457642,0.0290818216569773,0.0289235308775266,0.0287669985596305,0.028612194851153,0.028459090586723,0.0283076572677176,0.0281578670429505,0.0280096926900404,0.0278631075974288,0.027718085747022,0.0275746016974306,0.0274326305677835,0.0272921480220925,0.0271531302541456,0.0270155539729082,0.0268793963884123,0.0267446351981127,0.0266112485736964,0.0264792151483213,0.0263485140042739,0.026219124661025,0.0260910270636716,0.0259642015717491,0.0258386289483987,0.0257142903498785,0.0255911673154062,0.0254692417573168,0.0253484959515295,0.0252289125283081,0.0251104744633065,0.0249931650688877,0.0248769679857076,0.0247618671745536,0.0246478469084276,0.0245348917648683,0.0244229866185005,0.0243121166338053,0.0242022672581036,0.0240934242147454,0.0239855734964972,0.0238787013591212,0.0237727943151403,0.0236678391277809,0.0235638228050903,0.0234607325942189,0.0233585559758662,0.0232572806588816,0.0231568945750167,0.0230573858738233,0.0229587429176934,0.0228609542770349,0.0227640087255799,0.0226678952358221,0.022572602974576,0.0224781212986579,0.0223844397506822,0.0222915480549699,0.0221994361135671,0.022108094002368,0.0220175119673401,0.0219276804208497,0.0218385899380825,0.0217502312535567,0.021662595257728,0.0215756729936804,0.0214894556539031,0.0214039345771489,0.0213191012453733,0.0212349472807496,0.0211514644427608,0.021068644625363,0.0209864798542213,0.0209049622840122,0.0208240841957947,0.0207438379944448,0.0206642162061539,0.020585211475987,0.0205068165655024,0,0.103744854661497,0.101422811366528,0.0992038631160552,0.0970846110084167,0.0950604515396452,0.0931264918250383,0.0912777170865241,0.0895091392080079,0.0878159157812622,0.0861934274089585,0.0846373195520078,0.0831435193644155,0.0817082364716005,0.0803279541257454,0.0789994150204032,0.0777196044984085,0.0764857328468789,0.0752952176966174,0.0741456671111977,0.0730348636786587,0.0719607497493166,0.0709214138597205,0.0699150783213312,0.0689400879177344,0.0679948996362093,0.067078073351927,0.066188263381859,0.0653242108280171,0.0644847366342591,0.0636687352865377,0.0628751690924659,0.0621030629820553,0.0613514997772032,0.0606196158828416,0.0599065973575715,0.0592116763260567,0.0585341276994653,0.0578732661738456,0.0572284434795343,0.0565990458575498,0.0559844917414767,0.055384229625595,0.0547977361020217,0.0542245140514096,0.0536640909733301,0.0531160174438772,0.0525798656892735,0.0520552282653783,0.0515417168339841,0.0510389610276799,0.0505466073958391,0.0500643184250055,0.0495917716275762,0.0491286586932502,0.0486746846982155,0.048229567367507,0.0477930363863759,0.0473648327568787,0.0469447081962317,0.0465324245737695,0.0461277533836245,0.045730475250484,0.0453403794660079,0.0449572635536852,0.0445809328600997,0.0442112001707272,0.0438478853485533,0.0434908149939218,0.0431398221241632,0.0427947458716548,0.0424554311990767,0.0421217286307166,0.041793493998767,0.0414705882036367,0.0411528769873704,0.0408402307193381,0.0405325241934172,0.0402296364359448,0.0399314505237716,0.0396378534117953,0.0393487357693943,0.039063991825225,0.0387835192198788,0.0385072188659372,0.0382349948149844,0.0379667541311762,0.0377024067709835,0.0374418654687578,0.037185045627789,0.0369318652165448,0.0366822446698029,0.0364361067944071,0.0361933766793911,0.0359539816102339,0.0357178509870241,0.0354849162463223,0.0352551107865278,0.0350283698965636,0.0348046306877059,0.0345838320283975,0.0343659144818895,0.0341508202465685,0.0339384930988336,0.0337288783383931,0.033521922735864,0.0333175744825578,0.0331157831423462,0.0329164996055051,0.0327196760444432,0.032525265871221,0.0323332236967808,0.0321435052917996,0.0319560675490968,0.0317708684475168,0.0315878670172234,0.0314070233063404,0.031228298348874,0.031051654133864,0.0308770535757035,0.0307044604855791,0.0305338395439792,0.030365156274225,0.0301983770169793,0.0300334689056885,0.029870399842922,0.0297091384775661,0.0295496541828382,0.0293919170350874,0.0292358977933455,0.0290815678796011,0.0289288993597634,0.0287778649252885,0.0286284378754429,0.0284805921001748,0.0283343020635708,0.0281895427878755,0.0280462898380489,0.027904519306842,0.0277642078003696,0.0276253324241617,0.0274878707696731,0.0273518009012355,0.0272171013434336,0.0270837510688898,0.0269517294864412,0.0268210164296949,0.0266915921459477,0.0265634372854542,0.0264365328910338,0.0263108603880017,0.0261864015744126,0.0260631386116058,0.0259410540150409,0.0258201306454137,0.0257003517000406,0.0255817007045062,0.0254641615045583,0.0253477182582474,0.0252323554283002,0.0251180577747161,0.0250048103475843,0.0248925984801095,0.0247814077818399,0.0246712241320936,0.0245620336735712,0.0244538228061541,0.0243465781808779,0.0242402866940772,0.0241349354816956,0.0240305119137554,0.0239270035889815,0.023824398329575,0.0237226841761308,0.0236218493826958,0.0235218824119617,0.0234227719305885,0.0233245068046561,0.023227076095237,0.0231304690540887,0.0230346751194613,0.0229396839120158,0.0228454852308515,0.0227520690496371,0.0226594255128433,0.0225675449320747,0.0224764177824953,0.022386034699348,0.0222963864745624,0.0222074640534505,0.0221192585314855,0.0220317611511636,0.0219449632989447,0.0218588565022687,0.0217734324266488,0.0216886828728352,0.0216045997740507,0.0215211751932935,0.0214384013207075,0.021356270471015,0.0212747750810148,0,0.108618996863433,0.106143055813987,0.103784846595914,0.10153694845497,0.0993926292016915,0.0973456889763211,0.0953902259408842,0.0935206006538837,0.0917314605083412,0.0900177659396159,0.0883748036129457,0.0867981865167851,0.0852838444920439,0.0838280087721291,0.0824271932795833,0.0810781745698846,0.0797779716425455,0.0785238263643552,0.0773131849291636,0.0761436805693223,0.0750131176008143,0.0739194568019531,0.0728608020768755,0.0718353883281288,0.0708415704496219,0.069877813346887,0.0689426828926004,0.0680348377293971,0.067153021837778,0.0662960577934319,0.0654628406449989,0.0646523323498725,0.0638635567118429,0.0630955947701536,0.0623475805948184,0.061618697447817,0.060908174274095,0.0602152824901358,0.0595393330413104,0.0588796737022699,0.0582356865973625,0.0576067859204743,0.0569924158358409,0.0563920485432767,0.0558051824929682,0.0552313407364767,0.0546700694019416,0.0541209362826554,0.0535835295292605,0.0530574564367456,0.0525423423182831,0.0520378294586927,0.0515435761410005,0.0510592557401635,0.0505845558785816,0.0501191776384972,0.049662834826831,0.0492152532883939,0.0487761702637712,0.048345333788497,0.0479225021304308,0.0475074432625044,0.0470999343682515,0.0466997613777427,0.0463067185317496,0.0459206079721322,0.0455412393566133,0.0451684294962429,0.0448020020139961,0.0444417870230635,0.0440876208235106,0.0437393456160799,0.043396809232005,0.0430598648777882,0.0427283708939767,0.0424021905270355,0.0420811917134895,0.0417652468755609,0.0414542327275863,0.0411480300925496,0.0408465237281099,0.0405496021615513,0.0402571575331183,0.0399690854472371,0.0396852848311602,0.0394056578005976,0.0391301095319342,0.0388585481406492,0.0385908845655914,0.0383270324587756,0.0380669080803919,0.0378104301987413,0.0375575199948216,0.0373081009713188,0.0370620988657539,0.0368194415675732,0.0365800590389666,0.0363438832392174,0.0361108480524003,0.0358808892182545,0.0356539442660645,0.0354299524514002,0.035208854695567,0.0349905935276312,0.0347751130288927,0.0345623587796832,0.0343522778083751,0.0341448185424942,0.0339399307618326,0.0337375655534687,0.0335376752686007,0.0333402134811074,0.0331451349477572,0.0329523955699882,0.0327619523571832,0.0325737633913761,0.0323877877933193,0.0322039856898537,0.0320223181825219,0.0318427473173669,0.0316652360558671,0.031489748246955,0.0313162486000718,0.0311447026592158,0.0309750767779376,0.0308073380952445,0.0306414545123743,0.0304773946704008,0.0303151279286382,0.0301546243438075,0.029995854649937,0.0298387902389645,0.0296834031420122,0.0295296660113077,0.0293775521027248,0.0292270352589192,0.0290780898930343,0.0289306909729562,0.0287848140060942,0.0286404350246678,0.0284975305714803,0.0283560776861578,0.0282160538918395,0.0280774371822983,0.027940206009479,0.0278043392714326,0.0276698163006392,0.0275366168526999,0.0274047210953832,0.0272741095980177,0.0271447633212132,0.0270166636069014,0.026889792168684,0.0267641310824747,0.0266396627774289,0.0265163700271464,0.0263942359411395,0.0262732439565591,0.026153377830164,0.026034621630531,0.0259169597304945,0.0258003767998068,0.0256848577980136,0.0255703879675362,0.0254569528269538,0.0253445381644778,0.0252331300316144,0.0251227147370054,0.0250132788404452,0.0249048091470649,0.0247972927016799,0.024690716783295,0.0245850688997619,0.0244803367825837,0.0243765083818628,0.0242735718613863,0.0241715155938451,0.0240703281561818,0.0239699983250663,0.0238705150724885,0.0237718675614726,0.0236740451419026,0.0235770373464589,0.023480833886662,0.0233854246490192,0.023290799691272,0.0231969492387408,0.0231038636807629,0.0230115335672246,0.0229199496051787,0.0228291026555503,0.0227389837299252,0.0226495839874199,0.0225608947316295,0.0224729074076523,0.0223856135991883,0.0222990050257094,0.0222130735397003,0.0221278111239656,0.0220432098890044,0,0.113528172282301,0.110893351539858,0.108392428690275,0.106013293427652,0.103746865142046,0.101585456164104,0.0995221378860152,0.0975505197392875,0.0956646703921285,0.0938590838932984,0.0921286571500356,0.0904686682670839,0.088874753410711,0.087342882447259,0.0858693342020818,0.0844506721302554,0.0830837209730642,0.0817655447583011,0.0804934263325177,0.0792648484928412,0.0780774767060647,0.0769291433529449,0.0758178334070428,0.074741671443176,0.0736989098656627,0.0726879182475797,0.071707173676872,0.0707552520117612,0.0698308199554469,0.0689326278679526,0.0680595032406782,0.0672103447665716,0.0663841169456815,0.0655798451721271,0.064796611254242,0.0640335493247739,0.0632898421026553,0.0625647174719658,0.061857445347385,0.0611673347986995,0.0604937314098275,0.0598360148504039,0.0591935966402498,0.0585659180890902,0.0579524483956786,0.0573526828920983,0.0567661414204326,0.0561923668302681,0.0556309235866249,0.0550813964789218,0.0545433894224787,0.0540165243448735,0.0535004401501856,0.0529947917548061,0.0524992491890788,0.0520134967595487,0.0515372322670754,0.0510701662764757,0.0506120214337538,0.0501625318273111,0.0497214423898399,0.0492885083378893,0.048863494646338,0.0484461755552453,0.0480363341067552,0.0476337617099231,0.0472382577314986,0.0468496291108644,0.0464676899974672,0.0460922614092067,0.0457231709103723,0.0453602523078214,0.045003345364192,0.0446522955270376,0.0443069536728495,0.0439671758650125,0.0436328231248077,0.0433037612146397,0.0429798604327279,0.0426609954185508,0.0423470449683856,0.0420378918603322,0.041733422688248,0.0414335277040663,0.0411381006680002,0.0408470387061722,0.0405602421752386,0.0402776145336047,0.0399990622188577,0.0397244945310649,0.0394538235216059,0.0391869638872367,0.0389238328690916,0.0386643501563581,0.0384084377943675,0.0381560200968666,0.037907023562247,0.037661376793522,0.0374190104218545,0.0371798570334532,0.0369438510996599,0.0367109289100679,0.0364810285085144,0.0362540896318042,0.0360300536510269,0.0358088635153399,0.0355904636980933,0.035374800145186,0.0351618202255398,0.0349514726835954,0.0347437075937274,0.0345384763164917,0.0343357314566169,0.0341354268226583,0.0339375173882387,0.0337419592547995,0.0335487096157973,0.033357726722276,0.0331689698497556,0.0329823992663769,0.0327979762022463,0.0326156628199279,0.0324354221860332,0.032257218243858,0.0320810157870253,0.0319067804340861,0.0317344786040407,0.0315640774927404,0.0313955450501304,0.0312288499583031,0.0310639616103223,0.030900850089792,0.0307394861511347,0.0305798412005527,0.0304218872776445,0.0302655970376481,0.0301109437342885,0.0299579012032034,0.0298064438459245,0.0296565466143943,0.0295081849959936,0.0293613349990657,0.0292159731389106,0.0290720764242385,0.0289296223440593,0.0287885888549958,0.0286489543690013,0.0285106977414684,0.0283737982597136,0.0282382356318246,0.0281039899758548,0.0279710418093555,0.0278393720392302,0.0277089619519017,0.0275797932037794,0.0274518478120164,0.0273251081455463,0.0271995569163892,0.0270751771712183,0.0269519522831767,0.0268298659439366,0.0267089021559928,0.026589045225181,0.026470279753414,0.026352590631629,0.0262359630329382,0.0261203824059747,0.0260058344684293,0.0258923052007703,0.0257797808401406,0.0256682478744265,0.0255576930364921,0.0254481032985734,0.0253394658668294,0.0252317681760408,0.025124997884456,0.0250191428687764,0.0249141912192784,0.024810131235067,0.0247069514194561,0.0246046404754741,0.0245031873014875,0.0244025809869413,0.0243028108082113,0.0242038662245652,0.0241057368742297,0.0240084125705594,0.0239118832983048,0.0238161392099766,0.0237211706223031,0.0236269680127784,0.0235335220162975,0.0234408234218774,0.0233488631694599,0.0232576323467954,0.0231671221864031,0.023077324062609,0.022988229488655,0.0228998301138801,0.0228121177209697,0,0.118466986589128,0.115670209392827,0.113023936428767,0.110511435789929,0.108121246485701,0.105844089199954,0.103671907108287,0.101597478808521,0.0996142365351415,0.0977161676978789,0.0958977518863537,0.094153913636045,0.0924799828391206,0.0908716595280949,0.0893249817548386,0.0878362960745039,0.0864022304281791,0.0850196693015209,0.083685731046753,0.0823977472443047,0.0811532439677606,0.0799499248079961,0.0787856555103091,0.0776584500811216,0.0765664582270492,0.0755079539975475,0.0744813255119474,0.0734850656617402,0.0725177636889589,0.0715780975511135,0.0706648269921534,0.069776787247278,0.068912883317026,0.0680720847529758,0.0672534209035905,0.0664559765742964,0.06567888806084,0.0649213395193849,0.0641825596407211,0.0634618185994533,0.0627584252521093,0.0620717245608613,0.0614010952219751,0.0607459474802624,0.0601057211127277,0.0594798835663039,0.0588679282360806,0.0582693728717832,0.0576837581014578,0.0571106460623881,0.0565496191302318,0.0560002787382125,0.055462244278976,0.0549351520824018,0.0544186544632759,0.0539124188332867,0.0534161268723018,0.0529294737543298,0.0524521674239767,0.0519839279195695,0.0515244867394485,0.0510735862482284,0.0506309791200942,0.0501964278164481,0.0497697040954372,0.0493505885510999,0.0489388701800472,0.0485343459737631,0.0481368205347593,0.0477461057149588,0.0473620202748074,0.0469843895617279,0.0466130452066368,0.0462478248373409,0.0458885718077184,0.0455351349416692,0.0451873682908949,0.044845130905636,0.0445082866175582,0.0441767038340348,0.0438502553431261,0.0435288181286066,0.0432122731944357,0.0429005053981066,0.0425934032923498,0.0422908589747014,0.0419927679444786,0.041699028966736,0.0414095439428045,0.0411242177870401,0.0408429583094331,0.0405656761037533,0.0402922844409232,0.0400226991673363,0.0397568386078488,0.039494623473195,0.0392359767715899,0.0389808237242971,0.038729091684953,0.038480710062453,0.0382356102472134,0.0379937255406376,0.0377549910876231,0.0375193438119541,0.0372867223544377,0.0370570670136444,0.0368303196891271,0.0366064238269944,0.0363853243677251,0.036166967696117,0.035951301593264,0.035738275190469,0.0355278389249989,0.0353199444975952,0.0351145448316599,0.0349115940340381,0.034711047357324,0.0345128611636223,0.0343169928896962,0.034123401013443,0.0339320450216359,0.0337428853788766,0.0335558834977047,0.0333710017098149,0.0331882032383317,0.0330074521710972,0.0328287134349298,0.0326519527708083,0.032477136709948,0.0323042325507261,0.0321332083364239,0.0319640328337516,0.0317966755121215,0.0316311065236417,0.0314672966837988,0.0313052174528033,0.0311448409175686,0.0309861397743024,0.0308290873116814,0.0306736573945898,0.0305198244483974,0.0303675634437585,0.0302168498819081,0.0300676597804397,0.0299199696595436,0.0297737565286896,0.0296289978737369,0.0294856716444555,0.0293437562424418,0.0292032305094174,0.0290640737158924,0.0289262655501843,0.0287897861077753,0.028654615880999,0.028520735749043,0.0283881269682563,0.0282567711627495,0.0281266503152806,0.027997746758412,0.0278700431659327,0.0277435225445344,0.0276181682257335,0.0274939638580299,0.0273708933992955,0.0272489411093829,0.0271280915429488,0.0270083295424821,0.0268896402315334,0.0267720090081357,0.026655421538412,0.0265398637503625,0.0264253218278267,0.0263117822046131,0.0261992315587917,0.0260876568071457,0.0259770450997725,0.0258673838148363,0.0257586605534595,0.0256508631347553,0.0255439795909926,0.0254379981628914,0.0253329072950433,0.0252286956314529,0.0251253520111992,0.0250228654642087,0.0249212252071408,0.0248204206393793,0.024720441339129,0.0246212770596127,0.0245229177253653,0.0244253534286236,0.0243285744258075,0.0242325711340902,0.0241373341280564,0.024042854136443,0.0239491220389612,0.023856128863199,0.0237638657815992,0.0236723241085128,0.0235814952973253,0,0.123429146632271,0.120469557346153,0.117676259410217,0.115028850000806,0.112513637423433,0.110119727112046,0.107837877207923,0.10565998164647,0.103578793707547,0.10158776295873,0.0996809296284475,0.0978528494644779,0.0960985357488778,0.0944134117571587,0.0927932701946131,0.0912342377431268,0.0897327436476145,0.0882854916726138,0.0868894349671686,0.0855417534882904,0.0842398336982783,0.0829812502927263,0.081763749745716,0.0805852354821248,0.0794437545068268,0.0783374853381024,0.0772647271083656,0.0762238897096532,0.0752134848743173,0.0742321180931283,0.0732784812836037,0.0723513461308947,0.0714495580320861,0.0705720305823657,0.0697177405482765,0.0688857232792792,0.0680750685141755,0.0672849165436671,0.0665144546945058,0.0657629141043971,0.0650295667600921,0.0643137227740174,0.0636147278773593,0.0629319611098074,0.062264832688185,0.0616127820380004,0.0609752759735454,0.0603518070136006,0.0597418918210688,0.0591450697559976,0.0585609015324568,0.057988967970645,0.0574288688364056,0.0568802217610626,0.0563426612351295,0.055815837670037,0.0552994165225452,0.0547930774769831,0.0542965136808811,0.0538094310299495,0.0533315474987045,0.0528625925133543,0.0524023063638457,0.0519504396522284,0.0515067527747293,0.0510710154351385,0.0506430061873089,0.050222512004736,0.0498093278753594,0.0494032564198598,0.0490041075318666,0.0486116980386112,0.0482258513806726,0.0478463973095612,0.0474731716019864,0.0471060157897304,0.0467447769041374,0.046389307234294,0.0460394640980454,0.0456951096250533,0.0453561105511538,0.0450223380233304,0.0446936674146615,0.0443699781486469,0.044051153532357,0.0437370805978886,0.0434276499516423,0.0431227556309723,0.0428222949677859,0.0425261684586985,0.0422342796413768,0.0419465349767252,0.0416628437365905,0.0413831178966858,0.0411072720344468,0.0408352232315562,0.040566890980886,0.0403021970976241,0.0400410656343631,0.0397834227999473,0.0395291968818799,0.0392783181721109,0.0390307188960297,0.0387863331445037,0.0385450968088066,0.0383069475182958,0.0380718245806997,0.0378396689248885,0.0376104230460081,0.0373840309528604,0.0371604381174249,0.0369395914264174,0.036721439134791,0.0365059308210859,0.0362930173445455,0.0360826508039125,0.035874784497831,0.0356693728867805,0.0354663715564707,0.0352657371826344,0.0350674274971527,0.0348714012554551,0.0346776182051386,0.0344860390557505,0.0342966254496866,0.0341093399341545,0.0339241459341574,0.0337410077264546,0.0335598904144569,0.0333807599040184,0.0332035828800857,0.0330283267841708,0.0328549597926113,0.0326834507955882,0.0325137693768682,0.032345885794241,0.0321797709606277,0.0320153964258258,0.0318527343588743,0.0316917575310058,0.03153243929917,0.0313747535901009,0.0312186748849098,0.0310641782041813,0.0309112390935554,0.0307598336097749,0.0306099383071829,0.0304615302246504,0.0303145868729209,0.0301690862223537,0.030025006691054,0.0298823271333726,0.0297410268287632,0.0296010854709852,0.0294624831576369,0.0293252003800094,0.0291892180132488,0.029054517306816,0.0289210798752326,0.0287888876891045,0.0286579230664118,0.0285281686640573,0.0283996074696626,0.0282722227936054,0.0281459982612875,0.0280209178056287,0.0278969656597751,0.0277741263500176,0.0276523846889123,0.0275317257685952,0.0274121349542876,0.0272935978779818,0.0271761004323052,0.0270596287645533,0.0269441692708895,0.0268297085907037,0.0267162336011257,0.0266037314116881,0.026492189359134,0.0263815950023661,0.0262719361175292,0.0261632006932267,0.026055376925863,0.0259484532151091,0.0258424181594897,0.0257372605520832,0.025632969376337,0.0255295338019892,0.0254269431810975,0.0253251870441694,0.0252242550963924,0.02512413721396,0.0250248234404911,0.0249263039835398,0.0248285692111939,0.0247316096487576,0.0246354159755178,0.0245399790215907,0.0244452897648459,0.0243513393279065,0,0.128408007328147,0.125286851802044,0.122345887646269,0.119562708568929,0.116921682248622,0.114410350744687,0.112018278191388,0.109736450177469,0.107556917314783,0.105472571892951,0.103477000196277,0.101564378796561,0.0997293972414872,0.0979671973292429,0.09627332340829,0.094643680462103,0.0930744980163944,0.0915622986207706,0.0901038700654455,0.0886962407348091,0.087336657647721,0.0860225668298053,0.0847515957279149,0.0835215374236113,0.0823303364378709,0.0811760759472428,0.0800569662546404,0.0789713343772454,0.0779176146304987,0.0768943401014171,0.0759001349168977,0.074933707223539,0.0739938428050467,0.0730793992716721,0.0721893007635064,0.0713225331159481,0.0704781394413874,0.0696552160861945,0.0688529089265522,0.0680704099706103,0.0673069542379037,0.0665618168900582,0.0658343105895197,0.0651237830654574,0.0644296148681246,0.0637512172948583,0.0630880304725876,0.0624395215832167,0.0618051832195894,0.0611845318609303,0.0605771064577243,0.0599824671169483,0.059400193879419,0.0588298855817833,0.058271158796369,0.0577236468427184,0.0571869988651914,0.0566608789715147,0.0561449654276091,0.0556389499044271,0.0551425367729027,0.0546554424434463,0.0541773947467139,0.0537081323526575,0.0532474042251057,0.0527949691093474,0.052350595050401,0.0519140589398271,0.0514851460891222,0.0510636498278764,0.0506493711250235,0.0502421182316388,0.0498417063438561,0.0494479572845868,0.0490606992028157,0.0486797662893462,0.0483049985079444,0.0479362413409095,0.0475733455481685,0.0472161669390579,0.0468645661560112,0.0465184084694287,0.0461775635830554,0.0458419054492376,0.0455113120934742,0.045185665447716,0.0448648511919038,0.0445487586032697,0.0442372804129578,0.0439303126695477,0.0436277546090956,0.0433295085313235,0.0430354796816233,0.0427455761385523,0.0424597087065213,0.0421777908133972,0.0418997384127557,0.0416254698905369,0.0413549059758715,0.0410879696558607,0.0408245860941048,0.0405646825527852,0.0403081883181219,0.040055034629031,0.0398051546088272,0.0395584831998126,0.0393149571006146,0.0390745147061334,0.038837096049975,0.0386026427492465,0.0383710979516036,0.0381424062844376,0.0379165138061062,0.0376933679591078,0.0374729175251106,0.0372551125817489,0.0370399044611071,0.0368272457098122,0.036617090050663,0.0364093923457267,0.0362041085608359,0.0360011957314256,0.0358006119296483,0.035602316232714,0.0354062686924002,0.0352124303056803,0.0350207629864247,0.0348312295381255,0.0346437936276051,0.0344584197596637,0.034275073252628,0.0340937202147644,0.033914327521518,0.0337368627935465,0.0335612943755154,0.0333875913156225,0.0332157233458237,0.0330456608627314,0.0328773749091575,0.0327108371562791,0.0325460198863972,0.0323828959762691,0.032221438880991,0.0320616226184084,0.0319034217540365,0.0317468113864676,0.0315917671332504,0.0314382651172215,0.0312862819532722,0.0311357947355347,0.030986781024972,0.0308392188373565,0.0306930866316236,0.030548363298585,0.0304050281499916,0.0302630609079286,0.0301224416945368,0.0299831510220431,0.029845169783093,0.0297084792413719,0.0295730610225062,0.029438897105235,0.0293059698128415,0.0291742618048355,0.0290437560688803,0.0289144359129521,0.0287862849577274,0.028659287129188,0.0285334266514389,0.0284086880397288,0.0282850560936696,0.0281625158906459,0.0280410527794098,0.0279206523738539,0.027801300546957,0.0276829834248971,0.0275656873813263,0.0274493990318017,0.027334105228368,0.0272197930542871,0.0271064498189091,0.026994063052681,0.0268826205022889,0.0267721101259288,0.0266625200887028,0.0265538387581358,0.0264460546998103,0.0263391566731138,0.026233133627099,0.0261279746964473,0.0260236691975395,0.0259202066246243,0.0258175766460864,0.0257157691008084,0.025614773994624,0.0255145814968619,0.0254151819369737,0.0253165658012482,0.0252187237296058,0.0251216465124728,0,0.133397260726545,0.130117195240622,0.127028963459356,0.124109908063443,0.121342817762979,0.118713787922781,0.116211227947711,0.113825224195605,0.11154712240799,0.10936925213979,0.107284740280662,0.105287379888054,0.103371533738297,0.101532060259073,0.0997642544391677,0.0980637992038279,0.0964267244365132,0.0948493718265418,0.0933283643209157,0.0918605793255786,0.0904431250325416,0.0890733193997356,0.0877486714119815,0.0864668643226852,0.0852257406278299,0.0840232885631635,0.0828576299462451,0.0817270092097458,0.0806297834927331,0.0795644136736839,0.0785294562433875,0.0775235559282377,0.0765454389850584,0.0755939070978232,0.0746678318146653,0.0737661494705725,0.0728878565473113,0.072032005427494,0.0711977005044404,0.0703840946136462,0.0695903857553375,0.0688158140808345,0.0680596591183042,0.0673212372160194,0.0665998991834849,0.0658950281127827,0.0652060373642603,0.0645323687022542,0.0638734905679522,0.0632288964777379,0.0625981035364835,0.0619806510562552,0.0613760992717839,0.0607840281448598,0.0602040362505244,0.0596357397385806,0.0590787713645217,0.0585327795845017,0.057997427709442,0.0574723931137948,0.0569573664948673,0.0564520511789562,0.0559561624708642,0.055469427043645,0.0549915823656919,0.054522376162513,0.0540615659107568,0.0536089183622378,0.053164209095901,0.0527272220958118,0.0522977493534188,0.0518755904924629,0.0514605524150322,0.0510524489673772,0.0506511006242015,0.050256334190237,0.0498679825180051,0.0494858842407378,0.0491098835195129,0.0487398298037199,0.0483755776040377,0.0480169862771649,0.0476639198215874,0.0473162466837315,0.0469738395738782,0.0466365752912716,0.0463043345578817,0.0459770018603243,0.0456544652994692,0.0453366164473,0.0450233502106194,0.0447145647012149,0.0444101611121286,0.0441100435996966,0.0438141191710422,0.0435222975767279,0.0432344912082929,0.042950615000412,0.0426705863374346,0.042394324964075,0.0421217529000365,0.0418527943583687,0.0415873756673646,0.0413254251958212,0.0410668732814902,0.0408116521625645,0.0405596959120439,0.0403109403748434,0.0400653231075072,0.0398227833204032,0.0395832618222777,0.0393467009670582,0.0391130446027975,0.0388822380226574,0.0386542279178376,0.038428962332359,0.038206390619615,0.0379864634006124,0.0377691325238206,0.0375543510265617,0.0373420730978675,0.0371322540427416,0.0369248502477623,0.036719819147968,0.0365171191949692,0.0363167098262339,0.036118551435495,0.0359226053442333,0.0357288337741874,0.035537199820852,0.035347667427916,0.0351602013626096,0.0349747671919143,0.0347913312596068,0.0346098606640993,0.034430323237044,0.034252687522672,0.034076922757837,0.0339029988527333,0.0337308863722648,0.0335605565180374,0.0333919811109497,0.0332251325743599,0.0330599839178068,0.0328965087212622,0.0327346811198947,0.0325744757893266,0.032415867931364,0.0322588332601824,0.0321033479889512,0.0319493888168804,0.0317969329166742,0.0316459579223757,0.03149644191759,0.0313483634240701,0.0312017013906532,0.0310564351825356,0.0309125445708724,0.0307700097226923,0.0306288111911143,0.0304889299058577,0.030350347164034,0.0302130446212103,0.0300770042827364,0.029942208495325,0.0298086399388781,0.0296762816185479,0.0295451168570285,0.0294151292870676,0.0292863028441913,0.0291586217596362,0.0290320705534799,0.028906634027965,0.0287822972610106,0.0286590455999014,0.0285368646551548,0.0284157402945533,0.0282956586373446,0.0281766060485951,0.0280585691337005,0.0279415347330418,0.0278254899167871,0.0277104219798307,0.0275963184368675,0.0274831670175982,0.0273709556620605,0.027259672516083,0.0271493059268572,0.0270398444386259,0.0269312767884813,0.0268235919022738,0.0267167788906233,0.0266108270450335,0.026505725834105,0.0264014648998436,0.0262980340540616,0.0261954232748708,0.0260936227032605,0.0259926226397624,0.0258924135411973,0,0.138391066678681,0.13495543700799,0.131721343240293,0.128667106208255,0.125774294489026,0.123027725027988,0.120414738238137,0.117924564226827,0.11554786485527,0.113276417059509,0.111102893326063,0.109020705921,0.107023892656946,0.105107030083212,0.103265165241722,0.101493760402797,0.0997886472018117,0.0981459878296993,0.0965622416935982,0.0950341364443146,0.0935586425757775,0.0921329510046211,0.0907544531752769,0.0894207233315626,0.0881295026644318,0.0868786850964397,0.0856663045022752,0.0844905231951039,0.0833496215328091,0.0822419885181149,0.0811661132830855,0.0801205773623801,0.0791040476714352,0.0781152701158467,0.077153063766925,0.0762163155459345,0.0753039753660872,0.0744150516870794,0.0735486074419704,0.0727037563005913,0.071879659237542,0.0710755213762264,0.0702905890833919,0.0695241472912808,0.0687755170268602,0.0680440531296777,0.0673291421417385,0.0666302003544484,0.0659466719991319,0.0652780275689351,0.0646237622611006,0.0639833945296315,0.0633564647393054,0.0627425339128299,0.0621411825636846,0.0615520096078667,0.0609746313483668,0.0604086805267462,0.0598538054366795,0.0593096690947724,0.0587759484643658,0.0582523337283998,0.0577385276077428,0.0572342447216879,0.0567392109875903,0.056253163056864,0.0557758477847838,0.0553070217317384,0.054846450693767,0.0543939092603841,0.0539491803978463,0.0535120550561631,0.0530823317982758,0.0526598164499508,0.0522443217690454,0.0518356671328911,0.0514336782426482,0.0510381868435524,0.0506490304600638,0.05026605214499,0.0498891002417287,0.0495180281588258,0.0491526941561107,0.0487929611417117,0.0484386964793087,0.0480897718050217,0.0477460628533713,0.0474074492917884,0.0470738145631831,0.0467450457361161,0.0464210333621398,0.0461016713399156,0.0457868567857252,0.0454764899100294,0.0451704738997405,0.0448687148059038,0.0445711214364942,0.0442776052540584,0.0439880802779445,0.0437024629908817,0.0434206722496808,0.0431426291998453,0.0428682571938915,0.0425974817131911,0.0423302302931558,0.0420664324515996,0.0418060196201203,0.041548925078349,0.0412950838909318,0.0410444328471059,0.0407969104027497,0.0405524566247849,0.0403110131378212,0.0400725230729362,0.0398369310184913,0.0396041829728895,0.0393742262991828,0.0391470096814479,0.038922483082847,0.0387005977052987,0.0384813059506857,0.0382645613835314,0.0380503186950812,0.0378385336687232,0.0376291631466948,0.0374221649980148,0.0372174980875899,0.0370151222464458,0.0368149982430343,0.0366170877555701,0.0364213533453553,0.0362277584310506,0.0360362672638506,0.0358468449035305,0.0356594571953255,0.0354740707476097,0.0352906529103416,0.0351091717542464,0.034929596050705,0.0347518952523207,0.0345760394741391,0.0344019994754931,0.0342297466424494,0.0340592529708343,0.0338904910498146,0.033723434046013,0.0335580556881386,0.0333943302521116,0.0332322325466632,0.0330717378993955,0.0329128221432802,0.0327554616035845,0.0325996330852036,0.0324453138603893,0.0322924816568568,0.0321411146462581,0.0319911914330079,0.0318426910434503,0.0316955929153514,0.0315498768877107,0.0314055231908755,0.0312625124369514,0.0311208256104957,0.0309804440594851,0.0308413494865493,0.0307035239404589,0.0305669498078613,0.0304316098052538,0.0302974869711891,0.0301645646587015,0.0300328265279497,0.0299022565390672,0.0297728389452134,0.0296445582858202,0.029517399380026,0.0293913473202915,0.029266387466193,0.0291425054383841,0.0290196871127235,0.0288979186145625,0.0287771863131867,0.0286574768164065,0.0285387769652946,0.0284210738290619,0.02830435470007,0.0281886070889762,0.0280738187200041,0.0279599775263413,0.0278470716456526,0.0277350894157143,0.027624019370157,0.0275138502343202,0.0274045709212121,0.0272961705275729,0.0271886383300367,0.027081963781391,0.0269761365069303,0.0268711463009005,0.0267669831230312,0.026663637095156,0,0.143383992308334,0.139796251056389,0.136418666135953,0.13323076848722,0.130213205850944,0.127349724589627,0.124626725048672,0.122032657498659,0.119557544707785,0.117192637576936,0.114930170499224,0.112763185481596,0.110685402624045,0.108691121938314,0.10677514669979,0.104932721954702,0.103159483999423,0.101451418043186,0.0998048221544411,0.0982162761636018,0.0966826145691475,0.0952009027433184,0.0937684159032648,0.0923826204317338,0.0910411572158892,0.089741826734842,0.0884825756731149,0.0872614848732103,0.0860767584687872,0.0849267140627253,0.0838097738329612,0.082724456464425,0.0816693698183549,0.0806432042612439,0.0796447265850554,0.0786727744584059,0.0777262513553865,0.0768041219147545,0.0759054076875033,0.0750291832354378,0.0741745725474355,0.0733407457436293,0.0725269160408943,0.071732336955783,0.0709562997235101,0.07019813091376,0.0694571902260115,0.0687328684487965,0.0680245855688287,0.0673317890172997,0.0666539520418554,0.0659905721938522,0.0653411699214577,0.0647052872600427,0.0640824866120813,0.0634723496094878,0.0628744760519451,0.0622884829153506,0.0617140034250221,0.0611506861887624,0.0605981943853072,0.0600562050040583,0.0595244081323437,0.0590025062867626,0.0584902137854535,0.0579872561583803,0.0574933695929647,0.0570083004126084,0.0565318045858392,0.0560636472639912,0.0556036023454981,0.0551514520650148,0.0547069866057259,0.0542700037333226,0.0538403084502351,0.053417712668824,0.0530020349023156,0.0525930999723646,0.0521907387322027,0.0517947878044051,0.0514050893323781,0.0510214907447327,0.0506438445317633,0.0502720080333099,0.0499058432373284,0.049545216588538,0.0491899988065587,0.0488400647129916,0.0484952930669274,0.0481555664084053,0.0478207709093755,0.0474907962317417,0.0471655353920973,0.046844884632781,0.0465287432989116,0.0462170137210771,0.0459096011033727,0.0456064134165077,0.0453073612957072,0.0450123579431632,0.0447213190347942,0.0444341626310941,0.0441508090918578,0.0438711809945901,0.0435952030564077,0.043322802059265,0.0430539067783323,0.042788447913376,0.0425263580229914,0.0422675714615487,0.0420120243187251,0.041759654361492,0.0415104009784502,0.0412642051263923,0.0410210092789956,0.0407807573775411,0.0405433947835683,0.0403088682333746,0.0400771257942766,0.039848116822553,0.0396217919229929,0.0393981029099787,0.0391770027700352,0.0389584456257791,0.0387423867012099,0.0385287822882817,0.0383175897147008,0.0381087673128982,0.037902274390124,0.0376980711996199,0.0374961189128193,0.0372963795925375,0.0370988161671069,0.0369033924054192,0.0367100728928385,0.0365188230079476,0.0363296089000963,0.0361423974677168,0.0359571563373765,0.0357738538435399,0.0355924590090094,0.0354129415260203,0.0352352717379632,0.0350594206217089,0.0348853597705145,0.0347130613774859,0.0345424982195782,0.03437364364211,0.0342064715437763,0.0340409563621373,0.0338770730595683,0.033714797109652,0.0335541044839976,0.0333949716394704,0.0332373755058173,0.033081293473674,0.0329267033829392,0.0327735835115042,0.0326219125643234,0.0324716696628149,0.0323228343345788,0.0321753865034231,0.0320293064796837,0.0318845749508333,0.0317411729723622,0.0315990819589296,0.0314582836757689,0.0313187602303432,0.0311804940642403,0.0310434679452999,0.0309076649599644,0.0307730685058477,0.0306396622845116,0.0305074302944467,0.030376356824248,0.03024642644598,0.0301176240087261,0.0299899346323143,0.0298633437012154,0.0297378368586066,0.0296134000005969,0.0294900192706076,0.0293676810539033,0.0292463719722701,0.0291260788788344,0.0290067888530189,0.0288884891956321,0.0287711674240858,0.0286548112677371,0.028539408663353,0.02842494775069,0.0283114168681902,0.0281988045487845,0.0280870995158055,0.0279762906790023,0.0278663671306577,0.0277573181418015,0.0276491331585201,0.0275418017983569,0.0274353138468023,0,0.148370385843809,0.144634190884574,0.141116428207865,0.137797222701166,0.13465652426213,0.131677248275499,0.128845022986404,0.126147626872345,0.123574511710718,0.121116445568418,0.11876525276508,0.116513623831312,0.114354974255679,0.11228333704543,0.110293278934573,0.108379833421694,0.106538446057052,0.104764928869282,0.103055421786195,0.101406359539498,0.0998144429662635,0.0982766139056557,0.0967900330856775,0.0953520605322003,0.093960238130887,0.0926122740445524,0.0913060287422914,0.090039502437805,0.0888108237664259,0.0876182395558323,0.0864601055660585,0.0853348780913327,0.0842411063303353,0.0831774254433001,0.0821425502244068,0.0811352693264848,0.0801544399824201,0.0791989831740396,0.0782678792047797,0.077360163637284,0.0764749235613015,0.0756112941609688,0.0747684555538247,0.0739456298767883,0.0731420785968745,0.07235710002668,0.0715900270266705,0.0708402248780751,0.0701070893117842,0.0693900446800497,0.0686885422590499,0.0680020586715081,0.0673300944195596,0.0666721725189673,0.0660278372265978,0.0653966528537979,0.0647782026589667,0.0641720878132136,0.0635779264335206,0.0629953526783127,0.0624240159007732,0.0618635798556369,0.0613137219555479,0.0607741325733968,0.0602445143873408,0.0597245817654828,0.0592140601874243,0.05871268570013,0.0582202044057445,0.0577363719791828,0.0572609532134887,0.0567937215911026,0.056334458879328,0.0558829547484085,0.0554390064107471,0.055002418279911,0.0545730016481568,0.0541505743813116,0.0537349606299187,0.0533259905556466,0.0529235000720158,0.052527330598578,0.0521373288277322,0.0517533465034222,0.0513752402110115,0.051002871177678,0.0506361050827165,0.0502748118771724,0.0499188656122769,0.0495681442761806,0.0492225296385164,0.048881907102359,0.0485461655631637,0.0482151972743085,0.0478888977188731,0.0475671654873195,0.0472499021607592,0.0469370121995061,0.0466284028366374,0.0463239839763006,0.0460236680965184,0.0457273701562599,0.0454350075065586,0.0451464998054733,0.0448617689366956,0.0445807389316228,0.0443033358947241,0.0440294879320361,0.0437591250826354,0.0434921792529429,0.0432285841537251,0.042968275239658,0.0427111896513381,0.0424572661596199,0.0422064451121727,0.041958668382154,0.0417138793188988,0.0414720227005346,0.041233044688435,0.0409968927834237,0.0407635157836564,0.0405328637441007,0.0403048879375454,0.0400795408170705,0.0398567759799154,0.0396365481326821,0.039418813057818,0.0392035275813213,0.0389906495416183,0.0387801377595615,0.0385719520095029,0.0383660529913953,0.0381624023038804,0.0379609624183231,0.0377616966537508,0.0375645691526638,0.0373695448576789,0.037176589488974,0.0369856695225004,0.0367967521689342,0.0366098053533343,0.0364247976954826,0.0362416984908769,0.0360604776923532,0.0358811058923111,0.0357035543055204,0.0355277947524864,0.035353799643353,0.035181541962321,0.0350109952525663,0.0348421336016349,0.0346749316273004,0.0345093644638654,0.0343454077488891,0.0341830376103294,0.0340222306540803,0.0338629639518922,0.0337052150296619,0.0335489618560772,0.0333941828316063,0.0332408567778156,0.0330889629270096,0.0329384809121763,0.0327893907572318,0.0326416728675508,0.0324953080207753,0.0323502773578898,0.0322065623745551,0.0320641449126935,0.031923007152313,0.031783131603566,0.0316445010990329,0.0315070987862244,0.0313709081202932,0.0312359128569504,0.0311020970455788,0.0309694450225364,0.030837941404645,0.0307075710828567,0.0305783192160935,0.0304501712252542,0.0303231127873831,0.0301971298299952,0.0300722085255537,0.0299483352860948,0.0298254967579938,0.0297036798168709,0.0295828715626295,0.0294630593146248,0.0293442306069581,0.0292263731838928,0.0291094749953879,0.0289935241927483,0.0288785091243837,0.0287644183316766,0.028651240544955,0.028538964679566,0.0284275798320482,0.0283170752764002,0.0282074404604411,0,0.153344442019364,0.149463741264143,0.145810062266973,0.142362719957156,0.139101142871362,0.136007684476916,0.133067403247183,0.130267542478728,0.127597072828118,0.1250463387341,0.122606794051791,0.120270804973886,0.118031501518236,0.115882663616757,0.113818631919589,0.111834236460076,0.109924738450763,0.108085781930873,0.106313352966036,0.104603744763356,0.102953527515016,0.101359522092542,0.0998187769288093,0.0983285475766702,0.0968862785422951,0.0954895870713066,0.0941362486255239,0.0928241838336492,0.0915514467345328,0.0903162141595581,0.0891167761230837,0.0879515271081505,0.0868189581497339,0.0857176496304222,0.0846462647140222,0.0836035433516334,0.0825882968024688,0.081599402618377,0.0806358000467935,0.0796964858118839,0.0787805102380287,0.0778869736836556,0.0770150232568011,0.0761638497867695,0.0753326850288927,0.0745207990817185,0.0737274979980322,0.0729521215729438,0.0721940412939179,0.0714526584390732,0.0707274023113851,0.0700177285975887,0.0693231178416178,0.0686430740233559,0.0679771232343079,0.0673248124425629,0.0666857083400903,0.0660593962660266,0.0654454792001644,0.0648435768213497,0.064253324625946,0.0636743731019343,0.0631063869545836,0.0625490443799662,0.0620020363828948,0.0614650661361343,0.0609378483779984,0.0604201088456618,0.0599115837417396,0.0594120192318646,0.0589211709711777,0.0584388036577991,0.0579646906114986,0.0574986133759127,0.0570403613427846,0.056589731396807,0.0561465275797598,0.0557105607727238,0.0552816483952398,0.0548596141203639,0.0544442876046428,0.0540355042321,0.0536331048713891,0.053236935645325,0.0528468477120616,0.0524626970572281,0.0520843442963875,0.0517116544872205,0.0513444969508767,0.0509827451019727,0.0506262762867494,0.0502749716289324,0.0499287158828691,0.0495873972935408,0.0492509074630768,0.0489191412234161,0.0485919965147888,0.0482693742697062,0.0479511783021675,0.0476373152018122,0.0473276942327566,0.0470222272368779,0.0467208285413113,0.0464234148699529,0.0461299052587595,0.0458402209746607,0.0455542854378992,0.0452720241476319,0.0449933646106324,0.0447182362729439,0.0444465704543371,0.0441783002854437,0.0439133606474326,0.0436516881141124,0.0433932208963454,0.0431378987886625,0.0428856631179822,0.0426364566943317,0.0423902237634825,0.0421469099614107,0.0419064622705025,0.0416688289774244,0.0414339596325854,0.0412018050111198,0.0409723170753264,0.0407454489384972,0.0405211548300759,0.0402993900620937,0.0400801109968197,0.0398632750155826,0.0396488404887073,0.0394367667465246,0.0392270140514061,0.039019543570784,0.0388143173511136,0.038611298292741,0.0384104501256383,0.0382117373859726,0.0380151253934729,0.0378205802295667,0.037628068716251,0.0374375583956739,0.037249017510394,0.0370624149842956,0.03687772040413,0.036694904001663,0.0365139366364015,0.0363347897788803,0.036157435494486,0.0359818464277976,0.0358079957874262,0.0356358573313332,0.0354654053526114,0.0352966146657089,0.0351294605930835,0.0349639189522682,0.0347999660433351,0.0346375786367435,0.0344767339615565,0.0343174096940149,0.0341595839464552,0.0340032352565589,0.0338483425769221,0.0336948852649342,0.0335428430729552,0.0333921961387798,0.0332429249763812,0.0330950104669223,0.0329484338500266,0.0328031767152999,0.0326592209940944,0.0325165489515067,0.0323751431786017,0.0322349865848567,0.0320960623908152,0.0319583541209472,0.0318218455967057,0.0316865209297773,0.0315523645155144,0.0314193610265508,0.0312874954065884,0.0311567528643526,0.0310271188677108,0.0308985791379484,0.0307711196441974,0.0306447265980128,0.0305193864480934,0.0303950858751393,0.030271811786846,0.0301495513130284,0.0300282918008708,0.0299080208103004,0.0297887261094787,0.0296703956704091,0.0295530176646558,0.0294365804591719,0.0293210726122322,0.0292064828694689,0.0290928001600058,0.0289800135926884,0,0.158299537549998,0.154279382625155,0.150495024277218,0.146923500521963,0.143543921551911,0.140338379517921,0.137291594547661,0.134390435696568,0.131623501575195,0.128980786843157,0.126453425448101,0.12403349449344,0.121713863662724,0.119488078187538,0.117350266409939,0.115295065479705,0.113317560582979,0.111413234427118,0.109577924638458,0.107807787378485,0.10609926593582,0.104449063367787,0.102854118488968,0.101311584664056,0.0998188109783447,0.0983733254446822,0.0969728199697473,0.0956151368513572,0.0942982566163185,0.0930202870381719,0.0917794531980357,0.0905740884711285,0.0894026263374762,0.0882635929285611,0.0871556002328099,0.0860773398922411,0.0850275775306674,0.0840051475607627,0.0830089484232983,0.0820379382170557,0.0810911306824516,0.0801675915058913,0.07926643491535,0.0783868205407503,0.0775279505154209,0.0766890667973206,0.0758694486908347,0.0750684105518488,0.0742852996604847,0.073519494247384,0.0727704016607654,0.072037456662681,0.0713201198439712,0.0706178761483791,0.0699302334971503,0.0692567215062234,0.0685968902888174,0.0679503093368475,0.0673165664751804,0.0666952668832447,0.0660860321789871,0.0654884995605771,0.0649023210016557,0.0643271624962604,0.0637627033498829,0.0632086355133935,0.0626646629568363,0.0621305010803281,0.0616058761595187,0.0610905248232594,0.0605841935613176,0.0600866382601279,0.0595976237647358,0.0591169234652134,0.0586443189059676,0.0581795994164675,0.0577225617620271,0.0572730098133852,0.0568307542338985,0.0563956121832686,0.0559674070367788,0.0555459681191021,0.0551311304518011,0.0547227345137005,0.0543206260133709,0.0539246556730101,0.0535346790230602,0.0531505562069379,0.0527721517953011,0.0523993346093086,0.0520319775523653,0.0516699574498813,0.0513131548965974,0.0509614541110644,0.0506147427968816,0.0502729120103337,0.0499358560340783,0.0496034722565643,0.049275661056876,0.048952325694721,0.0486333722052924,0.0483187092987524,0.0480082482641036,0.0477019028772221,0.0473995893128424,0.0471012260602978,0.046806733842827,0.0465160355402724,0.0462290561150033,0.0459457225409072,0.0456659637352995,0.0453897104936139,0.0451168954267386,0.0448474529008753,0.0445813189798004,0.0443184313694174,0.0440587293644945,0.0438021537974858,0.0435486469893422,0.0432981527022202,0.043050616094004,0.0428059836745601,0.0425642032636446,0.0423252239503945,0.0420889960543287,0.041855471087798,0.0416246017198147,0.0413963417412094,0.0411706460310532,0.0409474705242934,0.0407267721805516,0.0405085089540345,0.0402926397645118,0.0400791244693161,0.0398679238363239,0.0396589995178762,0.0394523140256011,0.0392478307061021,0.0390455137174768,0.0388453280066328,0.0386472392873699,0.0384512140191969,0.0382572193868565,0.0380652232805269,0.0378751942766784,0.0376871016195557,0.0375009152032644,0.0373166055544384,0.0371341438154641,0.036953501728243,0.036774651618472,0.0365975663804196,0.0364222194621839,0.0362485848514099,0.036076637061454,0.0359063511179755,0.0357377025459408,0.0355706673570277,0.0354052220374115,0.0352413435359219,0.0350790092525578,0.0349181970273451,0.0347588851295276,0.0346010522470787,0.0344446774765221,0.0342897403130519,0.0341362206409409,0.0339840987242279,0.0338333551976739,0.0336839710579785,0.0335359276552481,0.0333892066847062,0.033243790178639,0.0330996604985681,0.0329568003276428,0.0328151926632435,0.032674820809793,0.0325356683717635,0.0323977192468779,0.0322609576194969,0.0321253679541853,0.0319909349894534,0.0318576437316673,0.031725479449122,0.0315944276662736,0.0314644741581243,0.0313356049447563,0.0312078062860097,0.0310810646763,0.0309553668395706,0.0308306997243767,0.0307070504990959,0.0305844065472628,0.0304627554630228,0.0303420850467017,0.030222383300488,0.0301036384242243,0.0299858388113046,0.0298689730446743,0.0297530298929308,0,0.163228141381939,0.159075700036216,0.155166887048407,0.151475862775081,0.147981735557109,0.144666671381183,0.141515306301547,0.138514315023128,0.13565204888429,0.132918239189658,0.130303760339756,0.127800443112496,0.125400927706608,0.123098547362021,0.120887235183348,0.118761448537243,0.116716106835176,0.114746539619037,0.112848442684219,0.111017840567237,0.10925105415093,0.107544672446351,0.105895527831295,0.104300674185996,0.102757367484547,0.101263048488406,0.0998153272546199,0.0984119692220925,0.0970508826786804,0.0957301074429542,0.0944478046193606,0.0932022473056695,0.0919918121481606,0.0908149716537359,0.0896702871796772,0.0885564025315103,0.0874720381077509,0.0864159855374372,0.0853871027625116,0.0843843095224578,0.0834065832032471,0.0824529550167305,0.0815225064801792,0.0806143661688267,0.0797277067170438,0.0788617420462389,0.0780157247997505,0.0771889439669448,0.0763807226804469,0.0755904161719858,0.0748174098736928,0.0740611176529358,0.0733209801698679,0.0725964633478563,0.0718870569478513,0.0711922732385477,0.0705116457549176,0.0698447281383367,0.0691910930521171,0.0685503311667862,0.0679220502099329,0.0673058740758748,0.0667014419907966,0.0661084077293633,0.0655264388791422,0.0649552161494572,0.0643944327215733,0.0638437936373514,0.0633030152237369,0.0627718245506517,0.0622499589200464,0.0617371653840341,0.0612332002901943,0.060737828852266,0.0602508247445914,0.0597719697187855,0.0593010532412173,0.0588378721499963,0.058382230330242,0.0579339384065113,0.0574928134513257,0.0570586787088243,0.0566313633326297,0.056210702137078,0.0557965353610206,0.0553887084434623,0.0549870718103427,0.0545914806718212,0.0542017948294618,0.0538178784927558,0.0534396001044577,0.0530668321742411,0.0526994511202126,0.0523373371178537,0.0519803739559835,0.0516284488993651,0.0512814525575945,0.0509392787599427,0.0506018244358324,0.0502689895006552,0.0499406767466513,0.0496167917385907,0.0492972427140076,0.0489819404877593,0.0486707983606888,0.0483637320321864,0.0480606595164567,0.0477615010623051,0.0474661790762761,0.0471746180489754,0.0468867444844249,0.0466024868323025,0.0463217754229324,0.046044542404892,0.045770721685116,0.0455002488713772,0.0452330612170386,0.0449690975679665,0.0447082983115112,0.044450605327458,0.0441959619408607,0.0439443128766723,0.0436956042160948,0.0434497833545704,0.043206798961342,0.0429666009405156,0.0427291403935575,0.0424943695831683,0.0422622418984686,0.042032711821447,0.0418057348946132,0.0415812676898053,0.0413592677781069,0.0411396937008221,0.0409225049414716,0.0407076618987601,0.040495125860485,0.0402848589783376,0.040076824243571,0.0398709854634918,0.0396673072387485,0.0394657549413819,0.0392662946936099,0.0390688933473147,0.0388735184642086,0.0386801382966505,0.0384887217690881,0.0382992384601023,0.0381116585850304,0.0379259529791469,0.0377420930813813,0.0375600509185504,0.0373797990900904,0.0372013107532659,0.0370245596088405,0.0368495198871924,0.0366761663348583,0.0365044742014894,0.0363344192272057,0.0361659776303346,0.0359991260955194,0.0358338417621839,0.0356701022133434,0.0355078854647462,0.0353471699543376,0.0351879345320321,0.0350301584497869,0.0348738213519617,0.0347189032659596,0.0345653845931365,0.0344132460999714,0.0342624689094883,0.0341130344929214,0.0339649246616159,0.0338181215591553,0.0336726076537106,0.0335283657305996,0.033385378885055,0.033243630515189,0.0331031043151529,0.0329637842684813,0.0328256546416191,0.0326886999776211,0.0325529050900223,0.0324182550568724,0.0322847352149284,0.0321523311540012,0.0320210287114517,0.0318908139668315,0.0317616732366632,0.0316335930693568,0.031506560240258,0.0313805617468237,0.0312555848039211,0.0311316168392478,0.0310086454888676,0.0308866585928598,0.0307656441910777,0.0306455905190142,0.0305264860037697,0,0.168122499547452,0.163847544152055,0.15982144009292,0.156016233118695,0.152411525108799,0.148989924733647,0.145736253230811,0.142637183314263,0.139680955173392,0.136857133052692,0.134156400358482,0.131570390894021,0.129091551418994,0.126713029949002,0.124428584580575,0.122232508458145,0.12011956739448,0.11808494744662,0.116124210388181,0.11423325551195,0.112408286568393,0.110645782922521,0.108942474217262,0.107295317984449,0.105701479759103,0.104158315339155,0.102663354898729,0.101214288714088,0.0998089543011572,0.0984453247951354,0.0971214984280047,0.0958356889803291,0.0945862171006248,0.0933715023996206,0.0921900562384826,0.0910404751400309,0.0899214347604479,0.0888316843662498,0.0877700417675675,0.0867353886642219,0.0857266663658279,0.0847428718512992,0.0837830541367753,0.0828463109241957,0.0819317855055758,0.0810386639005484,0.0801661722069558,0.0793135741462553,0.0784801687872616,0.0776652884333205,0.0768682966594132,0.0760885864869464,0.0753255786851102,0.0745787201887,0.073847482623204,0.0731313609287798,0.072429872075478,0.0717425538627397,0.0710689637967941,0.0704086780401252,0.0697612904276695,0.0691264115448549,0.0685036678629925,0.0678927009279001,0.0672931665979756,0.0667047343282346,0.066127086497111,0.0655599177730659,0.0650029345182841,0.0644558542269462,0.0639184049957572,0.063390325024588,0.0628713621452466,0.062361273376547,0.0618598245039728,0.0613667896823634,0.0608819510601603,0.0604050984238582,0.0599360288614015,0.0594745464433554,0.0590204619207634,0.0585735924386784,0.0581337612644225,0.0577007975296993,0.0572745359857367,0.0568548167706969,0.0564414851886398,0.0560343914993728,0.0556333907185644,0.0552383424275397,0.0548491105922112,0.0544655633906373,0.0540875730487268,0.0537150156836473,0.0533477711545119,0.0529857229199531,0.052628757902216,0.0522767663574204,0.0519296417516666,0.0515872806426815,0.0512495825667113,0.0509164499303957,0.0505877879073627,0.0502635043393081,0.0499435096413313,0.0496277167113129,0.0493160408431368,0.0490083996435609,0.0487047129525638,0.0484049027669932,0.04810889316736,0.0478166102476231,0.0475279820478263,0.0472429384894504,0.0469614113133516,0.0466833340201684,0.0464086418130795,0.0461372715428066,0.0458691616547574,0.0456042521382143,0.0453424844774734,0.0450838016048487,0.0448281478554563,0.0445754689237018,0.0443257118213956,0.0440788248374233,0.0438347574989061,0.0435934605337848,0.0433548858347682,0.0431189864245874,0.0428857164224981,0.0426550310119842,0.0424268864096054,0.0422012398349472,0.0419780494816248,0.0417572744892979,0.0415388749166564,0.0413228117153362,0.0411090467047286,0.0408975425476468,0.0406882627268167,0.0404811715221577,0.0402762339888233,0.0400734159359716,0.0398726839062385,0.0396740051558832,0.0394773476355847,0.03928267997186,0.0390899714490839,0.0388991919920857,0.0387103121493005,0.0385233030764573,0.0383381365207813,0.038154784805692,0.0379732208159792,0.0377934179834397,0.0376153502729576,0.0374389921690119,0.0372643186625962,0.0370913052385366,0.0369199278631919,0.0367501629725247,0.0365819874605284,0.0364153786679987,0.0362503143716377,0.0360867727734784,0.0359247324906193,0.0357641725452575,0.0356050723550115,0.0354474117235221,0.0352911708313238,0.0351363302269771,0.0349828708184514,0.0348307738647524,0.0346800209677847,0.0345305940644423,0.0343824754189196,0.0342356476152337,0.034090093549956,0.0339457964251401,0.0338027397414452,0.0336609072914446,0.0335202831531167,0.0333808516835104,0.0332425975125797,0.0331055055371843,0.0329695609152478,0.0328347490600707,0.0327010556347943,0.032568466547007,0.0324369679434927,0.0323065462051157,0.0321771879418365,0.0320488799878566,0.031921609396887,0.0317953634375373,0.0316701295888216,0.0315458955357782,0.0314226491651988,0.0313003785614654,0,0.172975322343299,0.168590237359199,0.164454792008508,0.160541234204667,0.156830344042506,0.153305565957678,0.14995218053994,0.146757055817064,0.143708463240547,0.140795902917635,0.138009941988235,0.135342071989424,0.132784586748196,0.130330479449842,0.127973356323329,0.125707364175198,0.123527129248021,0.121427705275093,0.119404529005961,0.117453381830963,0.115570356422579,0.113751827540278,0.111994426323184,0.110295017531651,0.108650679304014,0.107058685075892,0.105516487372368,0.104021703232701,0.102572101066104,0.101165588768296,0.0998002029536136,0.0984740991779895,0.097185543044976,0.0959329021010995,0.0947146384386168,0.0935293019337707,0.0923755240571737,0.091252012200281,0.0901575444682431,0.0890909648949251,0.0880511790406675,0.0870371499375603,0.0860478943506822,0.0850824793270066,0.0841400190065393,0.0832196716727975,0.0823206370219923,0.0814421536322851,0.0805834966162768,0.0797439754414823,0.0789229319049794,0.0781197382496892,0.0773337954109041,0.0765645313827024,0.0758113996948198,0.0750738779913841,0.0743514667036679,0.0736436878097005,0.0729500836741908,0.0722702159627679,0.0716036646250542,0.0709500269415395,0.0703089166296398,0.0696799630046994,0.0690628101920445,0.0684571163864953,0.0678625531560429,0.0672788047866453,0.0667055676653375,0.0661425496990679,0.0655894697668676,0.0650460572031445,0.064512051310054,0.0639872008970559,0.0634712638459031,0.0629640066994348,0.0624652042726689,0.0619746392847891,0.0614921020107317,0.0610173899511574,0.0605503075196879,0.0600906657463584,0.0596382819963099,0.0591929797028184,0.0587545881138053,0.058322942051048,0.0578978816813436,0.0574792522989463,0.0570669041186237,0.056660692078739,0.0562604756537896,0.0558661186758757,0.0554774891646068,0.0550944591649789,0.054716904592792,0.0543447050871972,0.0539777438699938,0.0536159076113137,0.0532590863013593,0.0529071731278759,0.0525600643590584,0.0522176592316165,0.0518798598437284,0.0515465710526399,0.051217700376668,0.0508931579013957,0.0505728561898416,0.0502567101964153,0.0499446371844661,0.0496365566472555,0.0493323902321853,0.0490320616681238,0.0487354966956861,0.048442623000325,0.0481533701481024,0.0478676695240143,0.0475854542727533,0.0473066592417951,0.0470312209266998,0.0467590774185345,0.0464901683533129,0.0462244348633679,0.0459618195305679,0.0457022663412956,0.0454457206431121,0.0451921291030343,0.0449414396673507,0.0446936015229163,0.0444485650598553,0.0442062818356197,0.0439667045403387,0.0437297869634106,0.0434954839612822,0.043263751426367,0.043034546257055,0.0428078263287701,0.0425835504660316,0.0423616784154786,0.0421421708198206,0.0419249891926742,0.041710095894253,0.041497454107876,0.0412870278172624,0.0410787817845819,0.0408726815292308,0.0406686933073069,0.0404667840917549,0.0402669215531587,0.040069074041153,0.0398732105664331,0.0396793007833409,0.0394873149730027,0.0392972240270011,0.0391089994315604,0.0389226132522248,0.0387380381190156,0.0385552472120444,0.0383742142475713,0.0381949134644879,0.038017319611212,0.0378414079329798,0.0376671541595186,0.0374945344930911,0.0373235255968935,0.0371541045837985,0.0369862490054308,0.036819936841561,0.0366551464898107,0.0364918567556554,0.0363300468427163,0.0361696963433313,0.0360107852293948,0.0358532938434589,0.0356972028900859,0.0355424934274442,0.0353891468591396,0.0352371449262752,0.0350864696997308,0.0349371035726552,0.0347890292531655,0.0346422297572458,0.0344966884018391,0.0343523887981259,0.0342093148449845,0.0340674507226268,0.0339267808864032,0.0337872900607732,0.0336489632334345,0.0335117856496073,0.0333757428064682,0.0332408204477292,0.0331070045583581,0.0329742813594338,0.0328426373031357,0.0327120590678602,0.0325825335534628,0.03245404787662,0.0323265893663092,0.0322001455594018,0.0320747041963666,0,0.177780515044398,0.173299798965626,0.169063468647374,0.165047748320089,0.161235405527902,0.157611116854305,0.154160888747967,0.150871978384048,0.147732831575233,0.144732990187008,0.141862983649756,0.139114219815471,0.136478883615762,0.133949846850285,0.131520589579011,0.129185132264716,0.12693797733387,0.12477405876411,0.122688698426352,0.120677568088662,0.118736656171476,0.116862238506778,0.115050852491101,0.113299274134002,0.111604497593481,0.109963716861327,0.108374309318403,0.106833820925429,0.105339952851404,0.103890549371443,0.102483586889988,0.101117163965218,0.0997894922270059,0.0984988880946177,0.097243765211964,0.0960226275281638,0.0948340629596429,0.0936767375772838,0.092549390268471,0.0914508278293555,0.0903799204474674,0.0893355975390002,0.0883168439088015,0.0873226962043507,0.0863522396379057,0.0854046049535521,0.0844789656181615,0.0835745352173017,0.0826905650389363,0.0818263418293767,0.0809811857073916,0.080154448223676,0.0793455105540478,0.078553781815786,0.0777786974974645,0.0770197179934906,0.0762763272353174,0.075548031411996,0.0748343577733581,0.0741348535096871,0.073449084702249,0.0727766353395223,0.0721171063943872,0.0714701149579224,0.0708352934258056,0.0702122887336331,0.0696007616377675,0.0690003860385838,0.0684108483432299,0.067831846865237,0.067263091258519,0.0667043019834875,0.0661552098031715,0.0656155553073987,0.0650850884632281,0.0645635681899585,0.064050761957161,0.0635464454042911,0.0630504019805381,0.0625624226036687,0.0620823053367015,0.0616098550813338,0.0611448832871178,0.0606872076754434,0.0602366519774588,0.0597930456851105,0.0593562238145411,0.0589260266811342,0.0585022996855406,0.0580848931100642,0.0576736619248249,0.057268465603155,0.0568691679457158,0.0564756369128584,0.0560877444647787,0.055705366409046,0.0553283822551096,0.0549566750754121,0.0545901313727616,0.0542286409536333,0.0538720968070949,0.053520394989061,0.0531734345116091,0.0528311172370957,0.0524933477768307,0.0521600333940843,0.0518310839112082,0.0515064116206679,0.0511859311997968,0.0508695596290875,0.0505572161138523,0.0502488220090889,0.0499443007473995,0.04964357776982,0.0493465804594176,0.049053238077535,0.0487634817025518,0.0484772441710504,0.0481944600212754,0.0479150654387833,0.0476389982041814,0.0473661976428646,0.04709660457666,0.0468301612772938,0.0465668114216023,0.0463065000484094,0.0460491735169991,0.0457947794671126,0.0455432667804071,0.045294585543311,0.0450486870112203,0.0448055235739746,0.0445650487225646,0.0443272170170153,0.0440919840554,0.0438593064439362,0.0436291417681197,0.0434014485648564,0.043176186295549,0.0429533153201025,0.0427327968718105,0.0425145930330885,0.0422986667120198,0.0420849816196825,0.0418735022482288,0.0416641938496834,0.0414570224154379,0.0412519546564133,0.0410489579838619,0.0408480004907891,0.0406490509339692,0.0404520787165334,0.0402570538711082,0.0400639470434854,0.0398727294768029,0.0396833729962168,0.0394958499940495,0.0393101334153945,0.0391261967441611,0.0389440139895455,0.0387635596729109,0.0385848088150631,0.0384077369239081,0.0382323199824764,0.0380585344373041,0.0378863571871557,0.0377157655720784,0.0375467373627761,0.0373792507502919,0.0372132843359894,0.0370488171218207,0.0368858285008755,0.0367242982481962,0.0365642065118557,0.0364055338042854,0.0362482609938468,0.0360923692966384,0.0359378402685303,0.0357846557974182,0.035632798095692,0.0354822496929088,0.0353329934286667,0.0351850124456717,0.0350382901829907,0.0348928103694876,0.0347485570174326,0.0346055144162832,0.034463667126629,0.0343229999742967,0.0341834980446096,0.0340451466767965,0.0339079314585462,0.0337718382207036,0.0336368530321019,0.0335029621945267,0.03337015223781,0.0332384099150476,0.0331077221979381,0.0329780762722393,0.0328494595333391,0,0.182535100282748,0.177973149733067,0.173644498064897,0.169532972400582,0.165624122847662,0.161904225692379,0.158360257271486,0.154980045245386,0.151752347659711,0.148666853090305,0.145714133066784,0.142885572527802,0.140173293988503,0.137570083657334,0.13506932323359,0.132664928655239,0.130351295832481,0.128123252849923,0.125976017923593,0.123905162376337,0.121906577949269,0.119976447848584,0.118111221012352,0.116307589160613,0.114562466260589,0.112872970096604,0.111236405682375,0.109650250293018,0.108112139926811,0.106619857033804,0.105171319370766,0.103764569860702,0.102397767350813,0.101069178176089,0.0997771684469385,0.0985201969889295,0.0972968088709754,0.0961056294654725,0.0949453589901123,0.0938147674865131,0.0927126901955709,0.0916380232936045,0.0905897199570464,0.0895667867266881,0.0885682801453723,0.0875933036455841,0.086641004665676,0.0857105719754925,0.08480123319398,0.0839122524829959,0.0830429284029783,0.0821925919174632,0.081360604534594,0.0805463565748405,0.0797492655550916,0.0789687746801449,0.0782043514334031,0.0774554862592753,0.0767216913304315,0.0760024993936268,0.075297462688335,0.0746061519329105,0.0739281553734239,0.0732630778907121,0.0726105401615394,0.0719701778700923,0.0713416409663278,0.0707245929679663,0.0701187103031668,0.0695236816911488,0.0689392075582366,0.0683649994869829,0.0678007796962121,0.0672462805499779,0.0667012440935776,0.0661654216149004,0.0656385732295108,0.0651204674879834,0.064610881004106,0.0641095981026737,0.063616410485672,0.0631311169157445,0.0626535229159056,0.0621834404845327,0.0617206878247394,0.0612650890872867,0.06081647412625,0.0603746782667052,0.0599395420837512,0.0595109111922265,0.0590886360465185,0.0586725717499053,0.0582625778729021,0.0578585182801188,0.0574602609651673,0.057067677893181,0.056680644850542,0.0562990413014314,0.0559227502508424,0.0555516581137186,0.0551856545898997,0.0548246325445734,0.054468487893953,0.0541171194959152,0.053770429045346,0.0534283209739623,0.0530907023543825,0.0527574828082392,0.052428574418136,0.0521038916432579,0.0517833512384635,0.0514668721766879,0.0511543755745009,0.0508457846206695,0.0505410245075848,0.0502400223654186,0.0499427071988836,0.0496490098264765,0.049358862822092,0.0490722004588981,0.0487889586553712,0.0485090749233946,0.0482324883183283,0.0479591393909618,0.0476889701412688,0.0474219239738826,0.047157945655221,0.0468969812721855,0.0466389781923699,0.046383885025714,0.0461316515875383,0.0458822288629069,0.0456355689722569,0.045391625138246,0.0451503516537668,0.044911703851078,0.0446756380720114,0.044442111639205,0.0442110828283258,0.0439825108412407,0.0437563557800969,0.0435325786222775,0.0433111411961968,0.0430920061579022,0.0428751369684513,0.0426604978720359,0.0424480538748214,0.0422377707244763,0.042029614890364,0.0418235535443739,0.0416195545423655,0.0414175864062035,0.0412176183063622,0.0410196200450784,0.0408235620400305,0.0406294153085276,0.040437151452188,0.0402467426420894,0.0400581616043744,0.039871381606296,0.0396863764426842,0.039503120422823,0.0393215883577192,0.0391417555477528,0.0389635977706931,0.0387870912700693,0.0386122127438824,0.0384389393336471,0.0382672486137537,0.0380971185811357,0.0379285276452362,0.0377614546182621,0.0375958787057146,0.0374317794971901,0.0372691369574391,0.0371079314176766,0.0369481435671363,0.0367897544448585,0.0366327454317056,0.0364770982425969,0.0363227949189577,0.0361698178213734,0.0360181496224421,0.0358677732998218,0.0357186721294638,0.0355708296790274,0.0354242298014697,0.0352788566288057,0.0351346945660324,0.0349917282852134,0.0348499427197176,0.0347093230586081,0.0345698547411759,0.0344315234516154,0.0342943151138357,0.0341582158864052,0.034023212157625,0.0338892905407264,0.0337564378691896,0.0336246411921803,0,0.187239640568781,0.182608229086398,0.1781954722428,0.173994461060085,0.169994143286508,0.166182694339258,0.162548265884507,0.159079415725755,0.155765340830302,0.15259597649287,0.149562014705977,0.146654878647657,0.14386667613012,0.141190145114015,0.138618598327061,0.136145870478068,0.133766269578217,0.131474532827076,0.129265786990866,0.127135512958462,0.125079514071047,0.123093887808976,0.121175000443152,0.119319464296469,0.117524117302643,0.115786004589831,0.114102361852593,0.112470600307483,0.110888293054771,0.109353162692157,0.107863070046129,0.106416003903534,0.105010071640357,0.103643490657031,0.102314580540221,0.101021755880198,0.0997635196808292,0.0985384573061422,0.0973452309134416,0.0961825743282509,0.0950492883209968,0.093944236249464,0.0928663400346661,0.0918145764410049,0.0907879736344413,0.0897856079949493,0.0888066011617944,0.0878501172922059,0.0869153605158318,0.0860015725689865,0.0851080305941732,0.0842340450916645,0.0833789580111196,0.0825421409722711,0.0817229936046866,0.0809209419974662,0.0801354372505355,0.079365954119894,0.0786119897498271,0.0778730624856744,0.077148710761275,0.0764384920556931,0.0757419819142663,0.0750587730294156,0.0743884743770215,0.0737307104045004,0.0730851202670203,0.0724513571085666,0.0718290873848278,0.0712179902250931,0.0706177568305777,0.0700280899067712,0.0694487031275951,0.068879320629309,0.068319676532264,0.0677695144887281,0.0672285872551483,0.0666966562873202,0.0661734913570476,0.0656588701889769,0.0651525781163733,0.0646544077547015,0.0641641586919428,0.0636816371946556,0.063206655928855,0.0627390336948436,0.0622785951751904,0.0618251706950971,0.0613785959944511,0.0609387120109042,0.0605053646733544,0.0600784047052599,0.0596576874372347,0.0592430726284249,0.0588344242961826,0.0584316105535932,0.0580345034544371,0.0576429788451867,0.0572569162236717,0.056876198604063,0.0565007123878464,0.0561303472404777,0.0557649959734285,0.05540455443135,0.0550489213840941,0.0546979984233524,0.05435168986368,0.0540099026476899,0.0536725462552127,0.0533395326162291,0.0530107760273934,0.0526861930719735,0.0523657025430475,0.0520492253698014,0.0517366845467813,0.0514280050659637,0.0511231138515125,0.0508219396970988,0.0505244132056667,0.0502304667315331,0.0499400343247172,0.0496530516773996,0.049369456072414,0.049089186333685,0.0488121827785232,0.0485383871716982,0.048267742681212,0.0480001938356986,0.047735686483381,0.0474741677525189,0.0472155860132835,0.0469598908410002,0.0467070329807013,0.046456964312934,0.0462096378207728,0.0459650075579861,0.0457230286183094,0.0454836571057818,0.0452468501061006,0.0450125656589559,0.0447807627313031,0.0445514011915389,0.0443244417845433,0.0440998461075543,0.0438775765868435,0.0436575964551594,0.0434398697299124,0.04322436119207,0.0430110363657356,0.0427998614983866,0.042590803541746,0.0423838301332627,0.0421789095781805,0.0419760108321705,0.0417751034845098,0.0415761577417836,0.0413791444120927,0.0411840348897491,0.0409908011404403,0.0407994156868463,0.0406098515946928,0.0404220824592277,0.0402360823921004,0.0400518260086355,0.0398692884154842,0.03968844519864,0.0395092724118082,0.0393317465651145,0.0391558446141431,0.0389815439492926,0.038808822385437,0.0386376581518852,0.0384680298826261,0.0382999166068504,0.0381332977397399,0.037968153073517,0.0378044627687431,0.0376422073458601,0.0374813676769656,0.0373219249778152,0.0371638608000445,0.0370071570236024,0.0368517958493909,0.0366977597921038,0.036545031673258,0.036393594614411,0.0362434320305603,0.0360945276237169,0.0359468653766494,0.0358004295467919,0.0356552046603118,0.035511175506332,0.0353683271313025,0.0352266448335187,0.0350861141577787,0.0349467208901787,0.0348084510530399,0.0346712908999652,0.0345352269110197,0.0344002457880329,0,0.191896803993234,0.187204001578538,0.182714577149067,0.178430154370335,0.174343373384116,0.170444500331956,0.166723013249301,0.163168329325267,0.159770194280615,0.156518881304791,0.153405277078089,0.150420902691801,0.147557898927106,0.14480899351843,0.142167460600292,0.139627078024224,0.137182085566613,0.134827145513086,0.132557306243867,0.130367968977048,0.128254857584882,0.126213991283407,0.124241659950506,0.122334401819396,0.120488983304888,0.118702380738557,0.11697176381057,0.11529448053756,0.113668043596306,0.112090117881353,0.110558509161189,0.109071153721975,0.107626108900554,0.106221544419513,0.104855734446744,0.103527050310464,0.102233953808047,0.100974991053575,0.0997487868147603,0.0985540392949505,0.0973895153204503,0.096254045897342,0.0951465221055416,0.0940658913009756,0.0930111535995605,0.0919813586191886,0.0909756024581543,0.0899930248904742,0.0890328067603544,0.0880941675596781,0.0871763631738454,0.0862786837826095,0.0854004519037352,0.0845410205683768,0.0836997716180335,0.0828761141138152,0.0820694828495449,0.0812793369609302,0.0805051586236991,0.0797464518341731,0.0790027412662929,0.0782735711995988,0.0775585045131066,0.0768571217404333,0.0761690201818829,0.0754938130695526,0.074831128781814,0.074180610103813,0.0735419135308897,0.0729147086120435,0.0722986773308012,0.0716935135210267,0.0710989223154054,0.0705146196244921,0.0699403316443745,0.0693757943911339,0.0688207532604252,0.0682749626106093,0.0677381853679828,0.0672101926527569,0.0666907634245198,0.0661796841460144,0.0656767484641356,0.0651817569071278,0.0646945165970321,0.0642148409764936,0.0637425495491005,0.0632774676324768,0.0628194261234074,0.062368261274312,0.0619238144804368,0.0614859320771662,0.061054465146897,0.060629269334954,0.0602102046740544,0.0597971354168614,0.0593899298761947,0.0589884602724919,0.0585926025881387,0.0582022364283092,0.0578172448879786,0.057437514424791,0.0570629347374801,0.0566933986495673,0.0563288019980631,0.0559690435269293,0.0556140247850599,0.0552636500285606,0.0549178261271153,0.0545764624742433,0.0542394709012543,0.0539067655947293,0.053578263017356,0.0532538818319616,0.0529335428285918,0.0526171688544947,0.052304684746874,0.0519960172682854,0.0516910950445535,0.0513898485050962,0.0510922098255468,0.050798112872572,0.0505074931507866,0.050220287751672,0.0499364353044128,0.0496558759285648,0.0493785511884745,0.0491044040493796,0.0488333788351109,0.0485654211873332,0.0483004780262576,0.0480384975127636,0.047779429011872,0.0475232230575117,0.0472698313185293,0.0470192065658872,0.0467713026410044,0.0465260744251912,0.0462834778101362,0.0460434696694013,0.0458060078308855,0.0455710510502188,0.0453385589850493,0.0451084921701899,0.0448808119935881,0.0446554806730909,0.0444324612339698,0.0442117174871822,0.043993214008335,0.0437769161173282,0.0435627898586525,0.0433508019823133,0.0431409199253613,0.0429331117940063,0.0427273463462902,0.0425235929753029,0.0423218216929176,0.0421220031140289,0.041924108441275,0.0417281094502259,0.0415339784750217,0.0413416883944453,0.0411512126184137,0.0409625250748722,0.0407756001970799,0.0405904129112707,0.0404069386246773,0.0402251532139063,0.0400450330136529,0.0398665548057405,0.0396896958084787,0.039514433666326,0.0393407464398471,0.0391686125959562,0.0389980109984365,0.0388289208987249,0.0386613219269565,0.0384951940832577,0.0383305177292807,0.0381672735799716,0.0380054426955647,0.0378450064737957,0.0376859466423258,0.0375282452513723,0.0373718846665364,0.0372168475618243,0.0370631169128533,0.0369106759902402,0.0367595083531624,0.0366095978430902,0.0364609285776827,0.0363134849448426,0.0361672515969252,0.036022213445098,0.0358783556538441,0.0357356636356075,0.0355941230455748,0.0354537197765885,0.0353144399541893,0.0351762699317833,0,0.196509550621243,0.191760361223655,0.187200585704565,0.182838387920929,0.178669994155278,0.17468781293547,0.170882731816475,0.16724511863945,0.163765355815889,0.160434133201817,0.157242599690328,0.154182430653715,0.151245846179756,0.148425601569122,0.145714963097841,0.143107676768631,0.140597934529801,0.138180340476784,0.135849878381066,0.133601881204867,0.131432002865081,0.129336192288992,0.127310669685802,0.125351904899219,0.123456597681751,0.121621659725853,0.119844198291774,0.118121501281767,0.116451023622306,0.114830374828431,0.113257307636525,0.111729707603201,0.110245583578425,0.108803058970421,0.107400363728416,0.106035826976826,0.104707870241243,0.103415001212639,0.10215580800152,0.10092895383858,0.0997331721826416,0.0985672622005091,0.0974300845867406,0.096320557694397,0.0952376539505631,0.0941803965328786,0.0931478562855143,0.0921391488550083,0.091153432028154,0.0901899032557333,0.0892477973473328,0.0883263843237862,0.0874249674149615,0.0865428811916795,0.085679489821511,0.0848341854390753,0.0840063866222566,0.083195536966466,0.0824011037497403,0.0816225766820499,0.0808594667327397,0.080111305030507,0.0793776418307786,0.0786580455457477,0.0779521018327134,0.0772594127366961,0.0765795958836244,0.0759122837206608,0.0752571228005062,0.0746137731067546,0.0739819074175888,0.073361210705312,0.0727513795693912,0.0721521217008597,0.0715631553760797,0.0709842089780122,0.0704150205432694,0.069855337333351,0.069304915428572,0.0687635193433008,0.0682309216612118,0.0677069026893545,0.0671912501299165,0.066683758768635,0.0661842301788818,0.0656924724405091,0.0652082998726071,0.0647315327793748,0.0642619972083618,0.0637995247203832,0.0633439521704554,0.0628951214991425,0.0624528795337385,0.0620170777987521,0.0615875723351845,0.0611642235281325,0.0607468959422694,0.0603354581647881,0.0599297826554125,0.0595297456031086,0.0591352267891506,0.0587461094562101,0.0583622801831668,0.0579836287653448,0.0576100480999064,0.0572414340761424,0.056877685470417,0.0565187038455382,0.056164393454336,0.0558146611472469,0.0554694162837058,0.0551285706471696,0.0547920383635937,0.0544597358232028,0.0541315816053974,0.0538074964066531,0.0534874029712709,0.0531712260248504,0.0528588922103588,0.0525503300266793,0.0522454697695263,0.0519442434746221,0.0516465848630324,0.0513524292885683,0.0510617136871609,0.0507743765281229,0.0504903577672175,0.0502095988014531,0.0499320424255331,0.0496576327898871,0.0493863153602197,0.0491180368785105,0.0488527453254062,0.0485903898839451,0.0483309209045612,0.0480742898713142,0.047820449369294,0.047569353053155,0.0473209556167317,0.0470752127636938,0.0468320811791988,0.0465915185025034,0.0463534833004943,0.0461179350421035,0.0458848340735738,0.0456541415945401,0.0454258196348971,0.0451998310324224,0.0449761394111242,0.0447547091602902,0.0445355054142079,0.0443184940325322,0.0441036415812769,0.0438909153144055,0.0436802831560011,0.0434717136829925,0.043265176108416,0.0430606402651961,0.0428580765904229,0.0426574561101113,0.0424587504244224,0.0422619316933328,0.042066972622734,0.0418738464509492,0.0416825269356494,0.0414929883411598,0.0413052054261366,0.0411191534316088,0.0409348080693659,0.0407521455106841,0.0405711423753767,0.0403917757211607,0.0402140230333257,0.0400378622146974,0.0398632715758851,0.0396902298258034,0.0395187160624601,0.0393487097640003,0.0391801907799994,0.0390131393229969,0.0388475359602617,0.0386833616057841,0.0385205975124844,0.0383592252646339,0.038199226770479,0.038040584255064,0.0378832802532459,0.0377272976028932,0.0375726194382678,0.0374192291835778,0.0372671105467015,0.0371162475130748,0.0369666243397367,0.0368182255495302,0.0366710359254515,0.0365250405051435,0.0363802245755311,0.0362365736675925,0.0360940735512616,0.035952710230461,0,0.201081278914884,0.196277959584759,0.191652812590055,0.187217883909517,0.182972465373199,0.178911002485069,0.175025798530353,0.171308219669924,0.167749347008963,0.164340350391168,0.161072699448985,0.157938275186835,0.154929420748561,0.152038955656652,0.149260168768604,0.146586799419536,0.144013012549928,0.141533371308778,0.139142809185318,0.136836602836732,0.134610346239039,0.132459926462831,0.130381501182588,0.128371477916796,0.126426494934141,0.124543403729111,0.122719252956281,0.120951273708962,0.119236866030314,0.117573586550569,0.115959137151173,0.114391354564398,0.112868200824681,0.111387754495427,0.109948202601977,0.108547833207905,0.107185028577722,0.105858258874438,0.104566076345305,0.103307109953468,0.102080060417219,0.100883695622132,0.0997168463745939,0.098578402468141,0.0974673090366437,0.0963825631707468,0.0953232107761009,0.0942883436538527,0.0932770967855986,0.0922886458065811,0.0913222046523252,0.0903770233652059,0.0894523860485981,0.0885476089573183,0.0876620387140294,0.0867950506421427,0.0859460472065491,0.0851144565542237,0.0842997311474031,0.0835013464826313,0.0827187998895085,0.0819516094034734,0.0811993127073984,0.0804614661371883,0.0797376437469526,0.0790274364296569,0.0783304510894838,0.07764630986241,0.0769746493817809,0.0763151200858962,0.0756673855648486,0.0750311219440571,0.0744060173021255,0.0737917711208277,0.0731880937651808,0.0725947059917097,0.0720113384831448,0.0714377314079158,0.0708736340029182,0.0703188041781372,0.0697730081418053,0.0692360200448688,0.0687076216436091,0.0681876019793558,0.0676757570742856,0.0671718896423791,0.0666758088146598,0.066187329877901,0.065706274026038,0.0652324681235709,0.0647657444802879,0.0643059406366861,0.0638528991594976,0.0634064674467734,0.0629664975420069,0.0625328459568111,0.0621053735016943,0.0616839451245055,0.0612684297561468,0.0608587001631749,0.0604546328069318,0.0600561077088753,0.0596630083217865,0.0592752214065612,0.0588926369143019,0.0585151478734479,0.058142650281692,0.0577750430024478,0.0574122276656474,0.0570541085726572,0.0567005926051139,0.0563515891374928,0.0560070099532308,0.0556667691642375,0.0553307831336327,0.0549989704015625,0.0546712516139495,0.0543475494540444,0.0540277885766472,0.0537118955448825,0.0533997987694069,0.0530914284499452,0.0527867165190488,0.0524855965879784,0.0521880038946179,0.0518938752533316,0.0516031490066765,0.0513157649788974,0.0510316644311189,0.050750790018169,0.0504730857469625,0.0501984969363785,0.0499269701785703,0.0496584533016465,0.0493928953336707,0.0491302464679181,0.0488704580293478,0.0486134824422306,0.0483592731988954,0.0481077848295419,0.0478589728730815,0.0476127938489638,0.0473692052299507,0.0471281654157994,0.0468896337078209,0.0466535702842791,0.0464199361765969,0.0461886932463415,0.0459598041629555,0.0457332323822078,0.0455089421253377,0.0452868983588634,0.0450670667750335,0.0448494137728947,0.0446339064399557,0.044420512534423,0.0442092004679892,0.0439999392891535,0.0437926986670545,0.0435874488757987,0.0433841607792633,0.0431828058163626,0.0429833559867539,0.0427857838369746,0.04259006244699,0.0423961654171418,0.0422040668554798,0.0420137413654662,0.0418251640340378,0.0416383104200161,0.0414531565428511,0.0412696788716891,0.0410878543147534,0.0409076602090272,0.0407290743102279,0.040552074783065,0.0403766401917706,0.0402027494908944,0.0400303820163538,0.0398595174767324,0.0396901359448164,0.0395222178493641,0.0393557439670989,0.039190695414919,0.0390270536423181,0.0388648004240094,0.0387039178527471,0.0385443883323376,0.0383861945708376,0.0382293195739302,0.038073746638476,0.0379194593462312,0.0377664415577308,0.0376146774063282,0.0374641512923895,0.0373148478776378,0.0371667520796394,0.0370198490664329,0.0368741242512921,0.0367295632876218,0,0.205615844396187,0.200757959540706,0.196071034391595,0.191567723505199,0.187249518619108,0.183112642612551,0.179150740943353,0.175356179173104,0.171720770462778,0.168236210185144,0.164894336327127,0.161687280348024,0.158607548448922,0.155648059021402,0.152802153005049,0.150063587949561,0.147426522678613,0.144885496910726,0.142435408549957,0.140071490306659,0.137789286638981,0.135584631582954,0.133453627774171,0.131392626799953,0.129398210920801,0.127467176140297,0.125596516568528,0.123783410005977,0.122025204666632,0.12031940695688,0.118663670228231,0.117055784425413,0.115493666556026,0.113975351912988,0.112498985986309,0.111062817005771,0.109665189061046,0.108304535750345,0.106979374312967,0.105688300205074,0.104429982081594,0.103203157150478,0.102006626868546,0.100839252950858,0.0996999536680836,0.0985877004085519,0.0975015144837506,0.0964404641578728,0.0954036618837193,0.0943902617287832,0.0933994569767391,0.0924304778908194,0.0914825896267079,0.0905550902836227,0.0896473090832095,0.0887586046667266,0.087888363501786,0.087035998390637,0.08620094707262,0.0853826709140174,0.0845806536790721,0.0837944003764324,0.0830234361757391,0.0822673053894809,0.0815255705156229,0.0807978113368581,0.0800836240726481,0.0793826205805098,0.0786944276032716,0.0780186860592633,0.0773550503726346,0.0767031878411945,0.0760627780393601,0.0754335122539757,0.07481509295092,0.0742072332705722,0.0736096565503402,0.0730220958725802,0.0724442936363549,0.0718760011515813,0.0713169782542221,0.0707669929412591,0.0702258210242826,0.0696932458005956,0.069169057740816,0.0686530541920208,0.0681450390955381,0.0676448227185548,0.0671522213987575,0.0666670573012762,0.0661891581872457,0.0657183571933424,0.065254492621695,0.0647974077396064,0.0643469505885526,0.0639029738019658,0.0634653344313319,0.0630338937801636,0.0626085172454362,0.0621890741660968,0.0617754376782846,0.061367484576912,0.0609650951832899,0.0605681532184834,0.0601765456821181,0.059790162736358,0.0594088975948056,0.0590326464160751,0.0586613082018164,0.0582947846989712,0.0579329803060575,0.0575758019832895,0.0572231591663529,0.0568749636836584,0.0565311296769162,0.0561915735248716,0.0558562137700583,0.0555249710484297,0.0551977680217376,0.0548745293125326,0.0545551814416674,0.0542396527681944,0.0539278734315454,0.0536197752958983,0.0533152918966303,0.0530143583887688,0.0527169114973533,0.052422889469623,0.0521322320289573,0.0518448803304886,0.0515607769183208,0.051279865684284,0.0510020918281613,0.0507274018193271,0.0504557433597388,0.0501870653482243,0.0499213178460156,0.0496584520434745,0.049398420227965,0.049141175752825,0.0488866730073939,0.0486348673880534,0.0483857152702432,0.0481391739814122,0.0478952017748681,0.0476537578044926,0.0474148021002864,0.0471782955447147,0.0469441998498205,0.0467124775350781,0.0464830919059576,0.0462560070331749,0.0460311877326016,0.045808599545809,0.0455882087212246,0.0453699821958769,0.0451538875777086,0.0449398931284366,0.0447279677469395,0.0445180809531528,0.044310202872455,0.0441043042205268,0.0439003562886652,0.0436983309295385,0.0434982005433662,0.0432999380645077,0.0431035169484479,0.0429089111591637,0.0427160951568602,0.0425250438860632,0.0423357327640553,0.0421481376696454,0.0419622349322595,0.0417780013213416,0.041595414036056,0.0414144506952785,0.0412350893278706,0.041057308363223,0.0408810866220641,0.04070640330752,0.0405332379964243,0.040361570630862,0.0401913815099466,0.0400226512818198,0.0398553609358661,0.0396894917951383,0.0395250255089844,0.0393619440458714,0.0392002296863997,0.0390398650165006,0.0388808329208141,0.0387231165762376,0.0385666994456452,0.0384115652717682,0.0382576980712328,0.0381050821287525,0.0379537019914675,0.0378035424634291,0.0376545886002235,0.0375068257037311,0,0.210116020045375,0.2052017591092,0.200455383417716,0.195887302309655,0.191500139474986,0.187291505297128,0.1832562385334,0.179387658805437,0.175678314949883,0.172120454183669,0.168706318133809,0.165428325771141,0.162279181592913,0.159251934700038,0.156340006062229,0.15353719556419,0.150837676529489,0.14823598277898,0.145726991511286,0.143305904117649,0.140968226268908,0.138709748104893,0.136526525026002,0.134414859372707,0.132371283141194,0.130392541795908,0.128475579185035,0.126617523531606,0.124815674453343,0.12306749095386,0.121370580323019,0.119722687883075,0.11812168751834,0.116565572928574,0.115052449549456,0.113580527087137,0.112148112617524,0.110753604204674,0.109395484996207,0.108072317757037,0.10678273980591,0.10552545832218,0.104299245993004,0.103102936973649,0.10193542313593,0.100795650581922,0.0996826164020265,0.0985953656582453,0.0975329885751481,0.0964946179224803,0.0954794265747194,0.0944866252341108,0.093515460304834,0.0925652119069749,0.0916351920199095,0.090724742745553,0.0898332346827068,0.0889600654044412,0.0881046580310979,0.0872664598920887,0.0864449412702041,0.0856395942226386,0.0848499314733956,0.0840754853721396,0.0833158069149504,0.0825704648227741,0.0818390446736883,0.0811211480853873,0.080416391944561,0.0797244076800918,0.0790448405772114,0.0783773491299757,0.0777216044296001,0.0770772895863799,0.0764440991830775,0.0758217387578092,0.0752099243146055,0.0746083818599386,0.0740168469636379,0.0734350643427137,0.0728627874667151,0.0722997781833422,0.0717458063631083,0.0712006495619457,0.0706640927007018,0.0701359277605562,0.0696159534934443,0.0691039751466372,0.0685998042006756,0.0681032581199137,0.0676141601149716,0.0671323389164382,0.0666576285592115,0.0661898681768965,0.0657289018057204,0.0652745781974526,0.0648267506408562,0.0643852767912159,0.0639500185075228,0.063520841696917,0.0630976161660132,0.0626802154787582,0.0622685168204856,0.0618624008678561,0.0614617516643889,0.0610664565013045,0.0606764058034152,0.0602914930198186,0.0599116145191564,0.0595366694892188,0.0591665598406866,0.0588011901148094,0.0584404673948373,0.058084301221027,0.0577326035090543,0.0573852884716758,0.0570422725434882,0.0567034743086447,0.0563688144313916,0.0560382155892986,0.0557116024090603,0.0553889014047554,0.0550700409184525,0.0547549510630594,0.0544435636673185,0.054135812222853,0.0538316318331757,0.0535309591645757,0.053233732398802,0.0529398911874696,0.0526493766081116,0.0523621311218116,0.0520780985323477,0.0517972239467872,0.0515194537374711,0.0512447355053306,0.0509730180444832,0.0507042513080546,0.050438386375178,0.0501753754191227,0.0499151716765082,0.0496577294175598,0.0494030039173641,0.0491509514280872,0.0489015291521161,0.0486546952160882,0.0484104086457748,0.048168629341786,0.0479293180560655,0.0476924363691446,0.0474579466681284,0.047225812125385,0.0469959966779136,0.0467684650073631,0.0465431825206813,0.0463201153313675,0.0460992302413099,0.0458804947231838,0.045663876903393,0.0454493455455318,0.0452368700343524,0.0450264203602169,0.0448179671040179,0.0446114814225524,0.0444069350343301,0.0442043002058046,0.0440035497380097,0.0438046569535893,0.0436075956842054,0.0434123402583125,0.0432188654892861,0.0430271466638925,0.0428371595310886,0.0426488802911416,0.0424622855850565,0.0422773524843023,0.0420940584808267,0.0419123814773501,0.0417322997779291,0.0415537920787807,0.0413768374593606,0.0412014153736852,0.0410275056418903,0.0408550884420188,0.0406841443020311,0.0405146540920303,0.0403465990166945,0.0401799606079124,0.0400147207176123,0.0398508615107824,0.0396883654586737,0.0395272153321802,0.0393673941953924,0.0392088853993175,0.0390516725757615,0.0388957396313686,0.0387410707418143,0.0385876503461444,0.0384354631412587,0.0382844940765335,0,0.214583640618748,0.209610746066953,0.204806226324871,0.20017627216253,0.195723539912788,0.191446549038103,0.187341119222711,0.183401435946004,0.1796207582738,0.175991891912042,0.172507504248295,0.169160330156345,0.165943302085642,0.162849628187607,0.159872835299895,0.157006788564184,0.154245695810682,0.151584102257546,0.149016879268682,0.146539209670023,0.144146571276285,0.141834719706117,0.139599671177156,0.137437685713661,0.135345251026955,0.13331906721454,0.131356032348626,0.12945322897596,0.127607911519622,0.125817494554123,0.124079541913653,0.122391756587104,0.12075197135079,0.119158140089252,0.117608329755518,0.116100712924033,0.114633560891842,0.113205237286229,0.111814192139801,0.110458956396705,0.109138136816377,0.107850411243765,0.106594524217392,0.105369282888898,0.104173553229818,0.103006256503329,0.101866365980476,0.100752903882106,0.0996649385292414,0.0986015816860567,0.0975619860808981,0.0965453430919923,0.0955508805855619,0.0945778608950663,0.0936255789311929,0.0926933604130624,0.0917805602118668,0.0908865607988605,0.0900107707902624,0.0891526235822112,0.0883115760694492,0.0874871074419061,0.0866787180537946,0.0858859283602506,0.0851082779169232,0.0843453244382656,0.0835966429106038,0.0828618247563403,0.0821404770459323,0.0814322217545173,0.0807366950602984,0.0800535466820033,0.0793824392529239,0.0787230477292266,0.0780750588303794,0.0774381705096992,0.076812091453157,0.076196540604712,0.0755912467165614,0.0749959479228023,0.0744103913351066,0.0738343326591009,0.0732675358302321,0.0727097726679796,0.0721608225473509,0.0716204720866641,0.0710885148506889,0.0705647510682739,0.0700489873636462,0.0695410365006197,0.0690407171389966,0.0685478536024918,0.0680622756575501,0.0675838183024677,0.0671123215662613,0.0666476303167658,0.0661895940774716,0.0657380668526405,0.0652929069602662,0.0648539768724774,0.0644211430629936,0.0639942758612776,0.063573249313043,0.0631579410467945,0.0627482321461028,0.0623440070273242,0.0619451533225,0.0615515617671781,0.0611631260929202,0.060779742924265,0.0604013116799352,0.0600277344780845,0.059658916045393,0.0592947636298316,0.0589351869169195,0.0585800979493178,0.0582294110496,0.0578830427460568,0.0575409117013958,0.0572029386442052,0.0568690463030565,0.056539159343128,0.056213204305239,0.0558911095471849,0.0555728051872758,0.05525822304998,0.0549472966135811,0.0546399609597642,0.0543361527250464,0.0540358100539726,0.0537388725540063,0.0534452812520372,0.0531549785524446,0.0528679081966474,0.0525840152240824,0.0523032459345498,0.0520255478518717,0.0517508696888098,0.0514791613131914,0.0512103737151955,0.0509444589757523,0.0506813702360126,0.0504210616678445,0.0501634884453165,0.0499086067171311,0.0496563735799674,0.0494067470527029,0.049159686051478,0.0489151503655693,0.0486731006340463,0.048433498323177,0.0481963057045564,0.0479614858339309,0.0477290025306921,0.0474988203580176,0.0472709046036307,0.0470452212611607,0.04682173701208,0.0466004192081972,0.046381235854686,0.0461641555936327,0.0459491476880809,0.045736182006558,0.0455252290080657,0.0453162597275185,0.0451092457616145,0.0449041592551234,0.0447009728875776,0.0444996598603523,0.0443001938841215,0.0441025491666769,0.0439067004010987,0.043712622754263,0.0435202918556795,0.0433296837866448,0.0431407750697012,0.0429535426583933,0.04276796392731,0.0425840166624032,0.0424016790515766,0.0422209296755309,0.0420417474988627,0.041864111861405,0.0416880024698038,0.0415133993893214,0.041340283035862,0.0411686341682086,0.0409984338804696,0.0408296635947234,0.0406623050538598,0.040496340314607,0.0403317517407434,0.0401685219964849,0.0400066340400455,0.0398460711173616,0.03968681675598,0.0395288547591011,0.0393721691997745,0.0392167444152411,0.0390625650014196,0,0.219019773654087,0.213986100320513,0.209124039516083,0.204434473613185,0.199919122544536,0.195576900793324,0.191404351303334,0.18739640120533,0.183546967777408,0.179849402810604,0.176296808214132,0.172882253979992,0.169598923995263,0.166440209748915,0.163399767194579,0.160471548060125,0.157649813764793,0.154929137735371,0.152304400173179,0.149770778073798,0.147323732417513,0.144958993830136,0.142672547584776,0.140460618518999,0.138319656238536,0.13624632083962,0.134237469287403,0.132290142523964,0.130401553336489,0.128569074987881,0.126790230593654,0.125062683217471,0.123384226650815,0.121752776838655,0.12016636391149,0.118623124784068,0.117121296281995,0.1156592087589,0.114235280168682,0.112848010559357,0.111495976957165,0.110177828611658,0.108892282574599,0.107638119587449,0.106414180254104,0.105219361477359,0.104052613139188,0.102912935006505,0.101799373845528,0.100711020729155,0.0996470085230336,0.0986065095371149,0.0975887333305385,0.0965929246586502,0.0956183615518395,0.0946643535166929,0.0937302398507052,0.0928153880624733,0.0919191923899248,0.0910410724097094,0.090180471731408,0.0893368567707054,0.0885097155961064,0.0876985568441994,0.0869029086988356,0.0861223179299409,0.0853563489879997,0.0846045831505353,0.0838666177171843,0.0831420652502096,0.0824305528575238,0.0817317215155051,0.0810452254290798,0.0803707314267303,0.0797079183882409,0.0790564767031578,0.078416107758073,0.0777865234509726,0.0771674457310125,0.0765586061621938,0.0759597455095114,0.0753706133462492,0.074790967681178,0.0742205746044978,0.0736592079514407,0.0731066489825207,0.0725626860794821,0.0720271144560607,0.0714997358827238,0.0709803584246142,0.0704687961919648,0.0699648691023022,0.0694684026537968,0.0689792277091535,0.068497180289484,0.0680221013776203,0.0675538367303763,0.0670922366992858,0.0666371560593727,0.0661884538455397,0.0657459931961833,0.0653096412036655,0.0648792687712944,0.0644547504764872,0.0640359644398047,0.0636227921995675,0.0632151185917764,0.062812831635079,0.062415822420537,0.0620239850059594,0.0616372163145873,0.0612554160379165,0.0608784865424683,0.0605063327803178,0.0601388622032064,0.0597759846800716,0.0594176124178357,0.0590636598853054,0.0587140437400382,0.0583686827580444,0.0580274977661946,0.0576904115772126,0.0573573489271396,0.0570282364151589,0.0567030024456802,0.0563815771725817,0.0560638924455193,0.055749881758213,0.0554394801986244,0.0551326244009481,0.0548292524993365,0.0545293040832883,0.054232720154629,0.0539394430860193,0.0536494165809259,0.0533625856349972,0.0530788964987851,0.0527982966417573,0.0525207347175516,0.0522461605304186,0.0519745250028064,0.0517057801440452,0.0514398790200828,0.0511767757242351,0.0509164253489083,0.0506587839582576,0.050403808561745,0.0501514570885624,0.0499016883628863,0.0496544620799332,0.0494097387827853,0.0491674798399578,0.0489276474236798,0.0486902044888628,0.0484551147527305,0.0482223426750876,0.047991853439201,0.0477636129332754,0.0475375877324978,0.047313745081633,0.0470920528781496,0.0468724796558582,0.0466549945690412,0.0464395673770618,0.0462261684294302,0.0460147686513141,0.0458053395294778,0.0455978530986337,0.0453922819281945,0.0451885991094094,0.0449867782428736,0.0447867934263985,0.0445886192432274,0.0443922307505901,0.0441976034685807,0.04400471336935,0.0438135368666018,0.0436240508053835,0.0434362324521601,0.0432500594851639,0.04306550998501,0.04288256242557,0.0427011956650933,0.042521388937572,0.0423431218443382,0.0421663743458871,0.0419911267539214,0.041817359723605,0.0416450542460248,0.0414741916408508,0.0413047535491904,0.041136721926628,0.0409700790364477,0.0408048074430315,0.0406408900054276,0.0404783098710852,0.0403170504697498,0.0401570955075121,0.0399984289610111,0.039841035071781,0,0.223424139474651,0.218328655027226,0.213409292322372,0.208661863960016,0.204086438879475,0.199681832638014,0.195445031172723,0.191371552756982,0.187455898506606,0.183691936526977,0.180073199122742,0.176593101352136,0.173245095529557,0.170022776321326,0.166919949073618,0.163930671500193,0.16104927648537,0.158270381763613,0.155588890665598,0.152999986930461,0.150499125705938,0.148082022221645,0.145744639164949,0.143483173465171,0.141294042963386,0.139173873284556,0.137119485116442,0.135127882021524,0.133196238853964,0.131321890816424,0.129502323166159,0.127735161562892,0.126018163039833,0.124349207572278,0.122726290214101,0.121147513770373,0.119611081973623,0.118115293131447,0.116658534214018,0.115239275351274,0.113856064711023,0.112507523730801,0.111192342677984,0.109909276514294,0.108657141042469,0.107434809314436,0.106241208281785,0.105075315670806,0.10393615706561,0.102822803184163,0.101734367333148,0.100670003028705,0.0996289017710462,0.0986102909618882,0.0976134319544862,0.0966376182268341,0.095682173669325,0.0947464509788264,0.0938298301517391,0.0929317170691732,0.0920515421678949,0.0911887591911757,0.0903428440141118,0.0895132935383924,0.0886996246518648,0.0879013732485864,0.0871180933053736,0.0863493560111438,0.0855947489456211,0.0848538753042148,0.0841263531661187,0.0834118148028796,0.0827099060248831,0.0820202855633831,0.0813426244858655,0.0806766056426906,0.0800219231430996,0.0793782818588034,0.0787453969534864,0.0781229934366821,0.0775108057405652,0.0769085773183163,0.0763160602627945,0.0757330149443379,0.0751592096665928,0.0745944203393379,0.0740384301673406,0.0734910293543402,0.0729520148213126,0.0724211899382251,0.0718983642685334,0.0713833533257296,0.0708759783412794,0.0703760660433415,0.0698834484456857,0.0693979626462705,0.0689194506349712,0.068447759109975,0.0679827393023958,0.0675242468086826,0.0670721414304206,0.0666262870211487,0.0661865513398402,0.0657528059107075,0.0653249258890199,0.064902789932632,0.0644862800789461,0.0640752816270371,0.0636696830246947,0.0632693757601409,0.0628742542582034,0.0624842157807268,0.0620991603310267,0.0617189905621935,0.0613436116890662,0.0609729314037081,0.0606068597942197,0.0602453092667388,0.0598881944704816,0.0595354322256868,0.0591869414543328,0.0588426431135051,0.0585024601312933,0.0581663173451104,0.0578341414423247,0.0575058609031046,0.0571814059453821,0.0568607084718405,0.056543702018844,0.0562303217072221,0.0559205041948344,0.0556141876308392,0.0553113116115928,0.0550118171381168,0.0547156465750634,0.0544227436111221,0.0541330532208033,0.0538465216275494,0.0535630962681145,0.0532827257581657,0.053005359859054,0.0527309494457118,0.0524594464756301,0.0521908039588734,0.0519249759290944,0.0516619174155048,0.0514015844157713,0.0511439338697973,0.0508889236343562,0.0506365124585482,0.0503866599600448,0.0501393266020939,0.0498944736712581,0.0496520632558554,0.0494120582250808,0.0491744222087804,0.0489391195778559,0.0487061154252763,0.0484753755476744,0.048246866427508,0.0480205552157642,0.0477964097151897,0.0475743983640257,0.0473544902202321,0.0471366549461822,0.0469208627938131,0.0467070845902139,0.046495291723639,0.0462854561299294,0.0460775502793309,0.0458715471636926,0.0456674202840358,0.0454651436384784,0.0452646917105053,0.0450660394575699,0.0448691623000204,0.0446740361103351,0.0444806372026606,0.0442889423226409,0.0440989286375284,0.043910573726568,0.0437238555716449,0.0435387525481883,0.0433552434163222,0.0431733073122567,0.0429929237399097,0.0428140725627545,0.0426367339958847,0.0424608885982907,0.0422865172653389,0.0421136012214502,0.0419421220129701,0.0417720615012251,0.0416034018557593,0.041436125547745,0.041270215343565,0.041105654298557,0.0409424257509195,0.0407805133157715,0.0406199008793628,0,0.227796166429494,0.22263883175618,0.217662346723812,0.212858445797168,0.208225144038643,0.203760734348464,0.199462367459259,0.195325987749765,0.191346589119799,0.187518511516977,0.183835701753156,0.180291920973057,0.176880900367902,0.173596452961285,0.170432550529446,0.167383373976142,0.164443344081198,0.161607138069773,0.158869696145839,0.156226221069684,0.15367217303112,0.151203261443997,0.148815434823279,0.146504869566109,0.144267958211716,0.142101297577353,0.140001677040019,0.13796606714273,0.135991608639421,0.134075602046771,0.132215497739098,0.130408886600048,0.128653491229406,0.126947157692961,0.125287847796556,0.123673631861217,0.122102681973812,0.120573265686553,0.1190837401384,0.117632546571771,0.116218205218756,0.114839310532058,0.11349452673708,0.1121825836829,0.110902272971139,0.109652444343128,0.108432002307003,0.107239902987658,0.106075151183648,0.104936797616292,0.103823936357271,0.102735702422031,0.101671269517237,0.100629847931384,0.099610682558486,0.0986130510455319,0.0976362620550599,0.096679653634876,0.0957425916875238,0.0948244685326636,0.093924701556031,0.0930427319391078,0.0921780234640758,0.0913300613890217,0.0904983513887258,0.0896824185567115,0.0888818064645459,0.0880960762746619,0.0873248059032557,0.0865675892300411,0.0858240353518843,0.0850937678775447,0.0843764242609432,0.0836716551705599,0.0829791238927297,0.0822985057667535,0.0816294876498883,0.0809717674104125,0.0803250534470776,0.0796890642333783,0.0790635278851712,0.0784481817502736,0.0778427720187596,0.077247053352759,0.0766607885346379,0.0760837481325132,0.0755157101821213,0.0749564598841212,0.0744057893159727,0.0738634971575823,0.0733293884299587,0.0728032742461712,0.0722849715739404,0.0717743030092394,0.0712710965603147,0.0707751854415744,0.070286407876826,0.0698046069113727,0.0693296302325089,0.0688613299979822,0.0683995626720124,0.0679441888684868,0.0674950732009627,0.0670520841391433,0.066615093871498,0.0661839781737271,0.0657586162827813,0.0653388907761658,0.0649246874562716,0.0645158952394941,0.0641124060499058,0.0637141147172712,0.0633209188791943,0.0629327188872084,0.0625494177166219,0.0621709208799472,0.0617971363437471,0.0614279744487424,0.061063347833034,0.0607031713582957,0.0603473620388073,0.0599958389732001,0.0596485232787937,0.0593053380284116,0.0589662081895663,0.0586310605659103,0.058299823740855,0.0579724280232669,0.0576488053951463,0.0573288894612124,0.0570126154003069,0.0566999199185445,0.056390741204135,0.0560850188838092,0.0557826939807812,0.0554837088741847,0.0551880072599236,0.0548955341128787,0.0546062356504165,0.054320059297148,0.0540369536508871,0.0537568684497616,0.0534797545404315,0.0532055638473706,0.0529342493431707,0.0526657650198285,0.0524000658609768,0.0521371078150256,0.0518768477691758,0.0516192435242744,0.05136425377048,0.0511118380637047,0.0508619568028089,0.0506145712075156,0.0503696432970221,0.0501271358692803,0.0498870124809228,0.0496492374278118,0.0494137757261867,0.0491805930943903,0.0489496559351516,0.0487209313184078,0.0484943869646429,0.0482699912287283,0.0480477130842452,0.0478275221082729,0.0476093884666282,0.0473932828995374,0.0471791767077294,0.0469670417389322,0.0467568503747622,0.046548575517991,0.0463421905801775,0.0461376694696534,0.04593498657985,0.0457341167779549,0.0455350353938884,0.045337718209588,0.0451421414485919,0.0449482817659115,0.0447561162381825,0.0445656223540886,0.0443767780050447,0.0441895614761353,0.0440039514372973,0.0438199269347417,0.0436374673826042,0.0434565525548196,0.0432771625772122,0.043099277919795,0.0429228793892727,0.042747948121741,0.0425744655755757,0.0424024135245074,0.0422317740508757,0.0420625295390561,0.0418946626690566,0.0417281564102773,0.0415629940154284,0.0413991590146021,0,0.232134672584937,0.226916617051897,0.221883378760509,0.21702420052909,0.212334950476622,0.207813083284683,0.203455662262077,0.199258891166841,0.195218155711857,0.191328212015173,0.187583395472465,0.183977806166062,0.180505458314812,0.177160393798398,0.173936764479998,0.17082888927726,0.167831291662703,0.164938722447422,0.162146171756047,0.1594488732271,0.156842302738327,0.154322173370303,0.151884427868368,0.149525229519675,0.147240952105777,0.145028169401552,0.142883644551948,0.140804319556288,0.138787305015801,0.136829870246472,0.134929433820638,0.133083554573055,0.131289923087532,0.129546353666343,0.127850776775095,0.126201231949261,0.124595861144357,0.123032902509199,0.121510684560218,0.120027620734315,0.118582204297679,0.117173003588493,0.115798657572126,0.114457871688317,0.113149413970831,0.11187211142117,0.11062484661895,0.109406554552654,0.108216219655524,0.107052873032351,0.105915589863894,0.104803486976598,0.103715720566117,0.10265148406399,0.10161000613757,0.100590548814028,0.0995924057199044,0.0986149004283197,0.0976573849065055,0.0967192380568759,0.0957998643453309,0.0948986925109538,0.0940151743516818,0.0931487835809225,0.0922990147504499,0.0914653822352476,0.0906474192762784,0.0898446770774433,0.0890567239532579,0.088283144524019,0.0875235389554621,0.0867775222401141,0.0860447235177458,0.0853247854325047,0.0846173635244711,0.0839221256535431,0.0832387514536853,0.0825669318157224,0.0819063683969668,0.081256773156095,0.0806178679117831,0.0799893839237135,0.0793710614946576,0.0787626495924169,0.0781639054904903,0.0775745944264012,0.0769944892766918,0.0764233702476491,0.0758610245808915,0.0753072462729918,0.0747618358083716,0.0742245999047438,0.0736953512704226,0.0731739083728702,0.0726600952178751,0.0721537411388051,0.0716546805954019,0.0711627529816228,0.0706778024420567,0.0701996776964786,0.0697282318721211,0.0692633223432756,0.0688048105778511,0.0683525619905434,0.0679064458022858,0.0674663349056706,0.0670321057360482,0.0666036381480284,0.0661808152971202,0.0657635235262651,0.0653516522570278,0.0649450938852243,0.0645437436807797,0.064147499691613,0.0637562626513661,0.0633699358907969,0.0629884252526665,0.0626116390099647,0.0622394877873188,0.0618718844854437,0.0615087442084963,0.0611499841942053,0.0607955237466533,0.0604452841715942,0.0600991887141947,0.0597571624990965,0.0594191324726957,0.0590850273475465,0.0587547775487985,0.0584283151625797,0.0581055738862447,0.0577864889804089,0.0574709972226943,0.057159036863117,0.0568505475810477,0.0565454704436804,0.0562437478659492,0.0559453235718338,0.0556501425569972,0.055358151052704,0.0550692964909656,0.0547835274708673,0.0545007937260273,0.054221046093145,0.0539442364815971,0.0536703178440379,0.0533992441479695,0.0531309703482402,0.0528654523604389,0.0526026470351503,0.0523425121330394,0.0520850063007324,0.0518300890474662,0.0515777207224774,0.051327862493103,0.0510804763235677,0.0508355249544312,0.050592971882674,0.0503527813423954,0.0501149182861053,0.0498793483665851,0.0496460379193008,0.0494149539453454,0.0491860640948948,0.0489593366511586,0.0487347405148061,0.0485122451888549,0.0482918207640039,0.0480734379043946,0.047857067833789,0.0476426823221468,0.0474302536725912,0.0472197547087472,0.0470111587624431,0.0468044396617608,0.0465995717194243,0.0463965297215151,0.0461952889165035,0.0459958250045865,0.0457981141273202,0.0456021328575396,0.0454078581895555,0.045215267529618,0.0450243386866424,0.0448350498631833,0.0446473796466546,0.0444613070007839,0.0442768112572955,0.0440938721078155,0.04391246959599,0.0437325841098113,0.0435541963741466,0.0433772874434599,0.0432018386947256,0.0430278318205237,0.042855248822313,0.0426840720038777,0.0425142839649411,0.0423458675949416,0.042178806066967,0,0.236438680146774,0.231161581364469,0.226072323764145,0.221159030446597,0.2164155831536,0.211838413023348,0.207424290332888,0.203169522588494,0.199069783791636,0.195120183488299,0.191315411939106,0.187649893990323,0.184117925259607,0.180713782473467,0.177431807849567,0.174266470667764,0.17121241012848,0.168264463502598,0.165417683061782,0.162667344650097,0.160008950157681,0.157438225639676,0.154951116401459,0.152543780038052,0.150212578158491,0.147954067330251,0.14576498963155,0.14364226308925,0.141582972198211,0.139584358657477,0.137643812414074,0.135758863072558,0.133927171704636,0.132146523076003,0.130414818295164,0.128730067880335,0.127090385234465,0.125493980514353,0.123939154877248,0.122424295086758,0.120947868459111,0.119508418130645,0.118104558627519,0.116734971719159,0.115398402537551,0.114093655945302,0.112819593136182,0.111575128452788,0.110359226406813,0.109170898888318,0.108009202551234,0.106873236363166,0.105762139308366,0.104675088233477,0.103611295826392,0.102570008719201,0.101550505706876,0.100552096073892,0.0995741180215568,0.0986159371893233,0.0976769452638366,0.0967565586699152,0.0958542173380724,0.0949693835435676,0.0941015408123327,0.0932501928894438,0.0924148627661175,0.0915950917614874,0.0907904386556826,0.0900004788709684,0.0892248036979358,0.0884630195639321,0.0877147473411191,0.0869796216917236,0.0862572904482065,0.0855474140262373,0.0848496648684946,0.084163726917451,0.0834892951154211,0.0828260749302639,0.0821737819052367,0.0815321412315981,0.0809008873426423,0.0802797635279411,0.0796685215666375,0.0790669213787179,0.0784747306932494,0.0778917247326399,0.0773176859120324,0.0767524035529988,0.0761956736107578,0.0756472984141783,0.0751070864178824,0.0745748519658014,0.0740504150655745,0.0735336011732209,0.0730242409875428,0.0725221702537597,0.0720272295758904,0.0715392642374371,0.0710581240299481,0.0705836630890599,0.0701157397376415,0.0696542163356882,0.0691989591366272,0.068749838149722,0.0683067270082739,0.0678695028433407,0.0674380461627045,0.0670122407348374,0.066591973477627,0.0661771343516338,0.0657676162576701,0.0653633149384963,0.0649641288844433,0.0645699592427799,0.064180709730653,0.0637962865514383,0.0634165983143457,0.0630415559571333,0.0626710726717921,0.0623050638330652,0.061943446929682,0.0615861414981822,0.0612330690592211,0.0608841530562452,0.0605393187964366,0.060198493393832,0.0598616057145163,0.0595285863238114,0.0591993674353702,0.0588738828620972,0.0585520679688217,0.0582338596266483,0.0579191961689174,0.0576080173487088,0.0573002642978268,0.0569958794872046,0.0566948066886744,0.0563969909380441,0.0561023784994326,0.0558109168308124,0.0555225545507108,0.0552372414060263,0.0549549282409158,0.0546755669667109,0.0543991105328252,0.0541255128986125,0.0538547290061414,0.053586714753851,0.0533214269710543,0.0530588233932588,0.0527988626382702,0.0525415041830571,0.0522867083413401,0.0520344362418861,0.0517846498074773,0.0515373117345327,0.0512923854733585,0.0510498352090029,0.050809625842697,0.0505717229738577,0.0503360928826338,0.0501027025129785,0.0498715194562254,0.0496425119351549,0.0494156487885307,0.0491908994560925,0.0489682339639876,0.0487476229106275,0.0485290374529544,0.0483124492931043,0.0480978306654529,0.0478851543240315,0.0476743935303012,0.0474655220412723,0.0472585140979588,0.0470533444141567,0.0468499881655344,0.0466484209790269,0.0464486189225218,0.0462505584948303,0.0460542166159318,0.0458595706174835,0.0456665982335893,0.0454752775918155,0.0452855872044501,0.0450975059599933,0.0449110131148759,0.0447260882853981,0.044542711439878,0.0443608628910098,0.0441805232884181,0.0440016736114082,0.0438242951619037,0.043648369557566,0.0434738787250906,0.0433008048936746,0.0431291305886501,0.0429588386252798,0,0.240707224962253,0.235372900131995,0.230228844423273,0.225262711843151,0.220466738310083,0.215836282173873,0.211367677084177,0.207057201383166,0.20290071871212,0.198893626732354,0.195030931687155,0.191307363463853,0.187717492445662,0.184255832050192,0.180916921853684,0.177695391369387,0.174586006734228,0.171583703240801,0.168683606617229,0.165881045619809,0.163171558073158,0.1605508920706,0.158015003675736,0.155560052156839,0.153182393537276,0.150878573049939,0.148645316932662,0.146479523886055,0.14437825642738,0.142338732307886,0.140358316111281,0.13843451111381,0.136564951458788,0.134747394677951,0.132979714576983,0.131259894491609,0.129586020912787,0.127956277473963,0.126368939289486,0.124822367630746,0.12331500492499,0.12184537006085,0.120412053984279,0.119013715568562,0.117649077742334,0.116316923860022,0.11501609429967,0.113745483273794,0.112504035839623,0.111290745095804,0.110104649553391,0.108944830669671,0.107810410534078,0.106700549696137,0.105614445126028,0.104551328298993,0.10351046339538,0.102491145608685,0.101492699554482,0.100514477773598,0.0995558593233562,0.098616248451161,0.0976950733450492,0.0967917849562465,0.0959058558890898,0.0950367793540009,0.0941840681794998,0.0933472538795149,0.0925258857725131,0.0917195301492039,0.0909277694857967,0.0901502016999955,0.0893864394471068,0.0886361094538086,0.0878988518873021,0.0871743197577097,0.0864621783517324,0.0857621046957067,0.0850737870463258,0.0843969244074015,0.0837312260711517,0.0830764111825912,0.0824322083257001,0.0817983551301275,0.0811745978972634,0.0805606912445916,0.0799563977672993,0.0793614877161851,0.0787757386909672,0.0781989353481483,0.0776308691226449,0.0770713379624356,0.0765201460755324,0.0759771036886175,0.0754420268167261,0.0749147370433953,0.0743950613107351,0.0738828317189017,0.0733778853344921,0.0728800640074037,0.0723892141957256,0.0719051867982583,0.0714278369942786,0.0709570240901865,0.070492611372698,0.0700344659682559,0.0695824587083597,0.069136464000524,0.068696359704595,0.0682620270141688,0.0678333503428684,0.0674102172152468,0.0669925181621042,0.0665801466200074,0.0661729988348191,0.0657709737690534,0.0653739730128781,0.0649819006986016,0.0645946634184841,0.0642121701457251,0.063834332158484,0.0634610629667999,0.0630922782422811,0.0627278957504449,0.0623678352855897,0.0620120186080916,0.0616603693840191,0.0613128131269678,0.0609692771420204,0.0606296904717412,0.0602939838441195,0.0599620896223827,0.0596339417565961,0.0593094757369814,0.0589886285488799,0.0586713386292921,0.058357545824933,0.0580471913517396,0.057740217755771,0.0574365688754495,0.057136189805085,0.0568390268596338,0.0565450275406455,0.0562541405033459,0.055966315524818,0.0556815034732347,0.0553996562781036,0.0551207269014859,0.0548446693101517,0.0545714384486367,0.0543009902131656,0.0540332814264101,0.053768269813052,0.0535059139761185,0.0532461733740638,0.0529890082985685,0.052734379853031,0.0524822499317255,0.0522325811996031,0.0519853370727123,0.0517404816992163,0.0514979799409888,0.051257797355763,0.0510199001798186,0.0507842553111863,0.0505508302933512,0.0503195932994392,0.0500905131168686,0.0498635591324512,0.0496387013179284,0.0494159102159264,0.0491951569263163,0.0489764130929673,0.0487596508908771,0.0485448430136693,0.048331962661444,0.0481209835289715,0.0479118797942155,0.0477046261071781,0.0474991975790537,0.0472955697716824,0.047093718687294,0.0468936207585324,0.046695252838752,0.0464985921925772,0.0463036164867166,0.046110303781024,0.0459186325197983,0.0457285815233164,0.0455401299795881,0.0453532574363304,0.0451679437931515,0.04498416929394,0.0448019145194519,0.0446211603800891,0.0444418881088649,0.0442640792545494,0.0440877156749908,0.043912779530607,0.0437392532780408,0,0.24493871201322,0.239549381192299,0.234352319379532,0.229334860471703,0.224488047563296,0.219806244702075,0.215285276315954,0.210921290893814,0.206710254899126,0.202647790815569,0.198729179702893,0.194949432952076,0.191303385071488,0.187785784403878,0.184391371881348,0.181114944737793,0.177951405431148,0.174895797481794,0.171943330402679,0.169089395878937,0.166329577122547,0.163659653023976,0.161075598419161,0.158573581517855,0.156149959309023,0.153801271570888,0.151524233963126,0.14931573056084,0.147172806098358,0.145092658120345,0.143072629183752,0.141110199212992,0.139202978079585,0.137348698454051,0.135545208960211,0.133790467648934,0.132082535798686,0.130419572043163,0.128799826821167,0.127221637140304,0.125683421643617,0.124183675966667,0.122720968371586,0.121293935644183,0.119901279239993,0.118541761665345,0.117214203079758,0.115917478106477,0.11465051283843,0.113412282027485,0.112201806445481,0.111018150406131,0.109860419437504,0.108727758095395,0.107619347908503,0.106534405446874,0.105472180505637,0.104431954396553,0.103413038340414,0.102414771953761,0.101436521823857,0.100477680166225,0.0995376635594748,0.0986159117524716,0.0977118865392665,0.09682507069748,0.0959549669861586,0.0951010971993673,0.0942630012720492,0.0934402364349093,0.0926323764152996,0.0918390106812881,0.0910597437262768,0.0902941943917155,0.0895419952256186,0.0888027918747376,0.0880762425083972,0.0873620172721147,0.0866597977692644,0.085969276569143,0.085290156739913,0.0846221514049893,0.0839649833215268,0.0833183844797604,0.0826820957220122,0.0820558663802704,0.0814394539313037,0.0808326236683405,0.0802351483884048,0.0796468080944526,0.0790673897115094,0.0784966868160516,0.0779344993779266,0.0773806335141433,0.0768349012539088,0.0762971203143183,0.0757671138861487,0.0752447104292285,0.0747297434768932,0.074222051449065,0.0737214774735162,0.0732278692149059,0.0727410787111988,0.0722609622171035,0.0717873800541776,0.071320196467278,0.0708592794870422,0.0704045007981129,0.0699557356128248,0.0695128625500961,0.0690757635192763,0.068644323608714,0.0682184309788263,0.0677979767594594,0.0673828549513379,0.0669729623314198,0.0665681983619752,0.0661684651032194,0.0657736671293409,0.0653837114477711,0.0649985074215506,0.0646179666946564,0.0642420031201563,0.0638705326910689,0.0635034734738116,0.0631407455441226,0.0627822709253504,0.0624279735290133,0.0620777790975249,0.0617316151490029,0.0613894109240648,0.0610510973345356,0.0607166069139797,0.0603858737699901,0.0600588335381553,0.0597354233376397,0.0594155817283114,0.0590992486693524,0.0587863654792951,0.0584768747974256,0.0581707205465003,0.0578678478967241,0.0575682032309412,0.0572717341109888,0.0569783892451714,0.056688118456811,0.0564008726538308,0.0561166037993357,0.0558352648831492,0.0555568098942704,0.0552811937942193,0.0550083724912341,0.05473830281529,0.05447094249391,0.0542062501287364,0.0539441851728369,0.0536847079087186,0.0534277794270221,0.053173361605874,0.0529214170908727,0.0526719092756835,0.0524248022832255,0.0521800609474247,0.0519376507955158,0.0516975380308737,0.0514596895163562,0.0512240727581373,0.0509906558900203,0.0507594076582068,0.0505302974065128,0.0503032950620116,0.0500783711210926,0.0498554966359195,0.0496346432012766,0.0494157829417884,0.0491988884995017,0.0489839330218172,0.0487708901497597,0.0485597340065754,0.0483504391866459,0.048142980744709,0.0479373341853754,0.0477334754529334,0.0475313809214298,0.0473310273850218,0.0471323920485889,0.0469354525185957,0.0467401867942006,0.0465465732586014,0.0463545906706088,0.0461642181564449,0.0459754352017539,0.0457882216438246,0.0456025576640133,0.0454184237803647,0.0452358008404215,0.0450546700142213,0.0448750127874699,0.0446968109548899,0.0445200466137377,0,0.249130811893933,0.24368950057134,0.238441848901778,0.233374909518431,0.228479048521743,0.223747822901558,0.219176548514204,0.214761182202377,0.210497724256944,0.206381965102997,0.202409420134276,0.198575356801104,0.194874860264109,0.191302909104174,0.18785444697794,0.184524444128706,0.181307946966037,0.178200116093078,0.175196254125052,0.172291824956799,0.169482466120725,0.166763995709223,0.164132415115205,0.161583908620965,0.159114840662371,0.156721751420973,0.154401351252208,0.152150514340983,0.149966271882861,0.147845805015808,0.145786437670267,0.143785629461026,0.141840968710137,0.139950165663962,0.138111045947397,0.13632154428316,0.134579698492558,0.132883643785603,0.131231607341956,0.129621903179571,0.128052927304561,0.126523153133447,0.125031127177433,0.123575464977295,0.122154847276964,0.120768016423626,0.119413772982179,0.118090972552081,0.116798522774942,0.115535380521587,0.114300549247827,0.11309307650862,0.111912051620856,0.110756603465511,0.109625898420412,0.108519138415419,0.107435559102242,0.106374428131668,0.105335043531369,0.10431673217792,0.103318848357063,0.102340772406631,0.101381909436923,0.100441688123655,0.0995195595689388,0.0986149962260251,0.0977274908838649,0.0968565557077629,0.0960017213326746,0.0951625360059114,0.0943385647762396,0.0935293887265529,0.0927346042474875,0.0919538223495207,0.0911866680112529,0.0904327795617263,0.0896918080947697,0.0889634169134923,0.0882472810031667,0.087543086530857,0.0868505303702529,0.0861693196502649,0.0854991713260324,0.084839811771076,0.0841909763894095,0.0835524092464964,0.0829238627180094,0.0823050971554088,0.0816958805674245,0.0810959883165745,0.0805052028299093,0.0799233133232197,0.0793501155379896,0.0787854114904212,0.0782290092318946,0.0776807226202688,0.0771403711014573,0.0766077795007521,0.0760827778233926,0.0755652010639144,0.0750548890238285,0.0745516861372164,0.0740554413038442,0.0735660077294227,0.0730832427726618,0.0726070077987884,0.0721371680392086,0.0716735924570229,0.0712161536181087,0.0707647275675069,0.0703191937108611,0.0698794347006686,0.0694453363271218,0.0690167874133231,0.0685936797146719,0.0681759078222333,0.0677633690699044,0.0673559634452073,0.0669535935035443,0.0665561642857604,0.0661635832388657,0.0657757601397772,0.0653926070219474,0.0650140381047531,0.0646399697255244,0.0642703202740994,0.0639050101297966,0.0635439616007,0.0631870988651616,0.0628343479154234,0.0624856365032741,0.0621408940876528,0.0618000517841191,0.0614630423161139,0.0611297999679354,0.0608002605393629,0.060474361301858,0.0601520409562835,0.0598332395920748,0.0595178986478101,0.0592059608731207,0.05889737029189,0.0585920721666896,0.058290012964406,0.0579911403230097,0.0576954030194228,0.0574027509384448,0.0571131350426944,0.056826507343528,0.0565428208729008,0.0562620296561326,0.0559840886855446,0.0557089538949369,0.055436582134873,0.0551669311487429,0.0548999595495765,0.0546356267975791,0.0543738931783642,0.0541147197818564,0.0538580684818417,0.0536039019161433,0.0533521834673975,0.0531028772444113,0.0528559480640805,0.0526113614338473,0.0523690835346813,0.0521290812045626,0.0518913219224532,0.0516557737927363,0.0514224055301109,0.0511911864449233,0.0509620864289235,0.0507350759414296,0.0505101259958885,0.0502872081468191,0.0500662944771244,0.0498473575857623,0.0496303705757609,0.0494153070425693,0.0492021410627315,0.0489908471828737,0.0487814004089941,0.048573776196047,0.0483679504378095,0.0481638994570251,0.0479615999958111,0.0477610292063254,0.0475621646416834,0.0473649842471156,0.0471694663513609,0.0469755896582855,0.0467833332387239,0.0465926765225323,0.0464035992908494,0.0462160816685571,0.0460301041169369,0.0458456474265138,0.0456626927100843,0.0454812213959215,0.0453012152211532,0,0.253280059913049,0.247791456350789,0.242496273956434,0.237382099320798,0.232439162560612,0.227660483913207,0.223040940493743,0.218576278044905,0.214262484146146,0.210095470623332,0.206070950298489,0.202184421316011,0.198431204482362,0.194806501822147,0.191305458942243,0.187923222457075,0.184654988740765,0.181496043036812,0.178441789375074,0.175487772384988,0.172629692299937,0.169863414427738,0.167184974236514,0.164590579040678,0.162076607103704,0.159639604819944,0.157276282503517,0.154983509199903,0.152758306843652,0.150597844011398,0.148499429460138,0.146460505594066,0.144478641966521,0.142551528895111,0.14067697124586,0.138852882425144,0.137077278605051,0.135348273197791,0.133664071587195,0.132022966119663,0.130423331352691,0.128863619556043,0.127342356458427,0.125858137231033,0.124409622698277,0.122995535765517,0.121614658053193,0.120265826726787,0.118947931512092,0.117659911885488,0.116400754429266,0.115169490342352,0.11396519309725,0.112786976234412,0.111633991285701,0.110505425819055,0.109400501596899,0.108318472841264,0.10725862459903,0.106220271201043,0.105202754809311,0.104205444046786,0.10322773270462,0.102269038522097,0.101328802034745,0.100406485486437,0.0995015718015394,0.0986135636134439,0.0977419823460336,0.0968863673448825,0.096046275055174,0.0952212782435327,0.0944109652611406,0.0936149393456794,0.0928328179598001,0.0920642321639674,0.0913088260216679,0.0905662560350932,0.0898361906095386,0.0891183095448603,0.0884123035524446,0.0877178737962398,0.0870347314564874,0.0863625973148798,0.0857012013599491,0.0850502824115622,0.08440958776347,0.083778872842923,0.0831579008864229,0.0825464426307362,0.0819442760183532,0.0813511859166177,0.0807669638498036,0.0801914077434548,0.0796243216803485,0.0790655156674726,0.0785148054134518,0.0779720121158842,0.0774369622580803,0.0769094874147306,0.0763894240660497,0.0758766134199736,0.0753709012420073,0.0748721376923474,0.0743801771699198,0.0738948781629957,0.0734161031060667,0.072943718242677,0.0724775934939279,0.072017602332383,0.0715636216611207,0.0711155316976892,0.0706732158627382,0.0702365606731068,0.0698054556391633,0.0693797931662035,0.0689594684597182,0.0685443794343595,0.068134426626435,0.0677295131097743,0.0673295444148181,0.0669344284507843,0.0665440754307798,0.0661583977997254,0.0657773101649753,0.0654007292295108,0.0650285737276004,0.0646607643628213,0.0642972237483384,0.0639378763493513,0.0635826484276116,0.0632314679879303,0.0628842647265885,0.0625409699815749,0.0622015166845746,0.0618658393146381,0.061533873853461,0.0612055577422124,0.0608808298398459,0.0605596303828382,0.0602419009462945,0.0599275844063711,0.0596166249039602,0.0593089678095891,0.0590045596894856,0.0587033482727672,0.0584052824197076,0.0581103120910419,0.057818388318269,0.0575294631749163,0.0572434897487267,0.0569604221147383,0.056680215309218,0.0564028253044232,0.0561282089841552,0.0558563241200821,0.0555871293487955,0.0553205841495817,0.0550566488228762,0.0547952844693805,0.054536452969815,0.0542801169652883,0.054026239838257,0.053774785694061,0.0535257193430073,0.0532790062829898,0.0530346126826221,0.0527925053648669,0.0525526517911467,0.0523150200459153,0.0520795788216798,0.0518462974044532,0.0516151456596254,0.051386094018239,0.0511591134636549,0.050934175518595,0.0507112522325515,0.0504903161695484,0.0502713403962449,0.0500542984703688,0.0498391644294709,0.0496259127799877,0.0494145184866045,0.0492049569619077,0.0489972040563193,0.048791236048302,0.0485870296348279,0.0483845619221033,0.0481838104165392,0.0479847530159622,0.047787368001058,0.0475916340270383,0.0473975301155269,0.0472050356466566,0.0470141303513716,0.0468247943039281,0.0466370079145883,0.0464507519225013,0.0462660073887644,0.0460827556896615,0,0.257383429863905,0.251853242168499,0.246514204519924,0.241355477327976,0.236367679870489,0.23154362042249,0.226877867045085,0.222365977415846,0.218003905330538,0.213787651054117,0.209713094171864,0.20577594020264,0.201971730423298,0.198295882304597,0.194743741060788,0.191310631460128,0.187991904434405,0.184782976229133,0.181679359637696,0.178676687799193,0.175770731462367,0.172957410749143,0.170232802427315,0.167593143603784,0.165034832623646,0.16255442783142,0.160148644731134,0.157814351977232,0.155548566539421,0.153348448311103,0.151211294371063,0.149134533059893,0.147115717994082,0.145152522110207,0.143242731807616,0.141384241239176,0.13957504678494,0.137813241732274,0.13609701117714,0.134424627154582,0.132794444001334,0.131204893949668,0.129654482948757,0.128141786707804,0.126665446953708,0.125224167895096,0.123816712883907,0.122441901265385,0.121098605407208,0.119785747898503,0.118502298909645,0.117247273703973,0.116019730292839,0.114818767225739,0.113643521507648,0.112493166636032,0.1113669107504,0.110263994887646,0.109183691336782,0.108125302087041,0.107088157363691,0.106071614246194,0.105075055363722,0.104097887663321,0.103139541246285,0.102199468268631,0.101277141901768,0.100372055349743,0.0994837209196465,0.0986116691419988,0.0977554479381205,0.096914621831701,0.096088771201939,0.0952774915758089,0.0944803929571537,0.093697099190456,0.0929272473572714,0.0921704872034386,0.0914264805952954,0.0906949010032469,0.0899754330111264,0.0892677718498969,0.0885716229543232,0.0878867015413326,0.0872127322088615,0.0865494485540562,0.0858965928097683,0.0852539154983458,0.0846211751017849,0.0839981377473614,0.0833845769079117,0.082780273115989,0.0821850136911545,0.0815985924797236,0.0810208096063074,0.0804514712365449,0.0798903893504471,0.0793373815258071,0.0787922707311704,0.0782548851278737,0.0777250578807057,0.0772026269767501,0.0766874350520129,0.076179329225445,0.0756781609400003,0.0751837858103847,0.0746960634771751,0.0742148574669989,0.0737400350584857,0.0732714671537185,0.072809028154922,0.0723525958461432,0.0719020512796938,0.0714572786671297,0.0710181652745616,0.0705846013220977,0.0701564798872295,0.0697336968119829,0.0693161506136667,0.0689037423990537,0.068496375781847,0.0680939568032839,0.0676963938557363,0.067303597609185,0.0669154809404339,0.0665319588649533,0.0661529484712352,0.0657783688575546,0.0654081410710359,0.0650421880489254,0.0646804345619793,0.0643228071598772,0.0639692341185784,0.0636196453895413,0.0632739725507275,0.0629321487593208,0.062594108706089,0.0622597885713241,0.0619291259822961,0.0616020599721628,0.0612785309402737,0.0609584806138174,0.0606418520107571,0.0603285894040048,0.0600186382867863,0.0597119453391507,0.0594084583955811,0.0591081264136648,0.0588108994437801,0.0585167285997656,0.0582255660305318,0.0579373648925807,0.0576520793234007,0.0573696644157031,0.0570900761924692,0.0568132715827808,0.0565392083984007,0.0562678453110825,0.0559991418305769,0.0557330582833151,0.0554695557917407,0.0552085962542705,0.0549501423258595,0.0546941573991513,0.0544406055861902,0.0541894517006794,0.0539406612407624,0.0536942003723133,0.0534500359127159,0.0532081353151156,0.0529684666531285,0.052730998605993,0.0524957004441466,0.0522625420152159,0.0520314937304056,0.0518025265512719,0.0515756119768705,0.0513507220312627,0.0511278292513727,0.0509069066751808,0.0506879278302438,0.0504708667225307,0.0502556978255653,0.0500423960698636,0.0498309368326599,0.0496212959279073,0.0494134495965511,0.0492073744970586,0.0490030476962054,0.048800446660102,0.0485995492454605,0.048400333691089,0.0482027786096104,0.0480068629793953,0.0478125661367052,0.0476198677680383,0.0474287479026711,0.0472391869053936,0.0470511654694266,0.046864664609521,0,0.26143875220691,0.255872701721139,0.250494053162015,0.24529390634,0.24026375143223,0.235396535888353,0.230686695110119,0.226129661346269,0.221721360277551,0.217457863607677,0.213335195559818,0.209349249606213,0.205495773518546,0.201770391970136,0.198168646512149,0.194686040682483,0.191318083396965,0.188060327215041,0.184908400155557,0.181858030925091,0.178905068041984,0.176045493616989,0.173275432631236,0.170591158524967,0.167989095831293,0.165465820490195,0.163018058376886,0.160642682484596,0.158336709118699,0.156097293388119,0.153921724220572,0.151807419079387,0.149751918519945,0.147752880691803,0.145808075866975,0.143915381054517,0.142072774745462,0.14027833181952,0.138530218635052,0.136826688316119,0.135166076244485,0.133546795759873,0.131967334068319,0.130426248355894,0.128922162103139,0.127453761594218,0.126019792613809,0.124619057324168,0.12325041131441,0.121912760813895,0.120605060061548,0.119326308823083,0.118075550048205,0.116851867660146,0.115654384470132,0.114482260209669,0.113334689673893,0.112210900969489,0.111110153861072,0.110031738210202,0.10897497250155,0.107939202451022,0.106923799690957,0.105928160527802,0.104951704767926,0.10399387460752,0.103054133582754,0.102131965576604,0.101226873878994,0.100338380297084,0.0994660243127545,0.098609362284508,0.0977679666911779,0.0969414254150173,0.0961293410618697,0.0953313303162806,0.0945470233295374,0.093776063138751,0.0930181051152099,0.0922728164403486,0.0915398756077677,0.090818971949851,0.0901098051876022,0.0894120850024157,0.0887255306285705,0.0880498704653121,0.0873848417074534,0.0867301899934898,0.0860856690702886,0.0854510404734606,0.0848260732225827,0.0842105435304833,0.0836042345258511,0.0830069359884737,0.0824184440964454,0.0818385611847294,0.0812670955144914,0.0807038610526532,0.0801486772611503,0.0796013688954042,0.0790617658115467,0.0785297027819636,0.078005019318742,0.0774875595046375,0.0769771718311894,0.0764737090436418,0.0759770279923364,0.0754869894902724,0.0750034581765343,0.0745263023853146,0.0740553940202632,0.0735906084339175,0.0731318243119755,0.072678923562188,0.072231791207658,0.0717903152843448,0.0713543867425841,0.0709238993524402,0.0704987496127191,0.0700788366634814,0.0696640622018957,0.0692543304012896,0.0688495478332536,0.0684496233926687,0.0680544682255304,0.0676639956594453,0.0672781211366902,0.0668967621497231,0.0665198381790399,0.0661472706332824,0.0657789827914994,0.0654148997474739,0.06505494835603,0.0646990571812372,0.0643471564464362,0.0639991779860104,0.0636550551988345,0.0633147230033294,0.0629781177940633,0.0626451773998334,0.0623158410431733,0.0619900493012266,0.061667744067936,0.0613488685174951,0.0610333670690132,0.06072118535235,0.0604122701750703,0.0601065694904804,0.0598040323667026,0.0595046089567493,0.05920825046956,0.0589149091419644,0.0586245382115366,0.0583370918903094,0.0580525253393159,0.0577707946439272,0.0574918567899595,0.057215669640521,0.0569421919135725,0.0566713831601769,0.0564032037434109,0.0561376148179181,0.0558745783100795,0.0556140568987792,0.0553560139967451,0.055100413732446,0.0548472209325225,0.0545964011047372,0.0543479204214237,0.0541017457034174,0.0538578444044543,0.0536161845960198,0.0533767349526315,0.0531394647375448,0.0529043437888642,0.0526713425060485,0.0524404318367953,0.0522115832642952,0.0519847687948403,0.0517599609457782,0.0515371327337977,0.051316257663539,0.0510973097165141,0.0508802633403304,0.0506650934382067,0.0504517753587723,0.0502402848861412,0.0500305982302502,0.0498226920174573,0.0496165432813868,0.0494121294540186,0.0492094283570106,0.0490084181932477,0.0488090775386122,0.0486113853339675,0.048415320877348,0.0482208638163518,0.0480279941407259,0.0478366921751423,0.0476469385721555,0,0.265444000338037,0.259847556148934,0.254434070911402,0.249196078844659,0.244126387216127,0.239218434400792,0.234466730866835,0.22986668027223,0.225414212171273,0.221105470097261,0.216936611151741,0.212903702891002,0.209002688118864,0.205229391191845,0.201579546482531,0.198048836208575,0.194632929829214,0.191327520666361,0.188128357648541,0.185031271448674,0.18203219507448,0.179127179381918,0.176312404162238,0.173584185497999,0.170938980053925,0.168373386902784,0.165884147406934,0.163468143595446,0.161122395401475,0.158844057057702,0.156630412890171,0.154478872702349,0.15238696690112,0.150352341483404,0.148372752975393,0.146446063394754,0.144570235288858,0.142743326888304,0.14096348740402,0.13922895248764,0.137538039868035,0.135889145171622,0.134280737929993,0.132711357775254,0.13117961082113,0.129684166226102,0.128223752933567,0.126797156583099,0.125403216586281,0.124040823360174,0.122708915711317,0.121406478363053,0.120132539619041,0.118886169155909,0.117666475938195,0.116472606248929,0.115303741829476,0.114159098122487,0.113037922612122,0.111939493255968,0.110863117003355,0.109808128395066,0.108773888239685,0.107759782362115,0.106765220420039,0.10578963478434,0.104832479479734,0.103893229182084,0.102971378269096,0.102066439921262,0.101177945270132,0.100305442591167,0.0994484965385891,0.0986066874198009,0.0977796105071104,0.0969668753846113,0.0961681053282243,0.0953829367170112,0.0946110184739971,0.0938520115348408,0.0931055883427944,0.0923714323684882,0.0916492376531675,0.0909387083740881,0.0902395584308558,0.0895515110515703,0.0888742984176994,0.0882076613066731,0.0875513487512514,0.0869051177147683,0.0862687327814154,0.0856419658607691,0.0850245959058195,0.0844164086437968,0.0838171963191327,0.0832267574479347,0.0826448965833833,0.0820714240914988,0.0815061559367522,0.0809489134770274,0.0803995232674688,0.0798578168727712,0.0793236306874999,0.0787968057640426,0.0782771876478259,0.0777646262194421,0.077258975543356,0.0767600937228735,0.0762678427610784,0.0757820884274543,0.0753027001299205,0.0748295507920367,0.0743625167351294,0.0739014775651178,0.0734463160638207,0.0729969180845423,0.0725531724517413,0.0721149708646008,0.0716822078043224,0.0712547804449814,0.0708325885677825,0.0704155344785691,0.0700035229284405,0.0695964610373466,0.0691942582205262,0.0687968261176698,0.0684040785246905,0.0680159313279896,0.0676323024411144,0.0672531117437057,0.06687828102264,0.0665077339152761,0.0661413958547161,0.0657791940170024,0.0654210572701679,0.0650669161250664,0.0647167026879092,0.0643703506144414,0.0640277950656918,0.0636889726652317,0.0633538214578868,0.0630222808698417,0.062694291670084,0.0623697959331365,0.0620487370030251,0.061731059458439,0.0614167090790323,0.0611056328128298,0.0607977787446881,0.0604930960657787,0.0601915350440507,0.0598930469956377,0.0595975842571751,0.0593051001589917,0.0590155489991458,0.0587288860182747,0.058445067375225,0.0581640501234408,0.0578857921880778,0.0576102523438192,0.0573373901933695,0.0570671661465994,0.0567995414003217,0.0565344779186743,0.0562719384140893,0.0560118863288291,0.0557542858170676,0.0554991017275002,0.0552462995864632,0.0549958455815448,0.054747706545672,0.0545018499416574,0.0542582438471896,0.0540168569402527,0.0537776584849614,0.053540618317796,0.0533057068342274,0.0530728949757154,0.0528421542170706,0.0526134565541686,0.0523867744920024,0.0521620810330643,0.051939349666047,0.0517185543548517,0.0514996695278954,0.0512826700677064,0.051067531300801,0.0508542289878293,0.0506427393139864,0.0504330388796754,0.0502251046914188,0.0500189141530078,0.0498144450568843,0.0496116755757475,0.0494105842543774,0.0492111500016703,0.049013352082879,0.0488171701120512,0.0486225840446623,0.0484295741704336,0,0.269394887555578,0.263775451442536,0.258332383535965,0.253060535264132,0.24795445967557,0.243008415047447,0.238217209961032,0.233576343331989,0.229081804962055,0.22472982845184,0.220516703667237,0.21643866531238,0.212491843473974,0.208672256340112,0.204975828041811,0.201398419174242,0.197935861768449,0.194583993714499,0.191338689895785,0.188195888773893,0.185151614076028,0.182201991761744,0.179343262717403,0.176571791740959,0.173884073400517,0.171276735319592,0.168746539386177,0.16629038131757,0.163905288947316,0.161588419539517,0.15933705638128,0.157148604856923,0.155020588167604,0.152950642826638,0.150936514033218,0.148976051004647,0.147067202328893,0.145208011384423,0.143396611862383,0.141631223416677,0.139910147459941,0.138231763117417,0.136594523346057,0.134996951222496,0.133437636400733,0.13191523173818,0.130428450087101,0.128976061247278,0.127556889074855,0.12616980874172,0.124813744139399,0.123487665421188,0.12219058667619,0.120921563728889,0.119679692057987,0.118464104828364,0.117273971030185,0.116108493719394,0.114966908354042,0.113848481221144,0.112752507948998,0.111678312100149,0.110625243840397,0.109592678679541,0.108580016279718,0.107586679327473,0.106612112465897,0.105655781283364,0.104717171355619,0.103795787338153,0.102891152105964,0.102002805938006,0.101130305743762,0.10027322432953,0.0994311497021904,0.0986036844082993,0.0977904449065416,0.096991060971652,0.0962051751280463,0.095432442111511,0.0946725283573865,0.093925111513789,0.0931898799784878,0.0924665324581493,0.0917547775487286,0.0910543333358643,0.0903649270141995,0.0896862945246166,0.08901818020843,0.0883603364776407,0.0877125235004045,0.0870745089009202,0.086446067472983,0.0858269809064993,0.085217037526294,0.0846160320425803,0.084023765312501,0.0834400441121788,0.0828646809187487,0.0822974937018743,0.0817383057242728,0.0811869453508093,0.0806432458657348,0.0801070452976723,0.0795781862519752,0.0790565157501021,0.0785418850756713,0.0780341496268754,0.0775331687749575,0.0770388057284609,0.0765509274029823,0.0760694042961736,0.0755941103677469,0.0751249229242558,0.0746617225084317,0.0742043927928685,0.0737528204778607,0.0733068951932063,0.0728665094037978,0.0724315583188348,0.0720019398044946,0.0715775542999128,0.0711583047363264,0.0707440964592444,0.0703348371535131,0.0699304367711538,0.0695308074618521,0.0691358635059908,0.0687455212501123,0.0683596990447157,0.0679783171842854,0.0676012978494625,0.0672285650512691,0.0668600445772998,0.0664956639398041,0.0661353523255772,0.0657790405475935,0.0654266609983049,0.0650781476045443,0.0647334357839656,0.0643924624029634,0.0640551657360104,0.0637214854263614,0.0633913624480667,0.0630647390692468,0.0627415588165795,0.0624217664409527,0.0621053078842378,0.0617921302471437,0.0614821817581073,0.061175411743185,0.0608717705969059,0.0605712097540507,0.0602736816623245,0.0599791397558888,0.0596875384297206,0.0593988330147716,0.0591129797538951,0.0588299357785155,0.0585496590860131,0.0582721085177975,0.0579972437380481,0.0577250252130943,0.0574554141914173,0.0571883726842471,0.056923863446739,0.0566618499597054,0.056402296411886,0.0561451676827378,0.0558904293257264,0.0556380475521017,0.0553879892151439,0.0551402217948594,0.0548947133831167,0.0546514326692039,0.0544103489257959,0.0541714319953167,0.0539346522766847,0.0536999807124274,0.0534673887761555,0.0532368484603816,0.0530083322646762,0.0527818131841467,0.0525572646982314,0.0523346607597978,0.0521139757845356,0.0518951846406345,0.0516782626387386,0.0514631855221694,0.0512499294574073,0.0510384710248249,0.0508287872096652,0.0506208553932535,0.0504146533444407,0.0502101592112676,0.0500073515128449,0.0498062091314426,0.0496067113047814,0.0494088376185201,0.0492125679989354,0,0.273287513932837,0.267654077803109,0.262187025052059,0.256885684072946,0.251746711513349,0.246765470508075,0.241937290993685,0.237257909850153,0.232723454734112,0.22833028492992,0.224074835296,0.219953508735631,0.215962619621007,0.212098376666352,0.208356891836021,0.204734204095328,0.201226309905109,0.197829195133825,0.194538865189757,0.191351371673078,0.188262834833574,0.185269461729426,0.182367560331483,0.17955354999475,0.176823968788039,0.174175478177548,0.171604865529301,0.169109044847195,0.166685056109007,0.164330063508599,0.162041352862242,0.159816328391982,0.15765250905993,0.155547524594032,0.153499111317926,0.151505107874178,0.149563450911094,0.147672170787553,0.145829387337596,0.144033305726192,0.142282212419256,0.14057447128442,0.138908519833696,0.137282865615043,0.135696082756531,0.134146808664226,0.132633740872975,0.13115563404773,0.129711297131945,0.128299590638759,0.126919424080072,0.125569753528267,0.124249579305065,0.122957943791892,0.121693929356104,0.120456656387469,0.119245281439389,0.118058995469492,0.116897022174383,0.115758616413544,0.114643062717546,0.113549673875982,0.1124777896007,0.11142677526017,0.110396020680989,0.109384939012769,0.108392965652825,0.107419557227301,0.106464190625528,0.10552636208462,0.104605586321459,0.1037013957094,0.10281333949716,0.101940983067546,0.101083907233745,0.100241707571111,0.0994139937824438,0.0986003890949065,0.0978005296868214,0.0970140641427018,0.0962406529349627,0.0954799679308489,0.0947316919232085,0.0939955181838171,0.0932711500380332,0.0925583004596415,0.0918566916848027,0.0911660548440932,0.0904861296116794,0.0898166638707214,0.0891574133941612,0.0885081415400886,0.087868618960933,0.087238623325771,0.086617939055072,0.0860063570672547,0.0854036745364526,0.0848096946609253,0.0842242264415822,0.0836470844701155,0.0830780887262675,0.082517064383781,0.08196384162461,0.0814182554609867,0.0808801455649685,0.0803493561050998,0.0798257355898544,0.0793091367175325,0.0787994162323089,0.0782964347861421,0.0778000568062733,0.0773101503680522,0.0768265870728466,0.0763492419308019,0.0758779932482278,0.0754127225194035,0.074953314322603,0.0744996562201484,0.0740516386623152,0.0736091548949161,0.0731721008704023,0.0727403751623284,0.0723138788830326,0.0718925156043965,0.0714761912815471,0.0710648141793791,0.0706582948017753,0.07025654582341,0.0698594820240298,0.0694670202251039,0.0690790792287486,0.0686955797588308,0.0683164444041579,0.0679415975636747,0.067570965393579,0.0672044757562828,0.0668420581711418,0.0664836437668847,0.0661291652356721,0.0657785567887229,0.0654317541134438,0.0650886943320051,0.0647493159613058,0.0644135588742721,0.0640813642624418,0.0637526745997808,0.0634274336076878,0.0631055862211417,0.0627870785559453,0.0624718578770295,0.062159872567773,0.0618510721003034,0.0615454070067417,0.0612428288513552,0.0609432902035871,0.0606467446119284,0.0603531465786043,0.0600624515350432,0.0597746158181023,0.0594895966470204,0.0592073521010746,0.0589278410979145,0.0586510233725497,0.0583768594569689,0.0581053106603679,0.0578363390499652,0.0575699074323852,0.0573059793355901,0.0570445189913399,0.0567854913181647,0.0565288619048306,0.0562745969942829,0.0560226634680507,0.0557730288310972,0.0555256611971015,0.0552805292741562,0.0550376023508699,0.0547968502828574,0.0545582434796087,0.0543217528917224,0.0540873499984919,0.0538550067958336,0.0536246957845457,0.0533963899588882,0.0531700627954717,0.0529456882424469,0.0527232407089855,0.0525026950550419,0.0522840265813891,0.0520672110199181,0.0518522245241934,0.0516390436602577,0.0514276453976774,0.0512180071008213,0.0510101065203655,0.0508039217850178,0.0505994313934554,0.0503966142064693,0.0501954494393081,0.0499959166542178,0,0.277120922784557,0.271481234405686,0.265995963459752,0.260669822117472,0.255501766741349,0.250488489498176,0.245626052264868,0.240910583188556,0.236338442625606,0.231906167258957,0.227610361624524,0.223447606555175,0.219414403298358,0.215507151113542,0.211722149657836,0.208055617056411,0.204503716259734,0.201062584395399,0.197728361675175,0.194497217838078,0.191365375111348,0.188329127331419,0.185384855274283,0.182529038475118,0.179758263930179,0.177069232112567,0.174458760727709,0.171923786603879,0.169461366070912,0.167068674134195,0.164743002705705,0.162481758111898,0.160282458060677,0.158142728216982,0.156060298508523,0.154032999259513,0.152058757230507,0.15013559162606,0.148261610118415,0.146435004924437,0.14465404896396,0.14291709212053,0.141222557619582,0.13956893853446,0.137954794426912,0.136378748125761,0.134839482645095,0.13333573824155,0.131866309608852,0.130430043206733,0.129025834720564,0.127652626647494,0.126309406004497,0.124995202153462,0.123709084738368,0.122450161729494,0.121217577569656,0.120010511417523,0.118828175483164,0.117669813451124,0.116534698986491,0.115422134319542,0.11433144890481,0.113261998150516,0.112213162214563,0.111184344863425,0.110174972390488,0.109184492590541,0.108212373787314,0.107258103911112,0.106321189623775,0.105401155488314,0.104497543180763,0.103609910741884,0.102737831866535,0.10188089522861,0.101038703839585,0.10021087443883,0.0993970369139396,0.0985968337494471,0.0978099195023643,0.0970359603031071,0.0962746333804224,0.0955256266090344,0.0947886380787856,0.0940633756841314,0.093349556732906,0.0926469075733417,0.0919551632383825,0.0912740671063871,0.0906033705773691,0.0899428327639694,0.0892922201964025,0.0886513065406616,0.0880198723293056,0.0873977047041913,0.0867845971705509,0.0861803493618406,0.0855847668148302,0.0849976607544219,0.0844188478877196,0.0838481502068974,0.0832853948004341,0.082730413672315,0.0821830435688093,0.0816431258124677,0.0811105061429905,0.0805850345646443,0.0800665651999177,0.0795549561491232,0.0790500693556709,0.078551770476748,0.0780599287591583,0.0775744169200847,0.0770951110325486,0.0766218904153588,0.0761546375273407,0.0756932378656622,0.0752375798680675,0.0747875548188501,0.074343056758399,0.0739039823961619,0.0734702310268764,0.0730417044499305,0.0726183068917132,0.0721999449308324,0.0717865274260738,0.0713779654469897,0.0709741722069999,0.0705750629989097,0.0701805551327341,0.0697905678757405,0.0694050223946142,0.0690238416996629,0.0686469505909744,0.0682742756064507,0.0679057449716421,0.0675412885513093,0.0671808378026439,0.066824325730084,0.066471686841659,0.0661228571068062,0.0657777739156003,0.0654363760393419,0.0650986035924521,0.0647643979956232,0.0644337019401774,0.0641064593535889,0.0637826153661231,0.0634621162785528,0.0631449095309109,0.0628309436722401,0.0625201683313042,0.0622125341882241,0.0619079929470049,0.0616064973089237,0.0613080009467434,0.0610124584797252,0.0607198254494108,0.0604300582961461,0.0601431143363205,0.0598589517402963,0.059577529511004,0.0592988074631806,0.0590227462032273,0.0587493071096672,0.058478452314179,0.0582101446831911,0.0579443478000136,0.0576810259474906,0.057420144091157,0.0571616678628804,0.0569055635449731,0.0566517980547588,0.0564003389295775,0.0561511543122158,0.055904212936747,0.0556594841147695,0.0554169377220282,0.0551765441854084,0.0549382744702887,0.0547021000682432,0.0544679929850795,0.0542359257292034,0.0540058713002999,0.0537778031783197,0.0535516953127621,0.0533275221122447,0.0531052584343515,0.0528848795757506,0.0526663612625725,0.0524496796410426,0.0522348112683571,0.0520217331037985,0.0518104225000812,0.0516008571949204,0.0513930153028194,0.051186875307065,0.0509824160519291,0.0507796167350671,0,0.280894425608837,0.275254778880279,0.269757116661896,0.264411154082017,0.259218144217337,0.254176262650927,0.249282491694476,0.244533507072438,0.23992600948732,0.235456778899006,0.231122626229399,0.226920328963487,0.222846584002533,0.218897985142826,0.215071021960995,0.211362093807219,0.207767532753886,0.204283630614293,0.200906666588542,0.197632933342575,0.19445876028027,0.191380533440494,0.188394711893207,0.185497840779316,0.182686561288911,0.179957617941776,0.177307863551985,0.17473426224568,0.172233890871516,0.169803939105939,0.167441708515893,0.165144610803218,0.162910165419506,0.160735996708544,0.158619830705797,0.156559491700615,0.154552898646724,0.152598061489597,0.150693077465245,0.148836127413277,0.147025472137481,0.145259448839342,0.143536467643486,0.141855008228901,0.140213616575555,0.138610901832738,0.137045533312742,0.135516237611414,0.134021795855461,0.132561041075089,0.131132855699614,0.129736169172906,0.128369955685046,0.127033232016149,0.125725055488094,0.124444522019734,0.123190764281104,0.121962949942133,0.120760280011409,0.119581987260636,0.118427334730522,0.117295614313969,0.116186145412588,0.115098273662696,0.114031369727141,0.112984828149426,0.111958066266819,0.110950523179224,0.109961658770825,0.108990952781612,0.108037903926073,0.107102029056481,0.106182862368334,0.105279954645645,0.104392872543915,0.103521197908712,0.10266452712795,0.101822470516002,0.100994651727948,0.100180707202311,0.0993802856307553,0.0985930474533001,0.0978186643776712,0.0970568189215161,0.0963072039762607,0.0955695223914668,0.0948434865786084,0.0941288181332486,0.0934252474746598,0.0927325135019771,0.0920503632660329,0.0913785516560659,0.0907168411005414,0.0900650012813675,0.0894228088608248,0.0887900472205715,0.0881665062121188,0.087551981918203,0.0869462764245135,0.0863491976012695,0.0857605588941576,0.0851801791241762,0.0846078822959555,0.0840434974141399,0.0834868583074515,0.0829378034600632,0.0823961758499381,0.0818618227938041,0.0813345957984534,0.0808143504180716,0.080300946117318,0.0797942461398874,0.0792941173823082,0.0788004302727325,0.0783130586544939,0.0778318796742191,0.0773567736742864,0.0768876240894389,0.0764243173473686,0.0759667427730938,0.075514792496966,0.0750683613661468,0.0746273468594043,0.0741916490050852,0.0737611703021287,0.0733358156439891,0.0729154922453461,0.0725001095714848,0.0720895792702319,0.0716838151063436,0.0712827328982424,0.0708862504570047,0.0704942875275084,0.0701067657316527,0.0697236085135635,0.0693447410867072,0.0689700903828326,0.0685995850026732,0.0682331551683329,0.0678707326772957,0.0675122508579893,0.067157644526847,0.0668068499468057,0.0664598047871864,0.0661164480849034,0.0657767202069517,0.0654405628141228,0.0651079188259041,0.064778732386515,0.0644529488320395,0.0641305146586119,0.0638113774916188,0.063495486055878,0.063182790146759,0.0628732406022117,0.0625667892756681,0.0622633890097871,0.0619629936110123,0.0616655578249108,0.061371037312269,0.0610793886259159,0.0607905691882493,0.0605045372694392,0.0602212519662858,0.0599406731817092,0.0596627616048477,0.0593874786917451,0.0591147866466064,0.0588446484036017,0.0585770276092011,0.0583118886050208,0.058049196411166,0.0577889167100495,0.0575310158306754,0.0572754607333679,0.0570222189949344,0.0567712587942444,0.0565225488982144,0.0562760586481836,0.0560317579466682,0.0557896172444816,0.0555496075282096,0.0553117003080283,0.0550758676058549,0.05484208194382,0.0546103163330505,0.0543805442627557,0.0541527396896049,0.053926877027388,0.0537029311369518,0.0534808773164001,0.0532606912915532,0.0530423492066572,0.0528258276153352,0.0526111034717733,0.0523981541221342,0.0521869572961922,0.0519774910991826,0.0517697340038587,0.0515636648427509,0,0.28460726241728,0.278972581316783,0.273468360465159,0.268107810799831,0.262894273099192,0.257827491454021,0.252905529788555,0.248125764439545,0.243485352418627,0.238981394598698,0.234610956099955,0.230371038711381,0.226258550303707,0.222270287666839,0.218402935387481,0.214653077817772,0.211017219712127,0.207491811417006,0.204073275416856,0.200758032028283,0.197542522878808,0.194423231448627,0.191396700404501,0.188459545749515,0.185608467990041,0.182840260616014,0.180151816229999,0.177540130664495,0.175002305409872,0.172535548647013,0.170137175145366,0.167804605252884,0.16553536317139,0.163327074680744,0.161177464448134,0.159084353035284,0.157045653696016,0.155059369039326,0.153123587618534,0.15123648049489,0.149396297813864,0.14760136542394,0.14585008156087,0.144140913614684,0.142472394992126,0.140843122083511,0.139251751339944,0.137696996464464,0.136177625718748,0.134692459345503,0.133240367105492,0.131820265927246,0.130431117666793,0.129071926974267,0.127741739263858,0.126439638783345,0.125164746779285,0.123916219753839,0.122693247809232,0.121495053075824,0.12032088821986,0.119170035027038,0.118041803058152,0.116935528373179,0.115850572320311,0.114786320386585,0.113742181106895,0.112717585028298,0.111711983726716,0.110724848873212,0.109755671347224,0.108803960394212,0.107869242825358,0.106951062257041,0.106048978387968,0.105162566311914,0.104291415864179,0.103435130999942,0.10259332920281,0.101765640921946,0.100951709036246,0.100151188344149,0.0993637450776909,0.0985890564395456,0.0978268101618369,0.0970767040855743,0.0963384457596402,0.0956117520583137,0.0948963488163648,0.0941919704808182,0.0934983597785288,0.092815267398761,0.0921424516900097,0.0914796783703412,0.0908267202505743,0.0901833569696573,0.089549374741633,0.0889245661136181,0.0883087297342517,0.0877016701320999,0.0871031975035318,0.0865131275096039,0.0859312810815204,0.0853574842342564,0.0847915678879527,0.0842333676967162,0.0836827238844715,0.0831394810875352,0.0826034882035985,0.0820745982468175,0.0815526682087333,0.0810375589247481,0.080529134945909,0.0800272644157535,0.0795318189519909,0.0790426735327995,0.0785597063875358,0.0780827988916569,0.0776118354656713,0.0771467034779409,0.0766872931511645,0.0762334974723833,0.0757852121063567,0.0753423353121618,0.0749047678628802,0.0744724129682394,0.0740451762000845,0.0736229654205606,0.0732056907128928,0.0727932643146555,0.0723856005534266,0.071982615784731,0.0715842283321772,0.0711903584296985,0.0708009281658135,0.0704158614298245,0.0700350838598757,0.0696585227927974,0.069286107215665,0.0689177677190055,0.068553436451586,0.0681930470767237,0.067836534730057,0.0674838359787215,0.0671348887818771,0.0667896324525356,0.0664480076206362,0.0661099561973251,0.0657754213403923,0.0654443474208204,0.0651166799904088,0.0647923657504276,0.0644713525212675,0.0641535892130468,0.0638390257971421,0.0635276132786075,0.0632193036694509,0.0629140499627377,0.0626118061074892,0.0623125269843513,0.0620161683820027,0.0617226869742787,0.0614320402979844,0.0611441867313735,0.0608590854732697,0.0605766965228083,0.0602969806597762,0.0600198994255305,0.0597454151044761,0.0594734907060818,0.0592040899474183,0.0589371772362005,0.0586727176543151,0.0584106769418218,0.0581510214814051,0.0578937182832711,0.0576387349704655,0.0573860397646064,0.0571356014720139,0.0568873894702241,0.0566413736948781,0.0563975246269707,0.0561558132804478,0.0559162111901434,0.0556786904000428,0.0554432234518643,0.0552097833739466,0.0549783436704351,0.0547488783107551,0.0545213617193659,0.0542957687657847,0.0540720747548736,0.0538502554173794,0.053630286900722,0.0534121457600208,0.0531958089493533,0.0529812538132392,0.0527684580783421,0.0525573998453822,0.0523480575812561,0,0.288259231093206,0.282632446291706,0.277127530317179,0.271757866888872,0.266528509971151,0.261440799932818,0.256494015496444,0.251686378810886,0.247015623275016,0.242479257379734,0.238074658033356,0.233799087490826,0.229649686531421,0.225623468179835,0.221717320377826,0.217928018345805,0.21425224433496,0.210686611758168,0.207227690996522,0.203872034829997,0.20061620211571,0.197456778907083,0.194390396637943,0.191413747296082,0.188523595704657,0.185716789143729,0.18299026460125,0.180341053961783,0.177766287435955,0.175263195514163,0.172829109701095,0.170461462257769,0.168157785147805,0.165915708356178,0.163732957722716,0.161607352409421,0.159536802100387,0.157519304015621,0.155552939805096,0.153635872376747,0.151766342701487,0.149942666629471,0.148163231744442,0.146426494276945,0.144730976092166,0.143075261764073,0.14145799574418,0.139877879630587,0.13833366954073,0.136824173589562,0.135348249473499,0.13390480215935,0.132492781676662,0.131111181011194,0.129759034096812,0.128435413902709,0.127139430612624,0.125870229892568,0.124626991243482,0.123408926435208,0.122215278018172,0.121045317909217,0.119898346048087,0.118773689121147,0.117670699349062,0.116588753335203,0.115527250971743,0.114485614400476,0.11346328702554,0.11245973257535,0.111474434211173,0.110506893679895,0.10955663050865,0.108623181239112,0.107706098699347,0.106804951311237,0.105919322431601,0.105048809725225,0.104193024568115,0.103351591479384,0.102524147580262,0.101710342078796,0.100909835778911,0.100122300612535,0.0993474191936115,0.0985848843928375,0.097834398932074,0.097095674997403,0.0963684338698761,0.0956524055730523,0.094947328536463,0.0942529492742052,0.0935690220778886,0.0928953087232243,0.0922315781895666,0.0915776063917632,0.0909331759237086,0.0902980758130166,0.0896721012862706,0.089055053544335,0.088446739547238,0.0878469718081617,0.0872555681961052,0.0866723517468033,0.086097150481508,0.0855297972332617,0.0849701294803102,0.0844179891863178,0.0838732226470716,0.0833356803433715,0.0828052167998242,0.082281690449265,0.0817649635025581,0.0812549018235257,0.0807513748087769,0.0802542552722178,0.0797634193340323,0.0792787463139351,0.0788001186285106,0.0783274216924556,0.0778605438235583,0.0773993761512486,0.0769438125285683,0.0764937494474118,0.0760490859568997,0.0756097235847508,0.0751755662615276,0.0747465202476317,0.0743224940629373,0.0739033984189511,0.0734891461533955,0.0730796521671137,0.0726748333632036,0.0722746085882886,0.0718788985758395,0.0714876258914647,0.0711007148800893,0.0707180916149491,0.070339683848326,0.0699654209639579,0.0695952339310561,0.0692290552598681,0.0688668189587252,0.0685084604925189,0.0681539167425496,0.0678031259676966,0.0674560277668572,0.0671125630426106,0.0667726739660554,0.066436303942781,0.0661033975799292,0.0657739006543046,0.0654477600814972,0.0651249238859776,0.0648053411721317,0.0644889620961993,0.0641757378390837,0.0638656205800024,0.0635585634709477,0.0632545206119283,0.0629534470269643,0.0626552986408104,0.0623600322563793,0.0620676055328421,0.0617779769643838,0.0614911058595873,0.0612069523214284,0.060925477227858,0.0606466422129525,0.0603704096486144,0.0600967426268008,0.0598256049422669,0.0595569610758033,0.0592907761779529,0.0590270160531896,0.0587656471445473,0.058506636518678,0.0582499518513325,0.0579955614132435,0.0577434340564027,0.0574935392007157,0.0572458468210255,0.0570003274344902,0.0567569520883056,0.0565156923477615,0.0562765202846191,0.0560394084658029,0.0558043299423938,0.055571258238917,0.0553401673429136,0.0551110316947866,0.0548838261779156,0.0546585261090306,0.0544351072288349,0.0542135456928733,0.0539938180626348,0.0537759012968852,0.0535597727432219,0.0533454101298433,0.0531327915575283,0,0.291847732703381,0.286231981880588,0.280732422043255,0.275359359021348,0.270119157725101,0.265014748875727,0.260046734803473,0.255214318145285,0.250515929201286,0.245949577054159,0.241513016123536,0.237203813058542,0.233019369935239,0.228956934172278,0.225013608935024,0.22118636857148,0.217472079184723,0.213867522718008,0.210369422575694,0.206974469056333,0.203679343326708,0.200480739122237,0.197375381740951,0.194360044184752,0.191431560499208,0.188586836488035,0.185822858048514,0.183136697405297,0.180525517525248,0.177986574984694,0.175517221539811,0.173114904625433,0.170777166980732,0.16850164557374,0.166286069971918,0.164128260283392,0.162026124773428,0.159977657243144,0.157980934242269,0.156034112174788,0.154135424345278,0.152283177984448,0.150475751284613,0.148711590469348,0.146989206916155,0.145307174346569,0.143664126094431,0.142058752460088,0.140489798155834,0.13895605984593,0.137456383782969,0.13598966354105,0.134554837845271,0.13315088849622,0.131776838387564,0.130431749614366,0.129114721669442,0.127824889724789,0.126561422995001,0.125323523179468,0.124110422980103,0.122921384691353,0.121755698859274,0.120612683006488,0.119491680419931,0.118392058998375,0.117313210156808,0.11625454778485,0.115215507256516,0.114195544488709,0.113194135045979,0.112210773289164,0.111244971565659,0.110296259439156,0.109364182956808,0.108448303951873,0.107548199379992,0.106663460687344,0.105793693209026,0.104938515596075,0.104097559269657,0.103270467900995,0.102456896915719,0.101656513021357,0.100868993756793,0.10009402706255,0.0993313108708289,0.0985805527143013,0.0978414693526953,0.0971137864162732,0.0963972380653467,0.095691566665024,0.0949965224744202,0.0943118633496156,0.0936373544596729,0.0929727680150694,0.0923178830079336,0.0916724849635043,0.0910363657022687,0.0904093231122573,0.0897911609310065,0.0891816885367255,0.0885807207482217,0.0879880776331762,0.087403584324365,0.0868270708434588,0.0862583719320411,0.0856973268895103,0.0851437794175472,0.0845975774708432,0.0840585731138019,0.0835266223829427,0.083001585154747,0.0824833250187,0.0819717091552964,0.0814666082187857,0.0809678962244502,0.0804754504402109,0.0799891512823732,0.0795088822153326,0.0790345296550652,0.0785659828762407,0.0781031339228019,0.0776458775218624,0.0771941110007802,0.0767477342072753,0.0763066494324571,0.0758707613366483,0.0754399768778806,0.0750142052429566,0.0745933577809687,0.0741773479391775,0.0737660912011497,0.0733595050270672,0.0729575087961171,0.07256002375088,0.0721669729436376,0.0717782811845214,0.0713938749914314,0.0710136825416536,0.0706376336251112,0.0702656595991856,0.0698976933450449,0.0695336692254245,0.0691735230438005,0.0688171920049068,0.0684646146765417,0.0681157309526172,0.0677704820174026,0.0674288103109193,0.0670906594954441,0.0667559744230777,0.066424701104342,0.0660967866777666,0.065772179380429,0.0654508285194148,0.0651326844441621,0.0648176985196618,0.0645058231004801,0.0641970115055764,0.0638912179938861,0.0635883977406437,0.063288506814418,0.0629915021548366,0.062697341550974,0.0624059836203812,0.062117387788736,0.0618315142700888,0.0615483240476892,0.0612677788553681,0.0609898411594605,0.0607144741412502,0.060441641679916,0.0601713083359672,0.0599034393351482,0.0596380005527999,0.0593749584986598,0.0591142803020901,0.058855933697716,0.0585998870114635,0.0583461091469833,0.0580945695724485,0.0578452383077129,0.0575980859118198,0.0573530834708499,0.0571102025860983,0.0568694153625674,0.0566306943977696,0.0563940127708285,0.0561593440318674,0.0559266621916812,0.055695941711677,0.0554671574940802,0.0552402848723939,0.0550152996021077,0.0547921778516465,0.0545708961935512,0.0543514315958866,0.0541337614138667,0.053917863381695,0,0.295366947788664,0.289768560565348,0.284280800797268,0.278910306787703,0.273664486570416,0.268547852510512,0.263562421919357,0.258708501113946,0.253985335209019,0.249391530347457,0.244925290442455,0.240584537203712,0.23636696841657,0.232270088913398,0.228291232611153,0.224427583854772,0.220676200727714,0.217034040313758,0.213497984865046,0.210064867644772,0.206731497398822,0.203494680717044,0.200351241849166,0.197298039792719,0.194331982657662,0.191450039439283,0.188649249408391,0.185926729367854,0.183279679038174,0.180705384830785,0.17820122225283,0.175764657166151,0.17339324609947,0.171084635788444,0.16883656209485,0.166646848434389,0.164513403822892,0.162434220633217,0.160407372139821,0.158431009914742,0.156503361127369,0.15462272579073,0.152787473988849,0.150996043112848,0.14924693512774,0.147538713887068,0.145870002508569,0.14423948082077,0.142645882887738,0.141087994616993,0.139564651453798,0.138074736163622,0.136617176703353,0.135190944180975,0.133795050902646,0.132428548505565,0.131090526174597,0.129780108940259,0.128496456055498,0.127238759448466,0.126006242248444,0.124798157381991,0.123613786236387,0.122452437387446,0.121313445388817,0.12019616961997,0.11909999319008,0.11802432189518,0.11696858322597,0.115932225423818,0.114914716582558,0.113915543793785,0.112934212333485,0.111970244887874,0.111023180816484,0.110092575450574,0.109177999425068,0.108279038042308,0.10739529066598,0.106526370143673,0.105671902256598,0.104831525195081,0.104004889058506,0.103191655378458,0.102391496663885,0.101604095967159,0.100829146469974,0.100066351088071,0.099315422093855,0.0985760807559835,0.0978480569950946,0.0971310890548568,0.0964249231875811,0.0957293133536765,0.095044020934261,0.0943688144562852,0.0937034693295548,0.0930477675950718,0.0924014976841453,0.0917644541877535,0.0911364376356632,0.0905172542848388,0.0899067159167021,0.0893046396428206,0.0887108477186277,0.0881251673647998,0.0875474305959307,0.0869774740561664,0.0864151388614771,0.0858602704482633,0.0853127184280045,0.0847723364476773,0.0842389820556803,0.0837125165730195,0.0831928049695169,0.0826797157448211,0.0821731208140037,0.0816728953975419,0.081178917915495,0.08069106988569,0.080209235825744,0.0797333031587575,0.07926316212252,0.0787987056820798,0.0783398294455326,0.0778864315828958,0.0774384127479357,0.0769956760028267,0.0765581267455232,0.0761256726397322,0.0756982235473805,0.0752756914634727,0.0748579904532437,0.0744450365915129,0.0740367479041506,0.0736330443115725,0.0732338475741807,0.0728390812396746,0.072448670592158,0.0720625426029711,0.0716806258831796,0.071302850637659,0.0709291486207092,0.0705594530931425,0.0701936987807873,0.0698318218343552,0.0694737597906184,0.0691194515348486,0.0687688372644692,0.0684218584538776,0.0680784578203912,0.0677385792912784,0.0674021679718324,0.0670691701144505,0.0667395330886841,0.0664132053522202,0.0660901364227638,0.0657702768507898,0.065453578193129,0.0651399929873627,0.0648294747269968,0.0645219778373845,0.0642174576523761,0.063915870391667,0.0636171731388215,0.0633213238199488,0.0630282811830077,0.06273800477772,0.0624504549360708,0.0621655927533764,0.0618833800699005,0.0616037794529997,0.0613267541797817,0.0610522682202586,0.0607802862209781,0.0605107734891185,0.0602436959770312,0.059979020267216,0.059716713557715,0.0594567436479134,0.0591990789247311,0.0589436883491952,0.0586905414433788,0.0584396082776984,0.0581908594585521,0.0579442661162954,0.0576997998935379,0.0574574329337542,0.0572171378701988,0.0569788878151142,0.0567426563492237,0.0565084175115019,0.0562761457892123,0.0560458161082043,0.0558174038234629,0.0555908847099015,0.055366234953392,0.0551434311420254,0.0549224502575943,0.0547032696672927,0,0.298811378663648,0.293239404967139,0.287770425294734,0.282408738386389,0.277162757747353,0.272038597638706,0.267039772944254,0.262167805713394,0.257422868786087,0.252804262670561,0.248310716988535,0.243940564646629,0.239691838917485,0.235562329679343,0.231549620783181,0.227651120170226,0.223864087976333,0.220185664359252,0.216612897103357,0.21314276841101,0.209772220177285,0.206498177169235,0.203317567731666,0.200227341839539,0.197224486480007,0.194306038466163,0.191469094862839,0.188710821249561,0.186028458065349,0.183419325281766,0.180880825640724,0.178410446676456,0.176005761720375,0.173664430065357,0.171384196444024,0.169162889954761,0.16699842254992,0.164888787183425,0.162832055699583,0.160826376531539,0.158869972266162,0.156961137122179,0.155098234379877,0.153279693793468,0.151504009011122,0.149769735022596,0.148075485650089,0.146419931094419,0.144801795545666,0.143219854865015,0.141672934342506,0.140159906533805,0.138679689177764,0.137231243195463,0.135813570770607,0.13442571351043,0.133066750685751,0.131735797548422,0.130432003724084,0.12915455167792,0.127902655250965,0.126675558264372,0.125472533189043,0.124292879877944,0.123135924358476,0.122001017682287,0.120887534829932,0.119794873667891,0.11872245395549,0.11766971639936,0.116636121753142,0.115621149960259,0.114624299337619,0.113645085798247,0.112683042110891,0.111737717194778,0.110808675447733,0.109895496106,0.108997772634157,0.108115112143609,0.107247134838223,0.106393473485712,0.105553772913494,0.104727689527771,0.103914890854668,0.10311505510232,0.102327870742845,0.101553036113228,0.10079025903415,0.100039256445876,0.0992997540603543,0.0985714860287304,0.0978541946234978,0.0971476299345843,0.0964515495786803,0.0957657184211662,0.0950899083100258,0.0944238978211666,0.0937674720145962,0.0931204222009339,0.0924825457177647,0.0918536457153664,0.0912335309513677,0.0906220155939148,0.0900189190329483,0.0894240656992129,0.0888372848906388,0.0882584106057553,0.0876872813838141,0.0871237401513127,0.0865676340746296,0.0860188144184919,0.0854771364100137,0.0849424591080551,0.0844146452776657,0.0838935612693833,0.0833790769031788,0.0828710653568377,0.0823694030585886,0.0818739695837916,0.081384647555512,0.0809013225488106,0.0804238829985945,0.0799522201108741,0.0794862277772823,0.07902580249272,0.0785708432759944,0.0781212515933293,0.0776769312846212,0.0772377884923375,0.0768037315929383,0.0763746711307262,0.075950519754022,0.0755311921535721,0.0751166050031001,0.074706676901913,0.0743013283194855,0.0739004815419376,0.0735040606203377,0.0731119913207529,0.0727242010759843,0.0723406189389179,0.0719611755374303,0.0715858030307893,0.0712144350674917,0.0708470067444849,0.0704834545677184,0.0701237164139761,0.0697677314939411,0.0694154403164469,0.0690667846538713,0.0687217075086312,0.0683801530807355,0.0680420667363617,0.0677073949774145,0.0673760854120339,0.0670480867260173,0.0667233486551225,0.0664018219582215,0.0660834583912737,0.0657682106820901,0.0654560325058606,0.0651468784614173,0.0648407040482092,0.0645374656439614,0.064237120482999,0.0639396266352087,0.0636449429856189,0.0633530292145765,0.0630638457785,0.0627773538911904,0.0624935155056794,0.062212293296599,0.0619336506430538,0.0616575516119798,0.0613839609419736,0.0611128440275766,0.0608441669039999,0.0605778962322742,0.0603139992848122,0.0600524439313701,0.0597931986253949,0.0595362323907452,0.0592815148087736,0.0590290160057607,0.058778706640687,0.0585305578933351,0.0582845414527077,0.0580406295057572,0.0577987947264126,0.0575590102648962,0.0573212497373223,0.0570854872155667,0.0568516972174008,0.0566198546968819,0.0563899350349927,0.0561619140305192,0.0559357678911656,0.0557114732248924,0.0554890070314766,0,0.302176345591978,0.296641675809808,0.291199091557007,0.285852723255382,0.280612250589531,0.275485465297946,0.270477461913,0.265591080121374,0.260827526498508,0.256186891555342,0.251668508953184,0.247271182937412,0.242993326540387,0.238833046497239,0.234788199280353,0.230856432772017,0.22703522127465,0.223321897407518,0.219713682165216,0.216207713313751,0.212801071871202,0.209490806338453,0.206273954419917,0.203147562099584,0.200108700062003,0.197154477548907,0.194282053814262,0.191488647385349,0.188771543359927,0.186128098975236,0.183555747678449,0.18105200191458,0.178614454829769,0.176240781067814,0.173928736817245,0.171676159246364,0.16948096544497,0.167341150974469,0.165254788112765,0.163220023866799,0.161235077813784,0.159298239821945,0.157407867692747,0.155562384759102,0.153760277467596,0.152000092967434,0.150280436724198,0.148599970172714,0.146957408420156,0.145351518007819,0.143781114737854,0.1422450615694,0.140742266587095,0.139271681043716,0.137832297477737,0.136423147905778,0.135043302089309,0.13369186587447,0.132367979603471,0.131070816595764,0.129799581696933,0.128553509893119,0.127331864988663,0.126133938344619,0.124959047675725,0.123806535903438,0.122675770062659,0.121566140259785,0.120477058679807,0.119407958640206,0.118358293689474,0.117327536748165,0.11631517929044,0.115320730564166,0.114343716847689,0.113383680741504,0.112440180493096,0.111512789353309,0.110601094962711,0.109704698766432,0.108823215456087,0.107956272437414,0.107103509322364,0.106264577444423,0.105439139395992,0.104626868586755,0.103827448821976,0.103040573899738,0.102265947226197,0.101503281447948,0.100752298100675,0.100012727273275,0.0992843072867064,0.0985667843868341,0.0978599124506048,0.0971634527048929,0.0964771734574164,0.0958008498391343,0.0951342635575828,0.0944772026606243,0.093829461310116,0.093190839565031,0.0925611431735841,0.0919401833739412,0.0913277767031152,0.0907237448136632,0.0901279142978286,0.0895401165187826,0.0889601874486433,0.0883879675129609,0.0878233014413782,0.0872660381241853,0.0867160304745058,0.0861731352958635,0.0856372131548874,0.0851081282589326,0.0845857483383949,0.0840699445335193,0.0835605912855026,0.0830575662317064,0.0825607501048019,0.082070026635679,0.0815852824599564,0.0811064070279452,0.080633292517913,0.0801658337525166,0.0797039281182648,0.0792474754878912,0.0787963781455103,0.0783505407144481,0.0779098700876326,0.0774742753604455,0.0770436677659276,0.0766179606122519,0.0761970692223657,0.075780910875719,0.0753694047519969,0.0749624718767735,0.0745600350690147,0.0741620188903559,0.0737683495960866,0.0733789550877748,0.0729937648674688,0.0726127099934146,0.0722357230372331,0.0718627380424998,0.0714936904846746,0.0711285172323316,0.0707671565096392,0.070409547860045,0.0700556321111193,0.0697053513405167,0.0693586488430128,0.0690154690985776,0.0686757577414484,0.0683394615301648,0.0680065283185323,0.0676769070274809,0.0673505476177864,0.0670274010636243,0.0667074193269274,0.0663905553325175,0.0660767629439847,0.065765996940289,0.065458212993059,0.0651533676445621,0.0648514182863253,0.0645523231383836,0.0642560412291334,0.0639625323757732,0.0636717571653082,0.063383676936104,0.0630982537599671,0.0628154504247378,0.0625352304173767,0.0622575579075291,0.0619823977315523,0.0617097153769892,0.0614394769674755,0.0611716492480649,0.0609061995709604,0.0606430958816362,0.0603823067053413,0.0601238011339697,0.0598675488132866,0.0596135199304998,0.059361685202165,0.0591120158624143,0.0588644836514997,0.0586190608046385,0.0583757200411541,0.0581344345539025,0.0578951779989758,0.0576579244856728,0.0574226485667312,0.0571893252288111,0.0569579298832237,0.0567284383568976,0.0565008268835753,0.0562750720952338,0,0.305456740099004,0.299972628983823,0.29456470142856,0.289240413230033,0.284011293490735,0.278886955031258,0.273874159123467,0.268977155686486,0.264198282519844,0.259538511740807,0.254997859332344,0.250575663405263,0.246270764459155,0.242081621466744,0.238006389420346,0.234042975139437,0.230189081269682,0.22644224381097,0.222799865738629,0.219259247756822,0.215817616474972,0.212472149995392,0.209220000830407,0.206058316103565,0.202984255061834,0.199995003998774,0.19708778874725,0.19425988494004,0.191508626258676,0.188831410898177,0.18622570647175,0.183689053568372,0.181219068160421,0.17881344304018,0.176469948444889,0.174186432011035,0.171960818180476,0.169791107164285,0.167675373555006,0.165611764664411,0.163598498651931,0.161633862498401,0.159716209870738,0.157843958915328,0.156015590011242,0.15422964350868,0.152484717473247,0.150779465452563,0.149112594278318,0.147482861913987,0.145889075356033,0.144330088594461,0.142804800636904,0.141312153599094,0.139851130863449,0.138420755306611,0.137020087596027,0.135648224555088,0.134304297595877,0.132987471218205,0.131696941573342,0.130431935090633,0.129191707165044,0.12797554090357,0.126782745928367,0.125612657234448,0.124464634099764,0.123338059045495,0.12223233684441,0.121146893575205,0.120081175720751,0.119034649308264,0.118006799089459,0.116997127758826,0.116005155208216,0.115030417816017,0.114072467769257,0.113130872417041,0.112205213653808,0.111295087330949,0.110400102695404,0.109519881853918,0.108654059261697,0.107802281234263,0.106964205481378,0.106139500661945,0.10532784595886,0.104528930672847,0.103742453834326,0.102968123832458,0.102205658060518,0.101454782576791,0.10071523178027,0.0999867481004021,0.0992690817002368,0.098561990192315,0.0978652383666943,0.0971785979305325,0.0965018472586767,0.0958347711547405,0.0951771606221706,0.0945288126448391,0.0938895299767083,0.0932591209401539,0.0926373992325376,0.0920241837406536,0.0914192983626837,0.0908225718373192,0.0902338375797221,0.0896529335240165,0.089079701972015,0.0885139894479,0.0879556465585937,0.0874045278595648,0.0868604917258291,0.086323400227918,0.0857931190125945,0.0852695171881116,0.0847524672138145,0.0842418447939003,0.0837375287751554,0.0832394010485014,0.0827473464541871,0.0822612526904714,0.0817810102256524,0.0813065122133001,0.0808376544105594,0.0803743350993989,0.0799164550106777,0.0794639172509241,0.0790166272317027,0.0785744926014788,0.0781374231798656,0.0777053308941694,0.077278129718133,0.0768557356127938,0.0764380664693717,0.0760250420541067,0.0756165839549685,0.0752126155301675,0.0748130618583958,0.0744178496907291,0.0740269074041311,0.0736401649564932,0.0732575538431541,0.0728790070548436,0.0725044590369943,0.0721338456503731,0.0717671041329802,0.0714041730631705,0.0710449923239513,0.0706895030684134,0.0703376476862535,0.0699893697713491,0.0696446140903463,0.0693033265522253,0.068965454178808,0.0686309450761734,0.0682997484069494,0.067971814363449,0.067647094141623,0.0673255399157976,0.0670071048141721,0.066691742895049,0.0663794091237716,0.0660700593503448,0.0657636502877145,0.0654601394906859,0.0651594853354551,0.0648616469997371,0.0645665844434678,0.0642742583900609,0.0639846303082025,0.0636976623941649,0.0634133175546208,0.0631315593899451,0.0628523521779839,0.0625756608582803,0.0623014510167366,0.0620296888707057,0.061760341254489,0.0614933756052382,0.0612287599492388,0.0609664628885689,0.060706453588119,0.060448701762963,0.0601931776660674,0.0599398520763298,0.0596886962869361,0.0594396820940259,0.0591927817856581,0.0589479681310652,0.0587052143701899,0.0584644942034932,0.0582257817820276,0.0579890516977669,0.0577542789741849,0.0575214390570742,0.0572905078056002,0.0570614614835811,0,0.308649058290712,0.30322990167954,0.297865355650448,0.292570092704536,0.287358299069977,0.282241611787116,0.277228551639516,0.272324861924134,0.267534098998457,0.262858201870708,0.258297944886025,0.253853263189444,0.249523474668073,0.245307428710789,0.241203607504959,0.237210198249137,0.23332514810865,0.229546208933077,0.225870975600265,0.222296919950929,0.218821421223131,0.215441793366744,0.21215530939165,0.208959222837306,0.205850786459875,0.202827268268529,0.199885965080464,0.197024213793588,0.194239400593709,0.191528968319513,0.188890422205879,0.186321334216445,0.183819346162139,0.18138217178553,0.179007597972848,0.176693485237374,0.174437767600396,0.172238451979535,0.170093617179186,0.168001412564233,0.165960056486128,0.163967834519741,0.16202309756013,0.160124259820258,0.158269796763786,0.156458243001089,0.154688190171547,0.152958284830878,0.151267226358598,0.149613764897624,0.147996699335442,0.14641487533412,0.144867183414601,0.143352557099246,0.141869971115345,0.140418439661299,0.13899701473633,0.137604784533924,0.136240871898642,0.13490443284551,0.13359465514086,0.132310756943225,0.131051985502671,0.129817615916848,0.128606949941866,0.127419314856106,0.126254062374983,0.125110567614687,0.123988228102929,0.122886462834731,0.121804711371338,0.120742432980364,0.119699105815344,0.118674226132901,0.117667307545807,0.116677880310278,0.1157054906459,0.114749700086634,0.113810084861455,0.112886235303169,0.111977755284101,0.111084261677322,0.110205383842221,0.109340763133208,0.108490052430463,0.107652915691645,0.10682902752355,0.106018072772752,0.105219746134323,0.104433751777732,0.103659802989124,0.10289762182917,0.102146938805753,0.101407492560769,0.100679029570379,0.0999613038580648,0.0992540767198796,0.0985571164613244,0.0978701981452888,0.0971931033505492,0.0965256199403203,0.0958675418403957,0.0952186688264306,0.0945788063199429,0.0939477651926314,0.0933253615786294,0.0927114166943304,0.0921057566654406,0.0915082123609339,0.0909186192335927,0.0903368171668447,0.0897626503276088,0.0891959670248877,0.0886366195738479,0.0880844641651498,0.0875393607392934,0.0870011728657642,0.0864697676267684,0.0859450155053595,0.0854267902777682,0.0849149689097542,0.0844094314568101,0.0839100609680522,0.0834167433936446,0.0829293674956067,0.0824478247618634,0.0819720093234037,0.0815018178744175,0.0810371495952899,0.0805779060783348,0.0801239912561564,0.0796753113325325,0.079231774715716,0.0787932919540615,0.0783597756738784,0.0779311405194281,0.077507303094975,0.077088181908815,0.0766736973191999,0.0762637714820878,0.0758583283006458,0.0754572933764382,0.0750605939622361,0.0746681589163853,0.0742799186586755,0.0738958051276494,0.0735157517393035,0.073139693347124,0.0727675662034087,0.0723993079218293,0.0720348574411863,0.0716741549903127,0.0713171420540857,0.0709637613405051,0.0706139567487998,0.0702676733385263,0.0699248572996213,0.0695854559233785,0.0692494175743108,0.0689166916628729,0.0685872286190091,0.0682609798665002,0.0679378977980803,0.0676179357512977,0.0673010479850927,0.0669871896570698,0.0666763168014385,0.066368386307601,0.066063355899365,0.0657611841147592,0.0654618302864328,0.0651652545226193,0.0648714176886437,0.0645802813889587,0.0642918079496885,0.064005960401667,0.0637227024639516,0.0634419985277993,0.0631638136410873,0.0628881134931673,0.0626148644001368,0.0623440332905147,0.0620755876913091,0.0618094957144644,0.0615457260436756,0.0612842479215579,0.0610250311371612,0.0607680460138192,0.0605132633973208,0.0602606546443959,0.0600101916115042,0.0597618466439194,0.0595155925650987,0.0592714026663295,0.0590292506966438,0.0587891108529941,0.05855095777068,0.0583147665140228,0.0580805125672754,0.0578481718257643,0,0.311752443571523,0.306411808278107,0.301099462979483,0.295840236831439,0.290651803418435,0.285548055351806,0.280539365817288,0.275633043365108,0.270833938146759,0.266145032736835,0.26156793142478,0.257103228363253,0.252750769599574,0.248509834996184,0.244379264818649,0.240357550215708,0.236442900899704,0.232633298543892,0.228926541015528,0.225320280357345,0.221812056096597,0.218399324710276,0.215079485686808,0.211849904446532,0.208707932318339,0.205650923759087,0.20267625101266,0.199781316419487,0.196963562597161,0.194220480715788,0.191549617087909,0.188948578283499,0.186415034967167,0.18394672463877,0.181541453441503,0.179197097184112,0.176911601706832,0.174682982704596,0.172509325106132,0.170388782094001,0.16831957383847,0.166299986007275,0.164328368103876,0.16240313167844,0.16052274844865,0.158685748361208,0.156890717619555,0.155136296698815,0.15342117836505,0.151744105712679,0.150103870231068,0.148499309909037,0.146929307383983,0.145392788140752,0.143888718763976,0.142416105246469,0.140973991355348,0.139561457056777,0.138177616999586,0.136821619057531,0.135492642929544,0.134189898797001,0.132912626036783,0.13166009198871,0.130431590775786,0.129226442175593,0.12804399054109,0.126883603769045,0.12574467231429,0.124626608248007,0.123528844358259,0.122450833290983,0.121392046729739,0.120351974612506,0.1193301243839,0.118326020281201,0.117339202652673,0.116369227306673,0.115415664890138,0.114478100295067,0.113556132091692,0.112649371987069,0.1117574443079,0.110879985506421,0.110016643688262,0.109167078161244,0.108330959004088,0.107507966654118,0.106697791513019,0.105900133569815,0.105114702040236,0.10434121502168,0.103579399163063,0.102828989348817,0.10208972839638,0.101361366766551,0.100643662286081,0.0999363798819546,0.0992392913267821,0.0985521749948167,0.0978748156280764,0.097207004112119,0.0965485372610148,0.0958992176111012,0.09525885322311,0.0946272574922921,0.0940042489661701,0.0933896511695774,0.0927832924366552,0.0921850057494912,0.0915946285831098,0.0910120027565253,0.0904369742895932,0.0898693932654014,0.0893091136979617,0.0887559934049661,0.0882098938853903,0.0876706802017335,0.0871382208666966,0.0866123877341042,0.0860930558938959,0.0855801035710071,0.0850734120279809,0.0845728654711498,0.0840783509602406,0.0835897583212587,0.083106980062516,0.0826299112936729,0.0821584496476708,0.0816924952054366,0.0812319504232473,0.0807767200626457,0.0803267111228068,0.0798818327752545,0.0794419963008359,0.0790071150288633,0.0785771042783403,0.0781518813011861,0.0777313652273842,0.0773154770119775,0.0769041393838404,0.0764972767961585,0.0760948153785502,0.0756966828907691,0.0753028086779236,0.0749131236271625,0.0745275601257647,0.0741460520205853,0.0737685345788054,0.0733949444499382,0.0730252196290443,0.0726592994211127,0.0722971244065638,0.0719386364078353,0.07158377845701,0.0712324947644492,0.070884730688395,0.0705404327055075,0.0701995483823037,0.0698620263474648,0.0695278162649844,0.0691968688081247,0.0688691356341548,0.0685445693598436,0.0682231235376803,0.0679047526327993,0.0675894120005829,0.0672770578649212,0.0669676472971064,0.0666611381953369,0.066357489264817,0.066056659998426,0.0657586106579418,0.0654633022557984,0.0651706965373616,0.0648807559637039,0.0645934436948633,0.0643087235735717,0.0640265601094334,0.0637469184635448,0.0634697644335364,0.0631950644390268,0.062922785507473,0.0626528952604069,0.0623853619000437,0.0621201541962524,0.0618572414738755,0.0615965936003877,0.0613381809738831,0.0610819745113808,0.0608279456374397,0.0605760662730709,0.0603263088249411,0.0600786461748569,0.0598330516695213,0.0595894991105559,0.0593479627447787,0.0591084172547305,0.0588708377494437,0.0586351997554442,0,0.314768810486606,0.309517570000336,0.304265853432872,0.29904957536263,0.293890508800404,0.288805012033093,0.283805391633673,0.278900578066257,0.274096775907274,0.269398076975323,0.264806980377875,0.260324798141979,0.255951954625846,0.251688201052892,0.247532768164817,0.243484476336529,0.239541817470059,0.235703018429827,0.231966092289637,0.228328881235502,0.224789093398363,0.221344334934603,0.217992138123596,0.214729985956895,0.211555333548051,0.208465626627975,0.205458317367186,0.2025308777597,0.199680810801341,0.196905659691934,0.194203015284103,0.191570521990923,0.189005882351228,0.186506860435828,0.184071284261216,0.18169704736042,0.179382109643985,0.177124497668255,0.174922304413335,0.172773688659537,0.170676874038912,0.168630147827496,0.166631859534209,0.164680419333853,0.162774296384214,0.16091201706084,0.159092163137489,0.157313369935492,0.155574324461157,0.153873763546859,0.152210472008499,0.150583280829512,0.14899106537946,0.147432743673474,0.145907274677326,0.144413656661636,0.142950925607698,0.141518153666539,0.140114447672119,0.138738947708995,0.1373908257343,0.136069284253519,0.134773555049216,0.133502897961647,0.132256599720001,0.131033972822876,0.129834354466487,0.128657105519041,0.127501609539662,0.126367271840231,0.125253518588494,0.124159795950802,0.123085569272875,0.122030322296975,0.120993556413966,0.119974789948719,0.118973557477401,0.117989409175225,0.117021910193289,0.116070640063165,0.115135192127979,0.114215172998757,0.11331020203485,0.112419910847331,0.111543942824287,0.110681952676963,0.109833606005806,0.108998578885446,0.108176557467735,0.107367237602001,0.106570324471685,0.105785532246615,0.105012583750163,0.104251210140597,0.103501150605957,0.10276215207183,0.102033968921417,0.101316362727313,0.100609101994478,0.099911961913852,0.0992247241261506,0.0985471764953519,0.0978791128914428,0.097220332981997,0.0965706420321832,0.0959298507128218,0.095297774916126,0.0946742355787829,0.0940590585120423,0.0934520742385053,0.0928531178353108,0.0922620287834385,0.0916786508228588,0.0911028318132736,0.0905344236002014,0.0899732818861781,0.0894192661068484,0.088872239311739,0.0883320680495131,0.0877986222575126,0.0872717751554088,0.0867514031427856,0.08623738570049,0.0857296052955931,0.0852279472898086,0.0847322998512299,0.0842425538692426,0.0837586028724859,0.0832803429497389,0.0828076726736084,0.0823404930269088,0.0818787073316238,0.081422221180346,0.0809709423700956,0.0805247808384256,0.0800836486017185,0.0796474596955941,0.0792161301173401,0.0787895777702906,0.078367722410075,0.0779504855926654,0.0775377906241546,0.0771295625121954,0.0767257279190418,0.0763262151161291,0.0759309539401351,0.0755398757504671,0.0751529133881228,0.0747700011358703,0.0743910746797034,0.0740160710715208,0.0736449286929877,0.0732775872205347,0.0729139875914522,0.0725540719710444,0.0721977837208,0.0718450673675457,0.0714958685735488,0.0711501341075323,0.0708078118165721,0.0704688505988447,0.070133200377197,0.0698008120735073,0.0694716375838118,0.06914562975417,0.0688227423572431,0.068502930069561,0.0681861484494558,0.0678723539156371,0.0675615037263897,0.0672535559593706,0.0669484694919878,0.0666462039823389,0.0663467198506935,0.0660499782614989,0.0657559411058948,0.0654645709847176,0.0651758311919804,0.0648896856988124,0.0646060991378433,0.0643250367880175,0.0640464645598255,0.0637703489809395,0.0634966571822383,0.0632253568842119,0.0629564163837316,0.062689804541176,0.0624254907679004,0.0621634450140401,0.0619036377566368,0.061646039988077,0.0613906232048354,0.061137359396512,0.0608862210351551,0.0606371810648598,0.0603902128916367,0.0601452903735388,0.0599023878110436,0.059661479937678,0.059422541910883,0,0.317702909737838,0.312547446364318,0.307363883123468,0.302197158530968,0.297073328632233,0.292011348087121,0.28702550849976,0.282126397544006,0.277321617016862,0.272616420095107,0.268014256573324,0.263517210145059,0.259126331442682,0.254841883608041,0.250663520965484,0.24659041957036,0.242621374451171,0.23875487424531,0.234989160494292,0.231322276315618,0.227752107416414,0.224276417278338,0.220892877643353,0.217599095018793,0.214392633689933,0.211271035605594,0.208231837439653,0.205272585099776,0.202390845937234,0.199584218899314,0.196850342854051,0.194186903303999,0.191591637691209,0.189062339479667,0.186596861184893,0.18419311650358,0.181849081679775,0.179562796228356,0.177332363121897,0.175155948533417,0.173031781215229,0.170958151582994,0.168933410564264,0.166955968262053,0.165024292476355,0.163136907119868,0.161292390558366,0.159489373901221,0.157726539263217,0.156002618015153,0.154316389037573,0.152666676989278,0.151052350599987,0.149472320994623,0.147925540055026,0.146410998823576,0.144927725952023,0.143474786197911,0.142051278970136,0.140656336924576,0.139289124610147,0.137948837165231,0.13663469906404,0.135345962912214,0.134081908290719,0.132841840646919,0.131625090231588,0.130431011080504,0.129258980039216,0.128108395829506,0.126978678156078,0.125869266851939,0.124779621061009,0.123709218456445,0.122657554493246,0.121624141693671,0.120608508964111,0.119610200942015,0.118628777371588,0.117663812506959,0.116714894541598,0.115781625062801,0.114863618530102,0.113960501776504,0.11307191353151,0.112197503964925,0.111336934250469,0.11048987614831,0.1096560116056,0.10883503237421,0.108026639644854,0.107230543696828,0.106446463562663,0.105674126706981,0.1049132687189,0.104163633017369,0.103424970568821,0.102697039616593,0.101979605421556,0.10127244001345,0.100575321952434,0.0998880361003788,0.0992103734014632,0.098542130671655,0.0978831103966672,0.097233120538015,0.0965919743468061,0.0959594901849185,0.0953354913532392,0.0947198059266487,0.0941122665954519,0.0935127105129751,0.092920979149055,0.0923369181491653,0.0917603771989348,0.091191209893823,0.090629273613732,0.0900744294023425,0.0895265418509716,0.0889854789867614,0.0884511121650136,0.0879233159654965,0.087401968092557,0.0868869492788785,0.0863781431927357,0.0858754363485977,0.0853787180209437,0.0848878801611612,0.0844028173173964,0.0839234265572428,0.0834496073931479,0.0829812617104321,0.0825182936978146,0.0820606097803449,0.0816081185546467,0.0811607307263818,0.0807183590498462,0.080280918269617,0.0798483250641682,0.0794204979913806,0.0789973574358721,0.0785788255580798,0.0781648262450241,0.0777552850626956,0.0773501292099981,0.0769492874741943,0.0765526901877929,0.0761602691868292,0.0757719577704809,0.0753876906619752,0.0750074039707377,0.0746310351557368,0.0742585229899815,0.0738898075261308,0.0735248300631733,0.07316353311414,0.0728058603748125,0.0724517566933921,0.0721011680410941,0.0717540414836373,0.0714103251535949,0.0710699682235774,0.0707329208802202,0.0703991342989449,0.0700685606194715,0.069741152922052,0.0694168652044034,0.0690956523593157,0.0687774701529117,0.068462275203536,0.0681500249612544,0.067840677687941,0.0675341924379346,0.0672305290392452,0.0669296480752932,0.066631510867163,0.0663360794563534,0.0660433165880128,0.065753185694637,0.0654656508802207,0.0651806769048443,0.0648982291696851,0.0646182737024356,0.0643407771431198,0.0640657067302934,0.0637930302876153,0.0635227162107797,0.0632547334547964,0.0629890515216112,0.0627256404480519,0.0624644707940939,0.0622055136314331,0.0619487405323573,0.0616941235589068,0.0614416352523172,0.0611912486227332,0.0609429371391883,0.0606966747198393,0.0604524357224503,0.0602101949351173,0,0.320560575898282,0.3155027202217,0.310393519133129,0.305282420570675,0.300199433052586,0.295166104131993,0.290198712125703,0.285309507831472,0.28050751125207,0.275799172687857,0.271188937134801,0.266679706661512,0.262273202316806,0.257970238137364,0.253770924939973,0.249674821471982,0.245681047715635,0.241788371630702,0.237995277392496,0.234300020616388,0.230700674191037,0.22719516706304,0.223781317481246,0.220456861686715,0.217219478719068,0.214066811825575,0.210996486853789,0.208006127948094,0.205093370834441,0.20225587395348,0.199491327683447,0.196797461877154,0.194172051920625,0.191612923504013,0.189117956278322,0.186685086554569,0.184312309185548,0.181997678754713,0.179739310181928,0.177535378842292,0.175384120281788,0.173283829602344,0.171232860578814,0.169229624561544,0.167272589210302,0.165360277098488,0.163491264220546,0.161664178430285,0.159877697833324,0.158130549152999,0.156421506085724,0.154749387658991,0.15311305660271,0.151511417742575,0.149943416422343,0.148408036960479,0.14690430114532,0.145431266771903,0.143988026222697,0.142573705093768,0.141187460867281,0.139828481630742,0.138495984843001,0.137189216146663,0.135907448226306,0.134649979711702,0.133416134125036,0.132205258871022,0.131016724268694,0.129849922623596,0.128704267339035,0.127579192065046,0.126474149883686,0.12538861252929,0.124322069642333,0.123274028055535,0.122244011110906,0.121231558006424,0.120236223171096,0.119257575667186,0.118295198618402,0.117348688662938,0.116417655430225,0.115501721040362,0.114600519625197,0.113713696870069,0.112840909575292,0.111981825236459,0.11113612164273,0.110303486492264,0.109483617024012,0.108676219665133,0.107881009693293,0.1070977109132,0.106326055346676,0.105565782935695,0.104816641257755,0.104078385253045,0.103350776962856,0.102633585278735,0.101926585701884,0.101229560112349,0.100542296547552,0.0998645889897491,0.0991962371620098,0.0985370463323396,0.0978868271255836,0.0972453953427614,0.096612571787508,0.0959881820993071,0.0953720565932147,0.0947640301057931,0.0941639418469834,0.0935716352576563,0.0929869578725989,0.0924097611887011,0.0918399005381192,0.0912772349662057,0.0907216271139982,0.0901729431050817,0.0896310524366304,0.0890958278744638,0.0885671453519404,0.0880448838725363,0.0875289254159503,0.087019154847596,0.0865154598313366,0.0860177307453332,0.0855258606008787,0.0850397449640982,0.0845592818803969,0.0840843718015496,0.083614917515323,0.0831508240775319,0.0826919987464337,0.0822383509193663,0.0817897920715452,0.0813462356969326,0.0809075972511009,0.0804737940960098,0.0800447454466281,0.0796203723193254,0.0792005974819697,0.0787853454056632,0.0783745422180572,0.0779681156581847,0.077565995032756,0.0771681111738608,0.0767743963980262,0.0763847844665801,0.0759992105472726,0.0756176111771082,0.0752399242263466,0.0748660888636283,0.0744960455221857,0.0741297358671003,0.0737671027635669,0.0734080902461345,0.0730526434888811,0.0727007087764979,0.0723522334762456,0.0720071660107541,0.0716654558316362,0.0713270533938889,0.0709919101310507,0.0706599784310956,0.0703312116130315,0.0700055639041854,0.069682990418148,0.0693634471333572,0.0690468908722999,0.0687332792813089,0.0684225708109387,0.0681147246968973,0.0678097009415192,0.0675074602957591,0.0672079642416914,0.0669111749754978,0.0666170553909274,0.0663255690632151,0.0660366802334424,0.0657503537933266,0.065466555270426,0.0651852508137467,0.0649064071797389,0.0646299917186701,0.0643559723613639,0.0640843176062929,0.0638149965070154,0.0635479786599433,0.0632832341924324,0.0630207337511871,0.0627604484909655,0.0625023500635806,0.0622464106071853,0.0619926027358328,0.0617408995293072,0.0614912745232129,0.0612437016993159,0.0609981554761328,0,0.323346219998056,0.318385618881657,0.313355397908098,0.308305236234679,0.303268292997303,0.298268529549282,0.293324141875711,0.288449011290992,0.283653570595698,0.278945483637057,0.274330221374655,0.269811541846226,0.26539187516028,0.261072622322811,0.256854382367551,0.252737123597249,0.248720313184858,0.244803016617016,0.240983975581535,0.237261670426105,0.233634371402821,0.230100181533981,0.226657072989384,0.223302918242917,0.220035516879361,0.216852618675738,0.213751943430703,0.210731197923428,0.207788090325877,0.204920342354259,0.202125699417604,0.199401938998902,0.196746877484142,0.194158375635779,0.191634342889058,0.189172740632144,0.186771584614326,0.184428946610668,0.182142955456707,0.179911797553066,0.177733716927323,0.175607014929104,0.173530049624211,0.17150123494446,0.169519039641891,0.167581986088922,0.165688648959798,0.163837653823303,0.162027675671989,0.160257437409119,0.158525708311009,0.156831302479464,0.155173077296384,0.153549931890459,0.151960805623936,0.150404676605892,0.148880560237064,0.147387507790149,0.145924605028534,0.14449097086558,0.143085756065952,0.141708141989882,0.1403573393808,0.139032587196414,0.137733151482951,0.136458324292073,0.135207422639741,0.133979787506166,0.13277478287583,0.131591794816514,0.130430230596141,0.129289517836249,0.128169103700844,0.127068454119377,0.125987053042593,0.124924401729996,0.123880018067687,0.122853435915359,0.12184420448126,0.120851887723949,0.119876063779721,0.118916324414593,0.117972274499805,0.11704353150978,0.116129725041592,0.115230496354952,0.114345497931826,0.113474393054791,0.112616855403297,0.11177256866702,0.110941226175539,0.110122530543601,0.109316193331269,0.108521934718269,0.107739483191909,0.106968575247944,0.106208955103803,0.105460374423629,0.104722592054581,0.103995373773911,0.103278492046316,0.102571725791111,0.101874860158786,0.101187686316513,0.100510001242234,0.0998416075269085,0.0991823131846026,0.0985319314700366,0.0978902807032874,0.0972571841013214,0.0966324696160618,0.0960159697787059,0.0954075215500219,0.0948069661763672,0.0942141490511801,0.0936289195817128,0.093051131060781,0.0924806405433159,0.0919173087275169,0.091360999840411,0.0908115815276323,0.0902689247472467,0.0897329036674532,0.0892033955680012,0.0886802807451701,0.0881634424201655,0.0876527666507916,0.0871481422462678,0.0866494606850601,0.0861566160356078,0.0856695048798278,0.0851880262392855,0.0847120815039281,0.0842415743632759,0.0837764107399776,0.0833164987256331,0.0828617485188018,0.0824120723651021,0.0819673844993308,0.0815276010895168,0.0810926401828403,0.0806624216533437,0.0802368671513663,0.0798159000546382,0.079399445420971,0.0789874299424854,0.0785797819013175,0.0781764311267507,0.0777773089537184,0.0773823481826293,0.0769914830404651,0.0766046491431049,0.0762217834588327,0.075842824272983,0.0754677111536864,0.075096384918674,0.0747287876031031,0.0743648624283688,0.0740045537718657,0.0736478071376677,0.073294569128092,0.072944787416118,0.0725984107186309,0.0722553887704619,0.0719156722991964,0.0715792130007263,0.0712459635155192,0.0709158774055796,0.070588909132082,0.0702650140336492,0.0699441483052573,0.0696262689777465,0.0693113338979138,0.0689993017091742,0.0686901318327677,0.0683837844494942,0.0680802204819621,0.0677794015773314,0.0674812900905352,0.067185849067967,0.0668930422316145,0.0666028339636309,0.0663151892913249,0.0660300738725588,0.0657474539815427,0.0654672964950102,0.0651895688787639,0.0649142391745816,0.0646412759874687,0.0643706484732494,0.0641023263264838,0.0638362797687027,0.0635724795369486,0.063310896872615,0.0630515035105752,0.0627942716685917,0.0625391740369963,0.0622861837686354,0.06203527446907,0.061786420187025,0,0.326064187643645,0.321199256299998,0.316250852627245,0.311265965927081,0.306279720461287,0.301318115667584,0.29640110792448,0.291544128739797,0.286758987018179,0.28205455411059,0.277437341535815,0.272911989752862,0.268481669377678,0.264148400190694,0.259913298927793,0.255776769384547,0.251738648020379,0.247798316333554,0.243954788871156,0.240206783463688,0.236552778396395,0.23299105980203,0.229519761534319,0.226136899075081,0.222840398556851,0.219628121676271,0.21649788707696,0.213447488655197,0.21047471116076,0.20757734341101,0.204753189397932,0.202000077538274,0.199315868292583,0.196698460357342,0.194145795614739,0.191655863006152,0.189226701478167,0.18685640213372,0.184543109705924,0.18228502345824,0.180080397601912,0.177927541310093,0.175824818397692,0.173770646726673,0.171763497388318,0.169801893706673,0.167884410100972,0.166009670839247,0.16417634871044,0.162383163638077,0.160628881254896,0.158912311454648,0.157232306934551,0.155587761739537,0.153977609817433,0.152400823592478,0.150856412563157,0.14934342192905,0.147860931250383,0.146408053143058,0.144983932011197,0.143587742818632,0.142218689900204,0.140876005813368,0.139558950230171,0.138266808869447,0.136998892468771,0.135754535795569,0.134533096696608,0.133333955184974,0.132156512563548,0.131000190583941,0.129864430639775,0.128748692993195,0.127652456033447,0.126575215566383,0.125516484133727,0.12447579036097,0.123452678332763,0.12244670699471,0.121457449580467,0.120484493063121,0.1195274376298,0.118585896178549,0.117659493836499,0.116747867498414,0.11585066538473,0.114967546618219,0.114098180818475,0.113242247713409,0.112399436767031,0.11156944682275,0.110751985761547,0.109946770174318,0.109153525047779,0.108371983463314,0.107601886308188,0.106842981998583,0.106095026213912,0.105357781641924,0.104631017734113,0.103914510470967,0.103208042136632,0.102511401102569,0.101824381619801,0.101146783619379,0.100478412520707,0.099819079047376,0.0991685990501789,0.0985267933369997,0.0978934875092752,0.0972685118047422,0.0966517009462051,0.0960428939960601,0.0954419342163333,0.094848668933996,0.0942629494113333,0.0936846307211526,0.093113571626628,0.0925496344655868,0.0919926850390502,0.0914425925038557,0.0908992292691853,0.0903624708968463,0.0898321960051435,0.0893082861762002,0.0887906258665877,0.0882791023211239,0.0877736054897207,0.0872740279471518,0.0867802648156263,0.0862922136900577,0.0858097745659161,0.0853328497695703,0.0848613438910126,0.08439516371888,0.0839342181776797,0.0834784182671318,0.0830276770035511,0.0825819093631873,0.0821410322274493,0.0817049643299411,0.0812736262052427,0.0808469401393673,0.0804248301218351,0.0800072217993005,0.079594042430676,0.079185220843698,0.0787806873928801,0.0783803739188045,0.0779842137087008,0.0775921414582662,0.0772040932346839,0.0768200064407931,0.0764398197803716,0.0760634732244919,0.0756909079789101,0.0753220664524532,0.0749568922263683,0.0745953300246025,0.074237325684976,0.0738828261312236,0.0735317793458697,0.0731841343439097,0.0728398411472714,0.0724988507600281,0.0721611151443381,0.0718265871970871,0.0714952207272084,0.0711669704336591,0.0708417918840308,0.0705196414937719,0.0702004765060035,0.0698842549719078,0.0695709357316703,0.0692604783959598,0.0689528433279244,0.0686479916256922,0.0683458851053556,0.0680464862844269,0.0677497583657487,0.0674556652218443,0.0671641713796963,0.0668752420059366,0.066588842892438,0.0663049404422926,0.066023501656166,0.0657444941190166,0.0654678859871658,0.0651936459757114,0.0649217433462719,0.0646521478950518,0.0643848299412196,0.0641197603155867,0.0638569103495802,0.063596251864499,0.0633377571610464,0.0630813990091293,0.0628271506379192,0.0625749857261619,0,0.328720002454741,0.323947528251684,0.319081906153137,0.31416548590317,0.309233902606943,0.304314626375892,0.299429117411772,0.294594221372703,0.289823050519256,0.285125652086909,0.280509574208582,0.275980353087177,0.271541922413617,0.26719694689002,0.262947087100777,0.258793206509624,0.254735532205019,0.250773780029753,0.246907252910502,0.243134919233678,0.239455476353413,0.235867402898984,0.232369002479809,0.228958440617382,0.225633776199644,0.222392988391803,0.219233999696972,0.21615469570092,0.213152941929546,0.210226598175998,0.207373530603786,0.20459162189463,0.201878779679938,0.199232943469856,0.196652090271822,0.194134239070815,0.191677454325249,0.189279848615728,0.186939584568433,0.184654876160701,0.182423989503426,0.180245243183162,0.178117008236204,0.176037707817465,0.174005816618481,0.17201986008142,0.170078413449342,0.168180100687156,0.166323593302657,0.164507609092587,0.162730910834818,0.160992304944426,0.159290640108546,0.157624805912408,0.155993731466832,0.154396384045621,0.152831767739732,0.151298922133763,0.149796921009176,0.14832487107768,0.146881910747421,0.145467208923907,0.144079963847032,0.14271940196508,0.141384776846183,0.140075368127374,0.138790480501105,0.137529442738869,0.136291606751387,0.135076346684689,0.133883058051265,0.132711156895435,0.131560078991947,0.130429279076841,0.129318230109515,0.128226422564966,0.127153363755124,0.126098577178241,0.125061601895262,0.124041991932148,0.123039315707136,0.122053155481917,0.121083106835772,0.120128778161718,0.119189790183725,0.118265775494139,0.117356378110424,0.116461253050417,0.115580065925274,0.114712492549358,0.113858218566312,0.113016939090622,0.112188358363981,0.111372189425812,0.110568153797308,0.109775981178417,0.108995409157181,0.10822618293089,0.107468055038533,0.10672078510404,0.105984139589849,0.105257891560334,0.104541820454662,0.103835711868678,0.103139357345401,0.102452554173775,0.101775105195299,0.101106818618209,0.100447507838866,0.0997969912700645,0.0991550921759277,0.0985216385131437,0.0978964627782441,0.0972794018606795,0.0966702969014429,0.096068993157004,0.0954753398683334,0.0948891901347999,0.0943104007927372,0.0937388322984865,0.0931743486157267,0.0926168171069176,0.0920661084286819,0.0915220964309697,0.0909846580598454,0.0904536732637549,0.0899290249031261,0.0894105986631733,0.0888982829697724,0.0883919689082883,0.087891550145231,0.0873969228526354,0.0869079856350491,0.086424639459033,0.0859467875850714,0.0854743355017986,0.0850071908624549,0.0845452634234799,0.0840884649851687,0.0836367093343037,0.0831899121886941,0.0827479911435447,0.0823108656195891,0.0818784568129184,0.0814506876464433,0.0810274827229273,0.0806087682795343,0.080194472143834,0.0797845236912103,0.0793788538036237,0.0789773948296757,0.0785800805459307,0.0781868461194469,0.0777976280714762,0.0774123642422879,0.0770309937570782,0.0766534569929271,0.0762796955467638,0.0759096522043074,0.0755432709099477,0.0751804967375327,0.0748212758620327,0.07446555553205,0.0741132840431451,0.0737644107119513,0.0734188858510516,0.0730766607445911,0.0727376876246006,0.0724019196480081,0.0720693108743123,0.0717398162439011,0.0714133915569883,0.0710899934531518,0.0707695793914521,0.0704521076311119,0.0701375372127386,0.0698258279400732,0.0695169403622469,0.0692108357565301,0.0689074761115576,0.0686068241110151,0.0683088431177724,0.0680134971584481,0.0677207509083942,0.067430569677085,0.0671429193939001,0.0668577665942875,0.0665750784062955,0.0662948225374619,0.0660169672620505,0.0657414814086232,0.0654683343479371,0.0651974959811587,0.0649289367283822,0.0646626275174472,0.0643985397730431,0.064136645406094,0.063876916803414,0.0636193268176253,0.0633638487573328,0,0.331320711371744,0.326634922031852,0.321851231996505,0.317005201343713,0.312131427567885,0.307258124748433,0.302407898702611,0.297598811898046,0.292845167028385,0.288158127130613,0.283546252221588,0.279015972542713,0.274571996910084,0.270217654055805,0.265955170097316,0.261785889701477,0.257710450512914,0.253728920417212,0.249840906073567,0.246045639586609,0.242342048626455,0.238728813957488,0.23520441726501,0.231767181363918,0.228415304292205,0.225146888383928,0.221959965135238,0.218852516485448,0.215822493004609,0.212867829388989,0.209986457602202,0.207176317952921,0.204435368364048,0.201761592058968,0.199153003865798,0.19660765531888,0.194123638717373,0.191699090283245,0.189332192544926,0.187021176058343,0.184764320563734,0.182559955664683,0.180406461104938,0.17830226670891,0.176245852043056,0.174235745847658,0.172270525281714,0.170348815017635,0.168469286217205,0.16663065541564,0.164831683336561,0.16307117365723,0.161347971740342,0.159660963346066,0.158009073335768,0.156391264376891,0.154806535656814,0.153253921612074,0.151732490678103,0.150241344063616,0.148779614552857,0.147346465338212,0.145941088885005,0.144562705829816,0.14321056391315,0.141883936946973,0.140582123817267,0.139304447521526,0.138050254240908,0.136818912446558,0.135609812039521,0.134422363523502,0.133255997209709,0.132110162452886,0.130984326917644,0.129877975874138,0.12879061152213,0.127721752342468,0.126670932474992,0.125637701121911,0.124621621975676,0.123622272670418,0.122639244256006,0.121672140693832,0.120720578373433,0.119784185649101,0.118862602395639,0.117955479582464,0.117062478865288,0.116183272194613,0.115317541440338,0.114464978031772,0.113625282612389,0.11279816470869,0.111983342412565,0.111180542076549,0.110389498021431,0.109609952255665,0.108841654206071,0.108084360459334,0.107337834513832,0.106601846541341,0.105876173158182,0.105160597205416,0.10445490753767,0.103758898820245,0.103072371334128,0.102395130788581,0.101726988140969,0.101067759423535,0.100417265576794,0.0997753322893001,0.0991417898434871,0.0985164729673362,0.0978992206916272,0.0972898762125309,0.0966882867593237,0.0960943034670078,0.095507781253632,0.0949285787021213,0.0943565579464227,0.093791584561796,0.0932335274590753,0.0926822587827385,0.0921376538126332,0.0915995908692068,0.0910679512221022,0.0905426190019811,0.0900234811154483,0.0895104271629504,0.089003349359534,0.0885021424583471,0.0880067036767775,0.0875169326251246,0.0870327312377051,0.0865540037062991,0.0860806564158433,0.0856125978822892,0.0851497386925389,0.0846919914463808,0.0842392707003505,0.0837914929134417,0.0833485763945985,0.0829104412519224,0.0824770093435301,0.0820482042299987,0.081623951128343,0.081204176867466,0.0807888098450275,0.0803777799856828,0.0799710187006384,0.0795684588484777,0.0791700346972116,0.0787756818875097,0.0783853373970707,0.0779989395060881,0.0776164277637786,0.0772377429559297,0.0768628270734331,0.0764916232817713,0.0761240758914209,0.0757601303291427,0.0753997331101283,0.075042831810973,0.0746893750434465,0.0743393124290354,0.0739925945742307,0.0736491730465347,0.0733090003511638,0.0729720299084239,0.0726382160317362,0.0723075139062906,0.0719798795683079,0.0716552698848887,0.0713336425344323,0.0710149559876042,0.0706991694888369,0.0703862430383449,0.0700761373746392,0.0697688139575227,0.0694642349515551,0.0691623632099669,0.0688631622590147,0.0685665962827582,0.0682726301082499,0.0679812291911208,0.0676923596015542,0.0674059880106311,0.0671220816770395,0.0668406084341344,0.0665615366773362,0.0662848353518625,0.0660104739407772,0.0657384224533517,0.065468651413726,0.0652011318498617,0.0649358352827786,0.0646727337160674,0.064411799625666,0.0641530059498991,0,0.333871808756204,0.32926631198163,0.324562093056931,0.319787041620262,0.314973300164923,0.310148994286685,0.305337422807479,0.300557604248282,0.295824875719347,0.291151425100561,0.286546776780233,0.282018236559397,0.277571288365168,0.27320993568734,0.268936986277307,0.264754283997314,0.260662894859995,0.256663255332197,0.252755290608707,0.248938509493096,0.245212081243372,0.241574898525188,0.23802562958726,0.234562761962861,0.231184639391421,0.227889493210632,0.224675469153883,0.2215406502666,0.218483076500485,0.215500761436258,0.212591706508125,0.209753913046531,0.206985392412694,0.204284174464345,0.201648314564051,0.199075899317549,0.196565051208644,0.19411393227858,0.191720746981048,0.189383744328904,0.187101219434977,0.184871514537024,0.182693019585789,0.180564172465146,0.17848345890444,0.176449412135196,0.174460612337387,0.172515685914212,0.170613304628932,0.168752184632497,0.166931085406526,0.165148808642552,0.163404197075285,0.161696133284857,0.160023538480676,0.158385371277412,0.156780626471893,0.155208333828158,0.153667556876581,0.15215739173189,0.150676965933929,0.149225437314197,0.147801992890502,0.146405847791493,0.145036244212321,0.143692450402268,0.142373759684841,0.141079489510531,0.13980898054218,0.138561595772741,0.137336719675009,0.136133757382788,0.134952133902877,0.133791293357128,0.132650698253818,0.13152982878748,0.130428182166366,0.129345271966617,0.128280627512279,0.12723379328025,0.12620432832926,0.125191805752,0.124195812149525,0.123215947127059,0.122251822810373,0.121303063381913,0.120369304635863,0.119450193551394,0.118545387883321,0.117654555769467,0.116777375354011,0.115913534426166,0.115062730073516,0.114224668349408,0.113399063953781,0.112585639926869,0.111784127355212,0.110994265089463,0.110215799473462,0.109448484084111,0.108692079481572,0.107946352969343,0.1072110783638,0.106486035772782,0.105771011382834,0.105065797254744,0.104370191127013,0.103683996226915,0.103007021088833,0.102339079379548,0.1016799897302,0.101029575574628,0.100387664993823,0.0997540905662348,0.0991286892236899,0.0985113021126843,0.0979017744608238,0.0972999554482029,0.0967056980835117,0.0961188590846816,0.0955392987638787,0.0949668809166667,0.0944014727151732,0.09384294460509,0.0932911702063571,0.0927460262173806,0.0922073923226395,0.0916751511035499,0.0911491879524529,0.0906293909896044,0.0901156509830476,0.089607861271253,0.0891059176884197,0.0886097184923324,0.0881191642946749,0.0876341579937052,0.0871546047092011,0.0866804117195888,0.0862114884011711,0.085747746169375,0.0852890984219432,0.084835460483994,0.0843867495548821,0.0839428846567905,0.0835037865849896,0.0830693778597037,0.0826395826795217,0.0822143268762984,0.0817935378714914,0.081377144633879,0.0809650776386123,0.0805572688275501,0.0801536515708332,0.0797541606296521,0.079358732120165,0.0789673034785281,0.0785798134269951,0.0781962019410515,0.077816410217545,0.0774403806437798,0.0770680567675382,0.076699383268001,0.0763343059275319,0.0759727716043005,0.0756147282057112,0.0752601246626133,0.0749089109042656,0.0745610378340285,0.0742164573057615,0.0738751221008997,0.0735369859061902,0.073202003292064,0.0728701296916218,0.0725413213802182,0.0722155354556174,0.0718927298187098,0.0715728631547641,0.0712558949152036,0.0709417852998856,0.0706304952398697,0.0703219863806593,0.0700162210659022,0.0697131623215322,0.0694127738403428,0.0691150199669762,0.0688198656833149,0.0685272765942649,0.068237218913917,0.067949659452075,0.0676645656011394,0.0673819053233368,0.0671016471382832,0.0668237601108702,0.0665482138394674,0.0662749784444288,0.0660040245568956,0.0657353233078854,0.0654688463176606,0.0652045656853666,0.0649424539789316,0,0.336378926308927,0.331846891424803,0.327218268066297,0.322513438261273,0.317760946242134,0.312987953499089,0.308217921008089,0.303470501190723,0.298761865259505,0.294105102444355,0.289510629601673,0.284986591325168,0.2805392331674,0.276173234456744,0.271891994002226,0.267697868404825,0.263592367018749,0.259576309712937,0.255649954053221,0.251813098036641,0.24806516358918,0.244405265021097,0.240832265697481,0.237344825398928,0.233941440231345,0.230620476478705,0.227380199450838,0.224218798131739,0.221134406257549,0.218125120327211,0.215189014957842,0.212324155929929,0.209528611216939,0.206800460254513,0.204137801672583,0.201538759687208,0.199001489326141,0.196524180642283,0.194105062051495,0.191742402915479,0.189434515476294,0.187179756236306,0.184976526865989,0.18282327471174,0.180718492966728,0.178660720559654,0.176648541809093,0.174680585884655,0.172755526110612,0.170872079142627,0.169029004043923,0.167225101283378,0.165459211674755,0.163730215273351,0.162037030243872,0.160378611711145,0.158753950603405,0.15716207249627,0.155602036464131,0.154072933944459,0.152573887619524,0.151104050319131,0.14966260394722,0.148248758434542,0.14686175071908,0.145500843755423,0.144165325553906,0.142854508250016,0.141567727204279,0.140304340132627,0.139063726267041,0.137845285546138,0.136648437835226,0.135472622175247,0.134317296059971,0.133181934740732,0.132066030557941,0.130969092298586,0.129890644578931,0.128830227251558,0.127787394835949,0.126761715971765,0.125752772894004,0.124760160929223,0.123783488012035,0.122822374221076,0.1218764513337,0.120945362398645,0.120028761325947,0.119126312493403,0.118237690368904,0.117362579147982,0.116500672405929,0.115651672763899,0.114815291568382,0.113991248583501,0.113179271695585,0.112379096629501,0.111590466676232,0.110813132431246,0.110046851543173,0.109291388472365,0.108546514258916,0.107812006299736,0.107087648134292,0.106373229238656,0.105668544827501,0.104973395663707,0.104287587875258,0.103610932779121,0.102943246711817,0.102284350866393,0.101634071135532,0.100992237960549,0.100358686186018,0.0997332549198063,0.0991157873982743,0.0985061308564524,0.0979041364029678,0.097309658899536,0.0967225568448305,0.0961426922625491,0.095569930593506,0.0950041405915911,0.0944451942234347,0.0938929665716319,0.093347335741385,0.0928081827704239,0.0922753915420785,0.0917488487013746,0.0912284435740372,0.0907140680882855,0.0902056166993091,0.0897029863163245,0.0892060762321095,0.0887147880549189,0.0882290256426932,0.0877486950394684,0.0872737044139069,0.0868039639998664,0.08633938603893,0.0858798847248254,0.0854253761496604,0.0849757782519067,0.084531010766071,0.0840909951739845,0.0836556546576562,0.0832249140536327,0.0827986998088043,0.0823769399376119,0.0819595639805977,0.0815465029642562,0.0811376893621355,0.0807330570571453,0.0803325413050289,0.0799360786989592,0.0795436071352146,0.079155065779903,0.0787703950366929,0.0783895365155179,0.0780124330022202,0.0776390284291029,0.077269267846357,0.0769030973943345,0.0765404642766396,0.0761813167340086,0.0758256040189528,0.0754732763711387,0.0751242849934813,0.0747785820289248,0.0744361205378904,0.0740968544763677,0.0737607386746284,0.0734277288165432,0.0730977814194799,0.072770853814767,0.0724469041287013,0.072125891264084,0.071807774882268,0.0714925153856995,0.0711800739009387,0.0708704122621439,0.070563492995005,0.0702592793011124,0.0699577350427467,0.0696588247280766,0.0693625134967524,0.069068767105884,0.0687775519163892,0.0684888348797024,0.0682025835248331,0.0679187659457617,0.0676373507891661,0.067358307242464,0.067081605022166,0.066807214362527,0.0665351060044896,0.0662652511849082,0.0659976216260483,0.0657321895253503,0,0.338848003235827,0.334382118706482,0.329823969322821,0.325187286966984,0.320496204885504,0.315776062735765,0.311049897774614,0.306337619152418,0.301655988490483,0.297018839709176,0.292437384774008,0.287920550821914,0.28347531686353,0.279107028349022,0.274819676855821,0.270616139930201,0.266498381673171,0.262467617879801,0.258524450909225,0.254668979626551,0.250900889269944,0.247219525340188,0.243623954814831,0.240113017270826,0.236685367902907,0.233339513954918,0.230073845723737,0.226886663029735,0.223776197852935,0.22074063369189,0.217778122098313,0.214886796763399,0.212064785473609,0.209310220208579,0.206621245617907,0.203996026084013,0.201432751553467,0.198929642297748,0.196484952745671,0.194096974513173,0.191764038741392,0.189484517840774,0.187256826727175,0.185079423625364,0.182950810505915,0.180869533213114,0.178834181334035,0.176843387852351,0.174895828624624,0.172990221711653,0.171125326592973,0.16929994328862,0.167512911408814,0.165763109149194,0.164049452246605,0.162370892908142,0.160726418724177,0.159115051574374,0.157535846534209,0.155987890788231,0.154470302555201,0.1529822300293,0.151522850340773,0.150091368538689,0.148687016597921,0.147309052451907,0.145956759052372,0.144629443456783,0.143326435944057,0.142047089158723,0.140790777283604,0.139556895240827,0.138344857920889,0.137154099439359,0.135984072420707,0.13483424730866,0.13370411170247,0.132593169718375,0.131500941375554,0.130426962005815,0.129370781686275,0.128331964694248,0.127310088983593,0.126304745681747,0.125315538606697,0.124342083803145,0.123384009097134,0.122440953668431,0.121512567639963,0.120598511683642,0.119698456641902,0.11881208316434,0.117939081358818,0.117079150456459,0.116231998489943,0.11539734198456,0.114574905661494,0.113764422152818,0.112965631727716,0.112178282029454,0.111402127822663,0.11063693075048,0.109882459101148,0.109138487583669,0.108404797112132,0.107681174598354,0.10696741275247,0.106263309891159,0.105568669753172,0.104883301321858,0.1042070186544,0.103539640717475,0.102880991229077,0.102230898506242,0.101589195318433,0.100955718746346,0.10033031004593,0.0997128145173798,0.0991030813789214,0.0985009636451864,0.0979063180099831,0.0973190047332953,0.0967388875323308,0.096165833476459,0.0955997128858831,0.0950403992338946,0.0944877690525675,0.0939417018417598,0.0934020799812847,0.0928687886461325,0.0923417157246203,0.0918207517393566,0.0913057897709087,0.0907967253840718,0.0902934565566359,0.0897958836105563,0.089303909145435,0.0888174379742249,0.0883363770610715,0.0878606354612139,0.0873901242628627,0.0869247565309862,0.0864644472529294,0.0860091132857994,0.0855586733055509,0.0851130477577103,0.0846721588096773,0.0842359303045461,0.0838042877163912,0.0833771581069647,0.0829544700837547,0.082536153759354,0.0821221407120945,0.0817123639479004,0.0813067578633185,0.0809052582096815,0.0805078020583678,0.0801143277671165,0.0797247749473623,0.0793390844325543,0.078957198247425,0.0785790595781762,0.0782046127435514,0.0778338031667631,0.0774665773482471,0.0771028828392149,0.0767426682159777,0.076385883055017,0.0760324779087747,0.0756824042821402,0.075335614609612,0.0749920622331104,0.0746517013804195,0.0743144871442397,0.0739803754618289,0.0736493230952148,0.0733212876119591,0.0729962273664552,0.0726741014817444,0.0723548698318311,0.0720384930244842,0.0717249323845074,0.0714141499374634,0.0711061083938394,0.0708007711336388,0.0704981021913861,0.0701980662415327,0.0699006285842502,0.0696057551316003,0.0693134123940693,0.0690235674674566,0.0687361880201056,0.0684512422804669,0.068168699024984,0.0678885275662921,0.0676106977417203,0.0673351799020885,0.0670619449007896,0.0667909640831484,0.0665222092760503,0,0.341285273070157,0.336877660722765,0.332383755423012,0.32781189562968,0.323181308344599,0.318514722458189,0.313834138150395,0.309159299590189,0.304507275028253,0.299892453882862,0.295326720050082,0.290819706700559,0.286379082502526,0.28201083752151,0.277719549155607,0.273508617920591,0.269380469781865,0.265336726100064,0.261378344572051,0.25750573542853,0.253718857160214,0.250017295610129,0.246400329665753,0.242866986169242,0.239416086114156,0.236046283741166,0.232756099784329,0.229543949842569,0.226408168642405,0.223347030802542,0.220358768595164,0.217441587112177,0.214593677178846,0.211813226306471,0.209098427935456,0.206447489187453,0.203858637318093,0.201330125038713,0.198860234855561,0.19644728255744,0.194089619967375,0.191785637060126,0.189533763535191,0.187332469924026,0.185180268300516,0.183075712655089,0.18101739898517,0.179003965147868,0.177034090514774,0.175106495463408,0.173219940735175,0.171373226685586,0.169565192448874,0.167794715035977,0.166060708382116,0.164362122357783,0.162697941754856,0.161067185257762,0.159468904408004,0.157902182569051,0.156366133897366,0.154859902324368,0.15338266055323,0.151933609073684,0.150511975197356,0.149117012115588,0.147747997981267,0.146404235015768,0.145085048641774,0.143789786642469,0.14251781834735,0.14126853384471,0.140041343220668,0.138835675824506,0.137650979559935,0.136486720201849,0.13534238073802,0.13421746073517,0.133111475728774,0.132023956635948,0.130954449190724,0.129902513401033,0.128867723026661,0.127849665077506,0.1268479393314,0.125862157870808,0.124891944637715,0.123936935006021,0.122996775370778,0.122071122753623,0.121159644423767,0.120262017533949,0.119377928770725,0.11850707401855,0.117649158037069,0.116803894151102,0.115971003952779,0.115150217015356,0.114341270618199,0.113543909482496,0.112757885517253,0.111982957575123,0.111218891217694,0.110465458489814,0.10972243770259,0.108989613224698,0.108266775281663,0.107553719762762,0.10685024803525,0.106156166765602,0.10547128774747,0.104795427736088,0.104128408288858,0.103470055611847,0.102820200411985,0.102178677754686,0.101545326926713,0.100919991304037,0.100302518224517,0.0996927588651816,0.0990905681239409,0.0984958045055412,0.0979083300115982,0.0973280100345418,0.0967547132553168,0.0961883115446899,0.0956286798680213,0.0950756961933614,0.0945292414027452,0.0939891992065543,0.0934554560608326,0.092927901087434,0.0924064259968974,0.0918909250139415,0.0913812948054794,0.0908774344110542,0.0903792451756063,0.0898866306844823,0.0893994967005994,0.0889177511036865,0.0884413038315214,0.0879700668230914,0.0875039539636053,0.0870428810312862,0.0865867656458829,0.0861355272188318,0.0856890869050149,0.0852473675560499,0.0848102936750595,0.0843777913728675,0.0839497883255673,0.0835262137334159,0.0831069982810053,0.0826920740986653,0.0822813747250556,0.081874835070904,0.0814723913838489,0.0810739812143532,0.0806795433826442,0.0802890179466517,0.0799023461709037,0.0795194704963506,0.079140334511085,0.078764882921926,0.0783930615268391,0.078024817188164,0.077660097806622,0.0772988522960779,0.0769410305590302,0.0765865834628074,0.0762354628164429,0.0758876213482127,0.0755430126838064,0.0752015913251178,0.0748633126296297,0.0745281327903777,0.0741960088164705,0.0738668985141523,0.0735407604683877,0.0732175540249533,0.0728972392730202,0.07257977702821,0.072265128816113,0.0719532568562506,0.07164412404647,0.0713376939477562,0.0710339307694508,0.0707327993548628,0.0704342651672603,0.0701382942762317,0.069844853344404,0.0695539096145086,0.0692654308967842,0.0689793855567059,0.06869574250303,0.0684144711761472,0.0681355415367331,0.067858924054688,0.0675845896983583,0.0673125099240295,0,0.34369709404973,0.339339359380419,0.334902441502488,0.330390920503779,0.325818849982092,0.321205662431858,0.316571708917629,0.311936116284983,0.307315941279777,0.302725909172859,0.298178427274601,0.293683737756904,0.28925013888547,0.284884231258408,0.280591161666814,0.276374848660339,0.272238182209363,0.268183195412531,0.264211209497237,0.260322955006444,0.256518672632462,0.252798197101727,0.249161027150772,0.245606384159694,0.242133261535681,0.238740466518228,0.235426655727751,0.232190365500555,0.229030037836736,0.225944042622373,0.222930696662011,0.219988279962283,0.21711504963472,0.214309251729329,0.211569131265899,0.208892940694068,0.206278946983477,0.20372543752047,0.201230724966471,0.198793151214651,0.196411090565325,0.194082952226207,0.19180718223095,0.189582264858132,0.187406723622833,0.185279121904001,0.18319806326289,0.181162191500832,0.179170190498357,0.17722078387218,0.175312734481728,0.17344484381258,0.171615951260468,0.169824933336166,0.168070702808737,0.166352207802053,0.164668430857356,0.163018387972669,0.161401127628231,0.159815729805674,0.158261305007423,0.156736993281704,0.155241963257626,0.153775411193991,0.152336560044793,0.150924658543783,0.149538980309962,0.148178822975437,0.146843507336683,0.145532376529982,0.144244795231508,0.142980148882313,0.141737842938295,0.140517302145055,0.139317969837437,0.138139307263421,0.136980792931969,0.135841921984346,0.134722205588382,0.133621170355109,0.132538357777156,0.131473323688294,0.130425637743456,0.129394882918615,0.12838065502984,0.127382562270887,0.126400224768667,0.125433274155957,0.124481353160718,0.123544115211399,0.122621224057626,0.121712353405683,0.120817186568205,0.119935416127537,0.119066743612209,0.118210879186007,0.117367541349135,0.116536456650978,0.115717359414,0.114909991468319,0.114114101896529,0.113329446788338,0.112555789004639,0.111792897950602,0.111040549357441,0.110298525072478,0.109566612857179,0.108844606192818,0.10813230409347,0.107429510926029,0.106736036236948,0.106051694585444,0.105376305382898,0.104709692738186,0.104051685308715,0.103402116156922,0.102760822612011,0.102127646136731,0.101502432198969,0.100885030147988,0.1002752930951,0.0996730777986139,0.0990782445528791,0.0984906570812629,0.0979101824329051,0.0973366908831017,0.096770055837173,0.0962101537376809,0.0956568639748609,0.0951100688001464,0.0945696532426649,0.0940355050285869,0.0935075145032234,0.092985574555761,0.092469580546536,0.0919594302367509,0.0914550237205383,0.0909562633592858,0.090463053718134,0.0899753015045687,0.0894929155090261,0.0890158065474377,0.0885438874056432,0.0880770727856004,0.0876152792533272,0.0871584251885125,0.0867064307357345,0.0862592177572272,0.0858167097871406,0.0853788319872392,0.084945511103988,0.0845166754269763,0.0840922547486308,0.0836721803251737,0.0832563848387807,0.0828448023608964,0.0824373683166679,0.0820340194504565,0.0816346937923905,0.0812393306259219,0.0808478704563557,0.0804602549803138,0.0800764270561049,0.0796963306749693,0.0793199109331668,0.0789471140048823,0.0785778871159184,0.0782121785181527,0.0778499374647288,0.0774911141859627,0.0771356598659367,0.0767835266197594,0.0764346674714713,0.0760890363325724,0.0757465879811543,0.0754072780416149,0.0750710629649382,0.0747379000095215,0.0744077472225312,0.0740805634217712,0.073756308178047,0.0734349417980118,0.0731164253074762,0.0728007204351693,0.0724877895969383,0.0721775958803683,0.0718701030298152,0.0715652754318339,0.0712630781009927,0.0709634766660622,0.0706664373565642,0.0703719269896752,0.0700799129574663,0.0697903632144763,0.0695032462656051,0.0692185311543174,0.0689361874511478,0.0686561852425008,0.0683784951197315,0.0681030881685047,0,0.346092497851552,0.341773175822697,0.337385004290255,0.332928292476219,0.3284117409945,0.323850921662199,0.319263953036438,0.314668878019676,0.31008239740253,0.305519325836379,0.300992421638556,0.296512418770772,0.292088168540489,0.287726834885426,0.28343410742051,0.279214410151412,0.275071093578096,0.27100660468088,0.267022633586973,0.26312023816466,0.259299948963749,0.255561857292169,0.251905689140595,0.248330867373183,0.244836564234867,0.241421745862052,0.238085210160548,0.23482561914485,0.231641526615954,0.228531401884488,0.225493650113761,0.222526629755347,0.219628667470834,0.21679807087174,0.214033139360785,0.211332173318501,0.208693481846966,0.20611538925562,0.203596240451357,0.201134405375489,0.198728282613106,0.196376302285457,0.194076928322687,0.191828660202653,0.189630034231111,0.187479624429363,0.185376043087267,0.183317941032261,0.181304007658588,0.179332970755256,0.177403596166198,0.175514687311689,0.173665084596167,0.17185366472417,0.170079339943101,0.168341057228896,0.16663779742836,0.164968574369943,0.163332433952963,0.161728453223755,0.160155739445925,0.158613429170708,0.157100687312465,0.155616706233461,0.154160704841372,0.152731927702273,0.151329644171359,0.149953147543153,0.148601754222557,0.147274802917764,0.145971653855757,0.144691688020859,0.143434306416609,0.14219892935105,0.140984995745363,0.139791962465684,0.138619303677807,0.137466510224416,0.136333089024418,0.135218562493895,0.134122467988146,0.133044357264266,0.131983795963696,0.13094036311413,0.129913650650193,0.128903262952277,0.127908816402931,0.12692993896019,0.125966269747262,0.125017458657974,0.124083165977396,0.12316306201709,0.122256826764414,0.121364149545362,0.1204847287004,0.119618271272803,0.118764492708995,0.117923116570422,0.117093874256488,0.116276504738133,0.115470754301594,0.114676376301975,0.113893130926193,0.113120784964951,0.112359111593351,0.111607890159804,0.110866905982901,0.110135950155916,0.109414819358634,0.108703315676206,0.108001246424742,0.107308423983371,0.106624665632504,0.105949793398053,0.105283633901359,0.104626018214597,0.103976781721448,0.103335763982813,0.102702808607378,0.102077763126823,0.1014604788755,0.100850810874406,0.100248617719256,0.0996537614725298,0.0990661075592991,0.0984855246667158,0.0979118846469981,0.0973450624237878,0.0967849359017421,0.0962313858792385,0.0956842959640676,0.0951435524920027,0.0946090444481327,0.0940806633908534,0.093558303378417,0.0930418608979391,0.0925312347967748,0.0920263262161694,0.0915270385271029,0.0910332772682418,0.0905449500859237,0.0900619666760956,0.0895842387281367,0.089111679870492,0.0886442056180566,0.0881817333212394,0.0877241821166505,0.0872714728793514,0.0868235281766105,0.0863802722231122,0.0859416308375651,0.0855075314006603,0.0850779028143331,0.0846526754622798,0.0842317811716862,0.0838151531761265,0.0834027260795889,0.0829944358215924,0.082590219643353,0.0821900160549665,0.0817937648035704,0.0814014068424535,0.0810128843010784,0.0806281404559891,0.0802471197025701,0.0798697675276324,0.0794960304827938,0.079125856158633,0.0787591931595849,0.0783959910795595,0.078036200478254,0.0776797728581413,0.0773266606421083,0.0769768171517242,0.0766301965861205,0.0762867540014592,0.0759464452909731,0.0756092271655589,0.0752750571349054,0.07494389348914,0.0746156952809769,0.0742904223083514,0.0739680350975244,0.0736484948866449,0.0733317636097515,0.0730178038812038,0.0727065789805284,0.0723980528376671,0.0720921900186152,0.0717889557114366,0.0714883157126467,0.0711902364139497,0.0708946847893213,0.0706016283824256,0.0703110352943558,0.0700228741716901,0.0697371141948517,0.0694537250667672,0.0691726770018108,0.0688939407150287,0,0.348479472218401,0.344184959829675,0.339836479422113,0.335428135211257,0.33096315697667,0.326452819231559,0.321912477062289,0.317358626210213,0.312807250783968,0.308272986694312,0.303768749458548,0.299305628467061,0.294892935234422,0.290538336500911,0.286248027528831,0.282026917000229,0.277878806286092,0.273806553838327,0.269812220771661,0.265897196976076,0.262062308911479,0.258307911077531,0.254633963401004,0.251040096706079,0.247525668201531,0.244089808635648,0.240731462490728,0.237449422340485,0.234242358284499,0.231108843203812,0.228047374446409,0.225056392444647,0.222134296682879,0.219279459367493,0.216490237098952,0.213764980803126,0.211102044144515,0.20849979061526,0.205956599469478,0.203470870651795,0.201041028850929,0.198665526793569,0.196342847879988,0.194071508250719,0.191850058362838,0.189677084144898,0.187551207791062,0.18547108824751,0.183435421437541,0.181442940265874,0.179492414437513,0.17758265012185,0.175712489488734,0.173880810139577,0.172086524453493,0.17032857886569,0.16860595309293,0.166917659318782,0.165262741349508,0.16364027374988,0.162049360966768,0.160489136447164,0.158958761756219,0.157457425699998,0.155984343456805,0.154538755720309,0.15311992785706,0.151727149080509,0.15035973164319,0.149017010048357,0.147698340282043,0.14640309906625,0.145130683133708,0.143880508524508,0.142652009904685,0.14144463990673,0.140257868491873,0.139091182333902,0.137944084224183,0.136816092497497,0.135706740478262,0.134615575946649,0.133542160624101,0.132486069677703,0.131446891242873,0.13042422596381,0.129417686551133,0.128426897356154,0.12745149396122,0.126491122785567,0.12554544070614,0.124614114692836,0.123696821457642,0.12279324711715,0.121903086867954,0.121026044674418,0.120161832968364,0.1193101723602,0.118470791361046,0.117643426115434,0.116827820144149,0.116023724096824,0.11523089551389,0.114449098597515,0.113678103991164,0.112917688567441,0.112167635223879,0.111427732686354,0.110697775319824,0.109977562946086,0.109266900668285,0.108565598701886,0.107873472211865,0.107190341155854,0.106516030133015,0.105850368238401,0.105193188922599,0.104544329856427,0.103903632800497,0.103270943479445,0.102646111460641,0.102028990037209,0.101419436115178,0.100817310104606,0.100222475814521,0.0996348003515277,0.0990541540219418,0.0984804102373053,0.097913445423159,0.0973531389309476,0.0967993729529277,0.0962520324399744,0.0957110050221657,0.0951761809320471,0.0946474529304673,0.0941247162348933,0.0936078684501077,0.0930968095012006,0.0925914415687691,0.0920916690262423,0.0915973983792533,0.0911085382069814,0.0906249991053932,0.0901466936323112,0.0896735362542444,0.0892054432949151,0.0887423328854235,0.0882841249159856,0.0878307409891936,0.0873821043747394,0.0869381399655519,0.0864987742352964,0.0860639351971884,0.0856335523640744,0.0852075567097371,0.0847858806313804,0.0843684579132528,0.0839552236913722,0.0835461144193103,0.083141067835004,0.0827400229285549,0.0823429199109861,0.0819497001839222,0.0815603063101612,0.0811746819851086,0.0807927720090454,0.0804145222602005,0.0800398796686016,0.0796687921906795,0.0793012087845991,0.0789370793862948,0.0785763548861867,0.0782189871065545,0.0778649287795496,0.0775141335258224,0.0771665558337474,0.076822151039224,0.0764808753060389,0.0761426856067663,0.0758075397041948,0.07547539613326,0.07514621418347,0.074819953881805,0.0744965759760798,0.0741760419187523,0.073858313851165,0.0735433545882068,0.0732311276033799,0.0729215970142634,0.0726147275683567,0.0723104846292955,0.072008834163427,0.0717097427267323,0.0714131774520881,0.0711191060368567,0.0708274967307937,0.0705383183242659,0.0702515401367669,0.0699671320057253,0.0696850642755944,0,0.350862505457796,0.346580286697567,0.342261856121283,0.337894676766241,0.333476475648821,0.329013916523525,0.324519131483629,0.320006627198765,0.315491305690398,0.310987340995444,0.3065075941917,0.302063356359365,0.297664290829384,0.293318493373563,0.289032616882993,0.284812025325832,0.280660954628789,0.276582667280245,0.272579593757124,0.268653457976763,0.264805386446655,0.261036002128284,0.257345504643936,0.253733738629017,0.250200251966241,0.246744345458785,0.243365115282468,0.240061489342714,0.23683225847005,0.233676103224589,0.230591616945695,0.22757732557449,0.224631704690022,0.221753194130483,0.21894021051513,0.216191157937467,0.213504437063275,0.210878452836494,0.208311620970133,0.205802373377506,0.203349162680208,0.200950465912813,0.198604787529978,0.196310661808963,0.194066654729472,0.191871365402813,0.189723427113671,0.187621508030004,0.185564311629721,0.183550576886711,0.181579078253402,0.179648625472276,0.17775806324457,0.17590627078066,0.174092161253414,0.172314681172889,0.170572809698249,0.168865557900588,0.16719196798839,0.165551112505677,0.163942093511437,0.162364041747619,0.160816115801874,0.159297501270254,0.157807409924223,0.156345078885613,0.15490976981253,0.153500768098646,0.152117382087875,0.150758942305984,0.149424800710384,0.148114329959024,0.146826922699044,0.14556199087567,0.144318965061595,0.143097293806977,0.141896443010046,0.140715895308173,0.139555149489209,0.138413719922795,0.137291136011296,0.136186941659958,0.135100694765856,0.134031966725159,0.132980341958232,0.131945417452063,0.130926802319501,0.129924117374785,0.128936994724842,0.127965077375821,0.127008018854366,0.126065482843093,0.125137142829777,0.12422268176976,0.123321791761085,0.122434173731887,0.121559537139587,0.120697599681437,0.119848087015972,0.119010732494975,0.118185276905517,0.117371468221701,0.11656906136572,0.115777817977868,0.11499750619514,0.114227900438098,0.113468781205662,0.112719934877516,0.111981153523823,0.111252234721966,0.110532981380024,0.109823201566728,0.109122708347621,0.108431319627199,0.107748857996769,0.107075150587821,0.106410028930675,0.105753328818211,0.105104890174464,0.104464556927914,0.103832176889259,0.103207601633517,0.102590686386281,0.101981289913953,0.101379274417821,0.100784505431818,0.100196851723812,0.099616185200318,0.0990423808144634,0.0984753164771131,0.0979148729710158,0.0973609338678599,0.0968133854481302,0.0962721166236574,0.0957370188627587,0.0952079861178718,0.0946849147555886,0.0941677034889994,0.093656253312259,0.0931504674372974,0.0926502512325878,0.0921555121639043,0.09166615973699,0.0911821054420679,0.090703262700129,0.090229546810929,0.089760874902635,0.0892971658830633,0.0888383403924466,0.0883843207576813,0.0879350309479988,0.0874903965320116,0.0870503446360846,0.0866148039039861,0.0861837044577736,0.0857569778598689,0.0853345570762852,0.0849163764409634,0.0845023716211784,0.0840924795839829,0.0836866385636483,0.0832847880300725,0.0828868686581192,0.0824928222978586,0.0821025919456792,0.0817161217162396,0.0813333568152358,0.0809542435129532,0.0805787291185794,0.0802067619552524,0.0798382913358187,0.0794732675392813,0.0791116417879109,0.0787533662250019,0.0783983938932512,0.0780466787137396,0.0776981754654974,0.0773528397656338,0.0770106280500143,0.0766714975544672,0.0763354062965033,0.0760023130575315,0.0756721773655566,0.0753449594783438,0.075020620367033,0.0746991217001928,0.0743804258282973,0.0740644957686159,0.0737512951905001,0.0734407884010585,0.0731329403312044,0.0728277165220693,0.0725250831117679,0.0722250068225055,0.0719274549480168,0.0716323953413267,0.0713397964028237,0.071049627068637,0.0707618567993069,0.0704764555687424,0,0.353246389669169,0.348964424141331,0.344665967065707,0.340332155857444,0.335955207255463,0.331536971631556,0.327085984173424,0.322614359079996,0.318135558828003,0.313663005346767,0.309209280420276,0.304785708245727,0.300402181293252,0.296067137853502,0.291787629614422,0.287569437598246,0.283417208957244,0.279334597355782,0.275324396903119,0.271388664503949,0.267528828629626,0.263745784378766,0.260039975699923,0.256411466102887,0.252859999311279,0.249385051256673,0.245985874677366,0.24266153741888,0.239410955368349,0.236232920805773,0.233126126826818,0.230089188384953,0.22712066041294,0.2242190534124,0.221382846842145,0.218610500588652,0.215900464763117,0.213251188037181,0.210661124702265,0.208128740614354,0.205652518166295,0.203230960412508,0.200862594456065,0.198545974194964,0.196279682512887,0.194062332989488,0.191892571196251,0.189769075635922,0.187690558376446,0.185655765424028,0.183663476874389,0.181712506876354,0.179801703437553,0.17792994809819,0.176096155495416,0.174299272837905,0.172538279307555,0.170812185402989,0.16912003223746,0.167460890802032,0.165833861203334,0.164238071883851,0.162672678831517,0.161136864784359,0.159629838435046,0.158150833639396,0.156699108632263,0.155273945253578,0.153874648186879,0.152500544212175,0.151150981474636,0.149825328770274,0.148522974849506,0.147243327739229,0.145985814083872,0.144749878505687,0.143534982984397,0.142340606256224,0.141166243232173,0.140011404435406,0.138875615457435,0.137758416432822,0.136659361532034,0.135578018472036,0.134513968044205,0.133466803659115,0.132436130907725,0.131421567138483,0.130422741049881,0.129439292297957,0.128470871118273,0.127517137961867,0.126577763144726,0.125652426510281,0.124740817104483,0.123842632862998,0.122957580310075,0.122085374268661,0.121225737581339,0.120378400841681,0.119543102135624,0.118719586792484,0.117907607145224,0.117106922299651,0.116317297912152,0.115538505975671,0.11477032461359,0.114012537881203,0.113264935574491,0.112527313045903,0.11179947102688,0.111081215456838,0.110372357318379,0.109672712478456,0.108982101535284,0.108300349670761,0.10762728650817,0.106962745974975,0.106306566170504,0.105658589238314,0.105018661243076,0.104386632051792,0.103762355219175,0.103145687877035,0.102536490627508,0.101934627439994,0.101339965551639,0.100752375371248,0.100171730386479,0.0995979070742035,0.0990307848139067,0.0984702458040163,0.0979161749810454,0.0973684599414436,0.0968269908660568,0.0962916604470954,0.095762363817517,0.0952389984827355,0.0947214642545679,0.0942096631873381,0.093703499516056,0.0932028795965968,0.0927077118478087,0.0922179066954743,0.0917333765180635,0.0912540355942095,0.0907798000518465,0.0903105878189507,0.0898463185758261,0.0893869137088783,0.0889322962658284,0.0884823909123097,0.088037123889804,0.0875964229748672,0.0871602174395993,0.0867284380133178,0.0863010168453899,0.0858778874691849,0.0854589847671085,0.0850442449366808,0.0846336054576232,0.0842270050599206,0.0838243836928226,0.0834256824947578,0.0830308437641234,0.0826398109309274,0.0822525285292506,0.081868942170503,0.081488998517448,0.0811126452589695,0.0807398310855558,0.0803705056654807,0.0800046196216537,0.079642124509123,0.0792829727932066,0.0789271178282325,0.078574513836869,0.0782251158900255,0.0778788798873063,0.0775357625379988,0.077195721342581,0.0768587145747306,0.0765247012638206,0.0761936411778855,0.0758654948070457,0.0755402233473725,0.0752177886851836,0.0748981533817532,0.0745812806584261,0.0742671343821218,0.0739556790512185,0.0736468797818044,0.0733407022942847,0.0730371129003353,0.0727360784901915,0.0724375665202637,0.0721415450010671,0.0718479824854599,0.071556848057177,0.0712681113196548,0,0.355636165332166,0.351342157156427,0.347053365887696,0.342744723982773,0.338402919335366,0.334024887038735,0.329615287405679,0.325183493112193,0.320741190670901,0.316300761490018,0.311874275574471,0.307472910142417,0.303106651678974,0.298784182643409,0.294512884196127,0.29029890731122,0.2861472797999,0.282062027904466,0.278046299194162,0.27410247915004,0.270232297609881,0.266436923638736,0.262717048804786,0.259072959598159,0.255504600072852,0.252011625887711,0.248593450883271,0.245249287227427,0.241978180035924,0.238779037246271,0.235650655407149,0.23259174194382,0.229600934374198,0.226676816878728,0.22381793456811,0.2210228057441,0.218289932408147,0.215617809238837,0.213004931230729,0.210449800163001,0.207950930045654,0.205506851673133,0.203116116399686,0.200777299237145,0.198489001363847,0.196249852122843,0.19405851057822,0.191913666690045,0.189814042161174,0.187758391002623,0.185745499858457,0.183774188126091,0.181843307903349,0.179951743789659,0.178098412565273,0.176282262769261,0.174502274194321,0.172757457314047,0.171046852656169,0.169369530133443,0.167724588342233,0.166111153837422,0.164528380391009,0.162975448240714,0.16145156333391,0.159955956571423,0.158487883054986,0.157046621341525,0.155631472706921,0.154241760421391,0.152876829038267,0.151536043697569,0.150218789445471,0.148924470570523,0.147652509957229,0.146402348457439,0.145173444279802,0.14396527239743,0.142777323973783,0.141609105806698,0.140460139790394,0.139329962395237,0.138218124164969,0.137124189231071,0.13604773484391,0.134988350920255,0.133945639606769,0.13291921485902,0.1319087020356,0.130913737506877,0.129933968277941,0.128969051625285,0.128018654746778,0.127082454424478,0.126160136699839,0.125251396560893,0.124355937640969,0.123473471928543,0.122603719487796,0.121746408189517,0.12090127345193,0.120068057991098,0.119246511580535,0.11843639081967,0.117637458910833,0.116849485444438,0.11607224619203,0.115305522906921,0.114549103132089,0.113802780015083,0.113066352129648,0.112339623303816,0.1116224024542,0.11091450342627,0.110215744840345,0.109525949943117,0.108844946464462,0.108172566479338,0.107508646274587,0.106853026220435,0.106205550646506,0.105566067722195,0.104934429341201,0.104310491010097,0.10369411174074,0.103085153946409,0.102483483341508,0.101888968844705,0.10130148248537,0.100720899313195,0.100147097310873,0.0995799573097065,0.099019362908063,0.098465200392541,0.0979173586617648,0.0973757291527006,0.0968402057694031,0.0963106848141023,0.0957870649205424,0.0952692469894914,0.0947571341263411,0.0942506315807206,0.0937496466880502,0.093254088812965,0.0927638692945413,0.0922789013932585,0.0917991002396373,0.0913243827844917,0.090854667750738,0.0903898755867051,0.0899299284208941,0.0894747500181346,0.08902426573709,0.0885784024890624,0.088137088698055,0.087700254262045,0.0872678305154274,0.0868397501925887,0.0864159473925713,0.0859963575447912,0.0855809173757743,0.0851695648768756,0.0847622392729484,0.0843588809919309,0.0839594316353221,0.0835638339495125,0.0831720317979467,0.0827839701340852,0.0823995949751435,0.0820188533765799,0.0816416934073074,0.0812680641256101,0.0808979155557355,0.0805311986651449,0.0801678653423991,0.0798078683756599,0.0794511614317862,0.0790976990360081,0.0787474365521574,0.0784003301634411,0.0780563368537371,0.0777154143893971,0.0773775213015418,0.0770426168688324,0.0767106611007022,0.0763816147210371,0.0760554391522877,0.0757320965000038,0.075411549537775,0.0750937616925662,0.0747786970304366,0.0744663202426299,0.0741565966320261,0.0738494920999418,0.0735449731332695,0.0732430067919472,0.0729435606967461,0.0726466030173695,0.0723521024608522,0.0720600282602523,0,0.3580354847324,0.353717549929878,0.349428197144813,0.345136345368421,0.340823157784131,0.336480651923808,0.332109439142329,0.327715869957244,0.323309552538974,0.318901550783092,0.314503189207049,0.310125310465867,0.305777849899002,0.301469625280218,0.29720826806081,0.293000243390545,0.288850921871029,0.284764677779475,0.280744997259512,0.276794586301575,0.272915472728119,0.269109099312345,0.265376406991161,0.261717908211967,0.258133751031607,0.254623774849265,0.251187558730876,0.247824463255007,0.24453366673209,0.241314196551682,0.23816495631364,0.235084749307395,0.232072298822558,0.22912626570451,0.22624526350991,0.223427871567623,0.220672646209254,0.217978130398607,0.215342861960003,0.212765380580315,0.210244233738092,0.207777981694604,0.205365201665481,0.203004491277512,0.200694471402822,0.19843378845165,0.19622111619539,0.194055157182952,0.191934643805979,0.189858339061728,0.187825037056502,0.185833563287252,0.183882774734291,0.181971559793981,0.180098838076558,0.178263560091094,0.176464706836717,0.17470128931673,0.172972347990064,0.17127695217256,0.169614199398881,0.167983214754358,0.166383150184763,0.164813183790872,0.163272519113663,0.161760384415123,0.160276031958895,0.158818737294293,0.157387798546681,0.155982535716664,0.154602289990139,0.153246423060864,0.151914316466864,0.150605370941732,0.149319005781631,0.148054658228592,0.146811782870534,0.145589851058266,0.144388350339625,0.143206783910759,0.142044670084518,0.140901541775788,0.139776946003586,0.138670443409647,0.137581607793205,0.136510025661642,0.135455295796633,0.134417028835408,0.133394846866736,0.132388383041221,0.131397281195484,0.130421195489823,0.129459790058924,0.128512738675195,0.127579724424322,0.126660439392618,0.125754584365771,0.124861868538586,0.123982009235332,0.123114731640315,0.122259768538309,0.121416860064466,0.120585753463381,0.119766202856947,0.118957969020683,0.118160819168214,0.117374526743586,0.11659887122113,0.115833637912577,0.115078617781154,0.114333607262379,0.11359840809132,0.112872827136045,0.112156676237042,0.111449772052371,0.110751935908326,0.110062993655395,0.109382775529322,0.108711116017059,0.108047853727434,0.107392831266341,0.106745895116294,0.106106895520157,0.105475686368912,0.104852125093292,0.104236072559142,0.103627392966363,0.103025953751305,0.102431625492473,0.101844281819428,0.101263799324753,0.100690057478981,0.100122938548362,0.0995623275153693,0.0990081120018436,0.0984601821946718,0.0979184307739117,0.0973827528432694,0.096853045862843,0.0963292095840508,0.0958111459866619,0.0952987592178551,0.0947919555332298,0.094290643239701,0.0937947326402066,0.0933041359801669,0.0928187673956284,0.0923385428630358,0.0918633801505712,0.091393198771008,0.090927919936023,0.0904674665119176,0.0900117629766977,0.0895607353784657,0.0891143112950774,0.0886724197950218,0.0882349913994809,0.0878019580455282,0.0873732530504277,0.0869488110769967,0.0865285680999933,0.0861124613734984,0.085700429399254,0.0852924118959286,0.0848883497692786,0.0844881850831743,0.0840918610314627,0.0836993219106407,0.0833105130933085,0.0829253810023821,0.0825438730860362,0.082165937793357,0.0817915245506784,0.0814205837385827,0.0810530666695434,0.0806889255661879,0.0803281135401628,0.0799705845715816,0.0796162934890358,0.0792651959501524,0.07891724842268,0.0785724081660887,0.0782306332136647,0.0778918823550871,0.0775561151194704,0.0772232917588599,0.0768933732321633,0.0765663211895084,0.0762420979570118,0.075920666521947,0.0756019905182998,0.0752860342126996,0.0749727624907131,0.0746621408434939,0.0743541353547727,0.0740487126881823,0.073745840074904,0.0734454853016288,0.073147616698821,0.0728522031292779,0,0.360447510879547,0.356093749192478,0.35179406699717,0.347510697451256,0.343219366383653,0.338907280695345,0.334570939538902,0.330213471190218,0.325842149547625,0.321466465335773,0.317096769689219,0.312743380305058,0.308416029138257,0.304123551685628,0.299873741614384,0.295673314238096,0.291527937886182,0.287442304295691,0.283420218395438,0.279464694728486,0.275578052695702,0.271762006207137,0.26801774557318,0.264346010875447,0.260747156887049,0.257221210059195,0.2537679182973,0.250386794311865,0.247077153311076,0.243838145743705,0.240668785726299,0.237567975711617,0.234534527882622,0.231567182691231,0.228664624904232,0.225825497470077,0.223048413478701,0.220331966451208,0.217674739166159,0.215075311203454,0.212532265364624,0.210044193109227,0.207609699130344,0.20522740517762,0.202895953223504,0.200614008057087,0.198380259379965,0.196193423469787,0.194052244469329,0.19195549535202,0.18990197860874,0.187890526695268,0.185920002274928,0.183989298286758,0.182097337865707,0.180243074138076,0.178425489912436,0.176643597283673,0.174896437165525,0.173183078764934,0.171502619009781,0.169854181939991,0.168236918070649,0.166650003734534,0.165092640410448,0.163564054042782,0.162063494356958,0.160590234174686,0.159143568732342,0.157722815005268,0.156327311040299,0.154956415298432,0.153609506009211,0.152285980538065,0.150985254767621,0.149706762493736,0.148449954836843,0.147214299669014,0.14599928105699,0.144804398721352,0.143629167511847,0.142473116898829,0.141335790480707,0.140216745507204,0.139115552418208,0.138031794397933,0.136965066944089,0.13591497745173,0.134881144811426,0.133863199021384,0.132860780813152,0.131873541290506,0.130901141581131,0.129943252500708,0.128999554229015,0.128069735997637,0.127153495788923,0.126250540045786,0.125360583391992,0.124483348362556,0.123618565143899,0.122765971323403,0.121925311648042,0.121096337791738,0.120278808131134,0.119472487529471,0.118677147128258,0.11789256414645,0.117118521686863,0.11635480854952,0.115601219051707,0.114857552854448,0.114123614795179,0.113399214726374,0.112684167359899,0.111978292116869,0.111281412982814,0.110593358367931,0.109913960972239,0.109243057655454,0.108580489311392,0.107926100746734,0.107279740563991,0.106641261048498,0.106010518059299,0.105387370923761,0.104771682335783,0.104163318257467,0.103562147824114,0.102968043252428,0.102380879751795,0.101800535438537,0.101226891253021,0.100659830879517,0.100099240668709,0.0995450095627503,0.0989970290227819,0.0984551929588135,0.0979193976618859,0.097389541738428,0.0968655260467317,0.0963472536354657,0.0958346296841545,0.0953275614455528,0.0948259581898463,0.0943297311506134,0.093838793472486,0.0933530601604482,0.0928724480307132,0.0923968756631278,0.0919262633550432,0.0914605330766085,0.0909996084274311,0.0905434145945595,0.090091878311743,0.0896449278199222,0.0892024928289083,0.0887645044802134,0.0883308953109877,0.0879015992190301,0.0874765514288337,0.0870556884586313,0.0866389480884082,0.0862262693288499,0.0858175923911914,0.0854128586579416,0.0850120106544506,0.0846149920212942,0.0842217474874477,0.0838322228442237,0.0834463649199483,0.0830641215553524,0.0826854415796558,0.0823102747873187,0.0819385719154428,0.0815702846217993,0.0812053654634637,0.0808437678760395,0.0804854461534499,0.080130355428283,0.0797784516526699,0.0794296915796803,0.0790840327452195,0.0787414334504132,0.0784018527444602,0.0780652504079438,0.0777315869365847,0.0774008235254227,0.0770729220534156,0.0767478450684401,0.0764255557726834,0.0761060180084162,0.075789196244132,0.0754750555610449,0.0751635616399326,0.0748546807483163,0.0745483797279665,0.0742446259827256,0.0739433874666392,0.0736446326723845,0,0.36287220900224,0.358472766304525,0.354153921713991,0.349871075351937,0.345594807255596,0.341307749578927,0.337002343841238,0.332678386712744,0.328340619697604,0.323996735849893,0.319655898262202,0.315327711666601,0.311021548772124,0.306746138655812,0.302509341528815,0.298318051312836,0.294178182103693,0.290094706538167,0.286071723539886,0.282112540185941,0.27821975782363,0.27439535641305,0.270640773710305,0.266956977641944,0.263344531309867,0.25980365070962,0.256334255594874,0.252936014084962,0.249608381664492,0.24635063521296,0.243161902658765,0.240041188794644,0.236987397731049,0.233999352406018,0.231075811517286,0.228215484195629,0.225417042697742,0.222679133361709,0.220000386037846,0.217379422181473,0.2148148617716,0.21230532919985,0.209849458256822,0.207445896328152,0.205093307899337,0.202790377456832,0.200535811862671,0.198328342270811,0.196166725645384,0.194049745933901,0.191976214942174,0.189944972952077,0.187954889118352,0.186004861676213,0.184093817987645,0.182220714450807,0.180384536293919,0.178584297272294,0.176819039284816,0.175087831924033,0.173389771972202,0.171723982853985,0.170089614055066,0.168485840514671,0.166911861998909,0.165366902460831,0.163850209392303,0.162361053171998,0.160898726413185,0.159462543314432,0.158051839015813,0.156665968962812,0.155304308279714,0.153966251153955,0.152651210232636,0.15135861603213,0.150087916361523,0.148838575760447,0.147610074951687,0.146401910308843,0.145213593339166,0.144044650181649,0.142894621120318,0.141763060112624,0.140649534332788,0.139553623729876,0.138474920600369,0.13741302917493,0.13636756521909,0.135338155647495,0.134324438151404,0.133326060839058,0.132342681888584,0.131373969213049,0.130419600137311,0.1294792610863,0.12855264728435,0.127639462465236,0.126739418592559,0.125852235590112,0.124977641081904,0.124115370141487,0.123265165050274,0.122426775064505,0.121599956190579,0.120784470968413,0.119980088262571,0.119186583060842,0.118403736280021,0.117631334578605,0.116869170176155,0.116117040679074,0.115374748912556,0.114642102758481,0.113918914999022,0.113205003165758,0.112500189394078,0.111804300282684,0.111117166757987,0.110438623943224,0.109768511032116,0.109106671166884,0.10845295132047,0.107807202182805,0.107169278050962,0.106539036723052,0.105916339395735,0.105301050565182,0.104693037931394,0.104092172305718,0.103498327521475,0.102911380347551,0.102331210404866,0.101757700085605,0.101190734475108,0.100630201276322,0.100075990736727,0.0995279955776295,0.098986110925763,0.0984502342470832,0.0979202652826995,0.0973961059868538,0.0968776604668804,0.0963648349250681,0.0958575376023632,0.0953556787238453,0.0948591704459104,0.0943679268051054,0.0938818636685523,0.0934008986859059,0.092924951242796,0.0924539424156944,0.0919877949281646,0.0915264331084422,0.0910697828483003,0.0906177715631566,0.0901703281533799,0.0897273829667529,0.0892888677620548,0.0888547156737235,0.0884248611775615,0.0879992400574519,0.0875777893730471,0.0871604474284017,0.0867471537415156,0.0863378490147573,0.0859324751061401,0.0855309750014215,0.0851332927869979,0.0847393736235719,0.0843491637205635,0.0839626103112442,0.0835796616285676,0.0832002668816768,0.0828243762330653,0.0824519407763711,0.0820829125147838,0.0817172443400456,0.0813548900120264,0.0809958041388567,0.080639942157599,0.0802872603154424,0.0799377156514039,0.0795912659785179,0.0792478698665054,0.0789074866249003,0.0785700762866254,0.0782355995919992,0.0779040179731647,0.0775752935389246,0.077249389059972,0.0769262679545053,0.0766058942742125,0.0762882326906181,0.0759732484817798,0.0756609075193249,0.0753511762558164,0.0750440217124394,0.0747394114669967,0.0744373136422084,0,0.365307197077108,0.36085538970774,0.356509944805918,0.352220304610924,0.347952484990175,0.343684933275887,0.339406213042226,0.33511277888667,0.330806709519927,0.326493716321099,0.322181580451899,0.317879013621791,0.313594873684768,0.309337655177258,0.305115183206718,0.30093445215344,0.296801563511637,0.292721728465188,0.288699310147364,0.284737887988408,0.280840332270582,0.277008881228955,0.273245216034209,0.26955053104486,0.265925598064612,0.262370824188115,0.258886303322323,0.255471861747424,0.252127098213729,0.248851419115458,0.245644069276626,0.242504158851824,0.239430686800337,0.236422561344217,0.233478617774254,0.230597633924624,0.227778343598168,0.225019448189998,0.22231962672706,0.219677544515106,0.217091860561679,0.214561233923765,0.212084329111312,0.209659820662539,0.20728639699343,0.204962763611989,0.202687645777277,0.200459790673976,0.198277969164988,0.196140977177224,0.194047636769294,0.191996796923996,0.189987334103412,0.188018152599882,0.186088184712064,0.184196390771772,0.182341759044069,0.180523305520326,0.178740073621486,0.176991133826554,0.175275583239447,0.173592545105591,0.171941168288205,0.170320626712826,0.168730118787532,0.167168866805255,0.1656361163337,0.164131135597586,0.16265321485726,0.161201665787104,0.159775820856641,0.158375032716798,0.156998673593354,0.155646134689278,0.154316825597348,0.153010173724165,0.151725623726482,0.150462636960525,0.14922069094485,0.147999278837118,0.146797908925035,0.145616104131617,0.14445340153483,0.143309351901589,0.142183519236024,0.141075480341876,0.139984824398831,0.138911152552572,0.13785407751829,0.136813223197365,0.135788224306937,0.134778726022026,0.133784383629889,0.132804862196283,0.131839836243274,0.13088898943828,0.129952014293968,0.129028611878707,0.128118491537194,0.127221370620954,0.126336974228364,0.125465034953887,0.124605292646194,0.123757494174862,0.122921393205363,0.12209674998202,0.121283331118668,0.120480909396737,0.119689263570477,0.118908178179073,0.118137443365398,0.117376854701153,0.116626213018158,0.11588532424557,0.115153999252811,0.114432053697976,0.113719307881536,0.113015586605127,0.112320719035239,0.111634538571617,0.110956882720203,0.110287592970448,0.109626514676823,0.108973496944384,0.108328392518232,0.107691057676725,0.107061352128297,0.106439138911759,0.105824284299948,0.105216657706593,0.104616131596296,0.104022581397492,0.103435885418298,0.102855924765125,0.102282583263971,0.101715747384286,0.101155306165313,0.100601151144821,0.100053176290145,0.0995112779314387,0.098975354697072,0.0984453074510887,0.0979210392326545,0.0974024551974197,0.0968894625607342,0.0963819705426438,0.0958798903146074,0.0953831349478741,0.0948916193634609,0.094405260283676,0.0939239761851321,0.0934476872532001,0.0929763153378513,0.0925097839108407,0.0920480180241859,0.0915909442698953,0.0911384907409055,0.0906905869931841,0.0902471640089604,0.0898081541610437,0.0893734911781956,0.0889431101115171,0.08851694730182,0.0880949403479473,0.0876770280760133,0.0872631505095301,0.0868532488403951,0.0864472654007067,0.0860451436353861,0.0856468280755735,0.0852522643127793,0.0848613989737608,0.0844741796961046,0.0840905551044896,0.083710474787611,0.0833338892757422,0.0829607500189162,0.0825910093657053,0.0822246205425817,0.0818615376338398,0.0815017155620625,0.0811451100691162,0.0807916776976552,0.080441375773124,0.0800941623862372,0.0797499963759261,0.0794088373127359,0.0790706454826616,0.0787353818714073,0.0784030081490558,0.0780734866551398,0.0777467803840973,0.0774228529711053,0.0771016686782762,0.0767831923812084,0.0764673895558795,0.0761542262658731,0.0758436691499281,0.0755356854098038,0.0752302427984478,0,0.36774870147159,0.363241133244195,0.358863479610562,0.354560667077009,0.350295077460811,0.346041543864108,0.341785063828364,0.337518844367412,0.333242246832398,0.328958865869053,0.324674934932613,0.320398106338127,0.316136571917365,0.311898462476584,0.307691462321982,0.303522582753093,0.299398048581761,0.295323261740007,0.291302814910436,0.287340535513557,0.283439546277285,0.279602333112065,0.275830814320506,0.272126407512067,0.268490092193651,0.264922467060252,0.261423801674499,0.257994082622078,0.254633054451196,0.25134025581242,0.248115051253724,0.244956659123599,0.241864176010969,0.238836598116207,0.235872839909373,0.232971750393936,0.230132127258647,0.227352729167719,0.224632286410422,0.221969510105397,0.219363100132234,0.216811751942846,0.21431416238752,0.211869034674999,0.209475082572216,0.207131033937179,0.204835633667779,0.202587646139752,0.200385857198582,0.19822907576264,0.196116135088163,0.19404589374077,0.192017236312935,0.190029073922157,0.188080344520431,0.186170013041927,0.184297071412503,0.182460538441811,0.180659459616166,0.178892906808087,0.177159977916419,0.175459796449155,0.173791511059532,0.172154295044591,0.170547345814155,0.168969884337143,0.167421154571165,0.165900422880541,0.164406977447138,0.1629401276778,0.161499203611577,0.160083555329477,0.158692552369033,0.157325583145606,0.155982054382016,0.154661390547826,0.153363033309324,0.152086440991084,0.150831088049737,0.149596464560504,0.148382075716816,0.147187441343307,0.146012095422309,0.144855585633924,0.143717472909658,0.142597330999539,0.141494746052605,0.140409316210582,0.139340651214558,0.138288372024403,0.137252110450698,0.136231508798865,0.135226219525242,0.134235904904764,0.133260236709966,0.132298895900971,0.13135157232616,0.13041796443319,0.129497778990048,0.128590730815827,0.127696542520892,0.126814944256156,0.12594567347113,0.125088474680476,0.124243099238749,0.123409305123059,0.122586856723368,0.12177552464015,0.120975085489156,0.120185321713026,0.119406021399503,0.118636978105999,0.117877990690306,0.117128863147191,0.116389404450694,0.115659428401899,0.114938753481976,0.11422720271031,0.11352460350752,0.112830787563191,0.112145590708143,0.111468852791062,0.110800417559351,0.110140132544019,0.109487848948479,0.108843421541096,0.108206708551363,0.107577571569544,0.10695587544969,0.106341488215876,0.105734280971557,0.105134127811914,0.1045409057391,0.103954494580263,0.10337477690825,0.1028016379649,0.10223496558682,0.101674650133573,0.101120584418164,0.100572663639772,0.100030785318619,0.0994948492329213,0.0989647573578371,0.098440413806339,0.0979217247719502,0.0974085984732726,0.0969009451002453,0.0963986767620737,0.0959017074367687,0.0954099529222408,0.0949233307888961,0.0944417603336794,0.0939651625355171,0.0934934600121101,0.0930265769780298,0.0925644392040756,0.0921069739778467,0.0916541100654902,0.0912057776745844,0.0907619084181192,0.0903224352795362,0.0898872925787941,0.0894564159394242,0.0890297422565437,0.0886072096657947,0.0881887575131791,0.087774326325758,0.08736385778319,0.0869572946900793,0.0865545809491073,0.0861556615349227,0.0857604824687664,0.0853689907938055,0.0849811345511562,0.0845968627565718,0.0842161253777751,0.0838388733124148,0.083465058366628,0.0830946332341861,0.0827275514762083,0.0823637675014256,0.0820032365469763,0.081645914659718,0.0812917586780385,0.0809407262141527,0.0805927756368684,0.0802478660548086,0.0799059573000739,0.0795670099123345,0.0792309851233372,0.0788978448418151,0.0785675516387897,0.0782400687332489,0.0779153599781965,0.0775933898470561,0.0772741234204238,0.0769575263731561,0.0766435649617846,0.076332206012247,0.076023416907927,0,0.370190166485398,0.365628210986273,0.361214987906517,0.356893845321327,0.352624876497121,0.348380074203698,0.344141319461604,0.339898774751888,0.335649111293948,0.331393728070671,0.327137180007383,0.322885913035663,0.318647310614841,0.314429012737222,0.310238455355887,0.306082579205513,0.301967663515939,0.297899248226532,0.29388211627376,0.289920314592202,0.286017198352674,0.282175487623577,0.278397329185283,0.274684358822138,0.271037761251796,0.267458326106097,0.263946499205699,0.260502428895947,0.257126007528592,0.253816908352581,0.250574618166224,0.247398466116575,0.244287649032391,0.241241253659127,0.238258276137391,0.235337639035602,0.232478206216615,0.229678795788418,0.226938191361648,0.224255151811803,0.221628419721778,0.219056728660477,0.216538809435648,0.214073395443426,0.211659227223191,0.209295056314083,0.206979648498528,0.204711786508452,0.202490272261238,0.200313928684758,0.198181601184035,0.196092158795951,0.194044495073075,0.19203752873281,0.190070204103838,0.188141491398001,0.186250386832422,0.184395912623629,0.182577116872838,0.180793073359178,0.17904288125554,0.177325664779928,0.175640572793534,0.173986778355326,0.172363478241673,0.170769892438403,0.169205263611716,0.167668856563493,0.166159957675773,0.164677874348533,0.163221934434257,0.161791485672328,0.160385895125768,0.159004548622493,0.157646850202887,0.156312221575191,0.155000101579953,0.153709945664542,0.152441225368547,0.151193427820682,0.149966055247695,0.148758624495633,0.14757066656371,0.146401726150928,0.145251361215517,0.144119142547201,0.14300465335221,0.141907488850959,0.140827255888202,0.139763572555515,0.138716067825859,0.137684381200009,0.136668162364575,0.135667070861358,0.134680775767746,0.133708955387869,0.132751296954214,0.131807496339405,0.130877257777839,0.129960293596889,0.129056323957373,0.128165076602992,0.127286286618446,0.126419696195946,0.125565054409839,0.124722116999066,0.123890646157195,0.123070410329752,0.122261184018608,0.121462747593172,0.12067488710813,0.11989739412753,0.119130065554951,0.118372703469556,0.117625114967815,0.116887112010686,0.116158511276053,0.115439134016244,0.114728805920426,0.114027356981705,0.113334621368762,0.112650437301853,0.11197464693302,0.111307096230345,0.110647634866116,0.109996116108746,0.109352396718317,0.108716336845617,0.108087799934527,0.10746665262766,0.106852764675112,0.106246008846219,0.105646260844219,0.105053399223697,0.104467305310728,0.103887863125607,0.103314959308082,0.102748483045003,0.102188326000279,0.101634382247091,0.101086548202258,0.100544722562681,0.100008806243809,0.0994787023200311,0.0989543159669413,0.0984355544054109,0.0979223268473957,0.0974145444434261,0.0969121202317156,0.0964149690888345,0.0959230076818942,0.0954361544221883,0.0949543294202418,0.0944774544422192,0.0940054528676465,0.0935382496483997,0.0930757712689186,0.0926179457076057,0.0921647023993658,0.0917159721992525,0.0912716873471824,0.0908317814336815,0.0903961893666295,0.089964847338969,0.0895376927973483,0.0891146644116652,0.088695702045486,0.0882807467273052,0.0878697406226256,0.0874626270068263,0.0870593502387958,0.0866598557353068,0.0862640899461046,0.0858720003296918,0.0854835353297823,0.085098644352407,0.0847172777436479,0.0843393867679825,0.083964923587219,0.0835938412400031,0.0832260936218804,0.0828616354658936,0.0825004223237033,0.0821424105472116,0.0817875572706745,0.0814358203932898,0.0810871585622432,0.0807415311562022,0.0803988982692397,0.0800592206951802,0.0797224599123487,0.079388578068718,0.0790575379674365,0.0787293030527295,0.0784038373961582,0.0780811056832316,0.0777610732003556,0.0774437058221137,0.0771289699988668,0.0768168327446649,0,0.372624173896656,0.368013668093423,0.363564056821169,0.359220890823511,0.354943741574524,0.350702748120722,0.346477263302425,0.342254717256212,0.338029203554407,0.333799908272131,0.329569617954068,0.325343449969451,0.32112785028266,0.3169298464447,0.312756519066607,0.308614648552225,0.304510495916726,0.30044968208694,0.29643713668723,0.292477093739879,0.288573117376005,0.284728145342338,0.280944541784706,0.277224153586035,0.273568366579564,0.269978159402049,0.266454153740578,0.262996660381693,0.259605720889664,0.256281144995527,0.253022543923771,0.249829359957621,0.24670089257307,0.243636321473956,0.240634726846999,0.237695107134363,0.234816394596393,0.231997468911565,0.229237169035847,0.226534303520363,0.223887659464941,0.221296010265737,0.218758122297759,0.216272760657513,0.213838694077119,0.211454699108792,0.209119563667574,0.206832090010299,0.204591097220025,0.202395423257302,0.200243926632693,0.198135487748725,0.196069009953919,0.194043420346593,0.192057670361776,0.190110736170608,0.188201618918178,0.186329344822626,0.184492965155617,0.18269155612184,0.180924218653047,0.179190078130217,0.177488284045754,0.175818009616116,0.174178451353953,0.172568828607671,0.170988383075285,0.169436378298546,0.167912099142485,0.166414851264852,0.164943960579271,0.163498772715405,0.162078652478948,0.160682983313826,0.159311166768627,0.157962621968966,0.156636785097195,0.155333108880628,0.154051062089242,0.152790129043614,0.151549809133707,0.150329616348973,0.149129078820105,0.147947738372697,0.146785150092938,0.145640881905438,0.144514514163167,0.143405639249476,0.142313861192096,0.141238795288974,0.140180067745783,0.139137315324908,0.138110185005681,0.13709833365564,0.136101427712546,0.135119142876909,0.134151163814746,0.133197183870293,0.132256904788403,0.131330036446331,0.130416296594647,0.129515410606981,0.128627111238329,0.12775113839165,0.12688723889248,0.126035166271297,0.125194680553381,0.124365548055919,0.1235475411921,0.122740438281953,0.121944023369718,0.121158086047488,0.120382421284928,0.119616829264839,0.118861115224365,0.11811508930164,0.11737856638768,0.11665136598333,0.115933312061084,0.115224232931599,0.114523961114741,0.113832333214986,0.113149189801028,0.112474375289438,0.111807737832224,0.111149129208152,0.110498404717696,0.109855423081475,0.109220046342058,0.108592139769017,0.107971571767097,0.107358213787412,0.106751940241532,0.106152628418379,0.105560158403818,0.104974413002848,0.10439527766431,0.103822640407999,0.103256391754122,0.102696424654998,0.102142634428927,0.101594918696158,0.101053177316864,0.100517312331076,0.0999872279004866,0.0994628302520719,0.0989440276234602,0.0984307302099894,0.0979228501133954,0.0974203012920719,0.0969229995128508,0.0964308623042481,0.0959438089111264,0.0954617602507257,0.0949846388700145,0.0945123689043183,0.0940448760371797,0.0935820874614116,0.0931239318413005,0.0926703392759231,0.0922212412635384,0.0917765706670198,0.091336261680292,0.0909002497957404,0.0904684717725605,0.090040865606016,0.0896173704975771,0.0891979268259092,0.0887824761186845,0.0883709610251912,0.0879633252897114,0.0875595137256483,0.0871594721903723,0.0867631475607692,0.0863704877094633,0.0859814414816967,0.0855959586728447,0.085213990006544,0.0848354871134186,0.084460402510382,0.0840886895804978,0.0837203025533843,0.0833551964861422,0.0829933272447925,0.0826346514862075,0.0822791266405209,0.0819267108940006,0.0815773631723726,0.0812310431245798,0.0808877111069657,0.0805473281678673,0.0802098560326074,0.0798752570888721,0.0795434943724633,0.0792145315534168,0.078888332922472,0.0785648633778861,0.0782440884125792,0.0779259741016046,0.0776104870899309,0,0.375042018623186,0.370393590097562,0.365909459174818,0.361542220208845,0.357253069426711,0.353011479547959,0.348794996675547,0.344588736696173,0.340384413884292,0.336179049445139,0.331973617564502,0.327771814601043,0.323579037410741,0.319401588354187,0.315246088851289,0.311119068774704,0.307026695821552,0.302974611423432,0.298967844546494,0.295010780185828,0.291107164578339,0.287260133717117,0.2834722554946,0.279745578736487,0.276081684601714,0.272481737438167,0.268946533325594,0.265476545321087,0.262071964944194,0.258732739773989,0.255458607236552,0.252249124780433,0.249103696699509,0.246021597888144,0.2430019948166,0.240043964004633,0.2371465082541,0.234308570881029,0.231529048166228,0.22880680022249,0.22614066045653,0.223529443785343,0.220971953749737,0.218466988652524,0.216013346835041,0.213609831193238,0.211255253023517,0.208948435278485,0.206688215303947,0.204473447120454,0.20230300330566,0.200175776527368,0.198090680771479,0.196046652304025,0.194042650401942,0.192077657883235,0.190150681463601,0.188260751963412,0.186406924386108,0.184588277886565,0.182803915645737,0.181052964665911,0.179334575499164,0.177647921920029,0.175992200552019,0.17436663045644,0.172770452690823,0.17120292984339,0.169663345549086,0.168151003992006,0.166665229398365,0.1652053655236,0.163770775136677,0.162360839504236,0.160974957876817,0.159612546979057,0.158273040505473,0.156955888623142,0.155660557482407,0.154386528736494,0.153133299070782,0.151900379742303,0.15068729612991,0.14949358729545,0.148318805556185,0.147162516068584,0.146024296423593,0.144903736253368,0.143800436849449,0.14271401079228,0.141644081591957,0.140590283340049,0.139552260372309,0.138529666942072,0.137522166904121,0.136529433408797,0.135551148606089,0.134587003359471,0.133636696969221,0.132699936904961,0.131776438547154,0.130865924937299,0.129968126536561,0.129082780992569,0.128209632914139,0.127348433653649,0.126498941096835,0.125660919459755,0.124834139092677,0.124018376290664,0.123213413110629,0.122419037194628,0.121635041599187,0.12086122463044,0.120097389684885,0.119343345095553,0.118598903983405,0.117863884113759,0.11713810775758,0.11642140155746,0.115713596398102,0.115014527281173,0.114324033204343,0.113641957044379,0.112968145444134,0.112302448703308,0.11164472067282,0.110994818652682,0.110352603293246,0.109717938499692,0.109090691339648,0.10847073195383,0.107857933469596,0.107252171917295,0.106653326149336,0.106061277761854,0.105475911018896,0.104897112779037,0.104324772424332,0.103758781791525,0.103199035105439,0.102645428914466,0.10209786202808,0.101556235456312,0.101020452351108,0.100490417949506,0.0999660395185814,0.0994472263020778,0.0989338894686828,0.0984259420618834,0.0979232989513499,0.0974258767857934,0.0969335939472494,0.0964463705067363,0.0959641281812434,0.0954867902920041,0.0950142817240086,0.0945465288867165,0.0940834596759289,0.0936250034367796,0.0931710909278101,0.0927216542860915,0.092276626993358,0.0918359438431209,0.0913995409087276,0.0909673555123383,0.0905393261947871,0.0901153926863014,0.0896954958780504,0.0892795777944958,0.0888675815665201,0.0884594514053063,0.0880551325769465,0.0876545713777536,0.0872577151102574,0.0868645120598604,0.0864749114721342,0.0860888635307357,0.0857063193359242,0.0853272308836611,0.0849515510452723,0.0845792335476581,0.0842102329540321,0.0838445046451754,0.0834820048011859,0.0831226903837123,0.0827665191186548,0.0824134494793213,0.0820634406700221,0.081716452610093,0.0813724459183311,0.0810313818978332,0.0806932225212262,0.0803579304162727,0.0800254688518456,0.0796958017242594,0.0793688935439469,0.0790447094224722,0.0787232150598705,0.0784043767323045,0,0.377435118673989,0.372763469498608,0.368249269279886,0.36385764226519,0.35955378196737,0.355307842583586,0.351096402701352,0.346902780052663,0.342716591226065,0.338532807226561,0.334350595275426,0.330172172182363,0.32600179556848,0.321844942108252,0.317707675983833,0.313596187890819,0.309516476050067,0.305474139412085,0.301474255772065,0.297521321656229,0.293619235366753,0.2897713088273,0.285980297545782,0.282248441006073,0.278577508136472,0.274968844260021,0.271423417212919,0.267941861224728,0.264524517779164,0.261171473092418,0.25788259211658,0.254657549143639,0.251495855183799,0.248396882343737,0.245359885452628,0.242384021187239,0.239468364939792,0.236611925658492,0.233813658873716,0.231072478104885,0.228387264825147,0.225756877143791,0.223180157350297,0.220655938449075,0.218183049800436,0.215760321971055,0.213386590886139,0.211060701365478,0.208781510116653,0.206547888250592,0.204358723377464,0.202212921334458,0.200109407591213,0.198047128373504,0.196025051541179,0.194042167252225,0.192097488441191,0.190190051136889,0.188318914641411,0.186483161589899,0.184681897908192,0.182914252683435,0.1811793779609,0.179476448478689,0.177804661350499,0.17616323570543,0.174551412292624,0.172968453057596,0.171413640696174,0.169886278191244,0.168385688336779,0.166911213253023,0.165462213896195,0.164038069565587,0.16263817741051,0.16126195193921,0.159908824531516,0.158578242956749,0.157269670898126,0.155982587484715,0.154716486831802,0.153470877590352,0.152245282506124,0.151039237988858,0.149852293691863,0.148684012102228,0.1475339681418,0.146401748779012,0.145286952651575,0.144189189700009,0.143108080811926,0.142043257476967,0.140994361452251,0.139961044438159,0.13894296776428,0.137939802085307,0.136951227086667,0.135976931199671,0.135016611325923,0.134069972570774,0.133136727985563,0.132216598318402,0.131309311773257,0.130414603777079,0.129532216754746,0.128661899911566,0.1278034090231,0.126956506232086,0.126120959852215,0.125296544178536,0.124483039304284,0.123680230943894,0.122887910262003,0.122105873708231,0.121333922857547,0.120571864256018,0.119819509271757,0.119076673950894,0.11834317887838,0.117618849043464,0.116903513709683,0.11619700628918,0.115499164221233,0.114809828854804,0.114128845335005,0.113456062493314,0.112791332741408,0.112134511968508,0.111485459442077,0.110844037711784,0.110210112516587,0.109583552694849,0.108964230097368,0.108352019503211,0.107746798538267,0.107148447596414,0.106556849763203,0.105971890741982,0.105393458782365,0.104821444610966,0.104255741364316,0.103696244523893,0.103142851853184,0.102595463336711,0.10205398112095,0.10151830945709,0.100988354645542,0.100464024982169,0.0999452307061482,0.0994318839494374,0.0989238986877652,0.0984211906931099,0.0979236774876097,0.097431278298857,0.0969439140165294,0.0964615071503124,0.0959839817890714,0.0955112635612295,0.0950432795963127,0.0945799584876209,0.0941212302559907,0.0936670263146107,0.0932172794348578,0.0927719237131168,0.0923308945385563,0.0918941285618241,0.0914615636646375,0.0910331389302351,0.0906087946146656,0.0901884721188835,0.0897721139616296,0.089359663753068,0.0889510661691563,0.0885462669267272,0.0881452127592575,0.0877478513933026,0.0873541315255773,0.0869640028006615,0.0865774157893105,0.0861943219673535,0.0858146736951594,0.0854384241976554,0.0850655275448781,0.0846959386330432,0.0843296131661172,0.0839665076378761,0.0836065793144359,0.0832497862172409,0.082896087106496,0.0825454414650297,0.0821978094825761,0.0818531520404614,0.0815114306966833,0.0811726076713731,0.0808366458326289,0.0805035086827076,0.0801731603445672,0.0798455655487478,0.0795206896205813,0.0791984984677213,0,0.37979773740804,0.375118637409851,0.370581025847702,0.366166416322329,0.361846334114444,0.357593054074922,0.35338311755763,0.349198644860007,0.345027513630524,0.340862824833765,0.336701995350999,0.332545741031609,0.328397115121346,0.324260683568482,0.320141863737377,0.316046422132931,0.311980111825947,0.307948424884096,0.303956434982394,0.300008707870512,0.29610926095522,0.292261557021588,0.28846852059019,0.284732568374026,0.281055647699783,0.277439278623061,0.273884596867783,0.270392395741366,0.266963165902348,0.263597132358534,0.26029428841099,0.257054426479026,0.253877165878931,0.250761977710652,0.247708207050368,0.2447150926661,0.241781784477141,0.238907358972206,0.236090832789905,0.233331174651018,0.2306273158168,0.227978159232117,0.225382587497407,0.222839469799313,0.220347667916883,0.217906041408157,0.215513452071095,0.213168767762807,0.210870865652152,0.208618634972613,0.20641097933513,0.204246818654011,0.202125090733194,0.20004475255485,0.198004781307659,0.19600417518783,0.194041954002234,0.192117159599607,0.190228856152834,0.188376130312628,0.186558091250545,0.184773870607168,0.183022622359411,0.18130352261921,0.1796157693744,0.177958582181236,0.176331201816883,0.174732889899115,0.1731629284796,0.171620619616286,0.170105284929723,0.1686162651475,0.167152919640422,0.165714625953562,0.164300779334878,0.162910792263712,0.161544093981136,0.16020013002383,0.158878361762911,0.157578265948877,0.15629933426369,0.155041072880771,0.153803002033594,0.152584655593386,0.151385580656354,0.150205337140733,0.149043497393887,0.147899645809601,0.14677337845565,0.145664302711653,0.144572036917211,0.143496210030238,0.142436461295413,0.141392439922602,0.140363804775105,0.139350224067568,0.13835137507335,0.137366943841164,0.13639662492077,0.135440121097495,0.134497143135379,0.133567409528688,0.132650646261586,0.131746586575727,0.130854970745529,0.129975545860914,0.129108065617272,0.128252290112435,0.127407985650429,0.126574924551797,0.125752884970264,0.124941650715559,0.124141011082159,0.12335076068378,0.122570699293416,0.121800631688721,0.121040367502574,0.120289721078634,0.119548511331711,0.118816561612796,0.118093699578578,0.117379757065294,0.116674569966758,0.11597797811643,0.11528982517337,0.114609958511947,0.113938229115178,0.113274491471544,0.112618603475196,0.111970426329397,0.111329824453105,0.110696665390583,0.110070819723925,0.109452160988398,0.1088405655905,0.108235912728638,0.107638084316333,0.107046964907871,0.106462441626295,0.105884404093686,0.105312744363616,0.104747356855737,0.104188138292395,0.103634987637225,0.103087806035648,0.102546496757203,0.102010965139651,0.101481118534796,0.10095686625596,0.10043811952705,0.0999247914331772,0.0994167968727574,0.0989140525110574,0.0984164767351309,0.0979239896100992,0.097436512836731,0.0969539697102772,0.0964762850805213,0.0960033853130014,0.0955351982513676,0.0950716531808362,0.0946126807927043,0.0941582131498901,0.0937081836534674,0.0932625270101562,0.0928211792007459,0.092384077449415,0.0919511601939198,0.0915223670566263,0.0910976388163555,0.0906769173810166,0.0902601457610051,0.0898472680433387,0.089438229366509,0.0890329758960268,0.0886314548006382,0.0882336142291916,0.0878394032881337,0.0874487720196167,0.0870616713801971,0.0866780532201073,0.0862978702630824,0.0859210760867264,0.0855476251034008,0.0851774725416178,0.0848105744279259,0.084446887569271,0.0840863695358193,0.0837289786442278,0.0833746739413501,0.0830234151883624,0.082675162845299,0.0823298780559862,0.0819875226333599,0.0816480590451568,0.0813114503999702,0.0809776604336566,0.0806466534960853,0.0803183945382203,0.0799928490995254,0,0.38212591600259,0.377454586032359,0.372901929829192,0.368467340349212,0.364130742075191,0.359867969843796,0.355656510395143,0.351477952554815,0.34731886102601,0.343170708577245,0.339029269624284,0.334893776830878,0.330766041763932,0.326649652960515,0.32254930242771,0.318470253204648,0.314417939647913,0.310397682318468,0.306414496221609,0.302472971712546,0.298577209767423,0.294730796404517,0.290936804172501,0.287197811461081,0.283515932788091,0.279892855146573,0.276329876989332,0.272827947549367,0.269387705012855,0.266009512643887,0.262693492364614,0.2594395555681,0.256247431120729,0.253116690624464,0.250046771077001,0.24703699510483,0.244086588960806,0.24119469848134,0.238360403193696,0.235582728754538,0.232860657888895,0.230193139985673,0.227579099492511,0.22501744323983,0.222507066811536,0.220046860068337,0.217635711918932,0.215272514424599,0.212956166313756,0.210685575975034,0.208459663990081,0.206277365260708,0.204137630779093,0.202039429084406,0.199981747444425,0.197963592796447,0.195983992477946,0.194041994773993,0.192136669305377,0.190267107278649,0.188432421616833,0.186631746987388,0.184864239742061,0.183129077781531,0.181425460356223,0.179752607813284,0.178109761298524,0.176496182421022,0.174911152887154,0.173353974109959,0.171823966799001,0.170320470535206,0.168842843334605,0.167390461204347,0.165962717693933,0.164559023444175,0.163178805736064,0.161821508041385,0.160486589576674,0.159173524861834,0.157881803284533,0.156610928671331,0.155360418866282,0.154129805317653,0.15291863267325,0.151726458384753,0.150552852321342,0.149397396392832,0.14825968418247,0.147139320589454,0.146035921481219,0.144949113355468,0.143878533011878,0.142823827233422,0.141784652477152,0.140760674574339,0.139751568439789,0.138757017790161,0.137776714871123,0.136810360193111,0.135857662275529,0.134918337399142,0.133992109366475,0.133078709269988,0.132177875267813,0.131289352366837,0.13041289221291,0.129548252887974,0.128695198713881,0.127853500062716,0.127022933173394,0.126203279974351,0.12539432791211,0.124595869785553,0.123807703585683,0.123029632340717,0.122261463966307,0.121503011120743,0.120754091064936,0.120014525527045,0.119284140571573,0.118562766472779,0.11785023759226,0.117146392260563,0.116451072662666,0.115764124727223,0.115085398019417,0.114414745637304,0.113752024111527,0.113097093308281,0.112449816335415,0.111810059451554,0.11117769197815,0.110552586214345,0.109934617354559,0.109323663408696,0.10871960512489,0.108122325914688,0.107531711780599,0.106947651245917,0.106370035286742,0.105798757266123,0.105233712870253,0.104674800046639,0.104121918944179,0.103574971855089,0.103033863158611,0.102498499266431,0.101968788569772,0.101444641388082,0.100925969919279,0.100412688191484,0.0999047120162143,0.0994019589429644,0.0989043482151438,0.0984118007273201,0.0979242389837236,0.0974415870579744,0.0969637705539879,0.096490716568023,0.0960223536518323,0.0955586117768812,0.0950994222995978,0.0946447179276226,0.094194432687023,0.0937485018904438,0.0933068621061616,0.0928694511280148,0.0924362079461804,0.0920070727187716,0.0915819867442292,0.091160892434481,0.0907437332888474,0.0903304538686654,0.0899209997726131,0.0895153176127095,0.0891133549909688,0.0887150604766914,0.0883203835843679,0.0879292747521808,0.0875416853210827,0.087157567514436,0.0867768744181935,0.0863995599616069,0.086025578898445,0.0856548867887069,0.0852874399808153,0.0849231955942748,0.0845621115027821,0.0842041463177749,0.0838492593724049,0.083497410705925,0.0831485610484741,0.0828026718062529,0.0824597050470752,0.0821196234862875,0.0817823904730419,0.081447969976916,0.0811163265748659,0.0807874254385067,0,0.384415832903413,0.379767314753413,0.375209069722244,0.370758864806224,0.366406631420073,0.362133095055208,0.357917672809635,0.35374212776655,0.34959219121228,0.345458004694548,0.341333857336388,0.337217556316406,0.33310966410493,0.329012745966999,0.3249307034417,0.320868224634052,0.316830355399649,0.31282218122035,0.308848603209175,0.304914190042407,0.301023088578858,0.297178978141526,0.293385056081981,0.289644044851257,0.285958213122438,0.282329405453521,0.2787590765343,0.275248327262116,0.271797940792418,0.26840841736892,0.26508000720857,0.261812741044694,0.2586064581549,0.255460831847776,0.252375392476377,0.249349548103057,0.246382602971502,0.243473773956077,0.240622205161844,0.237826980844922,0.235087136814949,0.232401670471232,0.22976954961288,0.227189720151635,0.224661112844725,0.222182649154167,0.21975324632871,0.217371821795081,0.215037296936459,0.212748600328083,0.210504670492622,0.208304458231342,0.206146928581097,0.204031062441832,0.201955857914395,0.199920331384122,0.197923518381732,0.195964474249566,0.194042274638066,0.19215601585457,0.190304815084004,0.188487810498776,0.186704161273231,0.18495304751618,0.183233670133466,0.181545250631114,0.179887030868329,0.178258272768513,0.176658257995467,0.175086287601051,0.173541681649826,0.17202377882546,0.170531936023114,0.16906552793144,0.167623946607365,0.166206601046405,0.164812916750872,0.163442335298004,0.162094313909762,0.160768325025786,0.159463855880745,0.158180408087164,0.156917497224586,0.155674652435812,0.154451416030811,0.153247343098769,0.152062001128653,0.150894969638587,0.149745839814217,0.148614214156242,0.14749970613716,0.146401939867276,0.145320549769957,0.14425518026609,0.143205485467647,0.142171128880271,0.141151783114747,0.140147129607203,0.139156858347894,0.138180667618379,0.137218263736933,0.136269360811966,0.135333680503288,0.134410951791001,0.133500910751817,0.132603300342599,0.131717870190925,0.130844376392461,0.129982581314953,0.129132253408627,0.12829316702281,0.127465102228558,0.12664784464713,0.125841185284093,0.125044920368889,0.124258851199682,0.123482783993311,0.122716529740178,0.121959904063902,0.121212727085589,0.120474823292549,0.119746021411316,0.119026154284823,0.118315058753583,0.117612575540753,0.116918549140927,0.116232827712548,0.115555262973801,0.114885710101872,0.114224027635456,0.113570077380397,0.112923724318358,0.112284836518411,0.111653285051448,0.111028943907309,0.110411689914545,0.109801402662713,0.109197964427117,0.108601260095923,0.108011177099543,0.107427605342232,0.106850437135812,0.106279567135445,0.105714892277393,0.105156311718698,0.104603726778706,0.104057040882381,0.103516159505349,0.102980990120603,0.102451442146827,0.101927426898268,0.101408857536126,0.100895649021383,0.100387718069043,0.09988498310374,0.0993873642166406,0.0988947831236311,0.0984071631247243,0.0979244290646552,0.0974465072946242,0.0969733256351498,0.0965048133399951,0.0960409010611329,0.0955815208147149,0.0951266059480133,0.0946760911073038,0.0942299122066576,0.0937880063976159,0.0933503120397156,0.0929167686718426,0.0924873169843829,0.0920618987921485,0.0916404570080535,0.0912229356175144,0.0908092796535551,0.0903994351725935,0.0899933492308864,0.089590969861615,0.0891922460525904,0.0887971277245585,0.0884055657100891,0.088017511733026,0.0876329183884875,0.0872517391233962,0.0868739282175218,0.0864994407650248,0.0861282326564824,0.0857602605613847,0.0853954819110864,0.085033854882199,0.0846753383804119,0.0843198920247306,0.0839674761321176,0.0836180517025258,0.0832715804043111,0.0829280245600157,0.0825873471325082,0.0822495117114743,0.0819144825002429,0.0815822243029438,0,0.386666565457775,0.38205374759009,0.37749965737795,0.37303922557342,0.36867330293266,0.364388608519989,0.360167418381329,0.355992384321429,0.351848919874983,0.347726178203543,0.343617165624638,0.339518360762569,0.33542910057438,0.331350903935701,0.327286832342241,0.323240937262811,0.319217811704267,0.315222244870549,0.31125896908636,0.307332484119279,0.303446943368434,0.29960608755468,0.295813213559814,0.292071168319411,0.28838235983627,0.284748779281951,0.281172029732075,0.277653358338444,0.274193689710638,0.270793659007382,0.26745364377109,0.264173793920925,0.260954059587316,0.257794216653918,0.254693889994716,0.251652574472023,0.248669653808589,0.245744417473471,0.242876075733562,0.240063773025581,0.23730659980026,0.234603602983739,0.231953795192392,0.229356162827489,0.226809673165961,0.224313280553486,0.22186593179646,0.219466570840298,0.217114142812985,0.214807597504957,0.212545892349177,0.210327994958682,0.208152885272913,0.206019557358705,0.203927020906945,0.20187430246144,0.199860446412638,0.19788451578519,0.195945592845205,0.194042779550127,0.192175197861622,0.190341989939538,0.188542318232957,0.186775365482518,0.185040334646543,0.183336448762043,0.181662950750379,0.180019103176192,0.178404187967176,0.176817506101373,0.175258377267817,0.173726139505682,0.172220148826385,0.170739778822589,0.169284420267493,0.167853480707376,0.16644638404998,0.165062570150918,0.163701494400052,0.16236262730944,0.161045454104284,0.159749474318037,0.158474201392674,0.157219162284968,0.155983897079454,0.154767958608641,0.153570912080937,0.152392334716632,0.151231815392226,0.150088954293281,0.148963362575953,0.14785466203728,0.146762484794249,0.145686472971651,0.144626278398674,0.143581562314154,0.142551995080415,0.141537255905543,0.140537032573987,0.139551021185331,0.138578925901063,0.137620458699189,0.136675339136495,0.135743294118288,0.134824057675419,0.133917370748405,0.133022980978443,0.132140642505151,0.131270115770807,0.130411167330931,0.129563569671002,0.128727101029117,0.127901545224434,0.127086691491185,0.126282334318116,0.125488273293147,0.12470431295311,0.123930262638385,0.123165936352272,0.122411152624953,0.121665734381876,0.120929508816422,0.120202307266716,0.119483965096421,0.118774321579405,0.118073219788136,0.117380506485666,0.116696032021118,0.116019650228504,0.115351218328814,0.114690596835219,0.114037649461304,0.113392243032228,0.112754247398696,0.112123535353659,0.111499982551641,0.110883467430607,0.110273871136282,0.109671077448836,0.109074972711861,0.108485445763546,0.107902387869995,0.107325692660601,0.106755256065402,0.106190976254373,0.105632753578562,0.105080490513025,0.10453409160149,0.103993463402702,0.103458514438379,0.102929155142733,0.102405297813501,0.101886856564442,0.101373747279238,0.100865887566763,0.100363196717673,0.0998655956622684,0.0993730069295903,0.0988853546077128,0.0984025643051854,0.0979245631135931,0.0974512795711965,0.0969826436276146,0.0965185866095198,0.0960590411873102,0.0956039413427284,0.0951532223373954,0.0947068206822329,0.0942646741077421,0.0938267215351149,0.0933929030481489,0.0929631598659417,0.0925374343163406,0.0921156698101223,0.0916978108158819,0.0912838028356058,0.0908735923809121,0.0904671269499327,0.0900643550048209,0.0896652259498636,0.0892696901101799,0.0888776987109884,0.0884892038574256,0.0881041585148986,0.0877225164899565,0.087344232411664,0.0869692617134639,0.0865975606155099,0.0862290861074614,0.0858637959317211,0.0855016485671066,0.0851426032129406,0.0847866197735468,0.0844336588431425,0.0840836816911142,0.0837366502476655,0.0833925270898272,0.0830512754278175,0.0827128590917436,0.0823772425186344,0,0.388879428770658,0.384311983341717,0.379771248004478,0.375306587089739,0.370929812916296,0.366634399958741,0.362406292346619,0.358229718475037,0.354090305282983,0.34997659441833,0.345880551203802,0.341797459678264,0.337725485951183,0.333665103399131,0.329618501167572,0.325589043932179,0.321580814545745,0.31759824844405,0.313645855643023,0.3097280196118,0.305848859853354,0.302012144983267,0.29822124433817,0.294479107943632,0.290788266589163,0.287150845553218,0.283568587079229,0.28004287798859,0.27657477983674,0.273165059804402,0.269814221106322,0.26652253213334,0.263290053855273,0.260116665231407,0.257002086526218,0.253945900528835,0.250947571739843,0.248006463628924,0.245121854089189,0.242292949224518,0.239518895608747,0.236798791152916,0.234131694710995,0.23151663454685,0.228952615776616,0.226438626891699,0.223973645458735,0.221556643084264,0.219186589723683,0.216862457406457,0.214583223442466,0.21234787316788,0.210155402283001,0.208004818829075,0.20589514484619,0.203825417749886,0.201794691460103,0.199802037312465,0.197846544778621,0.195927322019458,0.194043496292342,0.192194214231202,0.190378642016158,0.188595965447502,0.186845389937158,0.185126140429221,0.183437461259863,0.181778615965663,0.180148887048357,0.178547575703071,0.176974001516223,0.175427502138548,0.173907432938024,0.172413166636879,0.170944092936344,0.169499618132321,0.16807916472476,0.16668217102314,0.165308090750128,0.163956392645225,0.162626560069919,0.161318090615678,0.160030495715877,0.158763300262624,0.157516042229262,0.156288272299193,0.15507955350158,0.153889460854338,0.152717581014774,0.151563511938117,0.150426862544153,0.149307252392083,0.148204311363687,0.147117679354839,0.146047005975358,0.144991950257173,0.143952180370722,0.142927373349514,0.141917214822731,0.140921398755758,0.13993962719849,0.138971610041275,0.138017064778331,0.137075716278462,0.136147296562918,0.135231544590203,0.134328206047668,0.133437033149703,0.132557784442336,0.131690224614085,0.130834124312847,0.129989259968683,0.129155413622289,0.128332372759006,0.127519930148182,0.126717883687718,0.12592603625365,0.125144195554585,0.124372173990843,0.12360978851816,0.122856860515787,0.122113215658849,0.121378683794827,0.120653098824008,0.119936298583795,0.119228124736723,0.118528422662072,0.117837041350951,0.117153833304729,0.116478654436714,0.11581136397695,0.115151824380045,0.114499901235911,0.11385546318333,0.113218381826235,0.112588531652633,0.111965789956056,0.111350036759474,0.110741154741577,0.110139029165344,0.109543547808828,0.108954600898071,0.10837208104209,0.107795883169856,0.107225904469192,0.106662044327544,0.106104204274541,0.105552287926298,0.105006200931401,0.104465850918506,0.103931147445518,0.103402001950281,0.102878327702737,0.102360039758497,0.101847054913788,0.101339291661726,0.100836670149867,0.100339112138997,0.0998465409631245,0.0993588814906301,0.0988760600865385,0.0983980045758759,0.0979246442080774,0.0974559096224103,0.096991732814382,0.0965320471030987,0.0960767870995456,0.0956258886757598,0.0951792889348659,0.0947369261819488,0.0942987398957349,0.0938646707010593,0.0934346603420911,0.0930086516562949,0.092586588549106,0.0921684159692948,0.091754079885002,0.0913435272604208,0.0909367060331093,0.0905335650919109,0.090134054255466,0.0897381242512964,0.0893457266954444,0.0889568140726512,0.0885713397170571,0.0881892577934073,0.0878105232787502,0.0874350919446126,0.0870629203396357,0.086693965772662,0.0863281862962551,0.0859655406906438,0.0856059884480771,0.0852494897575761,0.0848960054900724,0.0845454971839235,0.0841979270307895,0.0838532578618681,0.0835114531344699,0.08317247691893,0,0.391058468785642,0.386541414240458,0.382021926446658,0.377559185856751,0.373175063503903,0.368870118492327,0.364634590987892,0.360454909596125,0.356317438163317,0.352210503688599,0.348125303756248,0.344056095137687,0.339999957827796,0.335956345126404,0.331926560066843,0.327913243447971,0.323919919196744,0.319950616508375,0.316009572017685,0.312101006178733,0.308228963685402,0.304397206386111,0.300609147488704,0.296867817082252,0.293175850588777,0.289535493382062,0.285948616301127,0.28241673806567,0.278941051649906,0.275522452502043,0.272161567136332,0.268858781105694,0.265614265717087,0.262428003107273,0.259299809477255,0.256229356408489,0.253216190267868,0.250259749762997,0.247359381742822,0.244514355357594,0.241723874701064,0.238987090059901,0.236303107893052,0.233670999658666,0.231089809599502,0.228558561590149,0.226076265141467,0.22364192064976,0.221254523970503,0.218913070389164,0.21661655805478,0.214363990935593,0.212154381350176,0.209986752122073,0.207860138401079,0.205773589189802,0.203726168610104,0.201716956940332,0.199745051450969,0.197809567063321,0.195909636853199,0.194044412419137,0.19221306413251,0.190414781285011,0.188648772147179,0.186914263950131,0.185210502801267,0.183536753543476,0.181892299566259,0.180276442576204,0.178688502333369,0.177127816359351,0.175593739622104,0.174085644201979,0.172602918942878,0.171144969091943,0.169711215930762,0.168301096400694,0.166914062724547,0.165549582026593,0.164207135952574,0.162886220291166,0.161586344598123,0.160307031824174,0.159047817947536,0.157808251611819,0.156587893769918,0.15538631733441,0.154203106834873,0.153037858082445,0.151890177841878,0.150759683511268,0.149646002809605,0.1485487734722,0.147467642954054,0.146402268141149,0.145352315069642,0.144317458652901,0.143297382416303,0.142291778239698,0.141300346107418,0.140322793865709,0.139358836987437,0.138408198343927,0.137470607983778,0.136545802918485,0.135633526914716,0.134733530293059,0.133845569733092,0.132969408084575,0.132104814184625,0.131251562680682,0.130409433859109,0.12957821347925,0.128757692612795,0.127947667488273,0.127147939340534,0.12635831426504,0.125578603076841,0.124808621174054,0.124048188405736,0.123297128943972,0.122555271160073,0.12182244750472,0.121098494391953,0.120383252086846,0.119676564596778,0.118978279566148,0.118288248174447,0.117606325037554,0.116932368112158,0.116266238603195,0.115607800874202,0.114956922360494,0.114313473485052,0.11367732757705,0.113048360792918,0.112426452039867,0.111811482901777,0.111203337567381,0.110601902760666,0.110007067673414,0.109418723899803,0.108836765373015,0.10826108830377,0.107691591120727,0.107128174412692,0.106570740872561,0.106019195242958,0.10547344426349,0.104933396619591,0.104398962892872,0.103870055512957,0.103346588710734,0.102828478472982,0.102315642498336,0.101808000154528,0.101305472436886,0.100807981928026,0.100315452758716,0.0998278105698634,0.0993449824755997,0.0988668970274116,0.0983934841793012,0.0979246752539311,0.0974604029097288,0.0970006011089162,0.0965452050864378,0.0960941513197558,0.0956473774994878,0.0952048225008592,0.0947664263559432,0.0943321302266675,0.0939018763785594,0.09347560815521,0.0930532699534319,0.0926348071990923,0.0922201663235986,0.0918092947410156,0.0914021408257979,0.0909986538911164,0.0905987841677616,0.0902024827836055,0.0898097017436066,0.0894203939103409,0.0890345129850426,0.0886520134891398,0.0882728507462713,0.0878969808647672,0.0875243607205844,0.0871549479406789,0.0867887008868054,0.0864255786397285,0.0860655409838369,0.085708548392146,0.0853545620116812,0.0850035436492252,0.0846554557574257,0.0843102614212466,0.0839679243447579,0,0.39320850070994,0.388742700674434,0.384250446259436,0.379795464174802,0.375407897653663,0.371095229923599,0.366852389843964,0.362668528207615,0.358531237053748,0.354429029815499,0.350352631498431,0.346295467156,0.342253643338047,0.338225642946505,0.334211888434825,0.330214273926324,0.326235725509046,0.322279819925991,0.318350472873983,0.31445169661013,0.310587420291783,0.306761363665708,0.302976954060175,0.299237277196235,0.295545053503798,0.29190263301358,0.288312003268015,0.284774805932286,0.281292358839785,0.277865681065651,0.274495519301128,0.27118237432436,0.267926526757046,0.264728061587062,0.261586891147574,0.258502776392573,0.255475346412422,0.252504116203121,0.249588502748683,0.246727839504303,0.24392138938401,0.241168356364023,0.238467895814729,0.23581912367219,0.233221124555544,0.230672958930741,0.228173669414336,0.225722286303974,0.223317832415208,0.220959327297348,0.218645790894526,0.216376246711967,0.214149724541718,0.211965262796737,0.209821910497407,0.207718728950023,0.205654793152768,0.203629192960983,0.201641034040193,0.199689438632316,0.19777354615779,0.195892513673847,0.194045516206995,0.192231746975771,0.190450417518042,0.188700757735554,0.186982015866974,0.185293458399429,0.183634369927375,0.182004052966611,0.180401827730375,0.178827031873588,0.177279020210662,0.175757164411571,0.174260852680367,0.172789489419771,0.171342494885053,0.169919304829966,0.168519370147192,0.167142156505398,0.165787143984737,0.164453826712378,0.163141712499434,0.161850322480441,0.160579190756388,0.159327864042135,0.15809590131894,0.156882873492655,0.1556883630581,0.154511963769994,0.153353280320752,0.152211928025405,0.1510875325138,0.149979729430224,0.14888816414053,0.147812491446791,0.146752375309503,0.145707488577302,0.144677512724149,0.143662137593907,0.142661061152219,0.141673989245581,0.140700635367495,0.139740720431557,0.138793972551364,0.137860126827068,0.136938925138447,0.136030115944328,0.135133454088201,0.134248700609878,0.133375622563014,0.132513992838355,0.131663589992532,0.130824198082249,0.129995606503717,0.129177609837157,0.128370007696243,0.127572604582311,0.126785209743207,0.126007637036619,0.125239704797742,0.124481235711163,0.123732056686801,0.122991998739801,0.122260896874221,0.121538589970421,0.120824920676007,0.120119735300224,0.119422883711689,0.118734219239336,0.118053598576486,0.117380881687924,0.116715931719889,0.116058614912878,0.115408800517168,0.114766360710969,0.114131170521117,0.11350310774622,0.112882052882178,0.112267889050001,0.111660501925834,0.111059779673136,0.110465612876918,0.109877894479989,0.109296519721138,0.10872138607518,0.108152393194815,0.107589442854229,0.107032438894392,0.106481287169981,0.105935895497891,0.105396173607263,0.104862033091,0.104333387358702,0.103810151590989,0.103292242695156,0.102779579262119,0.102272081524621,0.101769671316636,0.101272272033949,0.100779808595868,0.100292207408037,0.0998093963262961,0.099331304621587,0.0988578629458367,0.0983890032988119,0.0979246589959032,0.0974647646368102,0.0970092560751021,0.096558070388623,0.0961111458507169,0.0956684219022475,0.0952298391243857,0.094795339212143,0.0943648649486264,0.0939383601799937,0.0935157697910856,0.0930970396817164,0.0926821167436004,0.0922709488378971,0.0918634847733547,0.0914596742850339,0.0910594680135953,0.0906628174851329,0.0902696750915373,0.089879994071372,0.0894937284912491,0.0891108332276886,0.0887312639494471,0.0883549771003012,0.0879819298822737,0.0876120802392884,0.0872453868412426,0.0868818090684829,0.086521306996674,0.0861638413820487,0.085809373647028,0.0854578658662014,0.0851092807526568,0.0847635816446488,0,0.395336053695133,0.390917702031276,0.386456311618522,0.382014184409138,0.377627193022878,0.373309079797601,0.369059579386935,0.364870950967068,0.360732449218995,0.356633162467955,0.352563649323436,0.34851672049389,0.344487646472447,0.340474012593699,0.336475385725625,0.33249290563986,0.328528872638999,0.324586372198446,0.320668956067126,0.316780385527016,0.312924434349239,0.309104744698109,0.305324727487274,0.301587498499178,0.29789584225129,0.294252196672346,0.290658652852881,0.2871169652916,0.283628569088427,0.280194601403955,0.276815925211107,0.273493153922021,0.270226675902354,0.267016678208978,0.263863169126651,0.260765999253321,0.257724881007745,0.254739406519585,0.251809063920835,0.248933252095858,0.246111293971184,0.243342448439743,0.240625921020512,0.237960873355956,0.23534643164772,0.232781694127012,0.230265737650832,0.22779762350917,0.225376402522025,0.223001119498773,0.220670817126194,0.218384539345632,0.216141334274121,0.213940256719144,0.211780370331881,0.209660749439315,0.20758048059158,0.205538663857156,0.203534413895193,0.20156686083118,0.199635150959397,0.197738447293106,0.195875929981195,0.194046796607939,0.192250262390735,0.190485560289053,0.188751941036331,0.187048673105279,0.185375042615852,0.183730353194091,0.182113925789134,0.180525098454793,0.178963226101408,0.177427680222972,0.175917848603951,0.17443313500967,0.172972958863694,0.171536754915166,0.170123972898742,0.168734077189374,0.167366546453954,0.166020873301511,0.164696563933479,0.163393137795283,0.162110127230381,0.160847077137663,0.159603544633024,0.158379098715775,0.157173319940445,0.15598580009443,0.154816141881874,0.153663958614069,0.152528873906611,0.151410521383478,0.150308544388166,0.149222595701945,0.148152337269291,0.147097439930491,0.146057583161404,0.145032454820337,0.144021750901956,0.143025175298169,0.142042439565859,0.14107326270138,0.140117370921669,0.139174497451864,0.138244382319287,0.137326772153639,0.136421419993275,0.13552808509741,0.134646532764088,0.133776534153786,0.132917866118487,0.132070311036075,0.131233656649897,0.13040769591335,0.129592226839344,0.128787052354489,0.127991980157873,0.127206822584279,0.126431396471721,0.125665523033145,0.124909027732174,0.124161740162771,0.123423493932688,0.122694126550582,0.121973479316678,0.121261397216873,0.12055772882015,0.119862326179214,0.119175044734226,0.118495743219554,0.117824283573414,0.117160530850334,0.116504353136324,0.115855621466678,0.115214209746313,0.114579994672562,0.113952855660338,0.1133326747696,0.112719336635023,0.112112728397824,0.111512739639656,0.110919262318506,0.110332190706528,0.109751421329757,0.109176852909624,0.108608386306228,0.108045924463303,0.107489372354819,0.106938636933168,0.106393627078882,0.105854253551832,0.10532042894386,0.1047920676328,0.104269085737837,0.10375140107616,0.10323893312088,0.102731602960155,0.102229333257493,0.10173204821319,0.101239673526877,0.100752136361121,0.100269365306071,0.0997912903450891,0.0993178428213608,0.0988489554054344,0.0983845620636709,0.09792459802757,0.0974689997639482,0.0970177049459411,0.0965706524248035,0.0961277822024827,0.0956890354049423,0.0952543542562118,0.0948236820531399,0.09439696314083,0.0939741428887382,0.0935551676674108,0.0931399848258443,0.0927285426694482,0.0923207904385922,0.09191667828772,0.0915161572650129,0.0911191792925875,0.0907256971472098,0.0903356644415121,0.0899490356056967,0.0895657658697116,0.0891858112458864,0.0888091285120127,0.0884356751948571,0.0880654095540927,0.0876982905666393,0.0873342779113988,0.086973331954375,0.0866154137341663,0.0862604849478214,0.0859085079370457,0.0855594456747508,0,0.397448000112127,0.393069245216661,0.388639792246205,0.384214515474619,0.379831948885096,0.375510958830578,0.371255906413982,0.367062381855537,0.362921656993588,0.358823753778096,0.354759369834847,0.350720933234103,0.346703036292834,0.342702460829867,0.338717962137541,0.334749933498979,0.33080003329522,0.326870825302968,0.322965459824685,0.319087407645926,0.315240248886315,0.311427513056779,0.307652563755687,0.303918520418951,0.300228209642976,0.296584139309472,0.292988489718556,0.289443116972121,0.285949564824631,0.282509082075518,0.27912264329595,0.275790971264911,0.272514559948405,0.269293697209356,0.26612848670307,0.26301886861145,0.259964639013757,0.25696546779504,0.25402091506575,0.251130446115295,0.248293444954708,0.245509226523708,0.24277704764889,0.240096116845002,0.237465603052383,0.234884643401777,0.232352350094176,0.229867816478538,0.227430122404876,0.22503833892455,0.222691532403904,0.220388768111849,0.218129113336628,0.215911640081998,0.213735427388322,0.2115995633197,0.209503146654244,0.207445288310894,0.205425112542802,0.203441757924231,0.201494378155125,0.199582142704983,0.197704237315374,0.195859864378382,0.194048243206395,0.192268610206994,0.190520218975185,0.188802340313878,0.187114262192297,0.185455289650923,0.183824744660612,0.182221965942643,0.180646308755682,0.17909714465497,0.177573861228383,0.176075861813513,0.174602565199373,0.173153405315929,0.171727830914248,0.170325305239709,0.168945305700419,0.167587323532691,0.166250863465204,0.164935443383244,0.163640593994232,0.162365858495575,0.161110792245725,0.159874962439199,0.158657947786189,0.157459338197292,0.156278734473797,0.155115748003884,0.153970000465017,0.152841123532757,0.151728758596155,0.150632556479854,0.149552177172969,0.14848728956479,0.147437571187315,0.146402707964606,0.145382393968911,0.144376331183507,0.14338422927218,0.142405805355247,0.141440783792031,0.140488895969651,0.139549880098034,0.138623481011003,0.137709449973306,0.136807544493465,0.135917528142288,0.135039170376917,0.134172246370254,0.133316536845634,0.1324718279166,0.13163791093163,0.130814582323686,0.130001643464435,0.129198900523012,0.128406164329186,0.1276232502408,0.126849978015342,0.126086171685538,0.12533165943883,0.124586273500614,0.123849850021129,0.123122228965878,0.122403254009456,0.1216927724327,0.120990635023027,0.120296695977873,0.119610812811128,0.118932846262469,0.118262660209495,0.117600121582575,0.116945100282316,0.116297469099565,0.115657103637874,0.115023882238323,0.114397685906643,0.11377839824256,0.113165905371276,0.112560095877032,0.11196086073867,0.111368093267141,0.110781689044879,0.110201545867005,0.109627563684266,0.109059644547689,0.108497692554864,0.10794161379782,0.107391316312435,0.106846710029335,0.106307706726227,0.10577421998162,0.105246165129902,0.104723459217705,0.104206020961543,0.103693770706661,0.103186630387067,0.102684523486706,0.102187375001743,0.101695111403907,0.101207660604887,0.100724951921717,0.100246916043138,0.099773484996907,0.0993045921180057,0.0988401720177439,0.0983801605537105,0.0979244948005558,0.0974731130215761,0.0970259546410769,0.0965829602174887,0.0961440714172142,0.095709230989183,0.0952783827400936,0.0948514715103191,0.0944284431504598,0.0940092444985204,0.0935938233576939,0.0931821284747333,0.0927741095188946,0.0923697170614333,0.0919689025556372,0.0915716183173801,0.0911778175061812,0.090787454106755,0.0904004829110377,0.0900168595006749,0.0896365402299564,0.0892594822091895,0.0888856432884925,0.0885149820420002,0.0881474577524662,0.0877830303962539,0.0874216606287014,0.087063309769854,0.0867079397905495,0.0863555132988498,0,0.399550582726307,0.395200812931487,0.390801873550544,0.386396085826904,0.382021360728273,0.37770016712597,0.373441019095818,0.369242878559804,0.365099289193092,0.361001519139309,0.356940697489128,0.352909107418865,0.348900836334764,0.344911975094564,0.34094052936809,0.336986169314883,0.333049907608972,0.329133765084658,0.325240459476666,0.321373135623155,0.317535144015172,0.313729867423454,0.309960591311707,0.306230411857227,0.302542174876292,0.298898439234094,0.295301459021772,0.291753179655469,0.288255243941558,0.284809004973911,0.281415543443747,0.278075687538584,0.274790034088386,0.271558969996359,0.268382693284555,0.26526123330599,0.262194469839807,0.259182150906556,0.25622390922707,0.253319277309154,0.250467701187781,0.247668552871796,0.244921141567163,0.242224723756374,0.239578512218047,0.236981684071478,0.234433387929208,0.231932750237377,0.229478880879346,0.227070878113193,0.224707832908662,0.222388832743935,0.220112964917659,0.217879319426772,0.215686991456148,0.213535083521788,0.211422707305317,0.209348985213877,0.20731305169613,0.20531405434202,0.203351154791115,0.201423529471818,0.199530370191394,0.197670884594698,0.195844296507567,0.194049846179158,0.192286790435948,0.190554402758772,0.188851973292984,0.187178808800749,0.185534232563454,0.183917584241344,0.18232821969666,0.18076551078588,0.17922884512597,0.177717625839035,0.176231271279188,0.17476921474505,0.173330904180848,0.171915801868744,0.170523384114663,0.16915314092966,0.167804575708543,0.166477204907289,0.165170557720563,0.163884175760484,0.162617612737606,0.161370434144953,0.160142216945823,0.158932549265952,0.157741030090545,0.156567268966582,0.155410885710748,0.154271510123248,0.153148781707723,0.152042349397428,0.150951871287795,0.149877014375437,0.148817454303659,0.147772875114473,0.146742969007105,0.145727436102966,0.144725984217023,0.143738328635505,0.142764191899852,0.141803303596828,0.140855400154667,0.13992022464516,0.138997526591556,0.138087061782143,0.137188592089399,0.136301885294563,0.135426714917503,0.134562860051746,0.133710105204526,0.132868240141727,0.132037059737582,0.131216363828983,0.130405957074291,0.129605648816499,0.128815252950624,0.128034587795208,0.12726347596779,0.126501744264241,0.12574922354184,0.125005748605968,0.124271158100316,0.123545294400486,0.12282800351089,0.122119134964832,0.121418541727671,0.120726080102979,0.120041609641577,0.119364993053375,0.118696096121911,0.118034787621511,0.117380939236985,0.116734425485757,0.116095123642386,0.115462913665361,0.114837678126123,0.114219302140229,0.113607673300589,0.113002681612716,0.112404219431905,0.111812181402305,0.111226464397795,0.110646967464623,0.110073591765745,0.109506240526804,0.108944818983707,0.108389234331737,0.107839395676152,0.107295213984235,0.106756602038723,0.106223474392606,0.105695747325212,0.10517333879957,0.104656168420992,0.104144157396838,0.103637228497435,0.103135306018093,0.102638315742212,0.102146184905417,0.101658842160708,0.101176217544585,0.100698242444116,0.100224849564927,0.099755972900068,0.0992915476997537,0.0988315104419233,0.098375798803616,0.0979243516331242,0.0974771089229066,0.0970340117832354,0.0965950024165552,0.0961600240925325,0.0957290211237756,0.0953019388422004,0.0948787235760293,0.0944593226273972,0.0940436842505523,0.093631757630628,0.093223492862974,0.0928188409330272,0.0924177536967065,0.092020183861317,0.0916260849669472,0.0912354113683456,0.0908481182172634,0.0904641614452473,0.0900834977468722,0.0897060845633979,0.08933188006684,0.0889608431444416,0.0885929333835368,0.0882281110567899,0.0878663371078053,0.0875075731370918,0.0871517813883765,0,0.401649261292572,0.397316199502775,0.392944151057932,0.388559000329055,0.384194878101086,0.379876073673978,0.375614513433496,0.371412382796541,0.3672656370277,0.363167042072419,0.359108425955914,0.355082161971743,0.351082015452434,0.347103513921542,0.343143991639325,0.339202433999033,0.335279216738576,0.331375806278668,0.327494463780023,0.323637977502142,0.31980943530112,0.31601204068412,0.312248970708459,0.308523271235695,0.304837783857718,0.301195098616807,0.297597527022488,0.294047090536582,0.290545520468424,0.287094265983812,0.283694507623836,0.280347174326906,0.27705296244296,0.273812355628511,0.270625644826015,0.267492947774083,0.264414227679457,0.261389310819124,0.258417902941754,0.255499604410176,0.252633924077681,0.249820291925922,0.247058070515272,0.244346565312872,0.241685033971661,0.239072694637293,0.236508733360369,0.233992310689719,0.231522567519508,0.229098630258999,0.226719615389464,0.224384633468111,0.222092792634271,0.219843201668539,0.217634972651212,0.215467223262195,0.213339078760695,0.21124967367938,0.209198153264363,0.207183674689273,0.205205408068886,0.203262537295203,0.201354260716536,0.199479791678034,0.197638358940171,0.195829206989977,0.194051596258212,0.192304803254293,0.190588120629503,0.188900857177851,0.18724233778295,0.185611903318336,0.184008910507839,0.182432731751857,0.180882754924742,0.179358383147891,0.177859034542614,0.176384141966383,0.174933152735612,0.173505528337781,0.172100744135345,0.170718289063573,0.169357665324212,0.168018388076611,0.166699985127732,0.165401996622295,0.164123974734117,0.162865483359579,0.161626097814005,0.160405404531618,0.159203000769654,0.158018494317095,0.156851503208422,0.155701655442718,0.15456858870836,0.153451950113527,0.152351395922654,0.151266591298971,0.150197210053179,0.149142934398317,0.148103454710828,0.147078469297823,0.146067684170497,0.145070812823659,0.14408757602131,0.143117701588178,0.142160924207142,0.141216985222419,0.140285632448441,0.139366619984277,0.138459708033506,0.137564662729404,0.136681255965337,0.135809265230218,0.134948473448914,0.134098668827462,0.133259644702984,0.132431199398154,0.131613136080105,0.130805262623644,0.130007391478653,0.129219339541555,0.128440928030721,0.127671982365704,0.126912332050189,0.126161810558528,0.125420255225777,0.124687507141098,0.123963411044443,0.123247815226406,0.122540571431145,0.121841534762281,0.121150563591666,0.120467519470955,0.119792267045857,0.11912467397301,0.118464610839375,0.117811951084085,0.117166570922645,0.116528349273438,0.115897167686438,0.115272910274066,0.114655463644125,0.114044716834737,0.113440561251231,0.112842890604894,0.112251600853559,0.111666590143936,0.111087758755657,0.11051500904696,0.109948245401972,0.109387374179533,0.108832303663511,0.108282944014564,0.107739207223302,0.107201007064797,0.106668259054408,0.106140880404872,0.105618789984624,0.105101908277305,0.104590157342422,0.104083460777119,0.103581743679034,0.103084932610192,0.102592955561919,0.102105741920732,0.101623222435179,0.1011453291836,0.100671995542777,0.100203156157454,0.0997387469106859,0.0992787048950041,0.0988229683843658,0.0983714768068658,0.0979241707181867,0.0974809917757657,0.0970418827136544,0.0966067873180526,0.0961756504034944,0.0957484177896675,0.0953250362788467,0.0949054536339211,0.0944896185570017,0.0940774806685874,0.0936689904872756,0.0932640994099999,0.0928627596927801,0.0924649244319697,0.0920705475459849,0.0916795837575025,0.0912919885761112,0.0909077182814053,0.0905267299065077,0.0901489812220071,0.089774430720301,0.0894030376003302,0.0890347617526944,0.0886695637451397,0.0883074048084052,0.0879482468224191,0,0.403747352650125,0.399419142719786,0.395068684214451,0.390703821587662,0.386352242578577,0.3820381679651,0.377775978821163,0.373570753154367,0.36942087376941,0.365320782872283,0.361263238692826,0.35724092805322,0.353247480318124,0.349277998340526,0.345329237188685,0.341399549857663,0.337488696327527,0.333597587246505,0.329728010892275,0.325882373795809,0.322063471784972,0.318274298713674,0.314517893984811,0.310797226320657,0.307115109347903,0.303474143853826,0.299876681587481,0.296324805906195,0.29282032518723,0.289364775600177,0.285959430486732,0.282605314178755,0.279303218585516,0.276053721294473,0.272857204262735,0.26971387243853,0.266623771854588,0.263586806889308,0.260602756506664,0.257671289370356,0.254791977788761,0.25196431049031,0.249187704258459,0.246461514474975,0.243785044632364,0.241157554883045,0.238578269695824,0.236046384690483,0.233561072719713,0.231121489264856,0.228726777208359,0.226376071041865,0.22406850056474,0.221803194123573,0.21957928143912,0.217395896063167,0.215252177504044,0.213147273055963,0.21108033936409,0.209050543754189,0.207057065352889,0.205099096022036,0.20317584112826,0.201286520166742,0.199430367256208,0.197606631520437,0.195814577369958,0.194053484696177,0.192322648988874,0.190621381386841,0.188949008670364,0.187304873203322,0.185688332831816,0.184098760745467,0.18253554530685,0.180998089853909,0.179485812479651,0.177998145792907,0.176534536663538,0.175094445955044,0.173677348247178,0.172282731550893,0.170910097017596,0.169558958644522,0.168228842977737,0.166919288814126,0.165629846903542,0.16436007965211,0.163109560827565,0.161877875267373,0.160664618590255,0.159469396911673,0.158291826563707,0.157131533819716,0.155988154624078,0.154861334327257,0.153750727426404,0.152655997311623,0.151576816018023,0.150512863983626,0.149463829813173,0.148429410047841,0.147409308940866,0.146403238239045,0.145410916970066,0.144432071235618,0.14346643401019,0.142513744945494,0.141573750180408,0.140646202156348,0.139730859437952,0.138827486538983,0.137935853753316,0.137055736990911,0.136186917618645,0.135329182305879,0.134482322874648,0.13364613615435,0.132820423840805,0.132004992359578,0.131199652733444,0.130404220453859,0.129618515356359,0.128842361499727,0.128075587048858,0.127318024161183,0.126569508876558,0.12582988101051,0.125098984050738,0.12437666505676,0.123662774562628,0.122957166482591,0.122259698019629,0.121570229576769,0.120888624671081,0.120214749850282,0.119548474611864,0.118889671324652,0.118238215152737,0.117593983981686,0.116956858346969,0.116326721364525,0.115703458663406,0.115086958320427,0.114477110796751,0.113873808876361,0.113276947606352,0.112686424238975,0.112102138175394,0.111523990911086,0.110951885982845,0.110385728917318,0.109825427181053,0.109270890131981,0.108722028972307,0.108178756702759,0.107640988078142,0.107108639564172,0.106581629295542,0.106059877035173,0.105543304134626,0.105031833495634,0.104525389532708,0.104023898136802,0.103527286639988,0.103035483781122,0.102548419672453,0.102066025767168,0.101588234827824,0.101114980895652,0.1006461992607,0.100181826432791,0.0997218001132721,0.0992660591675287,0.0988145435982404,0.0983671945193574,0.0979239541307746,0.0974847656936832,0.0970495735065764,0.0966183228818941,0.0961909601232835,0.0957674325034596,0.0953476882426456,0.0949316764875781,0.094519347291059,0.0941106515920382,0.0937055411962118,0.0933039687571196,0.0929058877577289,0.0925112524924889,0.0921200180498437,0.0917321402951884,0.0913475758542569,0.0909662820969283,0.0905882171214409,0.0902133397390014,0.0898416094587784,0.0894729864732676,0.0891074316440203,0.088744906487724,0,0.405845095218281,0.40151311049835,0.397177830073793,0.392831519230637,0.388493504281584,0.384186101119995,0.379925040503717,0.375717798933903,0.371565077276731,0.36746309060607,0.363405712618494,0.359386146919234,0.355398069737679,0.351436304455786,0.347497130409701,0.343578333139443,0.339679089941247,0.335799764518564,0.33194166405745,0.328106794243639,0.324297633680146,0.320516938858339,0.316767583777344,0.313052433820856,0.30937425092028,0.305735625782153,0.302138932578191,0.298586301645958,0.295079606185675,0.291620459502684,0.288210219934406,0.284850001156748,0.281540686058287,0.278282942790192,0.275077241945647,0.271923874100635,0.26882296716692,0.265774503177591,0.262778334254496,0.259834197603519,0.256941729454845,0.254100477916835,0.251309914748519,0.24856944608076,0.245878422132644,0.243236145979895,0.240641881437762,0.238094860123228,0.235594287761419,0.233139349799603,0.230729216389571,0.228363046795949,0.2260399932844,0.223759204539851,0.221519828661114,0.219321015774474,0.217161920305261,0.215041702942961,0.212959532332234,0.210914586519162,0.208906054179325,0.20693313565169,0.204995043799964,0.203091004720924,0.201220258317261,0.199382058750675,0.197575674789391,0.19580039006274,0.194055503234165,0.192340328102798,0.190654193642668,0.188996443987655,0.18736643836939,0.185763551014541,0.184187171007221,0.182636702121589,0.181111562629179,0.179611185084968,0.178135016095719,0.176682516073761,0.17525315897897,0.173846432051405,0.172461835536747,0.17109888240644,0.169757098074196,0.168436020110301,0.167135197955008,0.165854192632096,0.164592576463561,0.163349932786258,0.162125855671187,0.160919949646041,0.159731829421518,0.158561119621815,0.15740745451968,0.156270477776295,0.155149842186242,0.154045209427723,0.15295624981819,0.151882642075488,0.150824073084572,0.149780237669854,0.148750838373191,0.147735585237498,0.146734195595985,0.145746393866954,0.144771911354115,0.143810486052343,0.14286186245881,0.141925791389395,0.141002029800291,0.140090340614693,0.139190492554484,0.138302259976794,0.13742542271533,0.13655976592637,0.135705079939292,0.134861160111541,0.134027806687913,0.133204824664032,0.132392023653925,0.131589217761568,0.130796225456297,0.130012869451974,0.129238976589797,0.12847437772465,0.127718907614892,0.126972404815472,0.126234711574278,0.125505673731624,0.124785140622769,0.124072964983385,0.123369002857878,0.122673113510472,0.121985159338975,0.121305005791136,0.12063252128352,0.119967577122812,0.119310047429478,0.118659809063715,0.1180167415536,0.11738072702539,0.116751650135883,0.116129398006791,0.115513860161052,0.114904928461019,0.114302497048476,0.113706462286408,0.113116722702477,0.112533178934151,0.111955733675435,0.111384291625136,0.110818759436646,0.110259045669154,0.109705060740279,0.109156716880055,0.108613928086234,0.108076610080863,0.107544680268101,0.107018057693224,0.106496663002796,0.105980418405954,0.105469247636792,0.104963075917782,0.104461829924229,0.103965437749703,0.103473828872441,0.102986934122664,0.102504685650799,0.102027016896577,0.101553862558965,0.10108515856693,0.10062084205098,0.100160851315492,0.0997051258117736,0.099253606111853,0.0988062338829698,0.0983629518627449,0.0979237038350123,0.0974884346062889,0.0970570899828662,0.0966296167485038,0.0962059626427071,0.0957860763395734,0.0953699074271868,0.0949574063875469,0.0945485245770169,0.0941432142072749,0.0937414283267524,0.0933431208025487,0.0929482463028033,0.0925567602795176,0.0921686189518101,0.0917837792895936,0.0914021989976608,0.091023836500169,0.0906486509255103,0.0902766020915586,0.0899076504912803,0.0895417572787011,0,0.40794557142392,0.403601262766866,0.399274065340563,0.394943392734205,0.390619017089431,0.386319714709955,0.382061396953532,0.377853313455132,0.373698254377986,0.369594217912946,0.365536324659569,0.361518470269301,0.357534550887291,0.353579257359349,0.3496485048102,0.34573958698937,0.341851142609518,0.337983007240763,0.334136007074836,0.330311734290645,0.326512329773132,0.322740288130558,0.318998292170222,0.315289078756819,0.311615334727425,0.307979619737773,0.30438431211392,0.30083157362728,0.297323329337863,0.293861259077805,0.2904467976542,0.287081141362235,0.28376525887448,0.280499904989438,0.277285636075394,0.274122826335727,0.271011684254881,0.267952268767792,0.264944504837802,0.261988198236503,0.259083049400348,0.25622866629892,0.253424576293279,0.250670236993628,0.247965046146769,0.245308350597763,0.242699454378866,0.24013762598353,0.237622104885125,0.235152107359973,0.232726831672768,0.230345462680101,0.228007175904798,0.225711141130524,0.223456525562619,0.221242496597687,0.219068224241048,0.216932883207864,0.214835654740659,0.212775728172989,0.210752302266286,0.208764586344378,0.206811801247802,0.20489318012792,0.203007969098834,0.201155427763333,0.199334829627438,0.197545462416651,0.195786628305637,0.194057644071876,0.192357841182693,0.190686565824105,0.189043178878992,0.187427055861335,0.185837586812486,0.184274176164822,0.182736242577528,0.18122321874872,0.179734551207668,0.178269700090424,0.176828138901811,0.175409354266357,0.174012845670486,0.17263812519797,0.171284717260425,0.169952158324422,0.168639996636559,0.167347791947696,0.166075115237388,0.164821548439412,0.163586684169164,0.162370125453594,0.161171485464242,0.159990387253868,0.158826463497067,0.157679356235226,0.156548716626082,0.155434204698123,0.154335489110002,0.1532522469151,0.152184163331345,0.151130931516356,0.150092252347949,0.149067834210024,0.14805739278384,0.147060650844637,0.146077338063586,0.145107190815004,0.14414995198878,0.143205370807935,0.142273202651231,0.141353208880759,0.140445156674388,0.139548818863001,0.138663973772402,0.137790405069797,0.136927901614742,0.136076257314447,0.135235270983338,0.13440474620675,0.13358449120867,0.132774318723395,0.131974045871017,0.131183494036619,0.130402488753079,0.12963085958739,0.128868440030373,0.128115067389707,0.12737058268616,0.126634830552936,0.125907659138043,0.125188920009581,0.124478468063885,0.123776161436398,0.123081861415234,0.122395432357306,0.121716741606972,0.121045659417104,0.1203820588725,0.119725815815585,0.119076808774309,0.118434918892182,0.117800029860383,0.117172027851864,0.1165508014574,0.115936241623515,0.115328241592229,0.114726696842563,0.114131505033755,0.113542565950121,0.112959781447525,0.112383055401386,0.111812293656194,0.111247403976478,0.110688295999173,0.11013488118736,0.109587072785318,0.109044785774856,0.108507936832884,0.107976444290183,0.107450228091334,0.106929209755776,0.106413312339951,0.105902460400508,0.105396579958527,0.104895598464739,0.104399444765705,0.103908049070923,0.103421342920846,0.102939259155766,0.102461731885551,0.101988696460206,0.101520089441225,0.101055848573722,0.100595912759309,0.100140222029701,0.0996887175210238,0.0992413414488095,0.0987980370836533,0.0983587487275124,0.0979234216906304,0.0974920022690676,0.0970644377228173,0.0966406762544937,0.0962206669885724,0.0958043599511687,0.0953917060503364,0.0949826570568734,0.0945771655856179,0.0941751850772221,0.09377666978039,0.0933815747345638,0.0929898557530472,0.0926014694065537,0.0922163730071666,0.0918345245927006,0.0914558829114512,0.0910804074073227,0.0907080582053237,0.0903387960974181,0,0.410052375856897,0.405686094739359,0.401359799115606,0.397040975880205,0.392729414421543,0.388439056354659,0.384184850556006,0.379977105378265,0.37582036606233,0.371714337959059,0.367655460849604,0.363638462989129,0.359657617517031,0.355707626497719,0.35178415693375,0.347884094952368,0.344005594600211,0.340147991626597,0.336311639626812,0.332497711341848,0.328707994562152,0.324944701136522,0.321210299292354,0.31750737360356,0.313838513072069,0.310206225450873,0.306612874702886,0.303060638005843,0.299551478704849,0.29608713188112,0.292669099609741,0.289298653430745,0.285976842001454,0.28270450230355,0.279482273131753,0.276310609888559,0.273189799953567,0.270119978091784,0.26710114151973,0.264133164367871,0.261215811369311,0.258348750673427,0.255531565733898,0.252763766257521,0.250044798226308,0.247374053023368,0.244750875704908,0.242174572467975,0.239644417367433,0.237159658337212,0.234719522570543,0.232323221312553,0.229969954116272,0.227658912610453,0.225389283824525,0.223160253112905,0.220971006717683,0.218820734005644,0.216708629412526,0.214633894124649,0.212595737525293,0.210593378430746,0.208626046138608,0.206692981308774,0.20479343669557,0.202926677747692,0.201091983090951,0.199288644907324,0.197515969222444,0.195773276112415,0.194059899839729,0.192375188927016,0.190718506176481,0.189089228642004,0.187486747560185,0.185910468245889,0.184359809957278,0.182834205734771,0.181333102217845,0.179855959443204,0.17840225062741,0.176971461936729,0.175563092246632,0.174176652893097,0.172811667417607,0.17146767130753,0.170144211733321,0.168840847283845,0.167557147700953,0.166292693614258,0.165047076276988,0.163819897303631,0.162610768410008,0.161419311156314,0.160245156693572,0.159087945513911,0.15794732720496,0.156822960208641,0.155714511584581,0.15462165677829,0.153544079394265,0.152481470974102,0.151433530779682,0.150399965581486,0.149380489452044,0.148374823564523,0.147382695996434,0.146403841538423,0.145438001508102,0.144484923568861,0.143544361553585,0.14261607529322,0.14169983045009,0.140795398355877,0.139902555854189,0.139021085147601,0.138150773649083,0.137291413837714,0.136442803118574,0.135604743686723,0.134777042395151,0.133959510626606,0.1331519641692,0.132354223095678,0.131566111646268,0.130787458114992,0.130018094739362,0.129257857593347,0.128506586483523,0.127764124848316,0.127030319660241,0.126305021331052,0.125588083619716,0.124879363543118,0.124178721289429,0.123486020134044,0.122801126358008,0.122123909168875,0.121454240623891,0.120791995555464,0.120137051498828,0.119489288621831,0.118848589656803,0.11821483983441,0.117587926819458,0.116967740648561,0.11635417366964,0.115747120483174,0.115146477885161,0.11455214481173,0.113964022285353,0.113382013362606,0.112806023083437,0.112235958421878,0.111671728238177,0.111113243232285,0.110560415898672,0.110013160482418,0.109471392936548,0.108935030880568,0.108403993560168,0.107878201808046,0.107357578005831,0.10684204604707,0.106331531301226,0.105825960578693,0.105325262096753,0.104829365446484,0.104338201560569,0.103851702681977,0.103369802333509,0.102892435288157,0.102419537540267,0.101951046277486,0.101486899853451,0.101027037761213,0.100571400607371,0.100119930086889,0.0996725689585844,0.0992292610212555,0.0987899510904442,0.0983545849758028,0.0979231094590521,0.0974954722725137,0.097071622078199,0.0966515084474357,0.0962350818410215,0.0958222935898858,0.0954130958762451,0.0950074417152389,0.0946052849370306,0.0942065801693624,0.0938112828205488,0.0934193490628976,0.0930307358165456,0.0926454007336964,0.0922633021832508,0.0918843992358172,0.0915086516490922,0.0911360198536,0,0.412164072084122,0.4077690948562,0.403437211900183,0.399125933597867,0.394825569025213,0.390544382158513,0.386295330464792,0.38208902674551,0.377931352430127,0.373823562836618,0.369763427574263,0.365746608115397,0.361767890105463,0.3578221225682,0.35390484136354,0.350012615156383,0.346143175545179,0.34229539551683,0.338469172546046,0.334665260851355,0.330885085174542,0.327130557761835,0.323403911675769,0.319707557212192,0.316043963782575,0.312415566774206,0.308824697235116,0.305273531404807,0.301764056847836,0.298298052032898,0.294877076482407,0.291502468992147,0.28817535181995,0.284896639126123,0.28166704829485,0.278487113065641,0.275357197655402,0.272277511257576,0.269248122469952,0.266268973332973,0.263339892761447,0.260460609229834,0.257630762629485,0.254849915259287,0.252117561942496,0.249433139284727,0.246796034103376,0.244205591068739,0.241661119603238,0.239161900088374,0.236707189430154,0.234296226033412,0.231928234234013,0.229602428235889,0.227318015597305,0.225074200308012,0.222870185496057,0.220705175800124,0.218578379440459,0.216489010018696,0.21443628807428,0.21241944242277,0.210437711298968,0.208490343325742,0.206576598327389,0.204695748004634,0.202847076486646,0.201029880773978,0.19924347108493,0.197487171116579,0.195760318230597,0.194062263572905,0.192392372135316,0.190750022766426,0.189134608138293,0.187545534674715,0.18598222244631,0.184444105037051,0.182930629386371,0.181441255610543,0.179975456806592,0.178532718841653,0.177112540130353,0.175714431402495,0.174337915463067,0.172982526946356,0.171647812065732,0.170333328360484,0.169038644440915,0.167763339732756,0.166507004221811,0.165269238199644,0.164049652010993,0.162847865803507,0.16166350928032,0.160496221455888,0.159345650415467,0.158211453078527,0.157093294966353,0.155990849974055,0.154903800147132,0.153831835462723,0.152774653615647,0.151731959809287,0.150703466551368,0.149688893454635,0.148687967042456,0.1477004205593,0.146725993786088,0.145764432860361,0.144815490101209,0.143878923838907,0.142954498249181,0.142041983192025,0.141141154055,0.140251791600913,0.139373681819793,0.138506615785078,0.137650389513906,0.13680480383142,0.135969664238999,0.135144780786302,0.134329967947034,0.133525044498349,0.132729833403771,0.131944161699556,0.131167860384393,0.130400764312355,0.129642712088998,0.128893545970532,0.128153111765965,0.127421258742137,0.126697839531561,0.12598271004298,0.12527572937457,0.124576759729699,0.123885666335172,0.123202317361887,0.122526583847817,0.121858339623265,0.121197461238303,0.12054382789235,0.119897321365793,0.119257825953623,0.118625228400992,0.117999417840653,0.117380285732208,0.11676772580313,0.116161633991473,0.115561908390245,0.114968449193382,0.114381158643264,0.113799940979742,0.113224702390617,0.112655350963526,0.112091796639202,0.11153395116605,0.110981728056012,0.110435042541667,0.109893811534545,0.1093579535846,0.108827388840821,0.10830203901293,0.107781827334154,0.107266678525013,0.106756518758122,0.106251275623942,0.10575087809749,0.105255256505936,0.104764342497099,0.104278069008793,0.103796370238992,0.103319181616815,0.102846439774279,0.102378082518812,0.101914048806497,0.101454278716032,0.100998713423377,0.100547295177069,0.100099967274189,0.0996566740369589,0.0992173607899507,0.0987819738378881,0.098350460444025,0.0979227688090826,0.0974988480507315,0.0970786481835983,0.0966621200997857,0.096249215549889,0.0958398871244947,0.0954340882361498,0.0950317731017841,0.094632896725575,0.0942374148822428,0.0938452841007622,0.0934564616484808,0.09307090551563,0.0926885744002202,0.092309427693306,0.0919334254646151,0,0.414276479295496,0.409850843835607,0.405508150877696,0.401199961748733,0.39690854134548,0.392636146997678,0.388392907029832,0.384188996686876,0.380031156411607,0.37592196266497,0.371860464492349,0.367843313780753,0.363865917889781,0.359923395975748,0.356011266897724,0.352125875287076,0.348264599030974,0.344425893147249,0.340609223104552,0.3368149323093,0.333044078108348,0.329298260645668,0.325579460393553,0.321889893519736,0.318231889395678,0.314607791243037,0.311019878832917,0.307470310980913,0.303961085047558,0.30049401054046,0.297070694057193,0.293692533089886,0.29036071655437,0.287076230258317,0.283839865854482,0.280652232121423,0.277513767668964,0.274424754378722,0.271385331064134,0.268395506974057,0.265455174874168,0.262564123525932,0.259722049448436,0.256928567897753,0.25418322303513,0.251485497281908,0.248834819877996,0.246230574673674,0.243672107193015,0.241158731012306,0.238689733499553,0.236264380961935,0.233881923247665,0.231541597847348,0.229242633538001,0.226984253610539,0.224765678719043,0.222586129387437,0.220444828206602,0.218341001752337,0.216273882252091,0.214242709025997,0.212246729725515,0.21028520139088,0.208357391346603,0.206462577952467,0.204600051225818,0.202769113349389,0.20096907907755,0.199199276052553,0.197459045041227,0.195747740101494,0.194064728687137,0.19240939169838,0.190781123485055,0.189179331808429,0.187603437767112,0.186052875691915,0.18452709301396,0.183025550109943,0.181547720127962,0.180093088796981,0.17866115422266,0.17725142667196,0.175863428348657,0.174496693161673,0.173150766487883,0.171825204930881,0.170519576076999,0.169233458249718,0.167966440263463,0.166718121177656,0.165488110051779,0.1642760257021,0.163081496460632,0.161904159936795,0.160743662782209,0.159599660458949,0.158471817011569,0.157359804843119,0.156263304495362,0.155182004433352,0.154115600834477,0.153063797382075,0.152026305063679,0.151002841973938,0.149993133122223,0.148996910244928,0.148013911622451,0.147043881900825,0.146086571917954,0.145141738534423,0.144209144468794,0.143288558137348,0.142379753498195,0.14148250989966,0.140596611932884,0.13972184928854,0.138858016617596,0.138004913396001,0.13716234379325,0.136330116544692,0.135508044827519,0.134695946140333,0.133893642186193,0.133100958759065,0.132317725633569,0.131543776457946,0.130778948650148,0.130023083296963,0.129276025056101,0.128537622061138,0.12780772582925,0.127086191171651,0.126372876106656,0.125667641775287,0.124970352359352,0.124280875001926,0.123599079730148,0.122924839380279,0.122258029524944,0.121598528402497,0.120946216848435,0.120300978228812,0.119662698375576,0.119031265523783,0.118406570250623,0.117788505416207,0.117176966106053,0.116571849575225,0.115973055194075,0.115380484395532,0.114794040623896,0.114213629285085,0.1136391576983,0.113070535049049,0.1125076723435,0.111950482364124,0.111398879626571,0.110852780337765,0.11031210235516,0.109776765147129,0.109246689754461,0.10872179875291,0.108202016216789,0.107687267683553,0.107177480119361,0.106672581885576,0.106172502706177,0.105677173636052,0.105186527030158,0.104700496513503,0.10421901695194,0.103742024423742,0.103269456191939,0.102801250677386,0.102337347432549,0.101877687115985,0.10142221146749,0.100970863283906,0.100523586395555,0.100080325643294,0.0996410268561565,0.099205636829588,0.0987741033042295,0.0983463749452546,0.0979224013222338,0.0975021328895151,0.0970855209671022,0.0966725177220197,0.096263076150148,0.0958571500585167,0.0954546940480439,0.0950556634967058,0.0946600145431271,0.0942677040705783,0.0938786896913698,0.0934929297316315,0.0931103832164668,0.0927310098554701,0,0.416384444904345,0.411931270466904,0.407574076404183,0.403264698267786,0.398979521731816,0.394714984519691,0.390477797773923,0.386277020027943,0.38211974537134,0.378009584656333,0.373946758618492,0.369928921838228,0.365952182639573,0.36201203683569,0.358104093952419,0.354224568445363,0.350370557755751,0.346540150220584,0.342732410407256,0.338947285192752,0.335185465847696,0.331448232478201,0.327737298999881,0.324054670060062,0.320402516152331,0.316783069467517,0.31319854055645,0.309651054369028,0.306142603424387,0.302675015541469,0.29924993354719,0.295868804553884,0.292532876669202,0.289243201310457,0.286000639603807,0.282805871635167,0.279659407573329,0.276561599902856,0.273512656185174,0.270512651913991,0.267561543149483,0.26465917870915,0.261805311765824,0.258999610759,0.256241669567632,0.253531016923764,0.250867125068976,0.248249417671788,0.245677277035146,0.243150050630298,0.240667056997706,0.238227591057733,0.235830928874501,0.233476331915738,0.231163050850171,0.228890328922177,0.226657404941271,0.224463515921646,0.222307899404607,0.220189795494264,0.218108448634541,0.216063109153202,0.214053034596474,0.212077490875764,0.210135753246038,0.208227107133667,0.206350848829873,0.204506286064371,0.20269273847244,0.200909537967328,0.199156029028758,0.197431568917219,0.19573552782276,0.19406728895611,0.192426248589177,0.190811816051223,0.189223413686368,0.187660476777494,0.186122453441072,0.184608804496956,0.183119003316758,0.18165253565402,0.180208899459049,0.178787604680973,0.177388173059264,0.176010137906761,0.17465304388594,0.173316446780038,0.171999913260387,0.170703020651194,0.169425356692836,0.168166519304612,0.166926116347758,0.165703765389463,0.164499093468472,0.163311736862845,0.162141340860294,0.160987559531521,0.159850055506859,0.158728499756509,0.157622571374604,0.156531957367272,0.155456352444863,0.154395458818449,0.153348986000688,0.152316650611114,0.151298176185888,0.15029329299204,0.149301737846191,0.14832325393776,0.147357590656612,0.146404503425123,0.145463753534614,0.144535107986096,0.143618339335263,0.142713225541671,0.141819549822029,0.14093710050752,0.140065670905079,0.139205059162544,0.138355068137589,0.137515505270367,0.136686182459758,0.135866915943154,0.135057526179677,0.134257837736752,0.133467679179949,0.132686882965998,0.1319152853389,0.131152726229055,0.130399049155302,0.129654101129816,0.128917732565763,0.128189797187641,0.127470151944227,0.126758656924056,0.126055175273363,0.125359573116397,0.124671719478065,0.123991486208807,0.12331874791166,0.12265338187143,0.121995267985909,0.121344288699086,0.120700328936282,0.120063276041149,0.119433019714484,0.118809451954801,0.118192467000595,0.117581961274269,0.116977833327649,0.116379983789056,0.115788315311878,0.115202732524596,0.114623141982229,0.114049452119142,0.113481573203178,0.112919417291084,0.112362898185175,0.111811931391212,0.11126643407745,0.110726325034819,0.110191524638208,0.109661954808818,0.109137538977543,0.108618202049364,0.108103870368711,0.107594471685764,0.107089935123677,0.106590191146685,0.106095171529071,0.105604809324972,0.105119038838987,0.10463779559758,0.104161016321237,0.103688638897366,0.103220602353911,0.102756846833671,0.102297313569282,0.10184194485886,0.101390684042287,0.100943475478099,0.100500264520991,0.100060997499887,0.0996256216965916,0.0991940853249729,0.0987663375106931,0.0983423282714472,0.0979220084977056,0.0975053299339475,0.097092245160365,0.0966827075750293,0.0962766713765027,0.0958740915468856,0.095474923835286,0.0950791247416993,0.0946866515012866,0.0942974620690402,0.0939115151048256,0.0935287699587895,0,0.418485005767803,0.414009939092482,0.409636050289192,0.405321652623087,0.401039772005848,0.396781679396913,0.392550365451765,0.38835320037112,0.384197129869367,0.380086471448791,0.376022459032945,0.372003717818464,0.368027103991849,0.364088576463022,0.360183933214277,0.356309349955482,0.352461719339563,0.348638819371744,0.344839350970848,0.341062884948014,0.337309753404576,0.333580913159942,0.329877801298564,0.326202196292503,0.322556092815573,0.318941594360849,0.315360824963947,0.311815859502184,0.308308670954736,0.304841092463025,0.301414791851375,0.298031256321939,0.294691785226808,0.291397489075619,0.288149293213638,0.284947944875257,0.28179402256519,0.278687946937076,0.275629992524334,0.272620299832097,0.269658887424543,0.266745663742562,0.263880438466094,0.261062933297261,0.258292792087832,0.255569590270336,0.252892843578738,0.250262016063958,0.247676527423183,0.245135759671344,0.242639063189184,0.240185762185911,0.237775159616217,0.23540654159178,0.233079181326819,0.230792342656011,0.228545283161351,0.226337256942582,0.224167517063628,0.222035317705274,0.219939916052095,0.217880573939486,0.21585655928452,0.213867147322375,0.21191162166821,0.209989275222556,0.208099410936709,0.206241342453024,0.204414394633676,0.202617903990099,0.20085121902419,0.199113700491246,0.19740472159363,0.195723668113288,0.19406993849037,0.192442943854543,0.190842108014835,0.189266867413314,0.187716671047306,0.186190980364379,0.184689269133889,0.183211023298441,0.181755740808298,0.180322931441408,0.178912116611443,0.177522829165976,0.176154613176674,0.174807023723186,0.173479626672192,0.172171998452931,0.170883725830341,0.169614405676836,0.168363644743598,0.167131059432155,0.165916275566929,0.164718928169322,0.163538661233865,0.162375127506846,0.161227988267801,0.160096913114166,0.158981579749369,0.157881673774572,0.156796888484241,0.155726924665688,0.154671490402704,0.153630300883355,0.152603078212015,0.151589551225664,0.150589455314479,0.149602532246713,0.148628529997863,0.147667202584095,0.146718309899895,0.145781617559906,0.144856896744891,0.143943924051777,0.143042481347703,0.14215235562802,0.141273338878151,0.140405227939253,0.139547824377594,0.138700934357564,0.137864368518251,0.137037941853478,0.136221473595245,0.135414787100466,0.13461770974094,0.133830072796458,0.133051711350976,0.132282464191763,0.131522173711445,0.130770685812876,0.130027849816741,0.129293518371832,0.128567547367903,0.127849795851048,0.12714012594152,0.126438402753914,0.125744494319667,0.125058271511778,0.124379607971703,0.123708380038357,0.123044466679155,0.122387749423028,0.121738112295373,0.121095441754853,0.120459626632013,0.119830558069646,0.119208129464854,0.118592236412763,0.117982776651835,0.117379650010724,0.11678275835664,0.116192005545164,0.115607297371481,0.115028541522977,0.114455647533161,0.113888526736886,0.113327092226801,0.112771258811024,0.112220942971986,0.111676062826407,0.111136538086385,0.110602290021541,0.110073241422215,0.109549316563654,0.109030441171187,0.108516542386339,0.108007548733864,0.107503390089671,0.107003997649604,0.106509303899073,0.106019242583487,0.105533748679475,0.10505275836688,0.104576209001489,0.10410403908848,0.103636188256574,0.103172597232865,0.102713207818302,0.102257962863815,0.101806806247062,0.10135968284977,0.100916538535676,0.100477320129015,0.10004197539358,0.0996104530122981,0.0991827025673438,0.0987586745207431,0.098338320195476,0.0979215917570517,0.097508442195548,0.0970988253081004,0.0966926956818276,0.0962900086771815,0.095890720411709,0.0954947877442157,0.095102168259319,0.0947128202523801,0.0943267027148042,0,0.420578771238551,0.416086161946192,0.411694760282703,0.407372159420835,0.403090571722628,0.398837134822337,0.394611109224924,0.390417747570519,0.386263379037816,0.382152678081517,0.378087691687334,0.374067941842327,0.370091046122223,0.366153490247325,0.36225134552997,0.358380835165962,0.354538722858682,0.350722536106234,0.346930654564829,0.343162299071467,0.339417454841609,0.335696756864578,0.332001358969942,0.328332801767988,0.324692889322311,0.321083580209111,0.317506895528094,0.313964844305691,0.310459365380506,0.306992284092291,0.303565281740986,0.300179875704877,0.296837408202016,0.293539041871016,0.290285760583585,0.287078374147682,0.283917525795945,0.280803701567817,0.277737240880282,0.274718347740448,0.2717471021845,0.268823471634499,0.265947321950209,0.2631184280208,0.260336483793981,0.257601111680544,0.254911871302868,0.252268267578692,0.249669758147913,0.247115760161929,0.244605656462988,0.242138801186131,0.239714524819325,0.237332138758738,0.234990939396358,0.232690211776506,0.230429232856604,0.228207274405945,0.226023605574364,0.223877495160744,0.221768213609217,0.219695034758894,0.217657237370989,0.215654106455221,0.213684934415605,0.211749022033976,0.209845679307981,0.207974226158777,0.20613399302225,0.204324321336314,0.202544563935626,0.200794085363992,0.19907226211374,0.197378482800404,0.195712148280281,0.194072671717617,0.192459478607537,0.190872006760192,0.189309706251045,0.187772039341691,0.186258480375184,0.184768515649372,0.183301643271431,0.181857372996391,0.180435226052185,0.179034734953455,0.177655443306107,0.176296905604383,0.174958687022026,0.173640363198921,0.172341520024434,0.171061753418553,0.169800669111756,0.168557882424455,0.167333018046754,0.166125709819137,0.164935600514658,0.163762341623104,0.162605593137535,0.16146502334357,0.16034030861169,0.159231133192842,0.158137189017515,0.157058175498497,0.15599379933741,0.154943774335166,0.153907821206408,0.152885667397992,0.151877046911554,0.150881700130191,0.149899373649236,0.148929820111148,0.147972798044472,0.14702807170685,0.146095410932045,0.145174590980915,0.144265392396306,0.143367600861785,0.142481007064151,0.141605406559676,0.14074059964397,0.13988639122543,0.139042590702181,0.138209011842423,0.137385472668136,0.136571795342025,0.135767806057668,0.134973334932745,0.13418821590531,0.133412286632998,0.132645388395103,0.13188736599745,0.131138067679983,0.130397345026995,0.129665052879923,0.128941049252646,0.128225195249206,0.127517354983885,0.126817395503575,0.126125186712364,0.125440601298289,0.124763514662179,0.124093804848531,0.123431352478364,0.12277604068398,0.122127755045595,0.121486383529761,0.120851816429538,0.120223946306376,0.119602667933618,0.118987878241624,0.118379476264422,0.117777363087873,0.117181441799287,0.11659161743845,0.116007796950018,0.115429889137247,0.114857804616998,0.114291455776002,0.113730756728327,0.113175623274025,0.112625972858916,0.112081724535475,0.111542798924789,0.111009118179559,0.110480605948104,0.109957187339343,0.109438788888727,0.10892533852509,0.108416765538392,0.107913000548327,0.107413975473773,0.106919623503051,0.106429879064987,0.105944677800725,0.105463956536296,0.104987653255907,0.10451570707593,0.104048058219573,0.103584647992209,0.103125418757349,0.102670313913241,0.102219277870064,0.10177225602772,0.101329194754189,0.100890041364439,0.100454744099876,0.100023252108312,0.0995955154244452,0.0991714849508302,0.0987511124393262,0.0983343504730119,0.0979211524485516,0.0975114725590006,0.0971052657770365,0.096702487838607,0.0963030952269802,0.0959070451571854,0.095514295560837,0.0951248050713258,0,0.422663838792147,0.418158993080284,0.413750591664784,0.40941736032768,0.405133173735347,0.400882338407804,0.396660650386599,0.392470979859106,0.388318632242177,0.384208287087485,0.380142573801855,0.376121800096606,0.3721443254938,0.368207201774895,0.364306842986386,0.360439598259485,0.356602176156164,0.352791915280234,0.34900692038581,0.345246093354319,0.341509089831155,0.337796229049242,0.334108379088898,0.330446834155615,0.326813195283813,0.323209261591143,0.319636935912228,0.316098146265621,0.312594783009627,0.309128650555294,0.305701431970415,0.302314664591098,0.298969724749228,0.295667819843138,0.292409986166369,0.2891970911254,0.286029838695893,0.282908777172744,0.279834308453992,0.276806698258933,0.273826086816298,0.270892499670638,0.268005858346356,0.265165990682028,0.262372640705427,0.259625477964735,0.256924106265948,0.254268071792694,0.251656870604067,0.249089955520232,0.246566742415524,0.244086615945554,0.241648934739154,0.239253036088472,0.236898240171608,0.234583853842282,0.232309174020332,0.230073490715721,0.227876089717191,0.225716254975014,0.22359327070544,0.22150642324257,0.219455002661489,0.2174383041947,0.215455629462088,0.21350628753298,0.211589595837296,0.209704880941261,0.207851479201796,0.206028737312392,0.204236012752107,0.202472674148213,0.200738101562038,0.199031686706598,0.19735283310382,0.195700956188352,0.194075483364278,0.192475854020422,0.190901519509362,0.189351943094716,0.187826599870854,0.186324976658685,0.184846571880857,0.183390895419311,0.181957468457831,0.18054582331194,0.179155503248268,0.177786062295222,0.176437065046661,0.175108086460025,0.173798711650227,0.172508535680482,0.171237163351069,0.169984208986937,0.168749296224946,0.167532057801418,0.166332135340617,0.165149179144674,0.163982847985402,0.162832808898406,0.161698736979806,0.160580315185871,0.159477234135785,0.158389191917762,0.157315893898649,0.156257052537183,0.155212387200962,0.154181623987246,0.153164495547627,0.152160740916598,0.151170105344071,0.150192340131804,0.149227202473782,0.148274455300483,0.14733386712704,0.146405211905236,0.145488268879302,0.144582822445459,0.143688662015151,0.142805581881911,0.141933381091789,0.141071863317285,0.140220836734703,0.139380113904869,0.138549511657132,0.137728850976574,0.136917956894361,0.136116658381147,0.135324788243472,0.134542183023066,0.133768682898998,0.133004131592573,0.132248376274941,0.1315012674773,0.130762659003668,0.130032407846121,0.129310374102437,0.128596420896091,0.127890414298518,0.127192223253588,0.126501719504227,0.125818777521124,0.125143274433465,0.124475089961626,0.123814106351783,0.123160208312364,0.122513282952303,0.121873219721043,0.121239910350221,0.120613248797004,0.119993131189011,0.119379455770786,0.118772122851769,0.118171034755715,0.117576095771535,0.116987212105496,0.116404291834753,0.115827244862166,0.11525598287237,0.114690419289051,0.114130469233402,0.113576049483714,0.113027078436078,0.112483476066157,0.111945163891996,0.111412064937846,0.110884103698967,0.110361206107372,0.109843299498511,0.109330312578827,0.108822175394199,0.108318819299218,0.107820176927278,0.107326182161465,0.106836770106216,0.106351877059721,0.105871440487052,0.105395398993997,0.104923692301573,0.10445626122121,0.103993047630568,0.103533994449993,0.103079045619563,0.10262814607674,0.102181241734588,0.101738279460538,0.101299207055712,0.100863973234752,0.100432527606177,0.100004820653216,0.0995808037151384,0.0991604289690431,0.0987436494121033,0.0983304188442544,0.0979206918513095,0.0975144237884907,0.0971115707643682,0.096712089625191,0.0963159379396028,0.0959230739837287,0,0.424737965342806,0.420227653963069,0.415803755899975,0.411458214797349,0.407168772433061,0.402918329528133,0.398699714340203,0.394513321190393,0.390363106915045,0.386253421300666,0.382187227397191,0.378165476481893,0.374187219402543,0.370250088027981,0.366350891103887,0.362486172061255,0.35865265396111,0.35484754817762,0.351068733628532,0.347314828353177,0.343585180305594,0.339879803457438,0.336199281569055,0.33254465715527,0.328917318352327,0.325318892159318,0.321751149112082,0.318215921873633,0.314715038407048,0.311250269201607,0.307823287309297,0.304435639586722,0.301088727418101,0.297783795232803,0.294521925261704,0.291304037155357,0.28813089128268,0.285003094722202,0.281921109137387,0.278885259887302,0.275895745861894,0.272952649647347,0.270055947723213,0.267205520471092,0.264401161837328,0.261642588541605,0.258929448761913,0.256261330255949,0.253637767901455,0.251058250654601,0.248522227937648,0.246029115475607,0.243578300607426,0.241169147100806,0.238800999501873,0.236473187051698,0.234185027201655,0.231935828758945,0.229724894692443,0.227551524627691,0.225415017058192,0.223314671298513,0.221249789202949,0.219219676671785,0.217223644965492,0.215261011845593,0.213331102559357,0.211433250684053,0.209566798845093,0.207731099321144,0.205925514548093,0.204149417532646,0.202402192185361,0.200683233581955,0.19899194816091,0.197327753864603,0.195690080230498,0.194078368438276,0.19249207131821,0.190930653325547,0.189393590485186,0.187880370310491,0.186390491699699,0.184923464813014,0.183478810933139,0.182056062311748,0.18065476200408,0.179274463693644,0.177914731508791,0.176575139832698,0.175255273108173,0.173954725638499,0.172673101385403,0.17141001376512,0.170165085443394,0.168937948130156,0.16772824237454,0.166535617360799,0.165359730705619,0.164200248257256,0.163056843896874,0.161929199342391,0.160817003955106,0.159719954549333,0.158637755205235,0.157570117085003,0.156516758252516,0.155477403496576,0.154451784157793,0.15343963795918,0.152440708840487,0.151454746796297,0.150481507717895,0.149520753238898,0.148572250584628,0.14763577242521,0.146711096732347,0.145798006639748,0.144896290307137,0.144005740787819,0.143126155899726,0.142257338099879,0.141399094362225,0.140551236058763,0.139713578843894,0.138885942541935,0.13806815103772,0.137260032170213,0.136461417629074,0.135672142854098,0.134892046937453,0.134120972528655,0.133358765742208,0.132605276067826,0.131860356283195,0.131123862369179,0.130395653427419,0.12967559160026,0.128963541992932,0.128259372597931,0.127562954221533,0.126874160412382,0.126192867392095,0.125518953987815,0.124852301566679,0.124192793972114,0.12354031746194,0.122894760648199,0.122256014438679,0.121623971980074,0.120998528602733,0.120379581766956,0.119767031010779,0.119160777899217,0.11856072597492,0.117966780710185,0.117378849460309,0.116796841418218,0.116220667570351,0.115650240653753,0.115085475114346,0.11452628706634,0.113972594252748,0.113424316006977,0.112881373215464,0.112343688281315,0.111811185088936,0.111283788969601,0.110761426667958,0.110244026309425,0.109731517368451,0.109223830637633,0.108720898197639,0.108222653387938,0.107729030778292,0.107239966141005,0.106755396423893,0.106275259723964,0.105799495261786,0.105328043356511,0.104860845401556,0.104397843840903,0.103938982146016,0.103484204793347,0.103033457242409,0.102586685914422,0.102143838171491,0.101704862296312,0.101269707472395,0.100838323764776,0.100410662101221,0.0999866742538963,0.0995663128214916,0.0991495312117904,0.0987362836246715,0.0983265250355283,0.0979202111790962,0.0975172985336759,0.0971177443057407,0.0967215064149196,0,0.426802690160648,0.422292036278017,0.417854440125109,0.413495535170849,0.409198486484515,0.40494617077335,0.400729110655753,0.39654529460387,0.392397102662325,0.3882882541102,0.384221791570369,0.380199144058784,0.376219975026201,0.372282485466007,0.36838391203678,0.364521048809803,0.360690696828668,0.356890000224692,0.353116662507811,0.349369056143485,0.345646247251929,0.341947959160218,0.338274496569867,0.334626648324136,0.331005582473724,0.327412743294355,0.32384975647087,0.32031834595187,0.316820263976985,0.313357234393666,0.309930908493307,0.30654283208811,0.303194422314271,0.299886952596556,0.296621544276353,0.293399163539977,0.290220622451138,0.287086583067715,0.283997563793535,0.280953947272334,0.277955989269361,0.275003828105003,0.272097494304713,0.269236920212058,0.266421949378712,0.263652345598937,0.260927801498492,0.258247946621014,0.255612354980292,0.253020552066118,0.250472021305636,0.247966209992491,0.245502534703339,0.243080386226181,0.240699134028052,0.238358130291253,0.236056713547948,0.233794211942831,0.231569946152851,0.229383231991952,0.227233382727417,0.225119711132968,0.223041531302159,0.220998160244036,0.218988919281424,0.217013135270663,0.215070141660109,0.213159279403307,0.211279897741379,0.20943135486793,0.207613018488599,0.205824266286257,0.204064486301896,0.202333077240293,0.200629448708674,0.19895302139584,0.197303227198491,0.195679509300825,0.194081322212904,0.19250813177273,0.190959415116469,0.189434660620851,0.187933367821318,0.186455047309156,0.184999220610511,0.183565420049878,0.182153188600372,0.180762079722879,0.179391657195906,0.17804149493781,0.176711176822851,0.175400296492391,0.17410845716238,0.172835271428176,0.171580361067578,0.170343356842904,0.169123898302781,0.167921633584291,0.166736219215998,0.165567319922331,0.164414608429718,0.163277765274835,0.16215647861527,0.161050444042834,0.159959364399776,0.158882949598039,0.157820916441736,0.15677298845295,0.155738895700962,0.154718374634971,0.153711167920363,0.152717024278573,0.15173569833054,0.150766950443782,0.149810546583078,0.148866258164736,0.147933861914431,0.147013139728579,0.146103878539199,0.14520587018224,0.14431891126929,0.143442803062651,0.142577351353689,0.141722366344425,0.140877662532284,0.140043058597955,0.139218377296286,0.138403445350144,0.137598093347191,0.136802155639482,0.136015470245845,0.135237878756948,0.134469226243008,0.133709361164065,0.132958135282749,0.132215403579493,0.1314810241701,0.130754858225633,0.130036769894532,0.129326626226924,0.128624297101045,0.127929655151732,0.127242575700914,0.126562936690045,0.125890618614444,0.12522550445945,0.124567479638384,0.123916431932224,0.123272251430981,0.12263483047669,0.122004063608004,0.121379847506312,0.120762080943366,0.120150664730346,0.119545501668339,0.118946496500186,0.118353555863646,0.117766588245858,0.117185503939042,0.11661021499742,0.116040635195305,0.115476679986337,0.114918266463822,0.114365313322154,0.113817740819264,0.113275470740101,0.11273842636108,0.112206532415486,0.111679715059811,0.111157901840983,0.110641021664463,0.110129004763195,0.109621782667374,0.109119288175014,0.108621455323282,0.108128219360593,0.107639516719431,0.107155284989871,0.106675462893804,0.106199990259815,0.105728807998716,0.105261858079709,0.104799083507162,0.104340428297971,0.103885837459511,0.103435256968139,0.102988633748244,0.102545915651825,0.102107051438588,0.101671990756536,0.101240684123046,0.100813082906422,0.100389139307903,0.0999688063441134,0.0995520378299561,0.0991387883619164,0.0987290133017808,0.098322668760753,0.0979197115839565,0.0975200993353138,0,0.428863593198118,0.424352838368233,0.419902938610805,0.415530039685733,0.411223356397334,0.40696692557162,0.402749712991266,0.398567512595813,0.394421001933454,0.390313017034714,0.386246433203625,0.382222975949864,0.378242818683533,0.374304696776206,0.370406288651064,0.366544681830172,0.362716810892367,0.358919809367803,0.355151255775126,0.351409317406603,0.347692807700872,0.344001177680621,0.340334461904206,0.336693196846687,0.333078326048122,0.329491102649472,0.325932996577495,0.322405610863407,0.318910609438664,0.315449657200691,0.312024372092055,0.308636288284218,0.30528682920205,0.301977288981158,0.298708820947105,0.295482431790089,0.292298980241729,0.289159179215,0.286063600526227,0.283012681468244,0.280006732640274,0.277045946559915,0.274130406685201,0.271260096560778,0.268434908873154,0.265654654257581,0.262919069745278,0.26022782677613,0.257580538730427,0.254976767955038,0.252416032275949,0.249897811001321,0.247421550428119,0.244986668871557,0.242592561240791,0.240238603186807,0.237924154849873,0.235648564234307,0.233411170238185,0.231211305364837,0.229048298142036,0.226921475273478,0.224830163545811,0.222773691512997,0.220751390978312,0.218762598292848,0.216806655487902,0.21488291125732,0.212990721804503,0.211129451567571,0.20929847383502,0.207497171263109,0.20572493630521,0.203981171562452,0.202265290064086,0.200576715485237,0.198914882308997,0.197279235939104,0.195669232768911,0.194084340211729,0.192524036697181,0.19098781163772,0.189475165369041,0.187985609067761,0.186518664649388,0.185073864649282,0.183650752089042,0.182248880330505,0.180867812919278,0.179507123419565,0.178166395241833,0.176845221464683,0.17554320465218,0.174259956667709,0.172995098485338,0.171748259999536,0.170519079834005,0.169307205150283,0.168112291456705,0.166934002418236,0.165772009667603,0.164625992618135,0.163495638278621,0.162380641070487,0.161280702647526,0.160195531718388,0.159124843872002,0.158068361406081,0.157025813158799,0.155996934343764,0.15498146638833,0.153979156775314,0.152989758888147,0.152013031859483,0.151048740423267,0.15009665477026,0.149156550407014,0.148228208018266,0.147311413332722,0.146405956992195,0.145511634424064,0.144628245716991,0.143755595499855,0.142893492823851,0.142041751047692,0.141200187725855,0.140368624499811,0.139546886992184,0.138734804703759,0.137932210913291,0.137138942580048,0.136354840249009,0.135579747958677,0.134813513151419,0.134055986586286,0.133307022254237,0.132566477295721,0.131834211920533,0.131110089329903,0.130393975640748,0.12968573981203,0.12898525357316,0.128292391354401,0.1276070302192,0.126929049798401,0.126258332226295,0.12559476207844,0.124938226311207,0.124288614203007,0.123645817297141,0.123009729346236,0.122380246258213,0.121757266043751,0.12114068876519,0.120530416486848,0.119926353226701,0.119328404909379,0.118736479320458,0.118150486061998,0.117570336509284,0.116995943768755,0.116427222637064,0.115864089561254,0.1153064626,0.114754261385904,0.114207407088798,0.11366582238003,0.113129431397706,0.11259815971286,0.112071934296519,0.111550683487644,0.111034336961923,0.110522825701376,0.110016081964769,0.1095140392588,0.10901663231004,0.108523797037598,0.108035470526508,0.1075515910018,0.107072097803234,0.106596931360698,0.106126033170229,0.105659345770649,0.105196812720797,0.104738378577347,0.104283988873173,0.103833590096281,0.103387129669256,0.10294455592923,0.102505818108358,0.102070866314771,0.101639651514012,0.101212125510925,0.100788240931996,0.10036795120813,0.0999512105578478,0.0995379739708958,0.0991281971922572,0.0987218367065492,0.0983188497227995,0,0.430925975748841,0.42641141950833,0.421949761901136,0.417562417121942,0.413244355756438,0.408981643281906,0.404762440479297,0.400580665563956,0.3964352677054,0.392328004627002,0.388261355884265,0.38423715539846,0.38025596502101,0.376316998071461,0.372418369330383,0.368557488027778,0.364731468400571,0.360937485123172,0.35717304076194,0.353436138893814,0.349725371956482,0.346039940244794,0.342379620484171,0.338744701278939,0.335135900022194,0.33155427260109,0.328001124059564,0.324477925615418,0.320986241199248,0.31752766499833,0.314103770293437,0.310716069086944,0.307365981546576,0.304054814048299,0.300783744523725,0.297553813846373,0.294365922084856,0.291220828579067,0.288119154936711,0.285061390188402,0.282047897471702,0.279078921733469,0.27615459804379,0.273274960203468,0.270439949401244,0.267649422738008,0.264903161484889,0.262200878981767,0.259542228114163,0.256926808330876,0.254354172183581,0.251823831383761,0.249335262382906,0.246887911489496,0.244481199541625,0.242114526157597,0.239787273589013,0.237498810201949,0.235248493612104,0.233035673499587,0.230859694128263,0.228719896593641,0.226615620822104,0.224546207342998,0.222510998853744,0.220509341596767,0.218540586565713,0.216604090557052,0.214699217081948,0.212825337152045,0.210981829951663,0.209168083407872,0.207383494668858,0.205627470500114,0.203899427607091,0.202198792892186,0.200525003653185,0.198877507729631,0.197255763602957,0.195659240455682,0.194087418194435,0.19253978744112,0.19101584949611,0.189515116276968,0.188037110235828,0.186581364258291,0.185147421546353,0.18373483548765,0.182343169513069,0.180971996944542,0.179620900834662,0.178289473799569,0.176977317846427,0.175684044196616,0.1744092731057,0.173152633681058,0.171913763697994,0.170692309415037,0.169487925389064,0.168300274290781,0.167129026721059,0.165973861028544,0.164834463128893,0.163710526325971,0.16260175113526,0.161507845109725,0.160428522668329,0.159363504927356,0.158312519534679,0.157275300507091,0.156251588070769,0.155241128504956,0.1542436739889,0.153258982452086,0.152286817427779,0.151326947909893,0.150379148213172,0.14944319783668,0.14851888133057,0.147605988166112,0.146704312608943,0.145813653595499,0.144933814612582,0.14406460358002,0.143205832736363,0.142357318527572,0.141518881498625,0.140690346188003,0.139871541024988,0.139062298229708,0.138262453715878,0.137471846996167,0.13669032109014,0.1359177224347,0.13515390079698,0.134398709189618,0.133652003788359,0.132913643851922,0.132183491644068,0.131461412357823,0.130747274041788,0.13004094752848,0.129342306364658,0.128651226743569,0.127967587439069,0.127291269741559,0.126622157395693,0.125960136539801,0.125305095646989,0.124656925467852,0.12401551897477,0.123380771307734,0.122752579721656,0.122130843535129,0.121515464080581,0.120906344655802,0.120303390476783,0.119706508631846,0.119115608037018,0.118530599392617,0.117951395141012,0.117377909425523,0.116810058050432,0.116247758442068,0.115690929610932,0.115139492114846,0.114593368023074,0.114052480881406,0.113516755678167,0.112986118811132,0.112460498055303,0.111939822531551,0.111424022676068,0.110913030210632,0.110406778113639,0.109905200591898,0.109408233053154,0.108915812079326,0.108427875400434,0.107944361869201,0.107465211436308,0.106990365126273,0.106519765013963,0.10605335420169,0.105591076796891,0.105132877890378,0.104678703535133,0.104228500725636,0.103782217377712,0.103339802308878,0.102901205219191,0.102466376672554,0.102035268078502,0.101607831674426,0.101184020508238,0.100763788421463,0.100347090032739,0.0999338807217239,0.0995241166133921,0.0991177545627088,0,0.432994341083617,0.428469760541194,0.423995731191917,0.419593395989514,0.415262413613559,0.410991352195413,0.406768241861649,0.40258550939136,0.398440438745067,0.394333576844116,0.390266806906112,0.386241884738132,0.3822596258645,0.378319646311574,0.37442047334727,0.370559851102679,0.366735108990223,0.36294350829213,0.359182521969612,0.355450031302069,0.351744441107253,0.348064725200653,0.344410417842215,0.340781567298324,0.337178665938196,0.333602568624964,0.330054408284587,0.326535514863849,0.323047341629097,0.319591400976377,0.316169210604766,0.31278224998842,0.309431926493473,0.30611955014707,0.302846315909182,0.299613292266631,0.296421415018461,0.293271485218946,0.290164170365412,0.287100008046415,0.284079411391129,0.281102675777023,0.278169986356694,0.275281426054953,0.272436983764013,0.269636562528747,0.266879987566671,0.264167014010125,0.261497334292299,0.258870585125837,0.256286354043802,0.253744185489002,0.251243586449894,0.248784031650349,0.246364968307072,0.243985820473016,0.241645992988097,0.239344875060313,0.237081843501235,0.234856265640023,0.232667501939805,0.230514908339588,0.228397838343915,0.226315644881406,0.224267681952108,0.222253306082343,0.220271877604454,0.21832276177763,0.216405329764747,0.214518959479004,0.21266303631302,0.210836953762002,0.209040113951604,0.207271928080172,0.205531816784235,0.203819210435265,0.202133549375049,0.20047428409629,0.198840875374478,0.197232794356467,0.195649522610705,0.194090552143576,0.192555385385861,0.19104353515298,0.189554524582266,0.188087887050217,0.186643166072394,0.185219915188325,0.183817697833568,0.18243608720084,0.181074666091928,0.179733026761926,0.178410770757158,0.177107508748013,0.175822860357788,0.174556453988497,0.173307926644514,0.172076923754802,0.170863098994411,0.169666114105834,0.168485638720734,0.167321350182507,0.166172933370086,0.165040080523309,0.163922491070173,0.162819871456223,0.161731934976294,0.160658401608788,0.159598997852659,0.15855345656721,0.157521516814828,0.156502923706732,0.155497428251793,0.154504787208488,0.153524762940008,0.152557123272542,0.15160164135675,0.150658095532419,0.14972626919629,0.148805950673036,0.147896933089371,0.146999014251246,0.146111996524114,0.145235686716193,0.14436989596472,0.143514439625111,0.142669137162996,0.141833812049083,0.141008291656763,0.140192407162447,0.139385993448533,0.138588889008976,0.13780093585739,0.13702197943762,0.13625186853674,0.135490455200397,0.134737594650469,0.133993145204957,0.13325696820006,0.132528927914391,0.131808891495253,0.131096728886946,0.130392312761027,0.129695518448495,0.129006223873821,0.128324309490806,0.127649658220176,0.126982155388908,0.126321688671206,0.125668148031095,0.125021425666591,0.124381415955391,0.123748015402047,0.123121122586583,0.12250063811451,0.121886464568198,0.121278506459571,0.120676670184084,0.120080863975943,0.119490997864537,0.118906983632041,0.118328734772165,0.117756166450006,0.117189195462976,0.116627740202774,0.116071720618373,0.115521058179996,0.114975675844038,0.114435498018925,0.113900450531871,0.113370460596515,0.112845456781402,0.11232536897929,0.111810128377272,0.111299667427656,0.110793919819619,0.110292820451586,0.109796305404332,0.109304311914763,0.108816778350385,0.108333644184423,0.107854849971566,0.107380337324349,0.106910048890113,0.106443928328567,0.105981920289906,0.10552397039348,0.105070025207006,0.104620032226287,0.104173939855452,0.103731697387673,0.103293254986371,0.10285856366688,0.102427575278563,0.102000242487368,0.101576518758813,0.101156358341383,0.100739716250333,0.100326548251878,0.099916810847777,0,0.43507241099092,0.430530465364006,0.426042043926003,0.421623809520745,0.417278444333134,0.412997060015451,0.408768083240127,0.404582853145102,0.400437123079597,0.396330159123125,0.392263082313976,0.388237393086147,0.38425401850225,0.380312886730182,0.376412896628717,0.372552125368953,0.368728141634233,0.364938331319579,0.361180180213094,0.357451487586989,0.35375050485345,0.350076005641511,0.346427299763232,0.342804205490541,0.339206993965563,0.335636317617945,0.332093131984282,0.328578617829949,0.3250941082459,0.321641023558169,0.318220815472037,0.314834920845011,0.311484724784701,0.308171532332231,0.304896547754831,0.301660860376413,0.298465435876443,0.295311112049726,0.292198598116471,0.289128476784652,0.286101208382596,0.283117136491079,0.280176494606267,0.277279413455519,0.274425928666415,0.271615988555958,0.268849461862324,0.266126145287112,0.263445770753008,0.260808012311298,0.258212492657038,0.255658789227888,0.253146439876567,0.250674948117445,0.248243787955586,0.245852408312129,0.243500237063773,0.241186684716671,0.238911147736475,0.236673011556988,0.234471653289962,0.232306444158217,0.230176751673585,0.228081941580327,0.226021379583583,0.223994432881369,0.222000471517395,0.220038869570878,0.218109006198319,0.216210266541119,0.214342042511803,0.212503733470615,0.210694746803261,0.208914498409671,0.2071624131128,0.205437924995677,0.203740477674222,0.202069524512614,0.200424528787417,0.198804963806071,0.197210312984838,0.195640069890807,0.19409373825213,0.192570831940244,0.19107087492748,0.189593401223127,0.188137954790701,0.186704089448914,0.185291368758561,0.18389936589735,0.18252766352446,0.181175853636437,0.179843537415891,0.178530325074258,0.177235835689799,0.175959697041851,0.174701545442249,0.173461025564724,0.172237790273,0.171031500448224,0.169841824816293,0.168668439775562,0.167511029225373,0.166369284395783,0.16524290367881,0.164131592461491,0.163035062960997,0.161953034061997,0.160885231156475,0.159831385986125,0.158791236487458,0.157764526639719,0.156751006315701,0.155750431135499,0.154762562323275,0.153787166567044,0.152824015881515,0.151872887473989,0.150933563613309,0.150005831501858,0.149089483150586,0.148184315257039,0.14729012908636,0.146406730355225,0.145533929118692,0.144671539659884,0.143819380382505,0.142977273706102,0.142145045964047,0.141322527304175,0.140509551592034,0.139705956316676,0.13891158249896,0.138126274602284,0.13734988044571,0.136582251119416,0.135823240902425,0.135072707182547,0.134330510378494,0.133596513864099,0.132870583894589,0.132152589534863,0.131442402589724,0.130739897536002,0.130044951456528,0.129357443975909,0.128677257198048,0.128004275645365,0.12733838619968,0.126679478044694,0.126027442610043,0.125382173516867,0.124743566524859,0.124111519480752,0.123485932268196,0.122866706758996,0.122253746765664,0.121646957995255,0.12104624800444,0.120451526155794,0.119862703575251,0.119279693110701,0.118702409291697,0.118130768290231,0.117564687882556,0.117004087412028,0.116448887752924,0.115899011275221,0.115354381810308,0.114814924617592,0.114280566351987,0.113751235032255,0.113226860010167,0.112707371940473,0.112192702751656,0.111682785617432,0.111177554928999,0.110676946267991,0.110180896380138,0.109689343149589,0.109202225573901,0.108719483739658,0.108241058798718,0.107766892945051,0.107296929392172,0.106831112351134,0.106369387009082,0.105911699508337,0.105457996926004,0.105008227254089,0.104562339380108,0.104120283068175,0.103682008940557,0.103247468459682,0.102816613910589,0.102389398383806,0.10196577575864,0.101545700686881,0.101129128576897,0.100716015578109,0,0.437165277664425,0.432596701520618,0.42809029290293,0.42365464802815,0.419293380505779,0.414999760595544,0.410762939838537,0.40657354769979,0.402425990316285,0.39831824048234,0.394250530036448,0.39022394263643,0.38623937320101,0.382296960062568,0.378395917742698,0.374534640052823,0.370710947184313,0.36692237925887,0.363166472313046,0.359440981728893,0.355744039678614,0.352074247267813,0.34843071006105,0.344813029204033,0.341221260941353,0.337655856186576,0.334117589818218,0.330607487140346,0.327126752815571,0.323676705736411,0.32025872181971,0.316874185588621,0.313524450609968,0.310210808326802,0.306934464508588,0.303696522380785,0.300497971445627,0.2973396810297,0.294222397663037,0.291146745488289,0.288113229002356,0.285122237537227,0.282174050985435,0.27926884636525,0.276406704899908,0.273587619353358,0.270811501422795,0.268078189036265,0.265387453443115,0.262739006016981,0.260132504716615,0.257567560169984,0.255043741362864,0.252560580925159,0.250117580017305,0.247714212825832,0.245349930681917,0.24302416582011,0.240736334796506,0.238485841586851,0.236272080385638,0.234094438127174,0.231952296749312,0.229845035219811,0.227772031344485,0.225732663375325,0.223726311435724,0.221752358778865,0.219810192894255,0.217899206476295,0.216018798267763,0.214168373790065,0.212347345971186,0.210555135681334,0.208791172185483,0.207054893521174,0.205345746809243,0.203663188504458,0.20200668459239,0.200375710738316,0.198769752393369,0.197188304862696,0.195630873339927,0.19409697291184,0.192586128536752,0.19109787499981,0.18963175684805,0.188187328307812,0.186764153186841,0.185361804763163,0.183979865662632,0.18261792772682,0.181275591872785,0.179952467946055,0.178648174568066,0.177362338979111,0.176094596877794,0.174844592257829,0.173611977242961,0.172396411920686,0.171197564175367,0.17001510952128,0.168848730936048,0.167698118694891,0.166562970206027,0.165442989847549,0.164337888806046,0.1632473849172,0.162171202508551,0.161109072244609,0.16006073097445,0.159025921581908,0.15800439283847,0.156995899258943,0.15600020095995,0.155017063521311,0.154046257850327,0.153087560048991,0.15214075128414,0.151205617660535,0.150281950096871,0.14936954420469,0.148468200170188,0.14757772263887,0.146697920603039,0.145828607292064,0.144969600065402,0.144120720308322,0.143281793330286,0.142452648265938,0.141633117978663,0.140823038966646,0.140022251271397,0.139230598388677,0.138447927181781,0.13767408779712,0.136908933582052,0.136152321004903,0.135404109577132,0.134664161777584,0.133932342978781,0.133208521375193,0.13249256791345,0.131784356224434,0.131083762557204,0.130390665714713,0.129704946991258,0.129026490111622,0.128355181171869,0.127690908581727,0.127033563008541,0.126383037322734,0.125739226544738,0.12510202779336,0.124471340235541,0.123847065037458,0.123229105316953,0.122617366097227,0.122011754261782,0.121412178510568,0.120818549317298,0.120230778887908,0.119648781120113,0.119072471564047,0.11850176738394,0.117936587320815,0.117376851656162,0.116822482176576,0.116273402139325,0.11572953623881,0.115190810573919,0.114657152616218,0.11412849117898,0.113604756387015,0.113085879647277,0.112571793620241,0.112062432192005,0.111557730447119,0.111057624642106,0.110562052179655,0.110070951583486,0.109584262473834,0.109101925543573,0.10862388253493,0.108150076216794,0.107680450362588,0.107214949728705,0.106753520033471,0.106296107936639,0.105842661019393,0.105393127764841,0.104947457538996,0.10450560057222,0.104067507941125,0.103633131550915,0.103202424118164,0.102775339154003,0.102351830947725,0.101931854550774,0.101515365761133,0,0.439277457804826,0.434671921628356,0.430142435004082,0.425687092502873,0.42130820436068,0.417000445074776,0.412753791685063,0.408558475871301,0.404407763415055,0.400298370017671,0.39622955122454,0.39220183348911,0.388215939797205,0.384272109388764,0.380369803935408,0.376507703936206,0.372683881419095,0.368896051293027,0.365141831318704,0.361418967957508,0.357725507385698,0.354059906515111,0.350421088529906,0.346808452501524,0.343221848445633,0.339661528924338,0.336128086894037,0.332622387603617,0.329145500379017,0.325698634331389,0.322283080514422,0.318900161866789,0.315551191393757,0.312237438428084,0.308960102414574,0.305720293435362,0.302519018589237,0.299357173320512,0.296235536831292,0.29315477078302,0.290115420582327,0.28711791864135,0.284162589096206,0.281249653554696,0.278379237523173,0.275551377231662,0.27276602663576,0.270023064424032,0.2673223009013,0.264663484652451,0.262046308919073,0.259470417643341,0.256935411151112,0.254440851459722,0.251986267206473,0.249571158201613,0.2471949996154,0.244857245812969,0.24255733385351,0.240294686672066,0.238068715963257,0.23587882478662,0.233724409913191,0.23160486393256,0.229519577139003,0.227467939214459,0.225449340725268,0.223463174448538,0.221508836543076,0.219585727578767,0.217693253437311,0.215830826096272,0.213997864307443,0.2121937941797,0.21041804967563,0.208670073030487,0.206949315101277,0.205255235653096,0.203587303589226,0.201944997130905,0.200327803952152,0.198735221274541,0.197166755926351,0.195621924370122,0.194100252702254,0.192601276627942,0.191124541414423,0.189669601825231,0.188236022037869,0.186823375547096,0.185431245055791,0.184059222355166,0.182706908195901,0.181373912151656,0.180059852476207,0.178764355955369,0.177487057754723,0.176227601264054,0.17498563793932,0.173760827142868,0.172552835982544,0.171361339150257,0.170186018760511,0.169026564189331,0.167882671913983,0.166754045353823,0.165640394712565,0.164541436822238,0.163456894989034,0.162386498841257,0.16132998417951,0.160287092829279,0.15925757249601,0.158241176622773,0.157237664250589,0.156246799881488,0.155268353344309,0.154302099663314,0.153347818929599,0.152405296175332,0.151474321250801,0.150554688704287,0.149646197664714,0.148748651727091,0.147861858840686,0.146985631199927,0.146119785137981,0.145264141022972,0.144418523156811,0.143582759676574,0.142756682458402,0.141940127023864,0.141132932448737,0.140334941274156,0.139545999420089,0.138765956101071,0.137994663744165,0.137231977909086,0.136477757210442,0.135731863242044,0.134994160503231,0.13426451632716,0.133542800811014,0.132828886748081,0.13212264956165,0.131423967240683,0.130732720277212,0.130048791605418,0.129372066542348,0.128702432730219,0.12803978008028,0.127384000718172,0.12673498893076,0.126092641114391,0.125456855724531,0.12482753322676,0.124204576049068,0.123587888535433,0.12297737690063,0.12237294918625,0.121774515217881,0.121181986563431,0.120595276492557,0.120014299937162,0.119438973452937,0.118869215181919,0.118304944816029,0.117746083561572,0.117192554104663,0.116644280577558,0.116101188525859,0.115563204876582,0.11503025790704,0.11450227721454,0.113979193686862,0.113460939473494,0.112947447957613,0.112438653728772,0.1119344925563,0.111434901363365,0.110939818201711,0.11044918222702,0.109962933674909,0.109481013837525,0.109003365040732,0.108529930621865,0.108060654908048,0.107595483195042,0.107134361726627,0.106677237674491,0.106224059118612,0.105774775028133,0.105329335242695,0.104887690454237,0.104449792189234,0.104015592791365,0.103585045404609,0.103158103956743,0.102734723143243,0.102314858411563,0,0.441411760007262,0.436759682338357,0.432200727229702,0.427722525777108,0.42332397332774,0.419000115106745,0.414741622669044,0.410538544384131,0.40638321043222,0.402271152182286,0.398200599970729,0.394171407011624,0.390183993247698,0.386238586430274,0.382334817057184,0.37847161020961,0.374647278498358,0.370859722750714,0.367106667232339,0.363385880431031,0.359695354010399,0.356033428970843,0.352398869097873,0.348790888236107,0.345209140937308,0.341653686699569,0.338124937262264,0.334623594937306,0.331150588215028,0.327707009178597,0.324294055757017,0.320912980613905,0.317565047518764,0.314251495356765,0.31097350946313,0.30773219967504,0.304528584335064,0.30136357941844,0.298237991961337,0.295152517014628,0.292107737419706,0.289104125786568,0.286142048140917,0.283221768790711,0.280343456039944,0.277507188446684,0.274712961382953,0.271960693705817,0.269250234392743,0.266581369030517,0.263953826076709,0.261367282836699,0.25882137111848,0.256315682542604,0.253849773496419,0.251423169730793,0.249035370604262,0.246685852984571,0.24437407482106,0.242099478403764,0.239861493326596,0.237659539172766,0.235493027940895,0.233361366230153,0.231263957202332,0.22920020233816,0.227169503004404,0.225171261847425,0.223204884027979,0.221269778311103,0.219365358023978,0.21749104189379,0.215646254776657,0.213830428287894,0.212043001343034,0.210283420618276,0.208551140938306,0.206845625598747,0.205166346629905,0.203512785007842,0.201884430818316,0.200280783378608,0.19870135132179,0.197145652647599,0.195613214743654,0.194103574380447,0.192616277683168,0.191150880083171,0.18970694625159,0.188284050017377,0.186881774271822,0.185499710861395,0.184137460470576,0.182794632496152,0.181470844914353,0.180165724141994,0.17887890489273,0.177610030029362,0.176358750413082,0.175124724750393,0.173907619438412,0.172707108409148,0.171522872973298,0.170354601664028,0.169201990081169,0.168064740736183,0.166942562898232,0.165835172441619,0.164742291694855,0.163663649291553,0.162598980023337,0.161548024694909,0.160510529981416,0.159486248288207,0.158474937613084,0.157476361411112,0.156490288462032,0.155516492740336,0.154554753288023,0.153604854090052,0.152666583952508,0.151739736383472,0.1508241094766,0.149919505797377,0.149025732272054,0.14814260007921,0.147269924543944,0.146407525034633,0.145555224862243,0.144712851182141,0.143880234898371,0.143057210570357,0.142243616321968,0.141439293752933,0.140644087852522,0.139857846915471,0.139080422460098,0.138311669148554,0.137551444709163,0.136799609860815,0.136056028239342,0.135320566325849,0.134593093376942,0.133873481356806,0.133161604871091,0.132457341102557,0.131760569748436,0.131071172959454,0.130389035280497,0.129714043592841,0.129046087057934,0.128385057062677,0.127730847166159,0.127083353047819,0.12644247245698,0.125808105163736,0.125180152911133,0.124558519368635,0.123943110086811,0.123333832453231,0.122730595649524,0.122133310609578,0.121541889978831,0.120956248074649,0.12037630084773,0.119801965844535,0.119233162170691,0.118669810455361,0.118111832816534,0.117559152827229,0.117011695482563,0.116469387167689,0.115932155626546,0.115399929931429,0.114872640453336,0.114350218833075,0.11383259795311,0.113319711910135,0.112811495988336,0.112307886633335,0.1118088214268,0.11131423906169,0.110824079318128,0.110338283039877,0.10985679211141,0.109379549435547,0.10890649891166,0.108437585414404,0.107972754772991,0.107511953750966,0.107055130026484,0.106602232173076,0.106153209640877,0.105708012738318,0.105266592614267,0.104828901240595,0.104394891395175,0.103964516645278,0.103537731331379,0.103114490551349,0,0.44357323906306,0.438863614821462,0.434267629824242,0.429762518579341,0.425341835966126,0.420999795670601,0.416727422042886,0.412514677720912,0.40835313663387,0.404237241225511,0.400164181622078,0.396133047777412,0.392143838067378,0.388196657166302,0.384291219227761,0.380426641399575,0.376601454718195,0.372813747545715,0.369061368195554,0.365342133355421,0.361654009116205,0.357995248096371,0.354364478205157,0.350760746276948,0.347183523974713,0.343632684975914,0.340108462404147,0.336611394460145,0.333142264750497,0.329702042253837,0.326291824408277,0.322912785556756,0.319566131987274,0.316253064049406,0.31297474529063,0.309732278199268,0.306526685926796,0.303358899255076,0.30022974804317,0.297139956408693,0.294090140951104,0.291080811394459,0.288112373104865,0.285185131016273,0.282299294572923,0.279454983365211,0.276652233196592,0.273891002372145,0.271171178044654,0.268492582492098,0.265854979231992,0.263258078903831,0.260701544871762,0.258184998516286,0.255708024196946,0.253270173878162,0.25087097141821,0.248509916527188,0.246186488404124,0.243900149066369,0.241650346386502,0.239436516853176,0.237258088073008,0.235114481030804,0.233005112125231,0.230929394996642,0.228886742163166,0.226876566480447,0.224898282439601,0.22295130731714,0.221035062189713,0.219148972825666,0.217292470464571,0.215464992495036,0.213665983040334,0.211894893460622,0.210151182779822,0.208434318044554,0.206743774621906,0.20507903644222,0.203439596192558,0.201824955465989,0.200234624871396,0.198668124108069,0.197124982008955,0.19560473655608,0.194106934871346,0.192631133185574,0.191176896788409,0.189743799961468,0.188331425896832,0.186939366602841,0.185567222798901,0.184214603800878,0.182881127398484,0.18156641972591,0.18027011512685,0.178991856014916,0.17773129273037,0.176488083393971,0.175261893758661,0.174052397059751,0.172859273864156,0.171682211919206,0.170520906001471,0.169375057766006,0.16824437559635,0.167128574455598,0.166027375738808,0.164940507126968,0.163867702442731,0.162808701508083,0.161763250004094,0.160731099332872,0.159712006481823,0.158705733890301,0.157712049318714,0.156730725720141,0.155761541114501,0.154804278465293,0.15385872555894,0.152924674886727,0.15200192352935,0.151090273044062,0.150189529354395,0.14929950264246,0.148420007243778,0.147550861544632,0.1466918878819,0.145842912445336,0.145003765182267,0.144174279704656,0.143354293198511,0.142543646335565,0.141742183187219,0.140949751140675,0.140166200817237,0.139391385992708,0.138625163519865,0.137867393252945,0.137117937974106,0.13637666332181,0.135643437721095,0.134918132315671,0.134200620901812,0.133490779863994,0.13278848811223,0.132093627021063,0.131406080370183,0.130725734286599,0.130052477188366,0.129386199729781,0.128726794748047,0.128074157211343,0.127428184168269,0.126788774698631,0.126155829865526,0.12552925266869,0.124908947999085,0.124294822594677,0.123686784997376,0.123084745511119,0.122488616161041,0.121898310653725,0.121313744338489,0.120734834169687,0.120161498669986,0.119593657894612,0.119031233396512,0.118474148192428,0.117922326729841,0.117375694854781,0.11683417978045,0.116297710056665,0.115766215540081,0.115239627365168,0.114717877915943,0.114200900798409,0.113688630813701,0.113181003931908,0.112677957266562,0.112179429049764,0.11168535860794,0.111195686338199,0.110710353685289,0.110229303119122,0.109752478112861,0.109279823121547,0.108811283561258,0.108346805788781,0.107886337081781,0.107429825619456,0.106977220463672,0.106528471540548,0.106083529622495,0.105642346310687,0.105204874017954,0.104771065952093,0.104340876099573,0.103914259209633,0,0.445768269553352,0.440987056958541,0.436345663566848,0.431808790081419,0.42736303546912,0.423000544998439,0.418712187161662,0.414487813639839,0.410318377232651,0.406197335127073,0.4021208499213,0.398087184170182,0.394095811621625,0.390146606664952,0.38623927810782,0.382373074240892,0.378546712459062,0.374758460961237,0.371006302088416,0.36728812152056,0.363601885467614,0.359945784264415,0.356318333425529,0.35271843190673,0.34914538254372,0.34559888218653,0.342078989731063,0.338586079764802,0.33512078843001,0.331683956744722,0.328276575254612,0.324899732658431,0.321554570022712,0.318242241395199,0.31496388102897,0.311720577013055,0.308513350837296,0.305343142265949,0.30221079882618,0.299117069208854,0.296062599909649,0.293047934493072,0.290073514929015,0.287139684523086,0.284246692032731,0.281394696627721,0.278583773414109,0.275813919294277,0.273085058982142,0.270397051032097,0.267749693773462,0.265142731069713,0.262575857844195,0.260048725332228,0.25756094603397,0.255112098353865,0.252701730921333,0.250329366594169,0.247994506151167,0.245696631684189,0.243435209702492,0.241209693963844,0.239019528048004,0.236864147688658,0.234742982879994,0.232655459773933,0.230601002383569,0.228579034107852,0.226588979091807,0.224630263435862,0.222702316267054,0.220804570684081,0.218936464587338,0.217097441404325,0.215286950720017,0.213504448821068,0.211749399162017,0.210021272761017,0.208319548531972,0.206643713559398,0.204993263321795,0.203367701868786,0.201766541956852,0.20018930514803,0.198635521875582,0.197104731480231,0.195596482220293,0.194110331258657,0.192645844629336,0.191202597186042,0.189780172534993,0.188378162953953,0.186996169299324,0.185633800902915,0.184290675459849,0.182966418908945,0.181660665306758,0.180373056696332,0.179103242971645,0.177850881738587,0.176615638173239,0.175397184878142,0.174195201737161,0.173009375769493,0.17183940098328,0.17068497822928,0.169545815054951,0.168421625559282,0.167312130248669,0.166217055894078,0.165136135389721,0.164069107613435,0.163015717288916,0.16197571484997,0.16094885630687,0.159934903114938,0.158933622045423,0.157944785058738,0.156968169180114,0.156003556377699,0.155050733443141,0.154109491874659,0.153179627762626,0.152260941677646,0.151353238561137,0.150456327618393,0.149570022214124,0.14869413977043,0.147828501667204,0.146972933144923,0.146127263209802,0.145291324541259,0.144464953401683,0.143647989548437,0.142840276148072,0.142041659692712,0.14125198991855,0.140471119726438,0.139698905104505,0.138935205052766,0.138179881509688,0.137432799280651,0.136693825968274,0.135962831904556,0.135239690084793,0.134524276103218,0.133816468090331,0.133116146651879,0.132423194809431,0.131737497942524,0.131058943732318,0.130387422106753,0.129722825187129,0.129065047236109,0.128413984607079,0.127769535694846,0.127131600887627,0.126500082520308,0.125874884828918,0.125255913906309,0.124643077658986,0.124036285765077,0.123435449633393,0.122840482363558,0.122251298707184,0.121667815030047,0.12108994927525,0.120517620927344,0.11995075097737,0.119389261888808,0.118833077564407,0.11828212331386,0.117736325822316,0.117195613119697,0.116659914550797,0.116129160746142,0.115603283593597,0.115082216210691,0.114565892917638,0.114054249211047,0.113547221738288,0.113044748272508,0.112546767688265,0.11205321993778,0.111564046027776,0.111079187996891,0.110598588893659,0.110122192755024,0.109649944585396,0.109181790336213,0.108717676886006,0.108257552020958,0.107801364415927,0.107349063615936,0.106900600018113,0.106455924854064,0.106014990172671,0.105577748823308,0.105144154439452,0.104714161422694,0,0.447997676666982,0.443132523963294,0.438437250264705,0.433863146858686,0.429388899247724,0.42500345943669,0.420696926102264,0.416458899918456,0.412279790846566,0.408152169300231,0.404071203211028,0.400034287772961,0.396040286278729,0.392088743055072,0.388179271662918,0.3843111843722,0.380483344218791,0.376694182695224,0.372941818484587,0.369224221221468,0.365539379070102,0.361885444115448,0.358260842344275,0.354664344409518,0.351095099513984,0.347552638182282,0.344036851113826,0.340547951386782,0.337086426557431,0.333652986078349,0.330248508220812,0.326873989505414,0.323530498614374,0.320219135918527,0.3169409991052,0.313697154923374,0.310488616742922,0.307316327425846,0.304181146900723,0.301083843792107,0.298025090463601,0.295005460870361,0.292025430671458,0.289085379115797,0.286185592280829,0.283326267307033,0.280507517330388,0.277729376868583,0.274991807463824,0.272294703425762,0.269637897552696,0.267021166738172,0.264444237394059,0.261906790640783,0.259408467231229,0.256948872187408,0.254527579138947,0.252144134360149,0.24979806050826,0.247488860069946,0.245216018526187,0.242979007247998,0.240777286136864,0.238610306024611,0.236477510847856,0.234378339612206,0.232312228161164,0.230278610764281,0.22827692153853,0.226306595716235,0.224367070772186,0.222457787421812,0.220578190501552,0.218727729741793,0.21690586044204,0.215112044057235,0.2133457487035,0.211606449590914,0.209893629390314,0.208206778540563,0.206545395502166,0.204908986962621,0.203297067998446,0.201709162198359,0.200144801751719,0.198603527505956,0.197084888996377,0.195588444451446,0.194113760776308,0.19266041351713,0.191227986808522,0.189816073306147,0.188424274106376,0.187052198654714,0.185699464644501,0.184365697907293,0.183050532296159,0.181753609563014,0.180474579230988,0.179213098462747,0.177968831925564,0.176741451653865,0.175530636909894,0.174336074043084,0.173157456348634,0.171994483925744,0.170846863535932,0.169714308461765,0.168596538366327,0.167493279153705,0.166404262830717,0.165329227370109,0.164267916575389,0.163220079947456,0.162185472553156,0.161163854895882,0.160154992788302,0.159158657227301,0.158174624271188,0.157202674919227,0.156242594993526,0.155294175023302,0.154357210131553,0.153431499924131,0.152516848381227,0.151613063751261,0.150719958447161,0.149837348945015,0.148965055685088,0.148102902975154,0.147250718896149,0.146408335210079,0.145575587270174,0.144752313933251,0.143938357474231,0.143133563502794,0.142337780882117,0.141550861649666,0.140772660939986,0.140003036909463,0.139241850663012,0.138488966182635,0.137744250257829,0.137007572417784,0.136278804865342,0.135557822412662,0.134844502418564,0.134138724727499,0.133440371610112,0.132749327705355,0.132065479964114,0.13138871759431,0.130718932007424,0.13005601676644,0.12939986753513,0.128750382028676,0.128107459965576,0.127471003020815,0.126840914780248,0.126217100696177,0.125599468044089,0.124987925880516,0.124382385001991,0.123782757905069,0.123188958747393,0.122600903309754,0.122018508959143,0.121441694612755,0.120870380702917,0.120304489142918,0.119743943293724,0.119188667931534,0.118638589216175,0.118093634660302,0.117553733099375,0.117018814662411,0.116488810743468,0.115963653973853,0.115443278195032,0.114927618432222,0.114416610868645,0.11391019282043,0.113408302712136,0.112910880052894,0.112417865413131,0.111929200401884,0.111444827644661,0.110964690761862,0.11048873434772,0.110016903949763,0.109549146048778,0.109085408039265,0.108625638210364,0.108169785727245,0.107717800612952,0.107269633730678,0.106825236766471,0.106384562212356,0.105947563349854,0.105514194233903,0,0.450258573574171,0.445301680710137,0.44054457596938,0.435927405724861,0.431420814345918,0.427009671538225,0.422682658791022,0.418428891709879,0.414238253627008,0.410102510259042,0.406015879920769,0.40197487168068,0.39797767045888,0.394023400593799,0.390111492326743,0.386241250744774,0.382411636625588,0.378621220079984,0.374868250899442,0.371150791525211,0.367466869558006,0.363814620230122,0.360192401700796,0.356598875863974,0.353033054241531,0.349494312772783,0.345982381459644,0.342497315485119,0.339039454122557,0.335609372915475,0.332207833537672,0.328835734643449,0.325494066009001,0.322183867409458,0.318906192992212,0.315662081391036,0.312452531458356,0.309278483249881,0.30614080375059,0.303040276759839,0.299977596335097,0.296953363211667,0.293968083656374,0.291022170266633,0.288115944285356,0.285249639061928,0.282423404346664,0.279637311158955,0.276891357016562,0.274185471355034,0.271519521001907,0.268893315600664,0.266306612904742,0.26375912388284,0.261250517593864,0.258780425803624,0.256348447326415,0.253954152083239,0.251597084875137,0.249276768875192,0.24699270884656,0.244744394096633,0.242531301179317,0.24035289635867,0.238208637847826,0.23609797783743,0.234020364327828,0.23197524277898,0.229962057591668,0.227980253433035,0.226029276418891,0.224108575164515,0.222217601715039,0.220355812365768,0.218522668382099,0.216717636628025,0.214940190111547,0.2131898084547,0.211465978295265,0.209768193626724,0.208095956082428,0.206448775169495,0.20482616845746,0.203227661726282,0.201652789077912,0.200101093015251,0.19857212449199,0.197065442936504,0.195580616252699,0.194117220800421,0.192674841357814,0.191253071067784,0.189851511370517,0.18846977192383,0.187107470512931,0.185764232951056,0.184439692972263,0.183133492117565,0.181845279615459,0.18057471225779,0.179321454271808,0.178085177189184,0.176865559712659,0.175662287580944,0.17447505343241,0.173303556668066,0.17214750331423,0.171006605885303,0.169880583246965,0.168769160480096,0.167672068745684,0.166589045150944,0.165519832616848,0.164464179747243,0.163421840699694,0.162392575058189,0.161376147707802,0.160372328711412,0.159380893188551,0.158401621196425,0.157434297613179,0.156478712023423,0.155534658606046,0.15460193602435,0.153680347318485,0.152769699800213,0.151869804949984,0.150980478316307,0.150101539417417,0.149232811645203,0.148374122171385,0.147525301855907,0.14668618515752,0.145856610046516,0.145036417919601,0.144225453516839,0.143423564840662,0.142630603076887,0.141846422517711,0.141070880486645,0.14030383726534,0.139545156022278,0.138794702743268,0.138052346163734,0.13731795770272,0.136591411398612,0.135872583846498,0.135161354137153,0.134457603797604,0.133761216733227,0.133072079171351,0.132390079606317,0.131715108745974,0.131047059459555,0.130385826726908,0.129731307589053,0.129083401100014,0.128442008279909,0.127807032069249,0.127178377284433,0.126555950574386,0.125939660378328,0.125329416884629,0.124725131990733,0.124126719264111,0.123534093904223,0.122947172705463,0.122365874021044,0.121790117727827,0.121219825192034,0.12065491923585,0.12009532410487,0.11954096543638,0.118991770228441,0.118447666809757,0.117908584810312,0.11737445513274,0.116845209924423,0.11632078255029,0.115801107566295,0.115286120693561,0.114775758793173,0.114269959841595,0.113768662906695,0.113271808124373,0.112779336675762,0.112291190764987,0.11180731359748,0.111327649358819,0.110852143194088,0.110380741187746,0.109913390343973,0.109450038567506,0.10899063464493,0.108535128226424,0.108083469807948,0.107635610713852,0.10719150307991,0.106751099836745,0.106314354693664,0,0.452547934045843,0.447495475858606,0.442669463701571,0.438003304553245,0.433460189613716,0.429020340315419,0.424670415391803,0.420398748794542,0.416194653869015,0.412049149358451,0.407955553525879,0.403909487883055,0.3999084086415,0.395950941812216,0.392036250492362,0.388163559647706,0.38433187433157,0.38053987138892,0.376785919263713,0.373068175837761,0.369384720904605,0.365733691108441,0.362113396798724,0.358522410152783,0.354959621333012,0.351424264377342,0.347915917353623,0.344434482550303,0.340980152626108,0.337553368122081,0.334154770872962,0.330785156868416,0.327445431153524,0.324136566504952,0.320859566912022,0.31761543633855,0.31440515283175,0.311229647759638,0.30808978977537,0.304986373003404,0.301920108897776,0.298891621220014,0.295901443609259,0.292950019259341,0.290037702268833,0.287164760284807,0.284331378115267,0.281537662036524,0.278783644568693,0.276069289534326,0.273394497251713,0.27075910974577,0.268162915885959,0.265605656382905,0.26308702859365,0.260606691100418,0.258164268039836,0.255759353169094,0.253391513663108,0.251060293642533,0.248765217436941,0.246505792590727,0.244281512621684,0.24209185954381,0.239936306166938,0.237814318186354,0.235725356075797,0.233668876797169,0.231644335340047,0.229651186103647,0.22768888413342,0.225756886223853,0.223854651898428,0.221981644277041,0.220137330840547,0.218321184101421,0.216532682188907,0.214771309356424,0.213036556418394,0.211327921123107,0.209644908467723,0.207987030960998,0.206353808838877,0.204744770237642,0.203159451328936,0.201597396420577,0.200058158026753,0.198541296910869,0.197046382104011,0.195572990901753,0.194120708841739,0.192689129664303,0.191277855258126,0.189886495592781,0.188514668639819,0.187162000283907,0.185828124225355,0.18451268187529,0.183215322244545,0.181935701827282,0.180673484480239,0.179428341298392,0.178199950487772,0.176987997236061,0.175792173581567,0.174612178281074,0.173447716677037,0.17229850056452,0.171164248058255,0.170044683460123,0.168939537127354,0.167848545341679,0.166771450179667,0.165707999384421,0.164657946238808,0.163621049440356,0.162597072977932,0.16158578601033,0.160586962746814,0.159600382329718,0.15862582871915,0.157663090579833,0.156711961170139,0.155772238233319,0.154843723890962,0.153926224538674,0.153019550743997,0.152123517146554,0.1512379423604,0.150362648878594,0.149497462979935,0.148642214637878,0.147796737431576,0.146960868459034,0.146134448252348,0.145317320694984,0.14450933294108,0.143710335336717,0.142920181343146,0.142138727461913,0.141365833161857,0.140601360807939,0.139845175591865,0.139097145464463,0.138357141069779,0.137625035680845,0.13690070513709,0.136184027783357,0.135474884410473,0.134773158197353,0.134078734654588,0.133391501569493,0.132711348952556,0.132038168985286,0.131371855969393,0.130712306277283,0.130059418303833,0.129413092419408,0.128773230924093,0.128139738003097,0.127512519683318,0.126891483791017,0.126276539910586,0.125667599344376,0.125064575073553,0.124467381719962,0.123875935508967,0.123290154233238,0.12270995721747,0.122135265283995,0.121566000719273,0.121002087241236,0.120443449967454,0.119890015384119,0.119341711315797,0.118798466895961,0.118260212538249,0.117726879908456,0.117198401897221,0.116674712593403,0.116155747258115,0.115641442299409,0.115131735247584,0.114626564731118,0.11412587045318,0.11362959316873,0.113137674662179,0.112650057725599,0.112166686137465,0.111687504641916,0.11121245892852,0.110741495612527,0.110274562215611,0.109811607147063,0.109352579685448,0.108897429960692,0.10844610893661,0.107998568393839,0.107554760913184,0.107114639859362,0,0.454864879456373,0.449714041479403,0.444813239339101,0.440092406534495,0.435508406821853,0.431036633322531,0.426661230952022,0.422369431984625,0.418149886811364,0.413992896629531,0.409890927127149,0.405838723861594,0.401832980410594,0.397871758745747,0.393953877281686,0.390078408267612,0.386244343695088,0.382450429144747,0.37869513255252,0.374976703719895,0.371293282422525,0.367643021440305,0.364024201181083,0.360435322194898,0.356875169583857,0.353342848800845,0.349837795780464,0.346359766154316,0.342908808916305,0.33948522972946,0.336089548434682,0.332722454479065,0.329384763093961,0.326077374224089,0.32280123549363,0.319557309914973,0.316346548600403,0.313169868414022,0.310028134281964,0.306922145743269,0.303852627252174,0.300820221718037,0.297825486777277,0.294868893321305,0.291950825846705,0.28907158424245,0.286231386679344,0.283430373315936,0.280668610581099,0.277946095835175,0.275262762248591,0.272618483769021,0.27001308007577,0.26744632144335,0.264917933455645,0.2624276015281,0.259974975208408,0.257559672236722,0.255181282354737,0.252839370859611,0.250533481903717,0.248263141545094,0.246027860556293,0.243827137001338,0.241660458591927,0.239527304834828,0.237427148982938,0.235359459802567,0.233323703169474,0.231319343505878,0.229345845070285,0.227402673111484,0.225489294897505,0.223605180629764,0.221749804251984,0.219922644162906,0.218123183841167,0.216350912390158,0.214605325010097,0.212885923404004,0.211192216123752,0.209523718861887,0.207879954694429,0.206260454279471,0.204664756015951,0.203092406166634,0.201542958948973,0.200015976597209,0.198511029398773,0.197027695707772,0.195565561938103,0.194124222538504,0.192703279951623,0.191302344559035,0.189921034613899,0.188558976162843,0.18721580295847,0.185891156363786,0.184584685249672,0.183296045886478,0.182024901830637,0.180770923807182,0.17953378958889,0.178313183872763,0.177108798154425,0.17592033060102,0.174747485923053,0.173589975245651,0.172447515979601,0.171319831692519,0.170206651980453,0.169107712340192,0.168022754042499,0.166951524006501,0.165893774675383,0.164849263893574,0.163817754785532,0.162799015636264,0.161792819773656,0.160798945452712,0.159817175741768,0.158847298410719,0.15788910582132,0.156942394819585,0.156006966630307,0.155082626753721,0.154169184864305,0.153266454711744,0.152374254024017,0.151492404412642,0.150620731280026,0.149759063728927,0.148907234473999,0.148065079755395,0.147232439254407,0.146409156011108,0.145595076343972,0.144790049771436,0.143993928935371,0.143206569526433,0.14242783021125,0.141657572561417,0.140895660984258,0.140141962655324,0.139396347452583,0.138658687892266,0.137928859066344,0.137206738581582,0.136492206500141,0.1357851452817,0.135085439727045,0.134392976923104,0.13370764618939,0.133029339025804,0.13235794906179,0.13169337200678,0.131035505601917,0.130384249573012,0.12973950558471,0.129101177195829,0.128469169815843,0.127843390662481,0.127223748720409,0.126610154700971,0.126002521002957,0.125400761674373,0.124804792375184,0.12421453034101,0.123629894347737,0.123050804677037,0.122477183082754,0.121908952758143,0.121346038303941,0.120788365697235,0.120235862261121,0.119688456635124,0.119146078746357,0.118608659781405,0.118076132158911,0.117548429502842,0.117025486616424,0.116507239456721,0.115993625109845,0.115484581766779,0.114980048699791,0.114479966239432,0.113984275752102,0.113492919618152,0.113005841210534,0.11252298487396,0.112044295904579,0.11156972053013,0.111099205890587,0.110632700019267,0.110170151824386,0.109711511071067,0.109256728363766,0.108805755129129,0.108358543599245,0.107915046795301,0,0.457205220983209,0.451956325081402,0.446976613439787,0.442196006420587,0.437566764029391,0.433059701000276,0.428656135645984,0.424341897990094,0.420104849266411,0.415934574653694,0.41182272775277,0.407763198532451,0.403751898628504,0.399786273276228,0.39586472656392,0.391986107716878,0.388149336169593,0.384353183347167,0.380596191498726,0.376876692897396,0.373192890017359,0.369542962646508,0.365925176562844,0.362337977402854,0.358780061099187,0.355250418147201,0.351748352940568,0.348273481756914,0.344825714050034,0.341405221894137,0.338012402055936,0.33464783449896,0.331312240335931,0.328006441461219,0.324731323388002,0.321487802219162,0.318276796207551,0.315099202004791,0.311955875444761,0.308847616540932,0.305775158277914,0.302739158730494,0.299740196033645,0.296778765742786,0.293855280155713,0.290970069208932,0.288123382606741,0.285315392887439,0.282546199175453,0.279815831409183,0.277124254871515,0.274471374882613,0.271857041543043,0.269281054439515,0.266743167246009,0.264243092170104,0.261780504208339,0.25935504518591,0.256966327565172,0.254613938014732,0.252297440736675,0.250016380553838,0.247770285762431,0.245558670757723,0.243381038442281,0.241236882427425,0.239125689039265,0.237046939141076,0.235000109783852,0.232984675696769,0.231000110628989,0.229045888553902,0.227121484746372,0.225226376743087,0.223360045195525,0.221521974624503,0.219711654084695,0.217928577746948,0.216172245405673,0.214442162918059,0.212737842581364,0.211058803454038,0.20940457162599,0.207774680442884,0.20616867068895,0.204586090732416,0.203026496637329,0.201489452245202,0.199974529229636,0.198481307126786,0.197009373344283,0.195558323150984,0.194127759649742,0.192717293735133,0.191326544037948,0.189955136858063,0.18860270608716,0.187268893122624,0.185953346773824,0.184655723161864,0.183375685613782,0.182112904552085,0.180867057380419,0.179637828366078,0.17842490852001,0.177227995474893,0.176046793361785,0.174881012685831,0.173730370201415,0.172594588787142,0.171473397320969,0.170366530555759,0.169273728995545,0.168194738772683,0.167129311526134,0.166077204281009,0.165038179329552,0.16401200411367,0.162998451109127,0.161997297711503,0.16100832612397,0.160031323246978,0.159066080569887,0.158112394064587,0.157170064081141,0.156238895245473,0.155318696359114,0.154409280301017,0.15351046393144,0.15262206799789,0.151743917043138,0.150875839315261,0.150017666679724,0.149169234533469,0.148330381720985,0.147500950452346,0.146680786223177,0.145869737736532,0.14506765682664,0.144274398384502,0.143489820285293,0.142713783317543,0.141946151114063,0.141186790084579,0.140435569350037,0.139692360678553,0.138957038422955,0.138229479459907,0.137509563130555,0.136797171182674,0.136092187714281,0.13539449911867,0.134703994030848,0.134020563275328,0.133344099815251,0.132674498702802,0.132011657030886,0.13135547388604,0.130705850302542,0.130062689217687,0.129425895428207,0.128795375547791,0.128171037965703,0.127552792806432,0.126940551890385,0.126334228695565,0.125733738320231,0.1251389974465,0.124549924304865,0.123966438639622,0.123388461675158,0.122815916083092,0.122248725950251,0.121686816747436,0.12113011529898,0.120578549753073,0.120032049552814,0.119490545407998,0.1189539692676,0.118422254292939,0.117895334831519,0.117373146391497,0.116855625616805,0.116342710262862,0.115834339172901,0.115330452254862,0.11483099045886,0.114335895755196,0.113845111112907,0.113358580478835,0.112876248757201,0.112398061789675,0.111923966335925,0.111453910054633,0.110987841484965,0.110525710028488,0.110067465931507,0.109613060267837,0.109162444921971,0.10871557257265,0,0.459561198623447,0.454220207039539,0.449159622530572,0.444315047167615,0.439636415148267,0.435090644425284,0.43065614036056,0.426317092178603,0.422060433694923,0.417875012356183,0.413751700436213,0.40968355764752,0.405665706832194,0.401694936628522,0.397769176212612,0.393886985480451,0.390047151327619,0.386248424543319,0.382489391320269,0.37876845140835,0.375083867653019,0.371433853664168,0.367816673008287,0.364230731363062,0.360674650602853,0.357147319880388,0.353647923172961,0.350175945581244,0.34673116219114,0.343313613868857,0.339923574270983,0.336561511875366,0.3332280501728,0.32992392844143,0.326649964843195,0.323407022983332,0.320195982581251,0.317017714517041,0.313873060234264,0.310762815283054,0.307687716661892,0.304648433546421,0.30164556096507,0.298679615982301,0.295751035971136,0.292860178589806,0.290007323117187,0.287192672844013,0.284416358258966,0.281678440808657,0.27897891704727,0.276317723024575,0.273694738789981,0.271109792915354,0.268562666960709,0.266053099824861,0.263580791938078,0.261145409266113,0.258746587105001,0.256383933654059,0.254057033360902,0.251765450037337,0.24950872974879,0.247286403482857,0.245097989604683,0.242942996108382,0.240820922674682,0.238731262545629,0.236673504227404,0.234647133032422,0.232651632471693,0.230686485508165,0.228751175681411,0.226845188113542,0.224968010405762,0.223119133434457,0.221298052055176,0.219504265722327,0.217737279031902,0.215996602194014,0.214281751441554,0.212592249380792,0.210927625289322,0.209287415366291,0.207671162939494,0.206078418633524,0.20450874050282,0.202961694133141,0.201436852714687,0.199933797089814,0.198452115778034,0.196991404980747,0.195551268567949,0.194131318048943,0.1927311725289,0.191350458652957,0.189988810539375,0.188645869703136,0.187321284971232,0.186014712390786,0.184725815131015,0.183454263379987,0.182199734236971,0.180961911601162,0.179740486057442,0.178535154759791,0.177345621312892,0.176171595652416,0.175012793924425,0.173868938364287,0.172739757175445,0.171624984408352,0.170524359839835,0.169437628853148,0.168364542318906,0.167304856477102,0.166258332820359,0.165224737978557,0.164203843604973,0.16319542626401,0.162199267320633,0.161215152831563,0.160242873438299,0.159282224262028,0.158333004800437,0.157395018826485,0.156468074289138,0.15555198321609,0.154646561618471,0.153751629397558,0.152867010253467,0.151992531595831,0.151128024456453,0.150273323403905,0.149428266460074,0.148592695018617,0.147766453765306,0.14694939060025,0.146141356561941,0.145342205753122,0.144551795268427,0.143769985123775,0.142996638187473,0.142231620113015,0.141474799273519,0.140726046697787,0.139985236007955,0.13925224335868,0.138526947377854,0.137809229108795,0.13709897195389,0.136396061619651,0.135700386063158,0.135011835439842,0.134330302052598,0.133655680302178,0.132987866638833,0.132326759515189,0.131672259340304,0.131024268434899,0.130382690987713,0.12974743301297,0.129118402308915,0.128495508417404,0.127878662584515,0.127267777722153,0.126662768370617,0.12606355066213,0.125470042285261,0.124882162450268,0.124299831855291,0.123722972653407,0.123151508420505,0.122585364123962,0.122024466092108,0.121468741984448,0.120918120762623,0.120372532662098,0.11983190916455,0.119296182970937,0.118765287975233,0.118239159238812,0.117717732965465,0.117200946477017,0.116688738189561,0.116181047590253,0.115677815214688,0.115178982624814,0.114684492387393,0.114194288052971,0.113708314135368,0.113226516091656,0.112748840302613,0.112275234053654,0.111805645516213,0.111340023729571,0.110878318583112,0.110420480799006,0.109966461915294,0.109516214269378,0,0.461929142157736,0.456502873333058,0.451361609493268,0.446450051349602,0.441718309841122,0.437130478211982,0.432662217800375,0.428295938844016,0.424017521360812,0.41981503855598,0.41567860207862,0.411600468742296,0.407574975943901,0.403598228075878,0.399667628607418,0.395781387246917,0.39193809946018,0.388136446671096,0.384375024393488,0.380652279829216,0.376966528984103,0.373316021946234,0.369699029335953,0.366113929732725,0.362559284936369,0.359033896040383,0.3555368379955,0.352067473570596,0.348625449557703,0.345210678995645,0.341823313392084,0.338463708663118,0.335132387987847,0.331830004143166,0.328557303243091,0.325315091219214,0.322104203876719,0.318925480955267,0.315779744314205,0.312667780137438,0.309590324901841,0.306548054760137,0.303541577941332,0.300571429757194,0.297638069811984,0.294741881036657,0.291883170201975,0.289062169602802,0.286279039644959,0.283533872104344,0.280826693863905,0.278157470966925,0.275526112854313,0.272932476679273,0.270376371614839,0.267857563088592,0.265375776894707,0.262930703146633,0.260522000044517,0.258149297440257,0.255812200190157,0.253510291290694,0.251243134797348,0.249010278529726,0.246811256568793,0.244645591553818,0.242512796787949,0.240412378162183,0.238343835907956,0.236306666188845,0.234300362541837,0.232324417178499,0.230378322156073,0.228461570428188,0.226573656784431,0.224714078687573,0.222882337016743,0.22107793672436,0.219300387414131,0.21754920384693,0.215823906380903,0.214124021351687,0.212449081398189,0.210798625738954,0.209172200403771,0.207569358424773,0.205989659990967,0.204432672569788,0.202897970998982,0.201385137551831,0.199893761978494,0.198423441525974,0.19697378093902,0.195544392444063,0.194134895718093,0.192744917844211,0.191374093255453,0.190022063668297,0.188688478007176,0.187372992321158,0.186075269693884,0.184794980147703,0.183531800542898,0.182285414472783,0.181055512155384,0.179841790322334,0.178643952105573,0.177461706922356,0.17629477035903,0.175142864054014,0.174005715580316,0.172883058327956,0.171774631386557,0.170680179428372,0.169599452591987,0.168532206366885,0.16747820147906,0.166437203777826,0.165408984123963,0.164393318279315,0.163389986797932,0.162398774918847,0.161419472460554,0.160451873717258,0.159495777356918,0.158550986321153,0.157617307727018,0.156694552770676,0.155782536632981,0.154881078386991,0.153990000907383,0.153109130781807,0.152238298224137,0.151377336989629,0.150526084291961,0.149684380722144,0.148852070169279,0.148028999743139,0.147215019698555,0.146409983361569,0.145613747057345,0.144826170039791,0.144047114422868,0.143276445113566,0.142514029746499,0.141759738620098,0.141013444634368,0.140275023230176,0.139544352330038,0.138821312280372,0.138105785795183,0.137397657901154,0.13669681588411,0.136003149236808,0.135316549608045,0.134636910753042,0.133964128485066,0.133298100628272,0.132638726971732,0.131985909224614,0.131339550972495,0.130699557634765,0.130065836423115,0.129438296301052,0.128816847944446,0.128201403703063,0.127591877563057,0.126988185110418,0.126390243495319,0.12579797139737,0.12521128899173,0.124630117916073,0.124054381238374,0.123484003425498,0.122918910312571,0.12235902907311,0.121804288189898,0.121254617426573,0.120709947799921,0.12017021155286,0.119635342128075,0.11910527414231,0.118579943361289,0.118059286675249,0.117543242075069,0.117031748628984,0.116524746459859,0.116022176723021,0.115523981584619,0.115030104200518,0.114540488695687,0.11405508014409,0.11357382454906,0.113096668824138,0.11262356077437,0.112154449078049,0.111689283268887,0.111228013718616,0.11077059161999,0.110316968970192,0,0.464303621533091,0.458800623874928,0.453581215868094,0.448601071523388,0.443813137989298,0.439180090778652,0.434675279710245,0.43027932882257,0.425976974262268,0.42175547509004,0.417604195066871,0.413514615693358,0.409480300380786,0.405496652915142,0.40156051040056,0.397669678104399,0.393822503703995,0.390017549613389,0.386253382808096,0.382528473521572,0.378841179108269,0.375189784641076,0.371572573729839,0.367987908342964,0.364434302745939,0.360910482618301,0.357415425270629,0.353948380436638,0.350508873429255,0.347096693731508,0.343711872596728,0.340354653201663,0.337025456537133,0.333724845693253,0.330453490613635,0.327212134829549,0.32400156518387,0.320822585135965,0.317675991907516,0.314562557480761,0.311483013284822,0.308438038290451,0.305428250166243,0.302454199118572,0.299516364033282,0.296615150551201,0.293750890735332,0.290923844020101,0.288134199168581,0.285382076999656,0.282667533681788,0.279990564422338,0.277351107410743,0.274749047899823,0.272184222332252,0.269656422438759,0.267165399251245,0.264710866987929,0.262292506779217,0.259909970212478,0.257562882681624,0.255250846533584,0.252973444008638,0.250730239975425,0.248520784464338,0.246344615005216,0.244201258776846,0.242090234576854,0.240011054621315,0.237963226183798,0.235946253083707,0.233959637033792,0.23200287885649,0.230075479578523,0.228176941412787,0.226306768636201,0.22446446837172,0.222649551282269,0.220861532183881,0.21909993058488,0.217364271157461,0.215654084147609,0.213968905728841,0.212308278304881,0.210671750765962,0.20905887870309,0.20746922458429,0.205902357896466,0.204357855256298,0.202835300493225,0.201334284707365,0.199854406304973,0.198395271013775,0.19695649188037,0.195537689251652,0.19413849074205,0.192758531188225,0.191397452592716,0.190054904057865,0.18873054171127,0.187424028623866,0.186135034721638,0.184863236691888,0.183608317884871,0.182369968211551,0.181147884038134,0.17994176807801,0.178751329281609,0.1775762827247,0.176416349495536,0.175271256581265,0.174140736753931,0.1730245284564,0.171922375688477,0.170834027893455,0.169759239845329,0.168697771536852,0.167649388068608,0.166613859539251,0.165590960937025,0.164580472032703,0.163582177273998,0.16259586568157,0.161621330746664,0.160658370330454,0.159706786565125,0.158766385756742,0.157836978289925,0.156918378534355,0.156010404753118,0.155112879012904,0.154225627096057,0.153348478414475,0.15248126592535,0.151623826048744,0.150775998586986,0.149937626645864,0.149108556557605,0.148288637805619,0.14747772295097,0.146675667560577,0.145882330137087,0.145097572050417,0.144321257470923,0.143553253304173,0.142793429127292,0.142041657126849,0.141297812038253,0.140561771086638,0.139833413929185,0.139112622598875,0.13839928144962,0.137693277102761,0.13699449839488,0.136302836326919,0.13561818401456,0.134940436639839,0.134269491403968,0.13360524748134,0.132947605974672,0.132296469871276,0.131651744000426,0.131013334991779,0.13038115123485,0.129755102839484,0.129135101597332,0.128521060944274,0.12791289592379,0.127310523151239,0.126713860779028,0.126122828462652,0.125537347327573,0.124957339936925,0.124382730260015,0.123813443641616,0.123249406772,0.122690547657729,0.122136795593158,0.121588081132635,0.121044336063395,0.120505493379108,0.119971487254081,0.119442253018086,0.118917727131803,0.118397847162863,0.117882551762468,0.117371780642581,0.116865474553664,0.116363575262954,0.115866025533265,0.115372769102294,0.114883750662424,0.11439891584101,0.113918211181137,0.113441584122828,0.112968982984707,0.112500356946089,0.112035656029498,0.111574831083588,0.111117833766474,0,0.466674832274164,0.461108943720839,0.455816433110161,0.45076766572938,0.445921282758978,0.441240204458745,0.436696151183187,0.432268104541077,0.427939625633022,0.423697129335789,0.419529240591836,0.415426692923612,0.411382293637611,0.407390739775798,0.403448271578866,0.399552243095263,0.395700701661073,0.39189204141005,0.388124760744401,0.384397324842856,0.380708116390482,0.377055449915318,0.373437624531821,0.369852993493921,0.366300034352264,0.362777409092165,0.359284008502653,0.355818978807804,0.352381731223805,0.348971936716769,0.34558950903454,0.342234579293503,0.338907465220019,0.335608637739881,0.332338687100861,0.329098290188016,0.325888180202169,0.322709119448047,0.319561875631773,0.316447201798184,0.313365819840428,0.310318407377568,0.307305587709323,0.304327922509845,0.301385906904646,0.298479966578123,0.295610456576706,0.292777661499177,0.289981796797007,0.287223010940777,0.284501388241719,0.281816952148859,0.279169668871238,0.276559451200867,0.273986162435181,0.271449620317923,0.26894960093467,0.266485842513847,0.264058049096415,0.261665894047538,0.259309023391938,0.256987058961404,0.254699601348329,0.252446232663476,0.250226519099476,0.248040013304136,0.245886256569527,0.243764780844181,0.241675110576705,0.239616764399661,0.237589256662945,0.235592098825969,0.233624800717919,0.231686871675177,0.229777821564705,0.227897161701903,0.22604440567099,0.224219070055623,0.222420675086983,0.220648745216136,0.218902809617074,0.217182402626351,0.21548706412489,0.21381633986708,0.212169781761934,0.210546948110708,0.208947403805051,0.207370720489406,0.20581647669113,0.204284257921469,0.202773656750303,0.201284272857312,0.199815713061987,0.198367591334724,0.196939528791014,0.195531153670594,0.194142101303238,0.192772014062734,0.191420541310436,0.190087339329675,0.188772071252176,0.187474406977523,0.186194023086642,0.184930602750137,0.183683835632278,0.182453417791328,0.181239051576859,0.180040445524607,0.178857314249404,0.177689378336636,0.176536364232635,0.175398004134397,0.17427403587894,0.173164202832601,0.172068253780546,0.170985942816709,0.169917029234384,0.168861277417644,0.167818456733743,0.166788341426649,0.165770710511825,0.164765347672367,0.16377204115658,0.16279058367708,0.161820772311482,0.160862408404725,0.159915297473078,0.158979249109867,0.158054076892943,0.157139598293918,0.156235634589169,0.155342010772638,0.154458555470408,0.153585100857068,0.152721482573855,0.151867539648566,0.15102311441722,0.150188052447462,0.149362202463689,0.148545416273874,0.147737548698071,0.14693845749857,0.146148003311688,0.145366049581155,0.144592462493088,0.1438271109125,0.143069866321338,0.142320602758011,0.141579196758376,0.140845527298157,0.14011947573677,0.139400925762519,0.138689763339131,0.137985876653612,0.137289156065381,0.136599494056659,0.135916785184093,0.135240926031563,0.134571815164168,0.133909353083353,0.133253442183143,0.132603986707473,0.131960892708568,0.131324068006365,0.130693422148937,0.130068866373906,0.129450313570808,0.128837678244394,0.128230876478846,0.127629825902869,0.127034445655663,0.126444656353719,0.125860380058451,0.125281540244617,0.124708061769524,0.124139870842988,0.123576894998035,0.123019063062319,0.122466305130241,0.121918552535754,0.121375737825825,0.120837794734549,0.120304658157894,0.119776264129055,0.119252549794409,0.118733453390051,0.118218914218894,0.117708872628326,0.117203269988397,0.116702048670536,0.116205152026774,0.115712524369458,0.115224110951464,0.114739857946858,0.114259712432036,0.113783622367298,0.113311536578857,0.11284340474128,0.112379177360328,0.111918805756212,0,0.469034017646218,0.463423153992439,0.458064722178168,0.452948899845275,0.448042785425324,0.443311337978706,0.438725543310961,0.434263042825914,0.429906268931241,0.425640785986219,0.421454491597953,0.417337399272197,0.413281583404091,0.409281037326339,0.40533138386043,0.40142948713553,0.397573046486936,0.393760240083657,0.389989456619232,0.386259125267018,0.382567634310865,0.378913318381113,0.37529449118724,0.371709502424175,0.368156801794434,0.364634998121705,0.361142906270075,0.357679578484649,0.354244319653293,0.350836687895216,0.347456482962831,0.344103725392196,0.340778629344363,0.337481571809354,0.334213060425273,0.33097370169105,0.327764170885232,0.324585184582679,0.321437476305033,0.31832177555521,0.315238790268654,0.312189192557389,0.309173607517665,0.306192604808211,0.303246692674436,0.300336314085912,0.297461844663245,0.294623592090205,0.291821796733454,0.289056633222035,0.286328212769556,0.283636586052155,0.280981746483716,0.278363633755856,0.275782137533532,0.273237101217711,0.270728325704394,0.26825557308459,0.265818570242769,0.263417012322177,0.261050566034368,0.258718872797639,0.256421551695045,0.254158202247388,0.251928407000389,0.249731733928117,0.247567738657016,0.245435966516499,0.243335954423265,0.241267232607298,0.239229326188013,0.237221756609266,0.235244042942016,0.233295703063367,0.231376254720501,0.229485216487785,0.227622108624976,0.225786453844114,0.223977777992254,0.22219561065686,0.220439485700178,0.218708941728605,0.217003522502574,0.215322777292172,0.213666261183272,0.212033535338668,0.210424167218293,0.208837730762362,0.207273806540918,0.205731981873016,0.204211850918507,0.202713014745137,0.201235081373457,0.199777665801827,0.198340390013595,0.196922882968368,0.195524780579108,0.194145725676643,0.192785367963045,0.191443363955185,0.190119376919668,0.188813076800234,0.187524140138618,0.186252249989754,0.184997095832151,0.183758373474158,0.182535784956799,0.181329038453765,0.180137848169107,0.178961934233123,0.177801022596863,0.176654844925665,0.175523138492049,0.174405646068307,0.173302115819054,0.172212301193999,0.171135960821152,0.170072858400667,0.169022762599494,0.167985446946991,0.166960689731625,0.165948273898894,0.164947986950545,0.163959620845196,0.162982971900425,0.162017840696388,0.16106403198102,0.16012135457686,0.159189621289527,0.158268648817889,0.157358257665921,0.156458272056283,0.155568519845622,0.154688832441588,0.153819044721582,0.152958994953208,0.152108524716443,0.151267478827488,0.150435705264309,0.149613055093835,0.14879938240079,0.147994544218162,0.147198400459256,0.146410813851329,0.14563164987077,0.144860776679807,0.144098065064706,0.143343388375448,0.142596622466837,0.14185764564103,0.141126338591448,0.140402584348047,0.139686268223915,0.138977277763173,0.138275502690141,0.137580834859753,0.13689316820919,0.13621239871069,0.135538424325532,0.13487114495914,0.134210462417303,0.133556280363471,0.132908504277102,0.132267041413043,0.131631800761908,0.131002693011439,0.130379630508816,0.129762527223905,0.129151298713401,0.128545862085866,0.127946135967622,0.127352040469484,0.126763497154316,0.126180429005377,0.125602760395451,0.125030417056727,0.12446332605142,0.123901415743111,0.123344615768786,0.122792857011551,0.122246071574019,0.121704192752341,0.121167155010861,0.120634893957395,0.120107346319093,0.119584449918899,0.119066143652565,0.118552367466223,0.11804306233449,0.117538170239103,0.117037634148058,0.116541397995248,0.116049406660583,0.115561605950585,0.115077942579434,0.114598364150471,0.114122819138131,0.113651256870294,0.113183627511064,0.112719882043934,0,0.471378526837688,0.465738901273383,0.460323144940864,0.45514337318091,0.450177324013046,0.445393773657054,0.440764025618142,0.436264836023486,0.431877645372496,0.427587197983704,0.423380685296054,0.419247431530344,0.415178806266027,0.411168110438398,0.407210338470251,0.403301834314914,0.399439907434793,0.395622475044622,0.391847774953674,0.388114167364544,0.384420023288758,0.380763684587876,0.377143475313181,0.373557743933754,0.37000491903608,0.36648356539772,0.362992431794066,0.359530485807112,0.356096933964674,0.352691227694359,0.349313056919212,0.345962333807836,0.342639169393444,0.339343845652599,0.336076785317436,0.332838521285303,0.329629667057968,0.326450889234464,0.323302882723265,0.320186349042435,0.317101977842621,0.31405043161303,0.311032333407602,0.308048257348569,0.305098721618854,0.302184183635012,0.299305037091765,0.296461610581663,0.293654167514366,0.290882907085959,0.288147966076798,0.285449421284823,0.282787292428699,0.280161545380822,0.277572095613511,0.275018811762606,0.272501519230965,0.270020003770203,0.267574014992558,0.265163269776222,0.262787455537032,0.260446233347339,0.258139240889339,0.255866095235392,0.253626395452041,0.251419725027737,0.249245654126842,0.247103741674392,0.244993537277584,0.242914582990909,0.240866414932593,0.238848564760384,0.236860561014947,0.234901930339156,0.232972198581487,0.231070891791516,0.229197537115277,0.227351663597916,0.225532802900725,0.223740489939287,0.221974263449062,0.22023366648438,0.218518246856419,0.216827557515371,0.21516115688165,0.21351860913064,0.211899484435157,0.210303359169482,0.208729816078526,0.207178444415415,0.205648840050517,0.204140605554685,0.202653350259271,0.201186690295253,0.199740248613614,0.198313654988932,0.19690654600799,0.195518565045016,0.194149362225075,0.192798594376961,0.191465924976827,0.190151024083695,0.188853568267859,0.187573240533122,0.186309730233709,0.185062732986622,0.183831950580136,0.182617090879052,0.181417867727296,0.180234000848345,0.179065215743972,0.177911243591699,0.176771821141348,0.175646690611012,0.174535599582755,0.173438300898294,0.172354552554915,0.171284117601823,0.170226764037121,0.169182264705569,0.168150397197289,0.167130943747528,0.166123691137581,0.165128430596999,0.164144957707134,0.163173072306103,0.162212578395239,0.161263284047056,0.160325001314788,0.159397546143531,0.158480738282994,0.157574401201903,0.156678362004057,0.15579245134604,0.154916503356597,0.154050355557674,0.153193848787113,0.152346827122987,0.151509137809581,0.150680631184984,0.149861160610293,0.149050582400393,0.148248755756315,0.147455542699127,0.146670808005356,0.145894419143897,0.145126246214402,0.144366161887117,0.143614041344134,0.142869762222042,0.142133204555943,0.141404250724815,0.140682785398177,0.139968695484052,0.139261870078179,0.138562200414468,0.137869579816641,0.137183903651076,0.136505069280774,0.135832976020474,0.135167525092852,0.1345086195858,0.133856164410743,0.133210066261992,0.132570233577081,0.131936576498082,0.131309006833876,0.130687438023334,0.130071785099419,0.129461964654157,0.128857894804466,0.12825949515883,0.127666686784782,0.127079392177183,0.126497535227276,0.1259210411925,0.12534983666703,0.124783849553041,0.124223009032671,0.12366724554066,0.123116490737656,0.122570677484164,0.122029739815123,0.121493612915107,0.120962233094104,0.120435537763894,0.119913465414985,0.1193959555941,0.118882948882212,0.118374386873085,0.117870212152342,0.11737036827702,0.116874799755614,0.11638345202859,0.115896271449358,0.11541320526569,0.114934201601581,0.114459209439527,0.113988178603218,0.11352105974064,0,0.473707303149578,0.468052103769825,0.462588484191665,0.45734926435248,0.452324206862873,0.447487531335241,0.442811999786358,0.43827407216324,0.433854430205004,0.429537076586901,0.425308535186349,0.421157477635938,0.417074602028171,0.413052535864497,0.409085643342335,0.405169726601664,0.401301669853068,0.397479088050575,0.393700027922879,0.389962746595727,0.386265572437356,0.382606838538218,0.378984871857173,0.37539801913743,0.371844692319077,0.368323419638697,0.364832892641692,0.361372003136555,0.357939867272304,0.35453583627298,0.35115949493901,0.347810649937596,0.344489310301573,0.341195662587473,0.337930042939829,0.334692907974772,0.331484806009298,0.328306349776162,0.325158191410856,0.322041000194049,0.318955443286558,0.315902169503623,0.312881796035952,0.309894897929405,0.306942000075436,0.304023571432679,0.301140021189572,0.29829169658253,0.295478882099161,0.292701799817421,0.289960610656596,0.287255416342255,0.284586261913491,0.281953138625696,0.279355987125232,0.276794700793271,0.274269129174712,0.271779081424348,0.26932432971652,0.266904612576507,0.264519638102018,0.262169087051593,0.259852615783738,0.257569859036275,0.255320432540053,0.253103935464787,0.250919952697748,0.248768056958207,0.246647810752254,0.24455876817386,0.24250047655891,0.240472477999525,0.238474310726328,0.236505510366474,0.23456561108526,0.232654146619036,0.230770651206926,0.228914660428652,0.22708571195541,0.225283346220441,0.223507107015604,0.22175654201987,0.220031203265317,0.218330647545856,0.216654436773547,0.215002138287067,0.21337332511651,0.211767576208469,0.210184476614977,0.208623617649667,0.207084597014231,0.205567018897994,0.204070494053238,0.202594639848643,0.201139080303069,0.199703446101669,0.198287374596193,0.19689050979116,0.19551250231745,0.194153009394709,0.192811694783856,0.191488228730869,0.190182287902899,0.188893555317696,0.18762172026721,0.186366478236188,0.185127530816461,0.183904585617606,0.182697356174562,0.181505561852737,0.180328927751086,0.179167184603618,0.178020068679688,0.176887321683466,0.17576869065287,0.174663927858258,0.173572790701138,0.172495041613108,0.171430447955234,0.170378781918046,0.169339820422303,0.168313345020664,0.167299141800398,0.166297001287215,0.165306718350339,0.164328092108875,0.163360925839547,0.16240502688587,0.161460206568787,0.16052628009883,0.159603066489812,0.158690388474092,0.157788072419425,0.1568959482474,0.156013849353492,0.15514161252871,0.15427907788285,0.153426088769351,0.152582491711733,0.151748136331623,0.150922875278334,0.150106564160009,0.149299061476284,0.14850022855247,0.147709929475223,0.146928031029692,0.146154402638105,0.145388916299789,0.144631446532578,0.143881870315604,0.143140067033438,0.142405918421547,0.141679308513054,0.14096012358677,0.140248252116465,0.139543584721368,0.138846014117849,0.138155435072276,0.137471744355008,0.136794840695506,0.136124624738533,0.135460999001419,0.134803867832364,0.134153137369762,0.133508715502511,0.132870511831289,0.132238437630784,0.131612405812835,0.130992330890477,0.130378128942863,0.129769717581035,0.12916701591454,0.128569944518849,0.127978425403571,0.127392381981444,0.126811739038072,0.126236422702403,0.125666360417917,0.125101480914517,0.124541714181091,0.123986991438747,0.12343724511468,0.122892408816684,0.122352417308257,0.121817206484323,0.121286713347518,0.120760875985054,0.12023963354613,0.119722926219882,0.119210695213852,0.118702882732979,0.118199431959075,0.117700287030791,0.117205393024056,0.11671469593297,0.116228142651154,0.115745680953527,0.115267259478519,0.114792827710683,0.11432233596373,0,0.476018801752645,0.470359043043117,0.464857380593907,0.459564395139305,0.454482381124401,0.449592350537135,0.444869676117574,0.440291215018145,0.435837218057443,0.431491080623784,0.427238722566002,0.423068209518954,0.418969607688342,0.414934897479959,0.410957819796852,0.407033621982743,0.403158734642672,0.399330433703985,0.395546536555673,0.39180516287613,0.388104571205945,0.384443067188273,0.380818970312994,0.377230622322938,0.373676420647522,0.370154862724803,0.366664590560065,0.363204428453392,0.359773409985677,0.356370792841984,0.352996061824437,0.349648921528466,0.346329280745151,0.343037230842934,0.339773020300113,0.336537027311822,0.333329732063779,0.33015168990942,0.327003506345912,0.323885814381207,0.320799254629643,0.317744458270591,0.314722032850747,0.311732550800386,0.308776540460499,0.305854479374009,0.302966789573549,0.300113834594689,0.297295917951932,0.294513282831302,0.291766112774647,0.289054533154577,0.286378613263424,0.283738368863545,0.281133765068957,0.278564719449071,0.276031105264079,0.273532754758144,0.27106946245104,0.268640988381387,0.266247061265256,0.263887381542889,0.261561624293739,0.259269442006229,0.25701046719362,0.25478431485148,0.252590584755455,0.250428863600592,0.248298726985422,0.246199741245475,0.244131465141985,0.242093451412303,0.240085248188995,0.238106400294928,0.236156450421721,0.234234940198938,0.232341411161299,0.230475405620953,0.228636467451652,0.226824142791359,0.2250379806695,0.223277533564767,0.221542357899018,0.219832014472509,0.218146068845331,0.216484091669632,0.214845658976866,0.213230352424012,0.211637759502445,0.210067473712825,0.208519094709142,0.206992228414821,0.205486487113515,0.20400148951707,0.202536860812879,0.201092232692715,0.199667243364923,0.1982615375517,0.196874766473071,0.195506587818981,0.19415666571086,0.192824670653841,0.191510279480755,0.190213175288898,0.188933047370474,0.187669591137568,0.186422508042379,0.185191505493412,0.183976296768243,0.182776600923419,0.181592142702008,0.180422652439241,0.179267865966676,0.178127524515251,0.17700137461755,0.175889168009601,0.174790661532461,0.173705617033826,0.172633801269902,0.171574985807691,0.170528946927904,0.169495465528604,0.168474327029758,0.167465321278768,0.166468242457116,0.16548288898819,0.164509063446375,0.163546572467464,0.162595226660453,0.161654840520758,0.160725232344894,0.159806224146642,0.158897641574725,0.157999313832023,0.157111073596318,0.156232756942592,0.155364203266873,0.154505255211629,0.153655758592705,0.152815562327799,0.151984518366456,0.151162481621577,0.150349309902431,0.149544863849138,0.14874900686862,0.147961605071992,0.147182527213374,0.146411644630108,0.145648831184341,0.144893963205977,0.144146919436942,0.14340758097677,0.14267583122946,0.141951555851591,0.141234642701669,0.140524981790683,0.139822465233832,0.13912698720342,0.138438443882871,0.137756733421856,0.137081755892499,0.13641341324664,0.135751609274128,0.135096249562129,0.134447241455411,0.133804494017598,0.133167917993358,0.13253742577151,0.131912931349026,0.131294350295904,0.13068159972089,0.130074598238041,0.129473265934083,0.128877524336568,0.128287296382805,0.127702506389531,0.127123080023321,0.126548944271712,0.125980027415023,0.125416258998846,0.124857569807211,0.124303891836381,0.123755158269287,0.123211303450566,0.122672262862202,0.122137973099742,0.121608371849082,0.121083397863804,0.120562990943051,0.120047091909926,0.119535642590395,0.119028585792702,0.118525865287251,0.118027425786976,0.117533212928161,0.11704317325171,0.11655725418486,0.11607540402331,0.115597571913773,0.11512370783693,0,0.478314627714505,0.472656645228534,0.467126470205071,0.461786305684172,0.456650454793187,0.451707681710375,0.446937054011484,0.442316584975067,0.437826507800805,0.433449805065846,0.42917188753346,0.424980275597369,0.420864451087528,0.416815781134662,0.412827398740799,0.408893992074697,0.405011517188207,0.40117687948057,0.397387631559235,0.393641721878775,0.389937310870038,0.386272655893878,0.382646055959835,0.379055841887201,0.375500396382558,0.371978189956918,0.368487821435289,0.3650280550691,0.361597849334851,0.358196375063274,0.354823022471551,0.351477397978705,0.348159312455606,0.344868762911013,0.341605909661041,0.33837105087648,0.335164596135649,0.331987040294227,0.328838938662344,0.325720884181624,0.322633487036529,0.319577356921811,0.316553088021535,0.313561246631473,0.310602361270202,0.307676915068674,0.304785340196996,0.301928014074986,0.299105257114558,0.29631733175313,0.293564442554453,0.29084673717416,0.288164308009741,0.285517194377334,0.282905385079606,0.2803288212495,0.277787399373368,0.27528097441383,0.272809362967499,0.270372346405649,0.267969673957001,0.265601065701223,0.263266215449684,0.260964793496636,0.258696449229409,0.256460813590676,0.254257501389413,0.252086113460019,0.249946238671306,0.247837455788759,0.245759335194776,0.243711440472512,0.24169332985959,0.239704557578395,0.237744675049831,0.235813231997563,0.233909777449678,0.23203386064462,0.230185031848021,0.228362843086847,0.226566848806973,0.22479660646003,0.223051677025042,0.221331625470063,0.219636021158693,0.217964438206075,0.216316455788627,0.21469165841151,0.213089636137515,0.211509984780825,0.209952306068804,0.208416207774766,0.206901303824438,0.205407214378593,0.203933565894181,0.202479991166042,0.201046129351171,0.19963162597729,0.198236132937368,0.196859308471592,0.195500817138137,0.194160329773997,0.192837523447008,0.191532081400111,0.190243692988791,0.188972053612565,0.187716864641293,0.186477833337038,0.185254672772103,0.184047101743851,0.18285484468683,0.181677631582674,0.180515197868236,0.179367284342323,0.178233637071405,0.177114007294594,0.176008151328197,0.174915830470088,0.173836810904131,0.172770863604855,0.17171776424256,0.170677293089028,0.169649234923955,0.168633378942262,0.167629518662362,0.166637451835503,0.165656980356261,0.164687910174242,0.163730051207085,0.16278321725478,0.161847225915368,0.160921898502061,0.160007059961782,0.159102538795184,0.158208166978133,0.157323779884686,0.15644921621156,0.155584317904096,0.154728930083722,0.153882900976906,0.153046081845588,0.152218326919088,0.15139949332748,0.150589441036402,0.149788032783308,0.148995134015122,0.1482106128273,0.147434339904253,0.146666188461132,0.145906034186945,0.145153755188977,0.144409231938509,0.143672347217784,0.142942986068231,0.142221035739887,0.14150638564203,0.140798927294961,0.140098554282946,0.139405162208264,0.138718648646362,0.138038913102074,0.137365856966892,0.13669938347726,0.136039397673871,0.13538580636194,0.134738518072433,0.134097443024232,0.133462493087213,0.132833581746202,0.132210624065815,0.131593536656139,0.130982237639232,0.130376646616446,0.129776684636521,0.129182274164459,0.128593339051137,0.12800980450366,0.127431597056414,0.126858644542825,0.126290876067785,0.125728221980747,0.125170613849452,0.124617984434295,0.124070267663293,0.123527398607651,0.122989313457912,0.122455949500668,0.121927245095826,0.121403139654408,0.120883573616879,0.120368488431982,0.119857826536072,0.119351531332935,0.118849547174076,0.118351819339475,0.117858294018782,0.117368918292959,0.116883640116343,0.116402408299122,0.115925172490222,0,0.480596047501481,0.474942314402213,0.469392478332723,0.464012332141441,0.458826729769572,0.453832686710969,0.449013907461236,0.444350341615155,0.439822687446724,0.435413769136749,0.43110861954617,0.426894292937946,0.422759744260223,0.418695769156419,0.414694916439648,0.410751319243892,0.406860445783839,0.403018805288868,0.399223653751566,0.395472736043523,0.391764085833673,0.388095889765986,0.384466411091304,0.380873961322621,0.377316905926813,0.373793690426269,0.370302875367856,0.366843171449322,0.363413468994193,0.360012858529972,0.356640641260021,0.353296329683882,0.349979639560253,0.346690474912368,0.343428907952219,0.340195155748479,0.336989555268977,0.333812538160006,0.330664606330932,0.327546309126947,0.324458222615592,0.32140093129425,0.318375012349473,0.315381022463536,0.312419487065005,0.309490891853022,0.306595676383757,0.303734229486435,0.300906886270679,0.298113926492168,0.295355574056451,0.292631997458247,0.289943310973664,0.287289576443809,0.284670805509179,0.282086962174168,0.279537965599588,0.277023693037984,0.274543982841537,0.272098637485647,0.269687426562753,0.267310089710829,0.264966339449363,0.262655863902686,0.260378329396342,0.258133382917021,0.255920654430511,0.253739759055256,0.251590299091638,0.249471865909033,0.24738404169421,0.245326401065747,0.24329851255996,0.241299939994371,0.2393302437151,0.23738898173476,0.235475710767448,0.233589987167408,0.231731367777794,0.229899410695772,0.228093675959987,0.22631372616612,0.22455912701603,0.222829447805643,0.22112426185647,0.21944314689534,0.217785685386645,0.216151464821092,0.214540077964714,0.212951123071593,0.211384204063528,0.20983893067962,0.208314918598534,0.20681178953599,0.20532917131981,0.2038666979447,0.202424009608749,0.201000752733455,0.199596579968981,0.198211150186145,0.196844128456574,0.195495186022299,0.19416400025597,0.192850254612754,0.191553638574924,0.190273847589995,0.189010583003258,0.187763551985427,0.186532467456085,0.185317048003531,0.184117017801601,0.182932106523941,0.181762049256207,0.180606586406593,0.17946546361506,0.178338431661605,0.177225246373864,0.176125668534322,0.175039463787379,0.173966402546472,0.172906259901469,0.171858815526489,0.170823853588305,0.169801162655473,0.168790535608297,0.167791769549736,0.16680466571735,0.165829029396355,0.164864669833866,0.163911400154369,0.162969037276494,0.162037401831107,0.161116318080776,0.160205613840615,0.15930512040055,0.158414672449003,0.15753410799802,0.156663268309834,0.155801997824885,0.154950144091271,0.154107557695651,0.153274092195575,0.152449604053238,0.151633952570647,0.150826999826189,0.150028610612575,0.149238652376159,0.148456995157602,0.147683511533862,0.1469180765615,0.146160567721271,0.145410864863982,0.144668850157597,0.143934408035566,0.143207425146352,0.14248779030414,0.141775394440693,0.141070130558345,0.140371893684104,0.139680580824837,0.138996090923511,0.138318324816488,0.137647185191821,0.136982576548553,0.136324405156984,0.135672579019888,0.135027007834657,0.13438760295635,0.13375427736163,0.133126945613561,0.132505523827248,0.131889929636308,0.13128008216013,0.130675901971936,0.13007731106759,0.129484232835166,0.128896592025238,0.128314314721879,0.127737328314353,0.127165561469488,0.126598944104697,0.12603740736165,0.125480883580564,0.124929306275111,0.124382610107916,0.123840730866634,0.123303605440596,0.122771171798003,0.12224336896366,0.121720136997231,0.121201416972005,0.120687150954158,0.120177281982505,0.119671754048718,0.119170512078012,0.118673501910269,0.118180670281612,0.117691964806399,0.11720733395963,0.116726727059769,0,0.48286106347318,0.477213742518458,0.471652279153947,0.466239680058792,0.461009242704528,0.455966248019883,0.451099776230151,0.44639246882469,0.441826019649039,0.437383404236522,0.433049447635585,0.428810839117136,0.424656076513177,0.420575434545772,0.416560909906275,0.412606093277101,0.40870595958006,0.404856602568498,0.401054954091695,0.397298525270206,0.3935851947125,0.389913054901206,0.386280316201633,0.382685260225086,0.379126230475892,0.375601647478338,0.372110036854126,0.368650061142865,0.365220548803337,0.361820516329914,0.358449181509623,0.355105967432552,0.351790497956615,0.348502585980891,0.345242216188801,0.342009523976556,0.338804772167744,0.33562832690143,0.332480633821773,0.329362195429692,0.326273550206116,0.323215253895852,0.320187863157644,0.317191921640581,0.314227948437395,0.311296428787251,0.308397806849265,0.305532480338136,0.30270079680008,0.299903051306469,0.297139485350511,0.294410286746221,0.291715590346215,0.289055479414087,0.286429987506711,0.283839100741037,0.281282760338145,0.278760865354061,0.276273275522035,0.273819814144463,0.271400270984461,0.269014405117375,0.266661947711244,0.264342604712726,0.262056059421198,0.259801974938953,0.257579996489661,0.255389753600731,0.253230862148013,0.251102926263455,0.249005540108067,0.246938289513856,0.244900753499357,0.242892505664097,0.24091311546779,0.23896214940035,0.237039172048955,0.235143747068407,0.233275438060991,0.231433809371881,0.229618426805959,0.227828858271699,0.226064674357518,0.224325448845708,0.222610759168823,0.220920186813082,0.219253317673095,0.217609742361939,0.215989056480325,0.214390860848389,0.212814761703326,0.211260370865922,0.209727305878755,0.208215190118677,0.206723652885946,0.205252329472222,0.203800861209464,0.20236889550158,0.200956085840564,0.199562091808678,0.198186579068145,0.196829219339661,0.195489690370946,0.194167675896441,0.192862865589168,0.191574955005673,0.190303645524899,0.189048644281761,0.187809664096111,0.186586423397749,0.185378646148037,0.18418606175866,0.183008405007998,0.181845415955542,0.180696839854748,0.179562427064678,0.178441932960739,0.177335117844823,0.176241746855083,0.17516158987559,0.174094421446076,0.173040020671935,0.171998171134663,0.170968660802864,0.169951281943975,0.168945831036789,0.167952108684914,0.166969919531221,0.165999072173381,0.16503937908054,0.164090656511196,0.163152724432327,0.162225406439793,0.161308529680067,0.160401924773302,0.15950542573777,0.158618869915666,0.157742097900313,0.156874953464756,0.156017283491754,0.155168937905164,0.154329769602724,0.153499634390216,0.152678390917007,0.151865900612953,0.151062027626658,0.15026663876507,0.149479603434394,0.148700793582319,0.147930083641521,0.147167350474438,0.146412473319295,0.145665333737349,0.144925815561346,0.144193804845158,0.143469189814585,0.142751860819298,0.142041710285896,0.141338632672069,0.140642524421819,0.139953283921754,0.139270811458391,0.138595009176477,0.137925781038298,0.137263032783945,0.136606671892525,0.135956607544293,0.135312750583688,0.134675013483241,0.134043310308345,0.133417556682868,0.132797669755581,0.132183568167382,0.13157517201931,0.13097240284131,0.130375183561751,0.129783438477663,0.129197093225682,0.128616074753687,0.128040311293113,0.127469732331911,0.126904268588164,0.126343851984308,0.125788415621983,0.125237893757459,0.124692221777655,0.124151336176715,0.123615174533138,0.123083675487441,0.122556778720349,0.122034424931497,0.12151655581862,0.12100311405724,0.120494043280813,0.11998928806135,0.119488793890475,0.11899250716093,0.118500375148502,0.118012345994365,0.117528368687835,0,0.485107794503561,0.479468920109548,0.473902920091471,0.468465486687232,0.463195809900862,0.458106985577516,0.45319396299131,0.448442763118292,0.443836628379824,0.439359042014037,0.434994830429452,0.430730443842493,0.426554007268872,0.422455334902019,0.418425911952589,0.414458807644874,0.410548506081894,0.406690672940915,0.402881893304353,0.399119417278252,0.395400941171049,0.391724439456458,0.388088051097859,0.384490015295377,0.380928646813435,0.377402339253245,0.373909585061744,0.370449002809526,0.367019364582537,0.363619618692858,0.360248905006229,0.356906561855789,0.353592124725128,0.350305317672508,0.347046038902065,0.343814342049485,0.34061041471972,0.337434555662195,0.334287151750671,0.331168655691695,0.328079565145846,0.325020403727611,0.321991704162124,0.318993993723822,0.316027781962913,0.313093550637503,0.310191745708218,0.307322771213508,0.304486984823045,0.301684694859438,0.298916158581368,0.296181581531065,0.293481117763367,0.290814870790577,0.28818289509541,0.28558519808256,0.283021742357046,0.280492448233975,0.277997196399567,0.275535830656885,0.273108160701826,0.270713964885493,0.268352992928204,0.26602496855823,0.263729592054922,0.26146654268149,0.259235480997218,0.257036051042751,0.254867882395081,0.252730592091379,0.250623786422707,0.248547062600198,0.246500010297412,0.244482213073429,0.242493249681849,0.240532695271266,0.238600122483003,0.236695102452036,0.234817205717005,0.232966003045168,0.231141066177974,0.229341968502803,0.227568285656165,0.225819596063413,0.224095481419819,0.222395527117524,0.220719322622697,0.219066461806906,0.217436543236484,0.215829170423426,0.214243952041087,0.212680502107754,0.21113844014091,0.209617391284831,0.208116986413945,0.206636862214192,0.205176661244464,0.203736031980033,0.202314628839721,0.200912112198434,0.199528148386536,0.19816240967743,0.196814574264599,0.195484326229234,0.194171355499514,0.192875357802485,0.191596034609408,0.190333093075379,0.18908624597395,0.187855211627403,0.186639713833288,0.185439481787767,0.184254250006267,0.183083758241883,0.181927751401949,0.180785979463143,0.179658197385454,0.178544165025326,0.177443647048229,0.176356412840923,0.17528223642362,0.174220896362242,0.173172175680952,0.172135861775113,0.171111746324812,0.170099625209077,0.169099298420884,0.168110569983059,0.167133247865157,0.16616714390138,0.165212073709612,0.164267856611604,0.163334315554378,0.162411277032862,0.161498571013808,0.160596030861002,0.159703493261798,0.158820798154979,0.157947788659963,0.157084311007355,0.156230214470852,0.155385351300492,0.154549576657254,0.153722748548996,0.152904727767716,0.152095377828149,0.151294564907651,0.150502157787397,0.149718027794842,0.14894204874745,0.148174096897671,0.147414050879139,0.14666179165408,0.145917202461905,0.145180168768972,0.1444505782195,0.143728320587598,0.143013287730411,0.142305373542339,0.141604473910329,0.140910486670197,0.14022331156398,0.139542850198276,0.138869006003574,0.138201684194523,0.137540791731156,0.136886237281009,0.136237931182149,0.135595785407067,0.134959713527426,0.134329630679647,0.133705453531308,0.133087100248332,0.132474490462963,0.131867545242491,0.131266187058725,0.130670339758179,0.130079928532972,0.129494879892414,0.128915121635258,0.128340582822611,0.127771193751488,0.12720688592898,0.126647592047036,0.126093245957837,0.125543782649748,0.124999138223832,0.124459249870915,0.12392405584919,0.123393495462337,0.122867509038162,0.122346037907722,0.121829024384946,0.121316411746722,0.120808144213444,0.120304166930011,0.119804425947266,0.119308868203853,0.118817441508502,0.118330094522715,0,0.487334780917937,0.4817058416628,0.476141583676801,0.470686866066595,0.465384072483366,0.460253279652941,0.455295536326911,0.450500825672131,0.445854487316178,0.441340902951796,0.436945146172177,0.432653580422095,0.428454058721656,0.424336006122776,0.420290445949051,0.416309955401205,0.412388538232654,0.408521426431973,0.404704841102215,0.400935747621562,0.397211634492525,0.39353033454018,0.389889895908726,0.386288501306276,0.382724428125825,0.379196039283593,0.37570179418525,0.372240270338011,0.368810188037987,0.365410432720432,0.362040071598829,0.358698362933831,0.355384757584506,0.352098893402865,0.348840583586545,0.345609800373219,0.34240665551804,0.339231378910058,0.336084296512208,0.332965808596211,0.329876369020474,0.326816466086951,0.323786605324533,0.320787294388016,0.317819030134597,0.314882287842808,0.31197751246865,0.309105111786547,0.306265451234288,0.303458850267487,0.300685580026537,0.297945862124599,0.295239868376112,0.292567721299823,0.28992949524661,0.287325218019403,0.284754872869345,0.282218400768459,0.279715702874082,0.277246643114004,0.274811050833523,0.27240872345646,0.270039429121608,0.267702909264285,0.265398881119569,0.263127040129716,0.260887062243149,0.258678606096505,0.256501315074555,0.254354819245538,0.252238737171588,0.250152677595693,0.248096241007887,0.246069021094448,0.244070606074548,0.242100579929369,0.240158523528998,0.23824401566265,0.236356633977789,0.234495955833774,0.232661559075509,0.230853022732488,0.229069927648413,0.227311857046378,0.225578397034381,0.223869137055679,0.22218367028826,0.220521593997468,0.218882509845565,0.217266024161756,0.215671748176013,0.214099298219764,0.212548295896319,0.211018368223701,0.209509147752351,0.208020272659986,0.206551386825727,0.205102139885437,0.203672187270084,0.202261190228756,0.20086881583787,0.199494736997974,0.198138632419401,0.196800186597984,0.195479089781884,0.194175037930536,0.192887732666603,0.191616881221773,0.190362196377139,0.189123396398866,0.187900204969758,0.186692351117295,0.185499569138666,0.184321598523262,0.183158183873056,0.182009074821264,0.180874025949621,0.179752796704618,0.178645151312942,0.177550858696428,0.176469692386703,0.175401430439777,0.174345855350727,0.173302753968665,0.172271917412137,0.171253140985068,0.170246224093389,0.169250970162434,0.168267186555211,0.167294684491612,0.166333278968642,0.165382788681719,0.1644430359471,0.163513846625471,0.162595050046744,0.161686478936084,0.160787969341188,0.159899360560848,0.15902049507479,0.15815121847482,0.157291379397266,0.156440829456734,0.155599423181155,0.154767017948149,0.153943473922669,0.153128653995942,0.152322423725684,0.151524651277575,0.150735207367994,0.149953965207981,0.149180800448433,0.148415591126491,0.147658217613122,0.146908562561872,0.14616651085876,0.145431949573311,0.144704767910697,0.143984857164967,0.143272110673353,0.142566423771618,0.141867693750443,0.141175819812817,0.140490703032419,0.139812246312964,0.139140354348502,0.13847493358464,0.137815892180677,0.137163139972616,0.136516588437056,0.135876150655927,0.135241741282049,0.134613276505507,0.133990674020819,0.13337385299487,0.132762734035605,0.13215723916146,0.131557291771509,0.130962816616318,0.130373739769479,0.129789988599817,0.12921149174425,0.128638179081285,0.128069981705133,0.127506831900435,0.126948663117579,0.12639540994859,0.125847008103588,0.125303394387791,0.124764506679054,0.124230283905936,0.123700666026267,0.123175594006219,0.122655009799858,0.12213885632917,0.121627077464545,0.121119618005714,0.120616423663122,0.120117441039729,0.119622617613223,0.11913190171865,0,0.48953676654391,0.483921974805746,0.478365507636413,0.472900935851024,0.467571538574589,0.462403297873827,0.457403339129264,0.452566058351734,0.447879410403178,0.443329085835581,0.438900682966208,0.434580657196361,0.43035670836865,0.426217955924037,0.422155020338026,0.41816002476387,0.414226511120128,0.410349279290354,0.406524175014628,0.402747859353301,0.399017589864586,0.395331034896367,0.39168613196341,0.388080992008736,0.384513844812556,0.380983017129976,0.377486933866854,0.374024133043649,0.370593286751091,0.367193222196372,0.363822938867935,0.360481619562128,0.357168634393298,0.353883537918054,0.35062606016808,0.34739609275837,0.344193671384335,0.341018956006517,0.337872209902276,0.334753778585917,0.331664069396834,0.328603532353698,0.325572642686942,0.32257188530056,0.319601741281096,0.316662676466905,0.313755132012301,0.310879516825846,0.308036201726171,0.305225515138416,0.302447740146338,0.299703112716085,0.296991820915049,0.2943140049609,0.291669757950182,0.289059127131411,0.286482115603506,0.283938684335929,0.281428754421586,0.278952209487199,0.276508898198154,0.274098636805894,0.27172121169561,0.269376381900453,0.267063881555743,0.264783422272883,0.262534695417883,0.260317374283795,0.258131116149966,0.25597556422398,0.253850349464563,0.251755092285628,0.249689404143162,0.247652889007796,0.245645144726811,0.243665764279929,0.241714336933725,0.239790449299749,0.237893686301627,0.236023632056437,0.234179870675672,0.232361986990958,0.230569567209607,0.228802199504879,0.227059474545647,0.225340985969934,0.223646330806568,0.22197510984897,0.220326927984861,0.218701394485431,0.217098123257307,0.215516733060422,0.213956847694683,0.21241809615813,0.210900112779097,0.209402537324688,0.207925015087717,0.206467196954098,0.205028739452522,0.203609304788104,0.202208560861566,0.200826181275381,0.1994618453282,0.198115237998771,0.196786049920456,0.195473977347371,0.194178722113073,0.192899991582647,0.191637498598978,0.190390961423915,0.189160103674977,0.187944654258194,0.186744347297618,0.185558922062004,0.184388122889095,0.183231699107922,0.182089404959491,0.180960999516172,0.179846246600109,0.178744914700913,0.177656776892886,0.176581610751984,0.175519198272742,0.174469325785305,0.173431783872756,0.172406367288854,0.171392874876327,0.170391109485823,0.169400877895614,0.168421990732149,0.167454262391521,0.16649751096192,0.165551558147125,0.164616229191086,0.163691352803635,0.162776761087361,0.161872289465679,0.16097777661211,0.160093064380794,0.159217997738253,0.158352424696403,0.157496196246828,0.156649166296317,0.155811191603665,0.154982131717723,0.154161848916711,0.153350208148773,0.152547076973759,0.151752325506244,0.150965826359745,0.150187454592149,0.149417087652305,0.148654605327804,0.147899889693887,0.147152825063503,0.146413297938465,0.145681196961716,0.144956412870657,0.144238838451546,0.143528368494923,0.142824899752062,0.142128330892412,0.141438562462028,0.14075549684295,0.14007903821353,0.139409092509669,0.138745567386964,0.138088372183729,0.137437417884877,0.13679261708665,0.136153883962169,0.135521134227784,0.134894285110221,0.134273255314493,0.133657964992556,0.133048335712709,0.132444290429704,0.131845753455556,0.131252650431037,0.130664908297838,0.130082455271377,0.129505220814251,0.128933135610294,0.128366131539256,0.127804141652061,0.127247100146644,0.126694942344347,0.126147604666875,0.125605024613768,0.125067140740411,0.124533892636544,0.124005220905268,0.123481067142541,0.122961373917143,0.122446084751097,0.121935144100549,0.121428497337074,0.120926090729418,0.120427871425655,0.11993378743575,0,0.491705384639211,0.486114175814971,0.480571914389086,0.475104828187796,0.469755619923884,0.464555024436595,0.45951600165001,0.454637663795901,0.449911044958274,0.445323558466713,0.440861629478099,0.436512009070795,0.432262381493005,0.428101657234303,0.424020122948779,0.420009494420831,0.416062878344377,0.412174651429917,0.408340278836961,0.404556102340811,0.400819128369626,0.397126839361779,0.393477042516005,0.389867760951989,0.386297165268728,0.382763539033884,0.379265269666338,0.375800855934305,0.372368924244285,0.368968247473256,0.365597761864453,0.362256579178062,0.358943992700355,0.355659476802007,0.352402680496778,0.349173415922028,0.345971642897193,0.342797450774495,0.339651038733,0.336532695529214,0.333442779541657,0.330381699760048,0.327349898190139,0.324347833984042,0.321375969468835,0.318434758135105,0.315524634561226,0.312646006186223,0.309799246800913,0.306984691600194,0.30420263362565,0.301453321423821,0.298736957749118,0.296053699148999,0.29340365628105,0.290786894825498,0.288203436871404,0.285653262669584,0.283136312659568,0.280652489691312,0.278201661374734,0.275783662501267,0.273398297491524,0.271045342831898,0.268724549470462,0.266435645149028,0.264178336653768,0.261952311971434,0.259757242342127,0.257592784202746,0.255458581017904,0.253354264997203,0.251279458699444,0.249233776525709,0.247216826104232,0.245228209570774,0.243267524748756,0.241334366233787,0.239428326387467,0.237548996245471,0.235695966344936,0.233868827476169,0.232067171363558,0.230290591280468,0.228538682602711,0.226811043305006,0.225107274404622,0.223426980356208,0.221769769401568,0.220135253877941,0.218523050488118,0.216932780535522,0.21536407012718,0.213816550347284,0.212289857403904,0.210783632751184,0.209297523189211,0.207831180943576,0.206384263726496,0.204956434781219,0.203547362911309,0.202156722496273,0.200784193494884,0.199429461437437,0.198092217408086,0.196772158018297,0.195468985372391,0.194182407026051,0.192912135938589,0.191657890419723,0.190419394071535,0.189196375726214,0.187988569380152,0.186795714124904,0.185617554075472,0.184453838296344,0.183304320725653,0.182168760097827,0.181046919865029,0.179938568117678,0.178843477504307,0.177761425150993,0.176692192580558,0.17563556563175,0.174591334378541,0.173559293049729,0.17253923994894,0.171530977375189,0.170534311544067,0.169549052509679,0.168575014087398,0.167612013777507,0.166659872689805,0.165718415469213,0.164787470222439,0.163866868445735,0.162956444953784,0.162056037809733,0.161165488256414,0.160284640648741,0.159413342387329,0.158551443853308,0.157698798344374,0.156855262012049,0.156020693800165,0.155194955384564,0.154377911114013,0.15356942795232,0.152769375421644,0.151977625546995,0.151194052801898,0.150418534055224,0.149650948519162,0.148891177698316,0.148139105339921,0.147394617385155,0.146657601921525,0.14592794913632,0.145205551271102,0.144490302577224,0.143782099272354,0.143080839497987,0.142386423277922,0.141698752477688,0.141017730764907,0.140343263570556,0.139675258051133,0.139013623051689,0.138358269069718,0.137709108219881,0.137066054199548,0.136429022255145,0.135797929149276,0.135172693128609,0.134553233892519,0.133939472562447,0.133331331651984,0.132728735037642,0.132131607930311,0.131539876847378,0.130953469585495,0.13037231519398,0.129796343948832,0.12922548732736,0.128659677983386,0.128098849723034,0.127542937481076,0.126991877297823,0.126445606296552,0.125904062661451,0.12536718561608,0.124834915402316,0.124307193259792,0.123783961405799,0.123265163015658,0.122750742203529,0.122240644003669,0.121734814352113,0.121233200068767,0.120735748839914,0,0.493834356315645,0.488278835659012,0.48275794702874,0.47729568617824,0.471933661238723,0.466706289604013,0.461631958233279,0.456714649404164,0.451948867561786,0.447324149938041,0.442828066360515,0.438447889307639,0.434171443692515,0.429987541524364,0.425886215164865,0.421858828609387,0.41789808808824,0.413997963527475,0.41015354071942,0.406360832236121,0.402616576673126,0.398918051080877,0.395262913294781,0.391649082194357,0.388074656616916,0.384537868567692,0.381037063563313,0.37757070003178,0.374137360114662,0.370735765430624,0.367364792916913,0.364023487448546,0.360711069346107,0.357426936023506,0.354170657868411,0.350941969007641,0.347740753929563,0.344567031067373,0.341420934442954,0.33830269437728,0.335212618127903,0.332151071146098,0.329118459476402,0.326115213663009,0.32314177438873,0.320198579956429,0.317286055630727,0.314404604787871,0.311554601771627,0.308736386319872,0.305950259407093,0.303196480339388,0.300475264938124,0.297786784653837,0.295131166461485,0.292508493400143,0.289918805633643,0.287362101922465,0.284838341410923,0.282347445646769,0.279889300762525,0.277463759759086,0.275070644842102,0.272709749770631,0.270380842185301,0.268083665890017,0.265817943067047,0.26358337641023,0.261379651165233,0.2592064370692,0.257063390185021,0.25495015462776,0.252866364182675,0.250811643815739,0.248785611078759,0.246787877412072,0.244818049348484,0.242875729622575,0.240960518189833,0.239072013160292,0.237209811651399,0.235373510564917,0.233562707292561,0.231777000355009,0.230015989978774,0.228279278615271,0.226566471406219,0.224877176599335,0.223211005918072,0.22156757488894,0.219946503129752,0.218347414601927,0.216769937829787,0.215213706089592,0.213678357570873,0.212163535512442,0.210668888315289,0.209194069634426,0.207738738451564,0.206302559130406,0.204885201456152,0.203486340660732,0.202105657435155,0.200742837930225,0.199397573746817,0.198069561916772,0.196758504875416,0.19546411042659,0.194186091701039,0.192924167108913,0.19167806028707,0.190447500041838,0.189232220287786,0.188031959983065,0.186846463061784,0.185675478363863,0.184518759562768,0.183376065091492,0.182247158067104,0.181131806214174,0.180029781787339,0.178940861493256,0.177864826412166,0.176801461919261,0.175750557606037,0.174711907201792,0.173685308495413,0.17267056325758,0.171667477163497,0.170675859716257,0.169695524170925,0.168726287459422,0.16776797011627,0.166820396205271,0.165883393247159,0.164956792148273,0.164040427130298,0.163134135661084,0.162237758386593,0.161351139063978,0.160474124495814,0.159606564465502,0.158748311673838,0.157899221676766,0.157059152824314,0.156227966200708,0.155405525565663,0.154591697296847,0.153786350333516,0.152989356121295,0.152200588558114,0.151419923941277,0.15064724091565,0.149882420422962,0.149125345652194,0.148375901991048,0.147633976978484,0.146899460258293,0.146172243533701,0.145452220522992,0.144739286916109,0.144033340332247,0.143334280278387,0.142642008108785,0.141956426985365,0.141277441839026,0.140604959331831,0.139938887820058,0.139279137318102,0.138625619463202,0.137978247480992,0.137336936151827,0.136701601777906,0.13607216215114,0.135448536521768,0.134830645567704,0.13421841136458,0.133611757356495,0.133010608327437,0.132414890373361,0.131824530874921,0.131239458470828,0.130659603031823,0.130084895635257,0.12951526854025,0.128950655163431,0.128390990055228,0.127836208876718,0.127286248376991,0.126741046371051,0.126200541718215,0.125664674301007,0.12513338500454,0.124606615696366,0.124084309206787,0.123566409309612,0.123052860703351,0.122543608992847,0.122038600671306,0.121537783102751,0,0.495915483647097,0.490411788157606,0.484920608668883,0.479470649843942,0.474102961639894,0.468854797882675,0.463749466658143,0.45879583488758,0.453992182847116,0.44933054473938,0.444799958635152,0.440388461747352,0.436084193560606,0.43187599214308,0.427753725998582,0.423708472016451,0.419732578933413,0.415819633810392,0.411964350918297,0.408162409112318,0.404410266408476,0.40070497746732,0.39704403285854,0.393425230883784,0.389846585366822,0.386306267261646,0.382802574474653,0.379333922735082,0.375898850225587,0.372496029498144,0.3691242815038,0.365782588017711,0.362470100115674,0.35918614152509,0.355930206577314,0.352701953126342,0.349501191198541,0.346327868342606,0.343182052705603,0.340063914814418,0.336973708930768,0.3339117547026,0.330878419678061,0.327874103095907,0.324899221228055,0.32195419443139,0.31903943596874,0.316155342583007,0.313302286752034,0.310480610512413,0.307690620715357,0.304932585564237,0.302206732278725,0.299513245732578,0.296852267918835,0.294223898106167,0.291628193561924,0.289065170730194,0.286534806766126,0.284037041340434,0.281571778639993,0.279138889501537,0.27673821362558,0.274369561826748,0.27203271828471,0.269727442766896,0.267453472800256,0.265210525774484,0.262998300963542,0.260816481456002,0.258664735987824,0.256542720673687,0.254450080635098,0.252386451525136,0.250351460951023,0.24834472979675,0.246365873448759,0.244414502928273,0.242490225934283,0.240592647801475,0.238721372377543,0.236876002824409,0.235056142347869,0.233261394860146,0.231491365579686,0.229745661572471,0.228023892238891,0.226325669750094,0.224650609437537,0.222998330139252,0.221368454506156,0.219760609271566,0.218174425486837,0.2166095387259,0.215065589261277,0.213542222213974,0.212039087679502,0.210555840832087,0.209092142009029,0.207647656776971,0.206222055981748,0.204815015783354,0.20342621767742,0.202055348504516,0.200702100448486,0.199366171024903,0.198047263060671,0.196745084665705,0.195459349197545,0.19418977521968,0.192936086454324,0.191698011730272,0.190475284926463,0.189267644911789,0.188074835481652,0.186896605291724,0.185732707789342,0.184582901142892,0.183446948169556,0.182324616261707,0.181215677312258,0.180119907639211,0.179037087909632,0.177967003063287,0.17690944223609,0.175864198683572,0.17483106970449,0.173809856564737,0.172800364421661,0.171802402248906,0.170815782761868,0.169840322343858,0.168875840973037,0.167922162150199,0.166979112827446,0.16604652333782,0.16512422732592,0.164212061679547,0.163309866462408,0.162417484847895,0.161534763053973,0.16066155027918,0.159797698639753,0.158943063107895,0.158097501451185,0.157260874173121,0.156433044454815,0.155613878097829,0.154803243468135,0.154001011441217,0.153207055348281,0.152421250923583,0.15164347625285,0.150873611722792,0.150111539971688,0.149357145841021,0.148610316328176,0.147870940540146,0.147138909648269,0.14641411684395,0.145696457295366,0.144985828105141,0.144282128268952,0.143585258635079,0.142895121864852,0.142211622394005,0.141534666394888,0.140864161739555,0.140200017963682,0.139542146231306,0.138890459300381,0.138244871489108,0.137605298643047,0.136971658102982,0.136343868673518,0.135721850592408,0.135105525500578,0.134494816412847,0.133889647689319,0.13328994500743,0.132695635334645,0.132106646901775,0.131522909176917,0.130944352839983,0.130370909757824,0.129802512959918,0.12923909661462,0.128680596005951,0.12812694751093,0.127578088577409,0.127033957702431,0.126494494411066,0.125959639235744,0.125429333696048,0.12490352027897,0.124382142419619,0.12386514448236,0.123352471742385,0.122844070367694,0.122339887401492,0,0.497941995394614,0.492508630429085,0.487056743320905,0.4816268387003,0.476260788911603,0.470998153707988,0.465866629009739,0.46087986289552,0.456040125173485,0.451342278888523,0.446777149261928,0.442333793636065,0.438000855638019,0.433767337738154,0.429623046131737,0.425558844550438,0.421566775466626,0.417640074570884,0.413773099236219,0.409961195780511,0.406200533261312,0.40248792990515,0.398820692745961,0.395196483689624,0.39161321798267,0.388068995188409,0.384562058769806,0.381090778211361,0.377653646945471,0.37424928973642,0.370876474186587,0.36753412231282,0.364221319443961,0.360937318855445,0.357681541503248,0.354453570922749,0.351253143830711,0.348080137243048,0.344934553038853,0.341816500904216,0.338726180515507,0.335663863702706,0.332629877193221,0.329624586393182,0.32664838052819,0.323701659345882,0.320784821481935,0.317898254510116,0.315042326634805,0.312217379939278,0.309423725072449,0.306661637238333,0.303931353343578,0.301233070156931,0.298566943338397,0.295933087203495,0.29333157509814,0.290762440271142,0.288225677143403,0.285721242884966,0.283249059222703,0.280809014412432,0.278400965319308,0.276024739559505,0.273680137664378,0.271366935235459,0.269084885064972,0.266833719201935,0.264613150948562,0.262422876775624,0.260262578148688,0.258131923259934,0.256030568662458,0.253958160805852,0.251914337473288,0.249898729121521,0.247910960126122,0.245950649934959,0.244017414133433,0.242110865425344,0.2402306145335,0.238376271024303,0.236547444060619,0.2347437430872,0.232964778452903,0.231210161973798,0.229479507441195,0.227772431078387,0.226088551949822,0.224427492326177,0.222788878008663,0.221172338615684,0.219577507834814,0.218004023642854,0.216451528496563,0.214919669496497,0.213408098526215,0.211916472368955,0.210444452803749,0.208991706682787,0.207557905991713,0.20614272789442,0.204745854763786,0.203366974199673,0.202005779035428,0.200661967334014,0.199335242374808,0.198025312632041,0.196731891745737,0.195454698485982,0.194193456711255,0.192947895321495,0.191717748206544,0.190502754190514,0.189302656972622,0.188117205064944,0.186946151727542,0.185789254901351,0.184646277139179,0.183516985535164,0.182401151652963,0.181298551452972,0.180208965218779,0.179132177483121,0.1780679769535,0.177016156437664,0.175976512769106,0.174948846732723,0.173932962990775,0.172928670009247,0.171935779984725,0.17095410877188,0.169983475811633,0.169023704060079,0.168074619918229,0.167136053162625,0.166207836876877,0.16528980738416,0.164381804180702,0.163483669870306,0.162595250099905,0.161716393496196,0.160846951603345,0.159986778821791,0.15913573234815,0.158293672116215,0.157460460739075,0.156635963452331,0.15582004805842,0.155012584872035,0.154213446666639,0.153422508622065,0.152639648273185,0.151864745459651,0.151097682276681,0.15033834302689,0.149586614173145,0.148842384292434,0.148105544030726,0.147375986058825,0.146653605029177,0.145938297533635,0.145229962062156,0.144528498962416,0.143833810400321,0.143145800321408,0.142464374413107,0.141789440067858,0.141120906347052,0.140458683945799,0.139802685158489,0.139152823845131,0.138509015398468,0.137871176711835,0.137239226147748,0.136613083507218,0.135992669999759,0.135377908214085,0.134768722089475,0.134165036887802,0.133566779166186,0.132973876750286,0.132386258708202,0.131803855324966,0.131226598077622,0.13065441961088,0.130087253713313,0.12952503529411,0.128967700360353,0.128415185994813,0.127867430334251,0.12732437254821,0.126785952818296,0.12625211231792,0.125722793192504,0.125197938540134,0.124677492392649,0.124161399697155,0.12364960629796,0.123142058918912,0,0.499911079295276,0.494565039588581,0.489163045340652,0.483761336652557,0.478404388180742,0.473133883982364,0.467981413089606,0.462965212134066,0.458091663043315,0.4533587382056,0.448759354088152,0.444283849232137,0.439921573761024,0.43566184584877,0.431494521986839,0.427410336037724,0.423401083722148,0.419459688446081,0.415580172181133,0.41175755580608,0.407987715760781,0.404267223186977,0.400593187407359,0.396963119069969,0.393374821340095,0.389826311486626,0.386315770766861,0.382841517799871,0.379401999422173,0.37599579296705,0.372621614598085,0.369278329405606,0.365964960171979,0.362680692846088,0.359424877734172,0.356197026167772,0.352996802945937,0.349824015188913,0.346678598418508,0.343560600734091,0.340470165919294,0.337407516224546,0.334372935450123,0.331366752822721,0.328389328029088,0.325441037651727,0.322522263148867,0.319633380435927,0.316774751058537,0.313946714896671,0.311149584303678,0.308383639560645,0.305649125513385,0.302946249254161,0.300275178711117,0.297636042013626,0.295028927509956,0.292453884323729,0.289910923346658,0.28740001857645,0.284921108719941,0.282474098992258,0.280058863052812,0.277675245028092,0.27532306157951,0.273002103981904,0.270712140184784,0.268452916834035,0.266224161236678,0.264025583255378,0.261856877122963,0.259717723170108,0.257607789461792,0.255526733340159,0.253474202873015,0.251449838208514,0.249453272837626,0.247484134766757,0.245542047603519,0.243626631559077,0.241737504370814,0.239874282149239,0.238036580153207,0.236224013497496,0.234436197796838,0.232672749750363,0.23093328767037,0.229217431959181,0.227524805537693,0.225855034229091,0.224207747101025,0.222582576769348,0.220979159666384,0.219397136276497,0.217836151341562,0.216295854038781,0.214775898133136,0.213275942106602,0.211795649266096,0.210334687832024,0.208892731009123,0.207469457041193,0.206064549251183,0.204677696068001,0.203308591041287,0.201956932845329,0.200622425273166,0.199304777221886,0.198003702670011,0.196718920647795,0.195450155201219,0.19419713535037,0.19295959504285,0.191737273102801,0.1905299131761,0.189337263672196,0.188159077703053,0.186995113019613,0.185845131946136,0.184708901312778,0.183586192386708,0.182476780802048,0.181380446488882,0.180296973601591,0.179226150446692,0.178167769410397,0.177121626886047,0.176087523201576,0.175065262547157,0.174054652903133,0.173055505968362,0.172067637089056,0.171090865188223,0.17012501269577,0.169169905479347,0.16822537277598,0.167291247124567,0.166367364299251,0.165453563243733,0.164549686006552,0.163655577677348,0.16277108632415,0.161896062931686,0.161030361340748,0.160173838188612,0.159326352850522,0.158487767382244,0.157657946463693,0.156836757343628,0.156024069785421,0.155219756013884,0.154423690663155,0.153635750725639,0.152855815501984,0.15208376655209,0.151319487647141,0.150562864722639,0.149813785832433,0.149072141103739,0.148337822693108,0.147610724743366,0.146890743341476,0.146177776477327,0.145471724003431,0.144772487595505,0.144079970713931,0.143394078566066,0.142714718069403,0.142041797815549,0.141375228035015,0.140714920562794,0.140060788804724,0.139412747704598,0.138770713712031,0.138134604751044,0.137504340189368,0.136879840808444,0.136261028774098,0.135647827607892,0.135040162159122,0.134437958577452,0.133841144286174,0.133249647956074,0.132663399479894,0.132082329947375,0.131506371620867,0.130935457911493,0.130369523355856,0.129808503593274,0.129252335343528,0.128700956385121,0.128154305534026,0.12761232262291,0.127074948480836,0.126542124913416,0.126013794683413,0.125489901491783,0.12497038995914,0.124455205607634,0.123944294843241,0,0.501820847192447,0.496576763384193,0.491236091094498,0.485871185527136,0.480530987450115,0.475259457352718,0.470091673547257,0.465050212349193,0.460145606024403,0.455379158767358,0.450746158330138,0.446238484353594,0.441846404934963,0.437559716763164,0.433368449897632,0.429263300899337,0.425235886508542,0.42127886450482,0.417385949876479,0.41355185124647,0.409772153789188,0.406043174690535,0.402361813911979,0.398725417361736,0.39513166305634,0.391578474806214,0.388063963192736,0.384586390414244,0.381144153880915,0.377735782942756,0.374359943479759,0.371015445925254,0.36770125335281,0.364416487332443,0.361160430226214,0.357932523380583,0.354732361262157,0.351559681983117,0.348414354898313,0.34529636606068,0.342205802329331,0.33914283486652,0.33610770266171,0.333100696603829,0.330122144501369,0.327172397334554,0.3242518169206,0.321360765085371,0.318499594363457,0.315668640193413,0.31286821453426,0.310098600801254,0.307360050001588,0.30465277794173,0.301976963375862,0.2993327469675,0.296720230942568,0.294139479320634,0.291590518620901,0.289073338950074,0.286587895389842,0.284134109612138,0.281711871660113,0.279321041841945,0.276961452692887,0.274632910968473,0.272335199638407,0.270068079856509,0.267831292887138,0.265624561972881,0.263447594131974,0.261300081877099,0.259181704849783,0.25709213136683,0.255031019876983,0.252998020327466,0.250992775441216,0.249014921906523,0.247064091481498,0.245139912016339,0.243242008396706,0.241370003411831,0.239523518551121,0.237702174733109,0.235905592970626,0.23413339497604,0.232385203710344,0.230660643879752,0.228959342383369,0.227280928715338,0.225625035324722,0.223991297936222,0.222379355834677,0.220788852116105,0.219219433907908,0.217670752560698,0.216142463814028,0.214634227938189,0.213145709854081,0.211676579233008,0.210226510578156,0.20879518328935,0.207382281712601,0.205987495175808,0.204610518011922,0.203251049570736,0.201908794220405,0.200583461339705,0.199274765301952,0.197982425451446,0.196706166073218,0.195445716356816,0.194200810354772,0.192971186936384,0.191756589737346,0.190556767105759,0.189371472044975,0.188200462153704,0.18704349956378,0.185900350875928,0.184770787093879,0.183654583557094,0.182551519872404,0.181461379844771,0.180383951407419,0.179319026551521,0.178266401255622,0.17722587541497,0.176197252770883,0.175180340840307,0.174174950845665,0.173180897645108,0.172197999663262,0.171226078822553,0.170264960475191,0.169314473335862,0.168374449415201,0.167444723954091,0.166525135358821,0.165615525137156,0.164715737835338,0.16382562097605,0.16294502499736,0.162073803192672,0.161211811651682,0.160358909202368,0.159514957354003,0.158679820241209,0.157853364569049,0.157035459559153,0.15622597689688,0.155424790679513,0.154631777365475,0.153846815724566,0.153069786789206,0.152300573806675,0.151539062192348,0.150785139483899,0.150038695296474,0.149299621278811,0.1485678110703,0.147843160258964,0.147125566340354,0.146414928677327,0.145711148460712,0.145014128670839,0.144323774039905,0.143639991015187,0.142962687723061,0.142291773933822,0.141627161027296,0.140968761959215,0.140316491228345,0.139670264844358,0.139030000296421,0.138395616522496,0.13776703387933,0.137144174113126,0.13652696033087,0.135915316972316,0.135309169782598,0.134708445785458,0.134113073257094,0.133522981700584,0.132938101820899,0.132358365500476,0.131783705775348,0.131214056811811,0.130649353883617,0.130089533349685,0.129534532632312,0.128984290195878,0.128438745526027,0.127897839109323,0.127361512413352,0.126829707867284,0.12630236884286,0.125779439635808,0.12526086544768,0.124746592368084,0,0.503667885967492,0.498539813711333,0.493272426803192,0.487953393671069,0.482637802718894,0.477372300595204,0.472195172142283,0.467133060559064,0.462200613860272,0.457402629499696,0.452737014691779,0.448197442009319,0.44377531385981,0.439461077738149,0.435245070451985,0.431118052866248,0.427071538669349,0.42309797418384,0.419190802757363,0.415344440135975,0.411554186825219,0.407816103298897,0.404126871427539,0.400483660683748,0.396884011679871,0.393325743659527,0.389806887591539,0.386325642928422,0.38288035393325,0.379469500547715,0.376091698760868,0.37274570601841,0.369430428104753,0.366144924918623,0.362888413501504,0.35966026748131,0.356460012723369,0.35328731943244,0.350141991239116,0.347023951958524,0.343933230759414,0.340869946457257,0.337834291572006,0.334826516691071,0.331846915567078,0.328895811269751,0.32597354360933,0.32308045795983,0.320216895535994,0.317383185118457,0.314579636176458,0.311806533304972,0.309064131871527,0.30635265475535,0.303672290055995,0.301023189648539,0.298405468466403,0.295819204399627,0.293264438704953,0.290741176833629,0.288249389592834,0.285789014566527,0.283359957731134,0.28096209521046,0.278595275122576,0.276259319478942,0.273954026102832,0.271679170540061,0.269434507940316,0.267219774891876,0.265034691196454,0.262878961574187,0.260752277291622,0.258654317707856,0.256584751735972,0.254543239218467,0.252529432216651,0.250542976215057,0.248583511242669,0.246650672913411,0.244744093388823,0.242863402266132,0.241008227395216,0.239178195628047,0.237372933504283,0.235592067876703,0.233835226480106,0.232102038447264,0.230392134775382,0.228705148746429,0.227040716304544,0.225398476393595,0.22377807125781,0.222179146708241,0.220601352357679,0.21904434182648,0.217507772921603,0.215991307791039,0.21449461305564,0.213017359920246,0.211559224265863,0.210119886724541,0.208699032738449,0.20729635260459,0.205911541506426,0.204544299533658,0.20319433169125,0.201861347898748,0.200545062980838,0.19924519665002,0.197961473482216,0.196693622886041,0.195441379066433,0.194204480983264,0.19298267230551,0.191775701361505,0.190583321085767,0.189405288962834,0.188241366968524,0.187091321508972,0.185954923357794,0.184831947591692,0.183722173524753,0.182625384641724,0.181541368530482,0.180469916813911,0.179410825081365,0.178363892819907,0.177328923345471,0.176305723734069,0.175294104753207,0.174293880793574,0.17330486980115,0.172326893209788,0.171359775874368,0.170403346004591,0.169457435099466,0.168521877882553,0.167596512238014,0.166681179147491,0.165775722627876,0.164879989669981,0.163993830178139,0.16311709691076,0.16224964542186,0.161391334003563,0.160542023629605,0.159701577899834,0.15886986298571,0.158046747576815,0.157232102828368,0.156425802309736,0.155627721953954,0.154837740008225,0.154055736985417,0.153281595616535,0.152515200804151,0.151756439576806,0.151005201044352,0.150261376354224,0.149524858648644,0.148795543022721,0.148073326483464,0.147358107909654,0.146649788012604,0.145948269297757,0.145253456027127,0.144565254182565,0.143883571429826,0.143208317083437,0.142539402072331,0.141876738906257,0.141220241642927,0.140569825855896,0.139925408603167,0.139286908396485,0.138654245171335,0.138027340257597,0.137406116350872,0.136790497484443,0.136180409001876,0.135575777530226,0.134976530953859,0.134382598388851,0.133793910157971,0.133210397766223,0.132631993876944,0.132058632288433,0.131490247911105,0.13092677674517,0.1303681558588,0.129814323366791,0.129265218409706,0.128720781133482,0.128180952669492,0.12764567511506,0.127114891514402,0.126588545840002,0.126066582974388,0.125548948692333,0,0.505452029469873,0.500450985754126,0.495268696900999,0.490004959907512,0.484722045010084,0.479469812841371,0.474289596801249,0.469211837978698,0.464255207404221,0.459428096796689,0.454731243173208,0.450160349231436,0.445708168227187,0.441365977678732,0.437124563083328,0.43297485979412,0.428908362329028,0.424917367117599,0.420995088089573,0.417135673745694,0.413334151939315,0.409586328073237,0.405888660472265,0.402238132646153,0.398632136727945,0.395068376664275,0.391544794666197,0.388059520531989,0.384610840884488,0.381197184017795,0.377817115671575,0.374469341350783,0.371152711508423,0.367866226784523,0.364609041383918,0.361380463475566,0.358179952152579,0.355007110986714,0.351861678549478,0.348743516474337,0.345652595727106,0.342588981762141,0.339552819195979,0.336544316549348,0.333563731510185,0.33061135706732,0.327687508765598,0.324792513244081,0.321926698142464,0.319090383398142,0.316283873907245,0.313507453486342,0.310761380045895,0.30804588187023,0.305361154890041,0.302707360830596,0.300084626120511,0.297493041450812,0.294932661881174,0.292403507398617,0.289905563843179,0.287438784124441,0.285003089662014,0.282598371991929,0.280224494489134,0.277881294163846,0.275568583496378,0.273286152281176,0.27103376945618,0.26881118489836,0.266618131170347,0.264454325206576,0.26231946993034,0.260213255795659,0.25813536224995,0.256085459115226,0.254063207886953,0.252068262950848,0.2501002727188,0.248158880685821,0.246243726410465,0.244354446421566,0.242490675054434,0.240652045219849,0.238838189109279,0.237048738839835,0.235283327042447,0.233541587396704,0.231823155115759,0.230127667384543,0.228454763754473,0.226804086497684,0.225175280923663,0.223567995661058,0.221981882907252,0.220416598648166,0.218871802850619,0.217347159629396,0.215842337391089,0.214357008956603,0.212890851664104,0.211443547454081,0.210014782938046,0.208604249452324,0.207211643098253,0.205836664770024,0.204479020171315,0.203138419821756,0.201814579054225,0.200507218003842,0.199216061589526,0.197940839488849,0.196681286106911,0.195437140539872,0.194208146533737,0.192994052438941,0.191794611161238,0.190609580109343,0.189438721139749,0.188281800499115,0.187138588764554,0.186008860782163,0.184892395604068,0.183788976424265,0.182698390513483,0.181620429153308,0.180554887569746,0.179501564866425,0.178460263957577,0.177430791500975,0.176412957830929,0.175406576891485,0.174411466169911,0.173427446630586,0.172454342649366,0.171491981948503,0.17054019553219,0.169598817622782,0.168667685597755,0.167746639927446,0.1668355241136,0.165934184628782,0.165042470856657,0.164160235033183,0.163287332188722,0.162423620091092,0.161568959189574,0.160723212559877,0.159886245850075,0.159057927227512,0.158238127326681,0.157426719198086,0.156623578258062,0.15582858223957,0.155041611143956,0.154262547193655,0.153491274785859,0.152727680447104,0.151971652788803,0.151223082463683,0.150481862123136,0.149747886375463,0.149021051744996,0.148301256632094,0.147588401273985,0.146882387706462,0.146183119726392,0.145490502855051,0.144804444302246,0.14412485293123,0.143451639224382,0.142784715249642,0.142123994627688,0.141469392499838,0.140820825496664,0.140178211707299,0.139541470649436,0.138910523239981,0.138285291766375,0.137665699858547,0.137051672461498,0.136443135808492,0.13584001739486,0.135242245952371,0.134649751424196,0.13406246494042,0.133480318794107,0.132903246417898,0.132331182361138,0.131764062267508,0.131201822853163,0.130644401885352,0.130091738161521,0.129543771488883,0.129000442664436,0.128461693455431,0.127927466580278,0.127397705689866,0.126872355349306,0.126351361020081,0,0.507175115309614,0.502307937491642,0.497221749754857,0.492022908493007,0.486780931071728,0.481549378627488,0.476372579388714,0.471284527176876,0.46630778099489,0.461454370996738,0.45672803257137,0.452126715196049,0.447644734896161,0.443274382373995,0.439007040988413,0.434833938640403,0.430746642177015,0.426737366907276,0.422799146349992,0.418925893649247,0.415112381562797,0.411354166690483,0.407647481943108,0.403989117862628,0.400376308563238,0.396806632665945,0.393277934539612,0.389788267041225,0.386335854027078,0.382919069170022,0.379536426881623,0.376186581144228,0.372868328543808,0.369580612533089,0.366322526772111,0.363093316171342,0.359892374931069,0.35671924139787,0.353573589939845,0.35045522028905,0.34736404493364,0.344300075188359,0.341263406554568,0.338254203921632,0.335272687078,0.332319116906554,0.329393782544767,0.3264969897024,0.323629050252144,0.320790273143346,0.317980956636522,0.315201381815967,0.31245180730836,0.309732465115367,0.307043557456219,0.304385254510595,0.301757692951406,0.29916097516002,0.296595169022006,0.294060308208729,0.291556392858415,0.289083390579035,0.286641237704166,0.284229840741552,0.281849077962186,0.279498801085306,0.277178837021568,0.274888989642873,0.272629041552857,0.270398755836921,0.268197877774921,0.266026136503294,0.263883246616557,0.261768909700761,0.259682815793739,0.257624644768833,0.255594067640358,0.253590747790301,0.251614342116758,0.249664502105455,0.247740874826286,0.245843103857303,0.243970830138958,0.242123692761609,0.240301329689503,0.238503378424529,0.236729476613048,0.234979262599143,0.233252375927527,0.231548457799331,0.229867151483844,0.228208102689208,0.226570959894913,0.224955374648832,0.223361001831383,0.221787499889277,0.220234531041162,0.218701761457363,0.217188861415744,0.215695505435637,0.214221372391613,0.21276614560879,0.211329512941233,0.209911166834892,0.208510804376455,0.207128127329343,0.205762842158028,0.204414660041749,0.203083296878617,0.201768473281031,0.200469914563268,0.199187350722006,0.197920516410533,0.196669150907279,0.195432998079304,0.194211806341295,0.193005328610587,0.19181332225869,0.190635549059746,0.189471775136323,0.188321770902905,0.18718531100741,0.186062174271043,0.184952143626761,0.183855006056595,0.18277055252807,0.181698577929926,0.180638881007324,0.179591264296715,0.178555534060536,0.177531500221847,0.176518976299062,0.175517779340879,0.174527729861497,0.173548651776238,0.172580372337628,0.171622722072027,0.17067553471687,0.169738647158566,0.168811899371114,0.167895134355473,0.166988198079733,0.166090939420107,0.165203210102776,0.164324864646614,0.163455760306811,0.1625957570194,0.161744717346711,0.160902506423763,0.16006899190558,0.159244043915465,0.158427534994208,0.157619340050241,0.156819336310733,0.156027403273627,0.155243422660601,0.154467278370965,0.15369885643647,0.152938044977025,0.152184734157325,0.151438816144351,0.15070018506577,0.149968736969182,0.149244369782238,0.14852698327359,0.147816479014675,0.147112760342316,0.146415732322123,0.145725301712686,0.145041376930542,0.144363868015901,0.143692686599123,0.143027745867928,0.142368960535321,0.141716246808229,0.14106952235682,0.14042870628451,0.139793719098625,0.139164482681716,0.138540920263512,0.137922956393489,0.137310516914059,0.136703528934346,0.13610192080455,0.135505622090878,0.134914563551042,0.13432867711029,0.133747895837983,0.13317215392468,0.132601386659749,0.132035530409463,0.13147452259559,0.130918301674455,0.130366807116471,0.12981997938612,0.129277759922381,0.128740091119593,0.128206916308735,0.127678179739127,0.12715382656053,0,0.508838686339218,0.504109019492567,0.499128714286442,0.494004332595801,0.488811699106979,0.483608380860617,0.478441712338148,0.473349029126044,0.468356615901612,0.463480134504081,0.458726443626139,0.454095930686247,0.449584677038677,0.445186170380144,0.440892546449129,0.436695450667897,0.432586620843982,0.428558266875658,0.424603297508429,0.420715428626896,0.416889201055021,0.413119933661293,0.40940363592706,0.405736901264882,0.402116798103251,0.398540770729544,0.395006556923024,0.391512125152984,0.388055630907687,0.384635389630533,0.381249862655741,0.377897652242586,0.374577502062643,0.371288300074981,0.368029081448607,0.364799029928263,0.361597476704878,0.358423896400363,0.355277900192141,0.352159226389625,0.349067728948514,0.346003364490312,0.34296617840656,0.339956290590823,0.336973881274702,0.334019177361492,0.331092439563519,0.328193950564379,0.325324004350125,0.322482896786737,0.319670917465989,0.316888342798181,0.314135430297288,0.311412413980721,0.308719500790694,0.306056867935664,0.303424661047157,0.300822993048155,0.298251943633102,0.295711559265516,0.293201853606491,0.290722808295334,0.2882743740119,0.285856471758375,0.283468994306211,0.281111807761336,0.278784753207687,0.276487648395347,0.274220289445228,0.271982452547219,0.269773895633103,0.267594360009411,0.265443571938605,0.263321244159869,0.261227077343132,0.259160761471977,0.257121977152731,0.255110396848451,0.2531256860376,0.251167504298138,0.249235506318448,0.247329342837095,0.245448661513806,0.243593107734408,0.24176232535263,0.239955957371853,0.238173646569947,0.23641503607035,0.234679769862546,0.23296749327503,0.231277853403791,0.229610499499226,0.227965083314312,0.226341259416729,0.224738685467515,0.223157022468681,0.22159593498213,0.220055091322029,0.218534163722721,0.217032828484094,0.21555076609622,0.214087661344962,0.212643203400122,0.211217085887615,0.209809006947034,0.208418669275882,0.207045780161662,0.205690051502914,0.204351199820225,0.203028946258148,0.201723016578908,0.200433141148684,0.199159054917224,0.197900497391474,0.196657212603837,0.195428949075663,0.194215459776483,0.193016502079491,0.191831837713711,0.190661232713272,0.189504457364163,0.188361286148805,0.187231497688776,0.186114874685957,0.185011203862372,0.183920275898963,0.182841885373515,0.181775830697922,0.180721914054997,0.179679941334957,0.178649722071765,0.177631069379429,0.176623799888408,0.175627733682211,0.174642694234301,0.173668508345381,0.172705006081143,0.171752020710555,0.170809388644736,0.169876949376477,0.168954545420469,0.168042022254247,0.167139228259928,0.166246014666735,0.165362235494356,0.164487747497155,0.163622410109252,0.162766085390482,0.161918637973253,0.16107993501031,0.160249846123399,0.15942824335286,0.158615001108116,0.157809996119096,0.157013107388555,0.156224216145313,0.155443205798393,0.15466996189206,0.153904372061744,0.153146325990858,0.152395715368472,0.151652433847865,0.150916377005924,0.150187442303378,0.149465529045872,0.148750538345854,0.148042373085264,0.147340937879021,0.146646139039286,0.14595788454049,0.145276083985119,0.144600648570235,0.143931491054724,0.143268525727255,0.14261166837494,0.14196083625268,0.141315948053175,0.140676923877604,0.140043685206941,0.139416154873909,0.138794257035544,0.138177917146375,0.137567061932192,0.13696161936439,0.136361518634889,0.135766690131605,0.135177065414462,0.13459257719194,0.134013159298139,0.133438746670355,0.132869275327144,0.132304682346883,0.131744905846796,0.131189884962451,0.1306395598277,0.130093871555075,0.129552762216606,0.129016174825064,0.128484053315623,0.127956342527915,0,0.510444454747887,0.505853128548794,0.500987058297166,0.495946444121369,0.490811630189482,0.48564421473152,0.480494564459794,0.475403179936151,0.470399894502456,0.4655039513184,0.460725413723372,0.456067268916949,0.451527552325667,0.447101129633244,0.44278104663393,0.438559496939223,0.434428494425193,0.430380325855492,0.426407837252015,0.422504591442405,0.418664926095212,0.414883938346645,0.411157420305573,0.407481767221961,0.403853876358907,0.400271049992615,0.396730911180842,0.393231336629514,0.389770407556214,0.386346377050271,0.38295765101667,0.379602779199082,0.376280452790846,0.372989505547176,0.369728915923099,0.366497808438651,0.363295453118933,0.360121262414103,0.356974785446355,0.353855699752448,0.350763800900673,0.347698990477239,0.344661262979003,0.341650692137194,0.338667417148262,0.335711629218197,0.332783558747179,0.329883463401049,0.327011617240348,0.324168301010408,0.321353793638809,0.318568364940086,0.315812269491512,0.313085741617191,0.310388991399372,0.30772220162459,0.305085525566526,0.302479085506283,0.299902971892839,0.297357243051012,0.294841925350402,0.292357013755951,0.289902472688429,0.28747823713097,0.285084213925402,0.28272028320948,0.280386299952906,0.278082095556361,0.275807479483444,0.273562240900519,0.27134615030399,0.269158961118501,0.267000411252963,0.264870224604312,0.262768112501401,0.2606937750836,0.258646902610434,0.25662717670013,0.254634271496131,0.252667854761665,0.250727588903231,0.248813131924532,0.246924138312839,0.245060259860162,0.243221146421875,0.241406446615607,0.239615808463345,0.237848879979744,0.236105309709659,0.234384747217877,0.232686843533989,0.231011251555256,0.229357626410235,0.22772562578583,0.226114910220304,0.224525143364693,0.222955992214916,0.221407127316777,0.219878222945903,0.218368957264569,0.216879012457234,0.215408074846481,0.213955834990976,0.212521987766921,0.21110623243441,0.209708272689962,0.208327816706457,0.206964577161579,0.205618271255806,0.204288620720911,0.202975351819866,0.201678195338965,0.20039688657293,0.199131165303703,0.197880775773569,0.196645466653205,0.195424991005207,0.194219106243597,0.193027574089774,0.191850160525334,0.190686635742155,0.189536774090098,0.188400354022652,0.187277158040829,0.186166972635578,0.185069588228967,0.183984799114365,0.182912403395831,0.181852202926889,0.180804003248878,0.179767613529018,0.178742846498337,0.177729518389589,0.176727448875268,0.175736461005844,0.174756381148276,0.173787038924926,0.172828267152918,0.171879901784021,0.170941781845114,0.170013749379279,0.169095649387573,0.168187329771515,0.167288641276327,0.166399437434943,0.165519574512843,0.164648911453689,0.163787309825822,0.162934633769612,0.162090749945665,0.161255527483925,0.160428837933642,0.159610555214233,0.158800555567034,0.157998717507925,0.157204921780858,0.156419051312252,0.155640991166271,0.154870628500975,0.154107852525326,0.153352554457057,0.152604627481389,0.151863966710574,0.151130469144283,0.150404033630794,0.14968456082899,0.148971953171157,0.148266114826555,0.147566951665764,0.14687437122578,0.146188282675864,0.145508596784112,0.144835225884754,0.144168083846149,0.143507086039476,0.142852149308105,0.14220319193763,0.141560133626562,0.140922895457653,0.140291399869852,0.13966557063088,0.139045332810393,0.138430612753753,0.137821338056355,0.137217437538539,0.136618841221037,0.136025480300972,0.13543728712838,0.134854195183253,0.134276139053083,0.133703054410908,0.133134877993832,0.132571547582028,0.132013001978194,0.131459180987466,0.130910025397774,0.130365476960625,0.129825478372312,0.12928997325553,0.1287589061414,0,0.511991850945326,0.507539437737649,0.502794625785589,0.497846626167875,0.492778075063094,0.487654303375229,0.482528696342352,0.477444767188055,0.472435714910528,0.467524277726372,0.462723763032114,0.458039887707824,0.453472812202575,0.449018954862896,0.444672429950259,0.440426114165694,0.436272408206025,0.432203764059444,0.428213033194223,0.424293675528367,0.420439859927566,0.416646482793829,0.412909129164887,0.409223998469732,0.405587813801368,0.401997729373733,0.398451246282922,0.394946142403505,0.391480418665619,0.388052261297912,0.384660017906594,0.381302184377721,0.377977399355249,0.374684443261536,0.371422239307534,0.368189854539306,0.364986499578803,0.36181152627064,0.358664422905403,0.355544807039897,0.352452416178004,0.349387096724751,0.346348791697762,0.343337527692913,0.340353401572016,0.337396567284925,0.33446722316872,0.331565599991995,0.328691949939339,0.325846536664233,0.323029626480274,0.320241480712054,0.317482349188171,0.314752464829319,0.312052039263147,0.309381259383428,0.306740284762977,0.304129245826261,0.301548242688018,0.298997344567145,0.296476589690141,0.29398598560458,0.291525509830108,0.289095110781722,0.286694708907459,0.284324197989673,0.281983446565871,0.279672299431304,0.277390579191262,0.275138087836201,0.272914608317441,0.270719906105286,0.26855373071495,0.266415817188813,0.264305887526172,0.262223652053934,0.260168810733604,0.258141054401558,0.256140065940894,0.254165521384276,0.252217090948064,0.250294439998738,0.248397229953185,0.246525119114862,0.244677763448146,0.242854817293446,0.241055934025786,0.239280766659686,0.237528968403176,0.23580019316384,0.234094096009688,0.232410333587665,0.23074856450248,0.229108449658383,0.227489652566388,0.225891839619369,0.224314680337292,0.222757847584786,0.22122101776309,0.219703870978332,0.218206091187968,0.216727366327089,0.215267388416226,0.213825853652138,0.212402462483008,0.210996919669349,0.20960893433185,0.208238219987293,0.206884494573602,0.205547480465005,0.204226904478207,0.202922497870434,0.201633996330104,0.200361139960868,0.199103673259662,0.197861345089393,0.196633908646835,0.195421121426228,0.19422274517908,0.193038545870608,0.191868293633215,0.190711762717374,0.189568731440265,0.188438982132479,0.18732230108305,0.186218478483113,0.185127308368393,0.184048588560751,0.182982120609001,0.181927709729146,0.180885164744228,0.179854298023919,0.178834925423992,0.177826866225798,0.176829943075854,0.175843981925641,0.174868811971698,0.173904265596096,0.172950178307361,0.172006388681903,0.171072738306019,0.170149071718504,0.169235236353926,0.168331082486596,0.167436463175268,0.166551234208598,0.165675254051377,0.164808383791579,0.163950487088213,0.163101430120014,0.162261081534976,0.161429312400733,0.160605996155799,0.159791008561659,0.15898422765573,0.158185533705178,0.157394809161589,0.156611938616502,0.155836808757789,0.15506930832688,0.154309328076821,0.153556760731173,0.152811500943718,0.152073445258994,0.151342492073614,0.150618541598397,0.149901495821262,0.149191258470905,0.148487734981229,0.147790832456525,0.147100459637379,0.146416526867312,0.145738946060126,0.145067630667944,0.144402495649941,0.143743457441746,0.143090433925498,0.14244334440056,0.141802109554858,0.141166651436849,0.140536893428094,0.139912760216431,0.139294177769732,0.138681073310238,0.138073375289445,0.137471013363551,0.136873918369432,0.136282022301147,0.135695258286963,0.135113560566872,0.134536864470614,0.133965106396167,0.133398223788726,0.132836155120126,0.132278839868725,0.131726218499725,0.131178232445919,0.130634824088869,0.130095936740484,0.129561514625005,0,0.513478351708236,0.509167368843542,0.504549669563179,0.499702484112331,0.494708485120949,0.489636115738669,0.484541675788497,0.479471545888561,0.474462105827524,0.469539473915398,0.464720201928238,0.460012832959811,0.455419802279622,0.450939245864483,0.446566503013069,0.442295270971894,0.438118452644284,0.434028759079937,0.430019121111091,0.426082951616806,0.42221429048993,0.418407859414892,0.414659051027722,0.410963874858654,0.407318879558734,0.403721067132968,0.400167810637088,0.396656782593936,0.393185897712276,0.389753270619899,0.386357187337749,0.382996088060875,0.379668558328451,0.3763733256788,0.373109259220028,0.369875370052399,0.366670811039564,0.363494874962959,0.360346990559218,0.357226716311417,0.354133732136678,0.351067829291909,0.348028898919816,0.345016919695094,0.342031945022196,0.33907409019629,0.336143519880387,0.333240436184179,0.330365067561176,0.327517658675326,0.324698461329724,0.321907726499843,0.319145697472642,0.316412604060704,0.313708657836502,0.311034048315162,0.308388940003404,0.305773470226757,0.30318774764557,0.300631851371734,0.298105830601769,0.295609704687119,0.293143463568707,0.29070706850955,0.288300453066144,0.28592352424616,0.283576163806609,0.28125822965279,0.278969557304125,0.276709961398149,0.274479237208686,0.272277162158401,0.270103497309617,0.267957988820513,0.265840369356619,0.263750359449905,0.261687668799818,0.259651997512339,0.257643037274566,0.255660472463537,0.25370398118898,0.251773236270464,0.249867906150074,0.24798765574222,0.246132147222566,0.244301040758365,0.242493995182682,0.24071066861511,0.23895071903167,0.237213804786645,0.235499585089031,0.233807720436337,0.23213787300833,0.230489707023311,0.228862889059374,0.227257088343036,0.2256719770075,0.224107230322724,0.222562526899332,0.221037548868327,0.219531982038433,0.21804551603279,0.216577844406623,0.215128664747411,0.213697678758966,0.212284592330776,0.210889115593812,0.209510962963995,0.208149853174364,0.206805509296973,0.20547765875541,0.204166033328828,0.202870369148266,0.201590406685997,0.200325890738594,0.199076570404327,0.197842199055485,0.196622534306148,0.195417337975912,0.19422637605,0.193049418636209,0.191886239919035,0.190736618111369,0.189600335404047,0.188477177913588,0.187366935628357,0.186269402353418,0.185184375654302,0.18411165679989,0.183051050704607,0.182002365870081,0.180965414326448,0.179940011573421,0.178925976521259,0.177923131431758,0.176931301859355,0.175950316592448,0.174980007595013,0.174020209948599,0.173070761794752,0.172131504277953,0.171202281489103,0.170282940409603,0.169373330856089,0.168473305425835,0.167582719442868,0.16670143090482,0.165829300430538,0.164966191208472,0.164111968945861,0.163266501818716,0.162429660422633,0.161601317724422,0.160781349014569,0.159969631860526,0.159166046060849,0.158370473600152,0.15758279860491,0.156802907300078,0.156030687966545,0.155266030899404,0.154508828367027,0.153758974570961,0.153016365606605,0.152280899424687,0.151552475793517,0.150830996262,0.150116364123426,0.149408484379988,0.14870726370805,0.148012610424137,0.147324434451636,0.146642647288199,0.145967161973839,0.145297893059706,0.14463475657752,0.143977670009662,0.143326552259916,0.14268132362482,0.142041905765654,0.141408221681021,0.140780195680029,0.140157753356044,0.139540821561023,0.138929328380399,0.138323203108515,0.137722376224588,0.137126779369201,0.136536345321306,0.135951007975727,0.135370702321156,0.134795364418624,0.134224931380448,0.133659341349633,0.133098533479718,0.132542447915072,0.131991025771612,0.131444209117941,0.130901940956898,0.130364165207503,0,0.514903100918898,0.510736718630444,0.506250869862022,0.501511890040011,0.496600445626589,0.491587186722406,0.486531093675531,0.48148125414733,0.476477041470256,0.471547816288726,0.466713339541768,0.461985043364214,0.457367763838647,0.452861506672171,0.448462988286359,0.444166864633639,0.439966659662539,0.435855442066797,0.431826301247452,0.427872664352557,0.42398848745766,0.420168348532443,0.416407466924078,0.412701671930489,0.409047340446781,0.40544132028308,0.401880851796604,0.398363496424802,0.394887077007523,0.391449631757972,0.388049381523188,0.384684708555129,0.381354144285312,0.378056363403061,0.374790181714145,0.371554555653375,0.36834858182082,0.365171495418825,0.362022666928697,0.3589015967502,0.355807907821713,0.352741336445325,0.349701721668782,0.34668899363879,0.343703161352713,0.340744300212553,0.337812539738862,0.334908051743238,0.332031039194285,0.329181725949063,0.326360347464033,0.323567142548499,0.320802346180686,0.318066183372123,0.315358864039427,0.312680578823295,0.310031495781449,0.307411757874486,0.304821481160099,0.302260753610897,0.299729634473446,0.297228154090224,0.294756314111588,0.292314088030908,0.289901421982482,0.287518235748366,0.285164423926639,0.282839857219692,0.280544383806862,0.278277830770937,0.276040005552859,0.273830697413195,0.271649678882777,0.269496707188211,0.267371525640921,0.265273864980841,0.263203444668101,0.261159974117827,0.259143153874751,0.257152676725623,0.255188228748463,0.25324949029859,0.251336136932057,0.24944784026769,0.247584268789375,0.245745088590558,0.243929964063187,0.242138558533489,0.2403705348471,0.238625555906116,0.236903285160668,0.235203387057612,0.233525527448875,0.231869373961968,0.230234596335069,0.228620866719031,0.22702785994855,0.225455253784636,0.223902729130433,0.222369970222331,0.220856664798189,0.219362504244418,0.217887183723541,0.216430402283759,0.21499186295197,0.213571272811568,0.212168343066295,0.210782789091293,0.209414330472473,0.208062691035197,0.206727598863221,0.205408786308782,0.204105989994632,0.202818950808774,0.201547413892606,0.200291128623095,0.199049848589605,0.197823331565902,0.196611339477862,0.195413638367336,0.194229998352607,0.193060193585838,0.191904002207864,0.190761206300675,0.189631591837884,0.188514948633468,0.187411070289037,0.186319754139863,0.185240801199891,0.184174016105917,0.183119207061124,0.182076185778128,0.181044767421687,0.180024770551211,0.17901601706318,0.178018332133599,0.177031544160576,0.176055484707118,0.175089988444218,0.174134893094323,0.173190039375221,0.172255270944425,0.171330434344103,0.170415378946584,0.169509956900496,0.168614023077562,0.167727435020086,0.166850052889156,0.165981739413581,0.165122359839587,0.164271781881281,0.163429875671903,0.162596513715865,0.161771570841594,0.160954924155181,0.160146452994836,0.159346038886152,0.158553565498183,0.157768918600324,0.156991986019999,0.156222657601149,0.155460825163515,0.154706382462707,0.153959225151058,0.153219250739252,0.152486358558711,0.151760449724748,0.151041427100459,0.150329195261354,0.149623660460714,0.148924730595664,0.148232315173951,0.147546325281411,0.146866673550124,0.146193274127237,0.145526042644444,0.144864896188113,0.144209753270053,0.1435605337989,0.142917159052114,0.142279551648584,0.14164763552181,0.14102133589367,0.140400579248753,0.139785293309238,0.139175407010328,0.1385708504762,0.137971554996492,0.137377453003286,0.1367884780486,0.136204564782357,0.135625648930844,0.135051667275629,0.134482557632942,0.133918258833494,0.133358710702747,0.132803854041595,0.132253630607478,0.1317079830959,0.13116685512234,0,0.516265175034965,0.512247637181419,0.507897327128279,0.503273016109845,0.498451708924028,0.493505139287993,0.488494580524602,0.483471628719849,0.478478456478338,0.473547510289237,0.468701693259555,0.463955356251931,0.459315836435986,0.454785145658356,0.450361522444812,0.446040718342025,0.441816999301517,0.437683894129755,0.433634734735801,0.429663028927391,0.425762699235295,0.421928215819351,0.418154648320979,0.414437659336951,0.410773459840342,0.407158743852484,0.403590616039264,0.40006652204028,0.396584187672204,0.393141570015306,0.38973682097896,0.386368262287489,0.38303436986436,0.379733765191422,0.376465211229666,0.373227610763296,0.370020005446483,0.36684157429722,0.363691630829765,0.360569618406263,0.357475103699908,0.354407768391619,0.35136739937505,0.348353877831303,0.345367167568451,0.342407303015172,0.339474377224967,0.336568530198078,0.333689937770735,0.330838801262143,0.328015338013009,0.325219772898304,0.322452330852913,0.319713230412433,0.317002678242625,0.314320864609326,0.311667959725299,0.309044110900539,0.306449440417107,0.303884044047721,0.301347990138239,0.298841319177145,0.296364043779595,0.29391614901892,0.291497593044447,0.289108307930565,0.286748200708175,0.284417154535497,0.282115029970914,0.279841666315713,0.277596882999386,0.275380480984513,0.273192244172105,0.271031940791756,0.268899324763941,0.266794137024455,0.264716106803247,0.26266495285183,0.260640384615126,0.258642103344974,0.256669803153686,0.254723172007006,0.252801892656606,0.250905643512863,0.249034099459201,0.247186932609625,0.245363813011416,0.243564409295134,0.241788389274248,0.240035420496817,0.238305170751659,0.236597308531507,0.234911503455599,0.233247426654133,0.231604751116936,0.229983152008665,0.228382306952722,0.226801896286026,0.225241603286657,0.223701114376304,0.222180119299356,0.220678311280346,0.219195387161408,0.217731047521265,0.216284996777204,0.214856943271389,0.213446599342778,0.212053681385839,0.210677909897155,0.209319009510965,0.207976709024588,0.206650741414634,0.205340843844816,0.204046757666143,0.202768228410206,0.201505005776203,0.200256843612329,0.199023499892089,0.197804736686053,0.196600320129527,0.195410020386598,0.194233611610951,0.193070871903828,0.191921583269488,0.190785531568469,0.189662506468957,0.188552301396522,0.187454713482459,0.18636954351097,0.18529659586538,0.184235678473588,0.183186602752895,0.182149183554404,0.18112323910709,0.180108590961708,0.179105063934615,0.178112486051649,0.177130688492132,0.176159505533092,0.175198774493786,0.174248335680581,0.173308032332265,0.172377710565837,0.171457219322827,0.170546410316185,0.16964513797778,0.16875325940655,0.167870634317306,0.16699712499025,0.166132596221194,0.165276915272527,0.164429951824918,0.16359157792979,0.162761667962557,0.161940098576637,0.161126748658256,0.160321499282025,0.159524233667308,0.158734837135376,0.157953197067345,0.15717920286289,0.156412745899743,0.155653719493957,0.154902018860936,0.154157541077228,0.153420185043063,0.152689851445638,0.151966442723134,0.151249863029463,0.150540018199721,0.149836815716353,0.149140164676013,0.148449975757107,0.147766161188007,0.147088634715932,0.146417311576477,0.145752108463784,0.145092943501345,0.144439736213413,0.143792407497033,0.143150879594654,0.142515076067338,0.14188492176853,0.141260342818397,0.140641266578713,0.140027621628286,0.13941933773891,0.13881634585184,0.138218578054762,0.137625967559276,0.13703844867885,0.136455956807255,0.13587842839747,0.135305800941031,0.134738012947835,0.13417500392638,0.133616714364421,0.133063085710057,0.132514060353215,0.131969581607537,0,0.51756721578374,0.513700779146344,0.509488536719539,0.504984354653923,0.50026022549906,0.495387707916008,0.4904298239129,0.485440420568125,0.480464260763443,0.475536703572316,0.470683699017791,0.465922514474709,0.461263061560539,0.456709476568398,0.452261655491509,0.44791657903998,0.443669376782355,0.439514143011302,0.43544454016983,0.431454227772849,0.427537149929327,0.423687709660135,0.419900854932777,0.416172099115434,0.412497496394154,0.408873590003206,0.405297347816721,0.401766096211567,0.398277459527199,0.394829309263136,0.391419724589427,0.388046963884157,0.384709445827327,0.38140573797325,0.378134550560578,0.374894733462649,0.371685274507462,0.36850529780704,0.365354061157515,0.362230951956446,0.35913548140605,0.356067277019401,0.353026073621839,0.350011703149111,0.347024083598323,0.344063207499743,0.341129130258888,0.338221958679592,0.335341839928686,0.332488951148241,0.329663489867115,0.326865665313026,0.324095690681764,0.32135377638232,0.318640124246031,0.315954922664054,0.313298342599886,0.310670534411692,0.308071625411779,0.30550171808703,0.302960888903568,0.300449187620686,0.297966637042516,0.29551323314049,0.293088945484985,0.29069371793022,0.288327469502275,0.28599009544587,0.283681468390992,0.281401439605694,0.279149840306135,0.276926482999363,0.274731162838251,0.27256365897154,0.270423735875079,0.268311144653059,0.266225624300411,0.264166902919622,0.262134698886919,0.260128721964297,0.258148674355092,0.256194251701851,0.254265144026086,0.252361036610236,0.250481610822681,0.248626544887127,0.246795514598006,0.244988193983812,0.243204255920476,0.241443372696998,0.239705216535667,0.23798946006921,0.236295776777226,0.23462384138426,0.232973330221794,0.231343921556407,0.229735295886283,0.228147136208141,0.2265791282566,0.225030960717899,0.223502325419796,0.221992917499357,0.220502435550296,0.219030581751393,0.217577061977443,0.216141585894105,0.21472386703794,0.213323622882813,0.2119405748938,0.210574448569636,0.209224973474685,0.207891883261325,0.20657491568361,0.20527381260298,0.203988319986752,0.202718187900062,0.201463170491883,0.200223025975708,0.198997516605407,0.197786408646781,0.196589472345244,0.195406481890071,0.194237215375579,0.193081454759623,0.191938985819708,0.190809598107035,0.189693084898749,0.188589243148654,0.187497873436604,0.186418779916807,0.185351770265226,0.184296655626248,0.183253250558795,0.182221372982014,0.18120084412069,0.180191488450492,0.179193133643174,0.178205610511822,0.177228752956241,0.176262397908566,0.175306385279164,0.1743605579029,0.173424761485815,0.17249884455228,0.171582658392666,0.17067605701157,0.169778897076642,0.168891037868023,0.168012341228456,0.167142671514054,0.166281895545778,0.165429882561621,0.164586504169525,0.163751634301029,0.162925149165672,0.162106927206145,0.161296849054203,0.16049479748734,0.159700657386223,0.158914315692893,0.158135661369725,0.157364585359143,0.156600980544089,0.155844741709251,0.155095765503017,0.154353950400181,0.153619196665367,0.152891406317183,0.152170483093085,0.151456332414938,0.150748861355286,0.150047978604293,0.149353594437367,0.14866562068345,0.147983970693956,0.147308559312355,0.146639302844401,0.14597611902896,0.145318927009475,0.144667647306011,0.144022201787904,0.143382513646978,0.142748507371338,0.142120108719713,0.141497244696355,0.140879843526461,0.140267834632125,0.139661148608813,0.139059717202324,0.138463473286259,0.13787235083997,0.137286284926971,0.136705211673833,0.13612906824951,0.135557792845127,0.134991324654187,0.134429603853214,0.133872571582806,0.133320169929095,0.132772341905606,0,0.518814344123631,0.515097100238151,0.511024326981723,0.506644724874142,0.502024171276599,0.497232762594829,0.492334586692458,0.487385410563548,0.482432354297434,0.477513499402389,0.47265772222851,0.467885174200481,0.463208387288705,0.458633720482951,0.45416285065569,0.449794115870325,0.44552363002141,0.44134616007326,0.437255790373595,0.433246407349506,0.429312036335725,0.4254470584628,0.421646332435133,0.417905243838846,0.414219702624151,0.410586107009202,0.407001289074643,0.403462453932267,0.39996712089428,0.396513071880727,0.393098309628016,0.389721026224361,0.38637958110999,0.383072486873247,0.379798400835709,0.376556120423262,0.373344580545068,0.370162851546805,0.367010136689998,0.363885768481555,0.360789203503098,0.357720015651754,0.354677887898285,0.3516626027986,0.348674032069261,0.345712125567442,0.342776900011912,0.339868427754371,0.336986825868732,0.334132245776819,0.331304863577958,0.328504871200812,0.32573246845122,0.322987855991029,0.320271229250695,0.317582773252717,0.314922658303423,0.312291036496597,0.309688038963193,0.307113773796129,0.304568324577137,0.30205174943313,0.299564080551974,0.297105324091241,0.294675460418256,0.29227444462486,0.289902207265827,0.287558655275307,0.285243673021042,0.28295712346117,0.280698849373241,0.278468674629417,0.276266405495878,0.274091831938018,0.271944728916236,0.269824857659952,0.267731966909938,0.265665794121232,0.263626066620692,0.261612502714891,0.259624812745331,0.257662700089106,0.255725862104068,0.253813991018314,0.251926774764435,0.250063897759487,0.248225041632001,0.246409885897702,0.244618108585789,0.242849386817833,0.241103397341433,0.239379817020843,0.237678323286827,0.235998594547981,0.234340310565746,0.232703152795293,0.231086804694414,0.229490952002451,0.227915282991269,0.226359488690155,0.224823263086453,0.223306303303666,0.22180830975865,0.220328986299455,0.218868040325259,0.217425182889777,0.216000128789435,0.214592596637509,0.213202308925371,0.211828992071895,0.21047237646202,0.209132196475374,0.207808190505838,0.206500100972836,0.20520767432509,0.203930661037539,0.202668815602054,0.201421896512539,0.200189666244966,0.19897189123286,0.197768341838683,0.196578792321566,0.195403020801775,0.19424080922229,0.193091943307824,0.191956212521598,0.190833410020156,0.189723332606487,0.18862578068169,0.187540558195398,0.186467472595181,0.185406334775091,0.18435695902353,0.183319162970595,0.182292767535038,0.181277596870962,0.180273478314388,0.179280242329776,0.178297722456608,0.177325755256117,0.176364180258239,0.175412839908859,0.174471579517408,0.173540247204877,0.172618693852288,0.171706773049674,0.170804341045597,0.169911256697259,0.169027381421203,0.168152579144668,0.16728671625759,0.166429661565283,0.165581286241817,0.164741463784099,0.163910069966668,0.163086982797226,0.162272082472887,0.161465251337179,0.16066637383777,0.159875336484943,0.15909202781081,0.158316338329262,0.15754816049666,0.156787388673246,0.1560339190853,0.155287649787999,0.154548480629002,0.153816313212747,0.153091050865434,0.152372598600715,0.151660863086059,0.150955752609798,0.150257177048833,0.149565047836999,0.148879277934075,0.148199781795436,0.147526475342317,0.146859275932709,0.146198102332849,0.145542874689308,0.144893514501666,0.144249944595754,0.143612089097465,0.142979873407117,0.142353224174349,0.141732069273566,0.141116337779884,0.140505959945605,0.139900867177176,0.139300992012653,0.138706268099634,0.13811663017367,0.137532014037131,0.136952356538529,0.136377595552276,0.135807669958881,0.135242519625563,0.134682085387289,0.134126309028201,0.133575133263453,0,0.520009222636556,0.516437453239769,0.512504795482008,0.508253271878541,0.50374197035588,0.499038332405153,0.494206725803508,0.489304425399379,0.484380641855671,0.479475970179072,0.474622069198575,0.469841913500531,0.465150673863704,0.460557008684712,0.456064485082113,0.451672919266005,0.447379527636262,0.443179857637517,0.439068509405751,0.435039675069662,0.431087524975874,0.427206467950518,0.423391310106998,0.419637334658244,0.415940323362079,0.412296538102385,0.408702678446211,0.405155827900915,0.401653398302977,0.398193078622543,0.394772791726348,0.391390660462084,0.388044982857622,0.384734215232501,0.381456961507214,0.378211966854648,0.374998113952535,0.371814420363801,0.368660035910907,0.365534239260569,0.362436433256754,0.35936613881,0.356322987360597,0.35330671208174,0.350317138082287,0.347354171916042,0.344417790715679,0.341508031254281,0.338624979204877,0.335768758825714,0.332939523252019,0.330137445528079,0.327362710469486,0.324615507406254,0.321896023824109,0.31920443989397,0.316540923858262,0.313905628226792,0.311298686723866,0.308720211921397,0.306170293489214,0.303648996993,0.301156363171585,0.298692407628158,0.29625712087393,0.293850468667373,0.291472392597248,0.289122810862771,0.286801619209426,0.284508691983931,0.282243883276533,0.280007028123237,0.27779794374458,0.275616430801213,0.273462274649837,0.271335246585944,0.269235105062375,0.267161596874956,0.26511445830839,0.263093416237273,0.261098189178493,0.25912848829251,0.257184018331981,0.255264478537058,0.253369563477365,0.251498963841213,0.249652367173073,0.247829458560648,0.246029921273205,0.244253437352963,0.242499688161539,0.240768354883507,0.239059118989189,0.237371662658842,0.235705669170348,0.234060823252562,0.232436811406344,0.230833322195326,0.229250046508337,0.227686677795368,0.226142912278871,0.224618449142109,0.223112990696169,0.22162624252721,0.220157913625374,0.218707716496767,0.217275367259789,0.215860585727036,0.214463095473924,0.213082623895099,0.211718902249631,0.210371665695934,0.209040653317288,0.207725608138755,0.206426277136266,0.205142411238573,0.203873765322713,0.202620098203595,0.201381172618267,0.200156755205389,0.198946616480376,0.197750530806672,0.196568276363559,0.195399635110866,0.194244392750951,0.193102338688254,0.191973265986731,0.19085697132543,0.189753254952474,0.188661920637653,0.187582775623871,0.186515630577605,0.185460299538576,0.184416599868784,0.18338435220105,0.182363380387209,0.181353511446058,0.180354575511202,0.17936640577885,0.178388838455704,0.177421712706985,0.176464870604685,0.175518157076113,0.17458141985279,0.173654509419751,0.172737278965293,0.171829584331224,0.170931283963643,0.170042238864279,0.169162312542428,0.168291370967512,0.167429282522268,0.166575917956608,0.165731150342138,0.164894855027382,0.164066909593683,0.163247193811824,0.162435589599354,0.161631980978627,0.160836254035567,0.160048296879141,0.15926799960156,0.158495254239192,0.157729954734192,0.156971996896839,0.156221278368583,0.155477698585792,0.154741158744191,0.154011561763991,0.1532888122557,0.152572816486601,0.151863482347903,0.151160719322539,0.150464438453615,0.149774552313499,0.149090974973532,0.148413621974364,0.147742410296891,0.1470772583338,0.14641808586169,0.145764814013787,0.14511736525321,0.144475663346809,0.143839633339543,0.143209201529398,0.142584295442833,0.141964843810739,0.141350776544912,0.140742024715017,0.140138520526043,0.139540197296235,0.138946989435491,0.138358832424223,0.137775662792659,0.137197418100593,0.136624036917561,0.136055458803434,0.135491624289431,0.134932474859535,0.134377952932293,0,0.521152153068096,0.517722621556329,0.513930303494416,0.509809465050919,0.505412312702677,0.500802627687051,0.496044211305707,0.491195353701707,0.486307047731935,0.481422171024295,0.476574998916504,0.471791241606657,0.467088700116262,0.462478386392441,0.457965851311172,0.453552500704132,0.449236767475739,0.445015086717902,0.440882669836233,0.436834096389413,0.432863749214257,0.428966118462907,0.425135998425846,0.421368599258339,0.417659594098037,0.414005120195609,0.410401750323316,0.406846447890905,0.403336516100606,0.399869548407614,0.396443384785542,0.393056076009008,0.389705856438557,0.386391124621635,0.383110430341937,0.379862466460843,0.37664606389176,0.373460188230726,0.370303936850098,0.367176535581551,0.364077334424613,0.361005801989339,0.357961518602092,0.354944168167659,0.351953528991689,0.34898946383155,0.346051909469913,0.343140866102777,0.340256386810895,0.337398567348131,0.334567536438148,0.331763446726804,0.328986466494962,0.326236772197361,0.323514541859108,0.320819949332771,0.318153159396058,0.315514323652478,0.312903577184559,0.310321035900627,0.307766794511153,0.305240925068522,0.302743476004276,0.30027447159978,0.297833911829434,0.295421772519568,0.293038005770772,0.290682540596185,0.288355283733218,0.286056120591004,0.283784916300451,0.281541516838174,0.279325750199587,0.277137427600117,0.274976344686862,0.272842282745961,0.270735009893627,0.268654282241074,0.26659984502563,0.264571433702063,0.262568774989646,0.260591587871781,0.258639584546074,0.256712471323653,0.254809949477285,0.25293171603845,0.251077464544041,0.249246885733736,0.24743966819943,0.245655498988323,0.243894064161453,0.242155049309586,0.240438140028442,0.238743022355299,0.237069383169013,0.235416910555506,0.233785294140705,0.232174225392928,0.230583397896596,0.229012507599144,0.227461253032875,0.225929335513482,0.224416459316838,0.222922331835609,0.221446663717136,0.219989168983976,0.218549565138409,0.217127573252121,0.215722918042229,0.214335327934731,0.21296453511638,0.211610275575945,0.210272289135725,0.208950319474162,0.207644114140306,0.20635342456085,0.205078006040404,0.203817617755625,0.20257202274377,0.20134098788621,0.200124283887398,0.19892168524973,0.197732970244746,0.196557920881038,0.195396322869231,0.194247965584374,0.193112642026032,0.191990148776376,0.190880285956513,0.189782857181307,0.188697669512901,0.187624533413136,0.186563262695068,0.185513674473721,0.18447558911626,0.183448830191703,0.182433224420304,0.181428601622731,0.180434794669132,0.179451639428196,0.178478974716285,0.177516642246729,0.176564486579338,0.175622355070209,0.174690097821876,0.173767567633863,0.172854619953671,0.171951112828257,0.171056906856028,0.170171865139388,0.169295853237859,0.168428739121808,0.167570393126799,0.166720687908579,0.165879498398722,0.165046701760944,0.164222177348088,0.1634058066598,0.162597473300892,0.161797062940403,0.161004463271351,0.160219563971195,0.159442256662979,0.158672434877187,0.157909994014282,0.157154831307941,0.156406845788972,0.155665938249916,0.154932011210316,0.154204968882664,0.153484717139001,0.152771163478175,0.152064216993744,0.151363788342514,0.150669789713709,0.149982134798757,0.14930073876169,0.148625518210142,0.147956391166943,0.147293277042289,0.146636096606488,0.14598477196327,0.145339226523648,0.144699384980318,0.144065173282596,0.143436518611882,0.142813349357627,0.142195595093814,0.141583186555922,0.140976055618385,0.140374135272519,0.139777359604918,0.139185663776297,0.138598984000794,0.1380172575257,0.13744042261162,0.136868418513057,0.136301185459401,0.13573866463632,0.135180798167551,0,0.522241131448473,0.518953700653333,0.515301525854899,0.51131309567373,0.507034165944666,0.502524059744738,0.497845145117153,0.493056162237708,0.488209530424042,0.483350153378841,0.478514735099628,0.473731608720763,0.469021170636567,0.464396817313046,0.459866159537012,0.455432293136092,0.451094975700305,0.446851635175982,0.442698190330207,0.43862969210456,0.434640806490554,0.430726162296649,0.426880586642029,0.423099249747104,0.419377739227063,0.415712082493569,0.412098733811596,0.408534540009779,0.405016695964052,0.401542698027252,0.398110300824298,0.394717480472584,0.3913624054297,0.388043414840283,0.3847590034106,0.381507811403584,0.378288618222088,0.375100338137594,0.371942016940545,0.368812828568578,0.365712071059802,0.362639161446696,0.359593629432796,0.356575109871002,0.353583334188278,0.350618120981438,0.347679366049571,0.344767032138823,0.341881138662856,0.339021751634715,0.33618897400936,0.333382936595644,0.330603789655807,0.327851695272195,0.325126820526487,0.322429331507244,0.319759388137265,0.31711713979305,0.314502721674279,0.311916251871036,0.309357829070043,0.306827530837676,0.304325412416615,0.301851505973824,0.299405820239996,0.296988340483903,0.294599028769208,0.292237824445688,0.289904644831491,0.287599386047618,0.285321923970385,0.283072115271842,0.280849798522196,0.278654795331943,0.276486911514814,0.274345938255674,0.272231653270219,0.27014382194572,0.268082198454184,0.266046526831111,0.264036542014626,0.262051970841121,0.260092532994681,0.258157941908575,0.256247905617855,0.254362127562831,0.252500307343715,0.250662141427162,0.24884732380582,0.247055546612259,0.245286500688847,0.24353987611533,0.241815362695941,0.240112650407956,0.238431429813644,0.236771392437555,0.235132231111093,0.233513640286285,0.231915316320597,0.230336957734631,0.228778265444424,0.227238942970048,0.225718696622109,0.224217235667681,0.222734272477129,0.221269522653205,0.219822705143722,0.218393542339033,0.216981760155488,0.215587088105937,0.214209259358332,0.212848010783354,0.211503082991982,0.210174220363836,0.208861171067072,0.207563687070555,0.206281524148997,0.205014441881676,0.203762203645335,0.202524576601796,0.201301331680786,0.200092243558462,0.198897090632045,0.197715654990973,0.196547722384945,0.195393082189182,0.194251527367243,0.193122854431657,0.192006863402664,0.190903357765291,0.189812144425001,0.188733033662117,0.187665839085208,0.186610377583618,0.185566469279292,0.18453393747805,0.183512608620433,0.182502312232252,0.181502880874952,0.180514150095872,0.179535958378523,0.178568147092938,0.177610560446188,0.176663045433121,0.175725451787392,0.174797631932832,0.173879440935205,0.172970736454406,0.172071378697129,0.171181230370039,0.170300156633485,0.169428025055775,0.168564705568038,0.16771007041969,0.166863994134529,0.166026353467458,0.165197027361864,0.16437589690765,0.163562845299939,0.162757757798442,0.161960521687504,0.161171026236829,0.16038916266288,0.159614824090961,0.15884790551797,0.158088303775828,0.157335917495585,0.156590647072179,0.155852394629871,0.155121063988322,0.15439656062933,0.153678791664202,0.152967665801763,0.152263093316999,0.151564986020307,0.150873257227366,0.150187821729609,0.149508595765282,0.148835496991096,0.14816844445445,0.147507358566218,0.146852161074101,0.146202775036514,0.145559124797021,0.144921135959295,0.144288735362594,0.143661851057748,0.143040412283648,0.142424349444219,0.141813594085883,0.141208078875482,0.140607737578674,0.140012505038774,0.139422317156043,0.138837110867414,0.138256824126637,0.137681395884845,0.137110766071533,0.136544875575933,0.135983666228776,0,0.523278313440406,0.52013281541435,0.516619501316704,0.512764266720888,0.508606780249712,0.504201257147023,0.499607778869825,0.494884912029769,0.490086097257225,0.485257978564282,0.480439478409428,0.47566141626605,0.470946723603674,0.466311188952713,0.461764540619755,0.457311652096462,0.452953706432149,0.448689226328862,0.444514933571091,0.440426435882981,0.436418755697837,0.43248672111493,0.428625240358463,0.424829480501578,0.421094970217194,0.417417645004144,0.413793851577107,0.410220325851436,0.40669415631336,0.40321274176853,0.399773749759362,0.396375079543798,0.393014831568185,0.389691283897287,0.386402875069771,0.383148192267554,0.37992596343775,0.376735051996407,0.37357445289006,0.37044328902377,0.367340807328774,0.364266374000931,0.361219468669084,0.358199677437777,0.355206684887563,0.352240265210367,0.349300272712319,0.346386631939278,0.343499327678581,0.340638395071353,0.33780391003951,0.334995980195343,0.332214736363468,0.329460324807736,0.326732900221513,0.324032619509634,0.321359636365022,0.318714096622369,0.31609613435544,0.313505868672869,0.310943401159395,0.308408813904726,0.30590216806005,0.303423502862123,0.300972835066392,0.298550158733249,0.296155445315051,0.293788643995527,0.291449682237508,0.289138466499294,0.286854883084337,0.284598799093087,0.282370063449845,0.280168507981143,0.277993948525579,0.27584618605811,0.273725007814601,0.271630188404861,0.269561490904629,0.267518667918818,0.265501462610063,0.263509609687969,0.26154283635575,0.259600863211946,0.257683405105804,0.25579017194563,0.25392086946002,0.252075199912398,0.250252862769639,0.248453555325928,0.246676973283194,0.244922811289692,0.243190763438405,0.241480523727049,0.23979178648151,0.23812424674458,0.236477600631845,0.234851545656585,0.233245781025483,0.23166000790693,0.230093929673638,0.228547252121204,0.227019683664239,0.225510935511563,0.22402072182193,0.222548759841648,0.221094770025419,0.219658476141616,0.218239605363173,0.216837888345182,0.215453059290231,0.214084856002445,0.212733019931142,0.211397296204952,0.210077433657182,0.208773184843185,0.207484306050397,0.206210557301713,0.204951702352769,0.203707508683706,0.202477747485926,0.201262193644306,0.200060625715331,0.198872825901541,0.197698580022679,0.196537677483883,0.195389911241254,0.194255077765097,0.193132977001099,0.192023412329717,0.190926190523989,0.189841121705999,0.188768019302181,0.187706699997655,0.186656983689747,0.185618693440854,0.184591655430791,0.183575698908747,0.182570656144965,0.18157636238225,0.180592655787402,0.179619377402667,0.178656371097269,0.177703483519117,0.176760564046731,0.175827464741453,0.174904040300004,0.173990148007412,0.173085647690379,0.172190401671097,0.171304274721574,0.170427134018472,0.169558849098498,0.168699291814369,0.167848336291366,0.167005858884488,0.166171738136238,0.165345854735024,0.164528091474214,0.163718333211828,0.162916466830888,0.162122381200424,0.161335967137128,0.160557117367686,0.159785726491746,0.159021690945563,0.158264908966287,0.157515280556907,0.156772707451839,0.156037093083159,0.155308342547475,0.154586362573425,0.153871061489801,0.153162349194296,0.152460137122848,0.151764338219601,0.151074866907447,0.150391639059166,0.149714571969133,0.149043584325596,0.148378596183519,0.147719528937969,0.147066305298048,0.146418849261356,0.145777086088978,0.145140942280984,0.144510345552437,0.143885224809891,0.143265510128379,0.142651132728878,0.142042024956245,0.141438120257602,0.140839353161186,0.140245659255626,0.13965697516966,0.139073238552279,0.138494388053277,0.137920363304216,0.137351104899784,0.136786554379546,0,0.52427504000828,0.521263088126555,0.517885580838959,0.514163368214395,0.510129686120026,0.505833077951943,0.50133053026615,0.496679774102265,0.491934818869804,0.487143731263861,0.48234741875483,0.47757902747705,0.472863939177548,0.468220318620427,0.463660049817982,0.459189857484184,0.454812441986998,0.450527518031832,0.446332704550895,0.442224252063771,0.438197614737172,0.434247883454561,0.430370099141912,0.426559465992569,0.42281148371745,0.419122016964067,0.415487318593957,0.41190402154639,0.408369111628661,0.404879890952159,0.401433939114966,0.398029076829925,0.394663334663909,0.391334927966275,0.388042237931605,0.384783798023337,0.381558284610347,0.378364510555816,0.375201420565831,0.372068087283197,0.368963707342676,0.365887596845334,0.362839185933669,0.35981801233927,0.356823713923596,0.353856020339248,0.350914744007189,0.347999770640559,0.34511104955479,0.342248583993402,0.339412421675408,0.336602645738919,0.333819366220554,0.331062712174886,0.328332824504557,0.325629849541496,0.322953933393497,0.320305217048812,0.317683832214165,0.31508989784854,0.312523517345804,0.30998477631314,0.307473740888951,0.30499045654276,0.302534947300253,0.300107215338571,0.297707240899842,0.295334982474477,0.292990377209706,0.290673341502958,0.288383771743812,0.286121545172371,0.283886520825759,0.281678540548146,0.279497430043102,0.277342999950175,0.275215046930455,0.27311335474835,0.27103769533912,0.268987829853638,0.266963509673614,0.264964477392004,0.262990467754633,0.261041208560157,0.25911642151644,0.257215823052195,0.255339125083413,0.25348603573464,0.251656260015588,0.249849500453964,0.248065457685623,0.246303831003428,0.244564318866307,0.242846619370166,0.241150430682348,0.239475451441417,0.237821381124028,0.236187920380664,0.234574771342016,0.232981637897695,0.231408225948996,0.229854243637312,0.228319401549782,0.226803412903683,0.225305993710992,0.223826862924511,0.222365742566835,0.220922357843431,0.219496437240962,0.218087712611989,0.216695919247071,0.215320795935242,0.213962085013795,0.212619532408203,0.211292887663012,0.20998190396443,0.208686338155329,0.207405950743306,0.20614050590241,0.204889771469106,0.203653518932995,0.202431523422784,0.201223563687958,0.200029422076569,0.198848884509537,0.197681740451819,0.196527782880784,0.195386808252089,0.194258616463357,0.193143010815902,0.192039797974757,0.190948787927216,0.189869793940094,0.188802632515902,0.187747123348103,0.186703089275605,0.185670356236639,0.18464875322215,0.183638112228836,0.182638268211917,0.181649059037772,0.180670325436499,0.179701910954505,0.178743661907195,0.177795427331825,0.176857058940583,0.175928411073951,0.175009340654405,0.174099707140485,0.173199372481291,0.172308201071425,0.171426059706418,0.17055281753867,0.169688346033926,0.168832518928304,0.167985212185903,0.167146303956995,0.166315674536828,0.165493206325032,0.164678783785656,0.163872293407827,0.163073623667049,0.162282664987134,0.161499309702777,0.160723452022767,0.159954987993841,0.159193815465177,0.15843983405352,0.157692945108947,0.156953051681251,0.15622005848696,0.15549387187697,0.154774399804789,0.154061551795396,0.153355238914687,0.152655373739528,0.151961870328386,0.151274644192533,0.150593612267832,0.149918692887075,0.149249805752875,0.148586871911105,0.147929813724872,0.147278554849014,0.146633020205125,0.145993135957075,0.145358829487043,0.144730029372035,0.144106665360885,0.143488668351729,0.14287597036995,0.142268504546566,0.141666205097081,0.141069007300761,0.14047684748035,0.1398896629822,0.139307392156816,0.13872997433981,0.138157349833246,0.137589459887378,0,0.525238995434002,0.522347466100783,0.519101293413368,0.515511044799058,0.511602686430958,0.507418617493622,0.503011997339022,0.498439044520584,0.49375384343715,0.489005532864295,0.484236747610556,0.479482778233812,0.474771348360084,0.470122960051873,0.46555167119897,0.461066116000579,0.456670593692274,0.452366102253175,0.448151249252258,0.44402301375086,0.439977358277276,0.436009702358756,0.432115274191895,0.42828935861132,0.424527459625052,0.42082539519401,0.417179340803656,0.413585836716665,0.410041771673345,0.406544353384701,0.403091073658892,0.399679673628431,0.396308112468201,0.392974541311612,0.389677282816543,0.386414815983702,0.383185765332721,0.379988893322863,0.376823094889612,0.373687393085194,0.37058093500145,0.367502987372082,0.364452931466044,0.361430257074435,0.358434555549107,0.355465511968363,0.352522896585186,0.349606555760369,0.346716402602689,0.34385240753701,0.341014589004994,0.338203004477118,0.335417741923475,0.332658911857722,0.329926640036079,0.32722106086328,0.324542311530796,0.321890526890149,0.319265835045739,0.316668353637303,0.314098186771504,0.311555422554811,0.309040131175362,0.306552363479302,0.304092149986844,0.301659500294427,0.299254402811656,0.296876824784698,0.294526712561377,0.292203992056989,0.289908569383857,0.287640331611492,0.285399147628093,0.283184869077716,0.280997331350818,0.278836354609044,0.276701744827958,0.274593294843997,0.272510785394251,0.270453986139704,0.268422656664368,0.266416547444334,0.264435400782102,0.262478951702737,0.260546928809401,0.258639055096645,0.256755048720566,0.254894623725525,0.253057490727611,0.25124335755542,0.24945192984905,0.247682911618458,0.24593600576251,0.244210914550212,0.242507340065696,0.240824984618617,0.239163551121634,0.237522743436695,0.235902266691796,0.234301827569911,0.232721134571712,0.231159898253696,0.229617831443236,0.228094649432076,0.226590070149674,0.225103814317765,0.223635605587447,0.222185170660029,0.220752239392792,0.219336544890797,0.217937823585765,0.216555815303014,0.215190263317383,0.21384091439901,0.212507518849769,0.211189830531134,0.209887606884179,0.208600608942372,0.207328601337792,0.206071352301335,0.204828633657456,0.20360022081393,0.202385892747118,0.20118543198314,0.19999862457538,0.198825260078675,0.197665131520535,0.196518035369715,0.195383771502415,0.194262143166403,0.193152956943288,0.192056022709178,0.190971153593941,0.189898165939257,0.188836879255638,0.187787116178587,0.186748702424039,0.185721466743227,0.184705240877098,0.183699859510388,0.182705160225471,0.181720983456079,0.18074717244096,0.179783573177582,0.178830034375933,0.177886407412495,0.176952546284444,0.176028307564126,0.175113550353869,0.174208136241165,0.173311929254251,0.172424795818148,0.171546604711163,0.170677227021887,0.169816536106728,0.168964407547973,0.168120719112413,0.167285350710551,0.166458184356382,0.165639104127777,0.164827996127478,0.164024748444688,0.163229251117298,0.162441396094714,0.161661077201319,0.16088819010055,0.160122632259603,0.159364302914753,0.158613103037294,0.1578689353001,0.157131704044784,0.156401315249481,0.155677676497218,0.154960696944888,0.154250287292815,0.153546359754893,0.152848828029313,0.152157607269855,0.151472614057737,0.150793766374025,0.150120983572583,0.149454186353569,0.14879329673745,0.148138238039547,0.147488934845089,0.146845312984769,0.146207299510804,0.14557482267347,0.144947811898125,0.144326197762698,0.14370991197564,0.143098887354325,0.142493057803901,0.141892358296569,0.141296724851295,0.140706094513939,0.140120405337795,0.139539596364534,0.13896360760554,0.138392380023632,0,0.526172894908571,0.523388265723688,0.520268274356377,0.516808168119141,0.513025844190081,0.508957211515979,0.504650970056705,0.500161158333991,0.495541410460734,0.490841554581277,0.486105670279702,0.481370988052572,0.476667442234078,0.472017810578241,0.467438322676976,0.462939564220568,0.45852750328879,0.454204505152581,0.449970253742251,0.445822541225806,0.441757915745892,0.437772193162346,0.433860846092735,0.430019286521265,0.426243059131775,0.422527962399128,0.418870113698117,0.415265973343281,0.411712340627779,0.408206332726265,0.404745354963891,0.401327068638983,0.397949360494551,0.394610316180144,0.391308198684322,0.388041431748937,0.384808587660416,0.381608378488686,0.378439649741176,0.375301375449424,0.372192653849626,0.369112703008161,0.366060855943289,0.363036554981004,0.360039345242393,0.357068867285194,0.354124849012589,0.351207097020247,0.348315487582713,0.345449957488209,0.342610494922155,0.339797130579671,0.337009929160259,0.33424898136756,0.331514396506223,0.328806295738504,0.326124806036567,0.323470054843307,0.320842165435231,0.318241252965414,0.315667421152804,0.313120759575539,0.31060134152037,0.308109222337029,0.30564443824521,0.303207005542173,0.300796920160615,0.298414157528912,0.296058672688931,0.293730400630106,0.291429256802154,0.289155137772542,0.28690792199849,0.284687470686886,0.282493628718786,0.280326225618352,0.278185076548933,0.276069983321621,0.273980735403953,0.271917110918556,0.269878877623392,0.267865793866874,0.265877609512568,0.263914066829448,0.261974901344671,0.260059842656828,0.258168615208309,0.256300939016113,0.25445653036096,0.252635102434967,0.25083636594855,0.249060029697469,0.247305801091147,0.245573386643611,0.243862492428458,0.242172824499407,0.240504089278001,0.238855993910082,0.237228246592672,0.235620556872855,0.234032635920278,0.232464196774802,0.230914954570845,0.229384626739867,0.227872933192406,0.226379596481031,0.224904341945496,0.223446897841326,0.222006995453012,0.22058436919291,0.219178756686914,0.217789898847863,0.216417539937636,0.215061427618803,0.213721312996644,0.212396950652321,0.211088098667912,0.209794518643988,0.208515975710349,0.207252238530532,0.206003079300601,0.20476827374276,0.203547601094246,0.202340844091941,0.201147788953121,0.199968225352708,0.198801946397384,0.197648748596888,0.196508431832805,0.195380799325102,0.194265657596697,0.193162816436279,0.192072088859594,0.190993291069417,0.189926242414374,0.188870765346796,0.187826685379762,0.186793831043464,0.185772033841036,0.184761128203965,0.183760951447183,0.182771343723963,0.181792147980683,0.180823209911566,0.179864377913455,0.178915503040699,0.177976438960208,0.177047041906743,0.176127170638478,0.175216686392885,0.174315452842989,0.173423336054021,0.172540204440502,0.171665928723794,0.170800381890134,0.169943439149178,0.169094977893072,0.168254877656075,0.167423020074728,0.166599288848606,0.165783569701643,0.16497575034405,0.164175720434822,0.163383371544851,0.162598597120634,0.161821292448593,0.161051354619995,0.160288682496477,0.159533176676176,0.158784739460459,0.15804327482125,0.157308688368957,0.156580887320979,0.15585978047081,0.155145278157708,0.154437292236957,0.153735736050674,0.153040524399195,0.152351573513006,0.151668801025222,0.150992125944604,0.150321468629108,0.149656750759957,0.148997895316232,0.148344826549964,0.147697469961727,0.147055752276725,0.146419601421358,0.145788946500267,0.145163717773834,0.144543846636152,0.143929265593438,0.143319908242886,0.142715709251956,0.142116604338086,0.141522530248816,0.14093342474233,0.140349226568388,0.139769875449657,0.139195312063424,0,0.527073964768725,0.524387289217327,0.521388261592716,0.518055812589593,0.51439946592032,0.510448434435393,0.506246438775557,0.501844702009667,0.497295863904034,0.492650030266915,0.487952418026493,0.483241971150236,0.478550681492376,0.473903518762753,0.46931886162411,0.464809272266097,0.460382444906078,0.45604218766868,0.451789343693475,0.447622600701135,0.443539169577227,0.439535331454731,0.435606862673483,0.43174935155786,0.427958422769658,0.42422988543192,0.420559820839397,0.416944624555541,0.413381016139154,0.409866027776135,0.406396980894297,0.402971457611471,0.399587271787992,0.396242442654614,0.39293517253899,0.389663829137016,0.386426932046974,0.383223142855007,0.380051257867491,0.376910202564773,0.373799026942522,0.370716901062005,0.367663110310989,0.364637050055416,0.361638219521347,0.358666214877489,0.355720721587568,0.352801506169599,0.34990840753912,0.34704132813042,0.34420022498878,0.341385101012861,0.338595996504011,0.335832981152182,0.333096146559327,0.330385599372742,0.327701455074443,0.325043832449134,0.322412848733341,0.319808615431808,0.317231234774349,0.314680796776685,0.312157376862044,0.309661033996092,0.30719180928559,0.304749724990776,0.302334783902341,0.299946969035801,0.297586243598675,0.295252551188994,0.29294581618708,0.290665944306039,0.288412823269978,0.286186323592386,0.283986299430446,0.281812589494132,0.279665017991855,0.277543395597034,0.275447520422393,0.273377178990927,0.271332147194388,0.269312191231864,0.267317068522483,0.265346528587579,0.263400313898792,0.261478160689499,0.259579799727818,0.257704957050118,0.255853354654513,0.25402471115434,0.252218742391988,0.250435162013764,0.248673682006741,0.246934013198735,0.245215865722689,0.243518949446882,0.24184297437242,0.240187650999553,0.23855269066434,0.236937805847248,0.235342710455186,0.233767120078526,0.232210752224565,0.230673326528886,0.229154564945998,0.227654191920599,0.226171934540737,0.224707522674112,0.223260689088664,0.221831169558563,0.220418702956669,0.219023031334415,0.217643899990094,0.216281057526395,0.21493425589804,0.213603250450291,0.212287799949051,0.21098766660326,0.209702616080198,0.20843241751432,0.207176843510153,0.205935670139793,0.204708676935471,0.203495646877649,0.202296366379052,0.201110625265029,0.199938216750603,0.198778937414541,0.197632587170752,0.196498969237302,0.195377890103306,0.194269159493942,0.193172590333813,0.192087998708862,0.191015203827042,0.189954027977893,0.188904296491216,0.187865837694978,0.186838482872581,0.18582206621963,0.18481642480031,0.183821398503476,0.182836829998555,0.181862564691344,0.18089845067978,0.17994433870977,0.179000082131125,0.178065536853673,0.177140561303599,0.176225016380057,0.175318765412112,0.174421674116025,0.173533610552945,0.172654445087017,0.171784050343942,0.170922301170015,0.170069074591662,0.16922424977548,0.168387707988826,0.167559332560932,0.166739008844588,0.165926624178384,0.165122067849528,0.164325231057235,0.163536006876711,0.16275429022371,0.161979977819687,0.161212968157536,0.160453161467917,0.159700459686167,0.158954766419801,0.158215986916587,0.157484028033205,0.156758798204479,0.156040207413173,0.155328167160354,0.154622590436317,0.153923391692054,0.153230486811272,0.152543793082951,0.151863229174431,0.151188715105023,0.150520172220143,0.149857523165943,0.149200691864458,0.148549603489234,0.147904184441451,0.147264362326519,0.146630065931144,0.146001225200858,0.145377771217998,0.14475963618014,0.144146753378958,0.14353905717952,0.142936483000007,0.142338967291839,0.141746447520213,0.141158862145036,0.140576150602247,0.139998253285527,0,0.527938045331172,0.525346287182315,0.522463093905723,0.519255223588198,0.51572407959131,0.511892092587808,0.507797599141523,0.503488423947804,0.499015664420768,0.494429268770156,0.48977525999713,0.485094047502505,0.480419506172703,0.475778692427204,0.47119209099399,0.466674248044297,0.462234627594673,0.457878546615249,0.453608084343225,0.44942290343206,0.44532095373724,0.441299051244121,0.437353336999431,0.433479627199019,0.429673668476451,0.425931313534772,0.422248632330088,0.418621973352429,0.415047988294236,0.411523631679898,0.408046145018737,0.40461303292888,0.401222036640489,0.397871108465199,0.394558389303917,0.391282190094633,0.388040977269346,0.384833361758135,0.38165809079493,0.378514041684032,0.375400216721391,0.372315738579943,0.369259845623771,0.366231886781475,0.363231315764801,0.360257684551977,0.357310636160668,0.354389896811861,0.351495267635071,0.348626616091021,0.345783867294659,0.34296699541394,0.340176015302463,0.337410974500632,0.334671945713646,0.331959019847648,0.329272299659512,0.326611894052259,0.323977913027528,0.321370463289306,0.318789644479221,0.316235546012995,0.313708244479862,0.311207801561505,0.308734262424021,0.306287654535154,0.303867986859233,0.301475249383539,0.299109412931972,0.296770429224585,0.294458231144641,0.292172733178139,0.289913831994136,0.287681407137489,0.285475321808937,0.283295423710441,0.281141545936639,0.279013507895892,0.276911116246835,0.274834165838548,0.272782440644415,0.270755714681512,0.268753752908884,0.266776312099428,0.264823141681299,0.262893984545726,0.260988577819031,0.25910665359737,0.257247939643326,0.255412160044028,0.253599035830882,0.251808285561355,0.250039625863559,0.248292771944566,0.246567438063604,0.244863337971394,0.243180185316973,0.241517694023451,0.239875578634144,0.238253554630575,0.236651338723827,0.235068649120707,0.233505205766177,0.231960730563443,0.230434947573093,0.228927583192576,0.227438366317316,0.225967028484666,0.224513304001863,0.223076930059089,0.221657646828701,0.220255197551602,0.218869328611715,0.217499789599432,0.216146333364883,0.214808716061801,0.213486697182731,0.212180039586267,0.210888509516967,0.209611876618545,0.208349913940918,0.207102397941626,0.205869108482119,0.204649828819363,0.203444345593213,0.202252448809915,0.201073931822133,0.199908591305836,0.198756227234347,0.197616642849869,0.19648964463274,0.195375042268685,0.194272648614283,0.193182279660869,0.192103754497073,0.191036895270165,0.189981527146394,0.188937478270453,0.187904579724224,0.186882665484938,0.185871572382857,0.184871140058592,0.183881210920161,0.182901630099873,0.181932245411128,0.1809729073052,0.180023468828074,0.179083785577413,0.17815371565969,0.177233119647549,0.176321860537448,0.175419803707603,0.174526816876298,0.173642770060568,0.172767535535308,0.171900987792814,0.171043003502795,0.170193461472865,0.169352242609536,0.168519229879738,0.167694308272852,0.1668773647633,0.166068288273676,0.165266969638433,0.164473301568142,0.163687178614303,0.162908497134742,0.162137155259567,0.161373052857699,0.160616091503983,0.159866174446856,0.159123206576591,0.15838709439411,0.157657745980348,0.156935070966188,0.156218980502935,0.155509387233353,0.154806205263231,0.154109350133497,0.153418738792855,0.152734289570947,0.152055922152038,0.151383557549203,0.150717118079021,0.150056527336767,0.149401710172086,0.148752592665153,0.148109102103305,0.147471166958135,0.146838716863047,0.146211682591258,0.145589996034243,0.144973590180616,0.144362399095433,0.143756357899918,0.143155402751592,0.142559470824819,0.141968500291729,0.141382430303546,0.140801200972287,0,0.528765238183816,0.526267188367021,0.523494638648307,0.520407770223691,0.517000406734571,0.513288212557074,0.509303853172195,0.505091242695799,0.500699400396611,0.496177665694197,0.491572514834706,0.486925553815054,0.482272345516312,0.477641906991154,0.473056765895227,0.468533442007416,0.464083198392441,0.459712916279859,0.455425980896665,0.451223105200608,0.447103052545743,0.443063243344648,0.439100245517624,0.435210156628078,0.431388889701054,0.427632376579976,0.42393670324906,0.420298191267403,0.416713438522944,0.413179331062831,0.409693035950947,0.406251983124774,0.402853842250458,0.399496498756193,0.396178031663261,0.392896694585322,0.389650900339786,0.386439208987236,0.383260318741775,0.380113059023149,0.376996384895866,0.373909372211344,0.37085121289486,0.367821209967484,0.364818772041277,0.361843407159033,0.358894715959628,0.355972384233325,0.353076174988801,0.350205920187549,0.34736151231577,0.34454289596292,0.341750059564085,0.338983027443952,0.336241852276621,0.333526608050291,0.330837383600992,0.328174276756213,0.325537389108522,0.322926821421413,0.320342669654874,0.31778502158656,0.315253953995599,0.312749530369935,0.310271799094057,0.307820792071946,0.305396523739501,0.302998990421368,0.300628169988735,0.298284021776905,0.295966486724207,0.293675487696844,0.291410929967438,0.289172701818214,0.28696067524292,0.284774706724599,0.282614638069164,0.280480297277391,0.278371499440403,0.276288047645933,0.274229733884656,0.272196339947708,0.270187638308071,0.268203392979926,0.266243360351316,0.264307289986491,0.262394925395269,0.260506004767502,0.258640261671422,0.256797425715201,0.254977223171508,0.25317937756528,0.251403610225191,0.249649640799578,0.247917187737807,0.246205968738168,0.244515701163554,0.242846102426226,0.24119689034305,0.239567783462601,0.237958501365554,0.236368764939786,0.234798296631568,0.233246820674251,0.231714063295756,0.23019975290618,0.228703620266776,0.227225398641504,0.225764823932302,0.224321634799194,0.222895572766271,0.221486382314538,0.220093810962581,0.218717609335936,0.217357531226007,0.216013333639313,0.214684776837822,0.213371624371069,0.212073643100701,0.210790603218077,0.209522278255493,0.208268445091563,0.207028883951258,0.205803378401085,0.204591715339811,0.203393684985165,0.20220908085688,0.201037699756426,0.19987934174376,0.198733810111394,0.197600911356058,0.196480455148217,0.195372254299685,0.194276124729548,0.193191885428605,0.192119358422519,0.191058368733841,0.190008744343079,0.188970316148946,0.187942917927936,0.186926386293341,0.185920560653824,0.184925283171663,0.183940398720747,0.182965754844419,0.182001201713242,0.181046592082773,0.180101781251383,0.179166627018219,0.178240989641327,0.177324731796015,0.176417718533478,0.175519817239739,0.174630897594928,0.173750831532953,0.172879493201559,0.172016758922836,0.171162507154165,0.170316618449648,0.169478975422022,0.168649462705077,0.167827966916591,0.167014376621792,0.166208582297353,0.165410476295935,0.164619952811267,0.163836907843788,0.163061239166838,0.162292846293403,0.161531630443423,0.16077749451165,0.160030343036062,0.159290082166832,0.158556619635844,0.157829864726759,0.157109728245621,0.156396122492001,0.155688961230675,0.154988159663833,0.154293634403801,0.153605303446293,0.152923086144159,0.152246903181644,0.151576676549144,0.150912329518445,0.150253786618455,0.149600973611397,0.148953817469486,0.148312246352051,0.147676189583124,0.147045577629462,0.146420342079017,0.145800415619829,0.145185732019347,0.144576226104162,0.143971833740146,0.143372491813002,0.142778138209191,0.142188711797256,0.14160415240952,0,0.529557569479382,0.527151593104465,0.524484644781239,0.521514886913328,0.518229329940894,0.51463702495853,0.510764806389292,0.506652252528568,0.502345797515146,0.497893714370763,0.493342561879725,0.488734854323979,0.484107627870106,0.479491714047184,0.474911600549697,0.470385752387036,0.4659272458964,0.461544570513076,0.457242479375033,0.453022806182238,0.448885199811264,0.44482775400569,0.440847526377286,0.436940950910274,0.433104153568866,0.429333183325099,0.425624172067742,0.421973436988706,0.418377538441623,0.414833305095336,0.411337836621713,0.407888492336123,0.404482872325345,0.4011187958055,0.397794279866766,0.394507520451234,0.391256876400777,0.388040856693642,0.38485811052817,0.381707419662743,0.378587692331932,0.375497958081163,0.372437362953807,0.369405164591471,0.366400726945042,0.363423514423472,0.360473085418878,0.357549085235122,0.354651238511426,0.351779341274138,0.348933252771541,0.346112887252249,0.343318205841212,0.340549208652295,0.337805927256029,0.335088417598073,0.332396753440341,0.329731020373936,0.327091310432305,0.324477717314738,0.321890332214937,0.319329240236895,0.316794517370637,0.314286227993218,0.311804422855541,0.309349137512649,0.306920391153854,0.304518185789118,0.302142505749131,0.299793317458397,0.297470569442953,0.295174192537135,0.292904100256719,0.290660189308805,0.288442340211822,0.286250418002006,0.284084273005481,0.281943741657731,0.279828647354714,0.277738801322102,0.275674003491183,0.273634043371802,0.271618700914372,0.2696277473544,0.267660946034321,0.26571805319847,0.263798818758063,0.261902987023845,0.260030297404788,0.258180485071841,0.256353281586217,0.254548415492144,0.252765612874351,0.25100459788084,0.249265093211729,0.24754682057512,0.24584950111111,0.244172855785115,0.242516605751822,0.240880472691057,0.23926417911693,0.237667448661626,0.236090006335166,0.234531578762498,0.232991894399214,0.23147068372716,0.22996767943119,0.22848261655824,0.227015232659864,0.225565267919346,0.224132465264402,0.222716570466496,0.221317332227687,0.219934502255928,0.218567835329631,0.217217089352325,0.215882025398129,0.214562407748775,0.213258003922819,0.211968584697672,0.210693924125037,0.209433799540287,0.208187991566305,0.206956284112245,0.205738464367675,0.204534322792498,0.203343653103055,0.202166252254737,0.201001920421478,0.199850460972398,0.198711680445915,0.197585388521563,0.196471397989783,0.195369524719903,0.194279587626522,0.193201408634486,0.192134812642641,0.191079627486529,0.190035683900174,0.189002815477097,0.187980858630701,0.186969652554127,0.185969039179703,0.184978863138078,0.18399897171714,0.183029214820787,0.182069444927643,0.181119517049781,0.18017928869151,0.179248619808295,0.178327372765857,0.177415412299489,0.176512605473653,0.175618821641877,0.174733932406986,0.173857811581716,0.172990335149718,0.17213138122698,0.171280830023702,0.170438563806623,0.169604466861832,0.168778425458062,0.167960327810495,0.167150064045077,0.166347526163351,0.165552608007821,0.164765205227848,0.163985215246084,0.163212537225439,0.1624470720366,0.161688722226079,0.16093739198481,0.160192987117284,0.159455415011219,0.158724584607767,0.158000406372255,0.157282792265449,0.156571655715346,0.155866911589478,0.155168476167743,0.154476267115728,0.153790203458544,0.153110205555155,0.152436195073198,0.151768094964284,0.151105829439774,0.15044932394703,0.149798505146127,0.149153300887015,0.148513640187137,0.147879453209486,0.147250671241088,0.146627226671929,0.146009052974279,0.145396084682452,0.144788257372947,0.144185507645003,0.14358777310154,0.142994992330476,0.142407104886433,0,0.530315009934334,0.528000256940175,0.525434620733214,0.522578017192498,0.519411857713248,0.515938944189157,0.512180260993498,0.508170726126642,0.503953726563316,0.499576015852331,0.495083851832266,0.490520351336028,0.48592379055199,0.481326650096309,0.476755275569208,0.472230030851458,0.467765804306505,0.463372725291154,0.459056967905152,0.454821551201028,0.450667078291416,0.446592383800353,0.442595077944344,0.438671987302645,0.434819499126432,0.431033819701576,0.427311159062517,0.42364785494798,0.420040448645799,0.41648572449723,0.412980723485992,0.409522739693122,0.406109306627012,0.402738178695285,0.399407311495308,0.396114843245456,0.392859078599738,0.389638475288068,0.386451633480719,0.383297287449472,0.380174298943484,0.377081651668494,0.374018446311451,0.370983895653913,0.367977319439275,0.364998138781512,0.362045870013983,0.359120117968738,0.356220568746853,0.35334698208868,0.350499183481589,0.347677056154889,0.34488053311067,0.342109589328792,0.339364234267373,0.336644504759517,0.333950458385029,0.33128216737388,0.328639713077712,0.326023181027162,0.323432656576917,0.320868221127173,0.318329948899682,0.31581790423857,0.313332139400367,0.310872692794048,0.308439587629793,0.306032830934612,0.303652412893437,0.301298306475642,0.298970467308931,0.296668833764949,0.294393327223666,0.292143852486425,0.289920298310454,0.287722538040448,0.285550430315633,0.283403819833309,0.281282538152324,0.279186404522196,0.277115226725673,0.275068801924389,0.273046917498972,0.271049351876433,0.269075875339036,0.267126250809963,0.26520023461215,0.263297577197514,0.261418023844576,0.259561315323105,0.257727188524975,0.255915377060876,0.254125611822895,0.252357621513327,0.250611133140276,0.248885872480876,0.247181564513068,0.245497933817024,0.24383470494738,0.242191602777514,0.240568352817139,0.23896468150451,0.237380316474531,0.235814986804071,0.234268423235734,0.232740358381358,0.231230526906425,0.229738665696578,0.228264514007361,0.226807813598269,0.225368308852157,0.223945746880983,0.222539877618835,0.221150453903141,0.219777231544907,0.218419969388772,0.217078429363656,0.215752376524696,0.21444157908715,0.213145808452893,0.211864839230088,0.210598449246602,0.209346419557667,0.208108534448276,0.206884581430764,0.205674351237998,0.204477637812561,0.2032942382923,0.202123952992582,0.200966585385559,0.199821942076752,0.198689832779218,0.197570070285544,0.196462470437925,0.195366852096512,0.194283037106259,0.193210850262427,0.192150119274942,0.191100674731742,0.19006235006127,0.189034981494243,0.188018408024825,0.187012471371303,0.186017015936393,0.185031888767241,0.184056939515233,0.183092020395678,0.182136986147443,0.1811916939926,0.180256003596153,0.179329777025893,0.178412878712433,0.177505175409475,0.176606536154329,0.175716832228743,0.174835937120068,0.173963726482783,0.173100078100406,0.172244871847824,0.171397989654053,0.170559315465444,0.16972873520936,0.168906136758331,0.168091409894693,0.167284446275734,0.166485139399344,0.165693384570179,0.164909078866343,0.164132121106592,0.163362411818064,0.162599853204536,0.161844349115206,0.161095805013997,0.160354127949398,0.159619226524817,0.158891010869456,0.158169392609708,0.157454284841068,0.156745602100544,0.156043260339585,0.155347176897499,0.154657270475374,0.153973461110479,0.153295670151156,0.152623820232183,0.151957835250609,0.151297640342056,0.150643161857475,0.14999432734035,0.149351065504354,0.148713306211432,0.148080980450324,0.1474540203155,0.146832358986517,0.146215930707783,0.145604670768724,0.144998515484344,0.144397402176171,0.143801269153585,0.143210055695518,0,0.531035115694402,0.52881319031379,0.526345804324233,0.523598567648028,0.520549087956399,0.517194544647982,0.513550205180801,0.509646114160832,0.505522209211209,0.501223287711991,0.496794916736994,0.492280495411554,0.487719289597835,0.483145245368053,0.478586445483345,0.474065088532275,0.469597857903515,0.465196541730219,0.460868778441809,0.456618830375445,0.45244831948823,0.448356886787462,0.444342757527344,0.440403207715979,0.436534935684012,0.432734347154105,0.428997764738961,0.425321573890447,0.421702317462936,0.418136750488538,0.414621865670155,0.411154898648577,0.407733320460506,0.404354822932802,0.401017301185147,0.397718836032184,0.394457677940513,0.39123223332274,0.388041053328937,0.384882824894827,0.381756363585483,0.378660607689543,0.375594613030979,0.372557548037282,0.369548688705957,0.366567413223843,0.363613196101163,0.360685601775387,0.357784277714217,0.354908947101195,0.352059401222429,0.349235491691266,0.346437122652338,0.343664243100614,0.34091683943787,0.338194928371235,0.335498550238215,0.332827762821877,0.330182635699776,0.327563245151803,0.324969669635874,0.322401985826604,0.319860265200886,0.317344571145474,0.314854956555197,0.312391461885888,0.309954113623412,0.307542923128868,0.305157885819961,0.302798980649394,0.30046616984269,0.298159398859921,0.295878596548274,0.293623675454984,0.291394532272921,0.289191048393849,0.287013090547049,0.28486051150359,0.282733150828949,0.280630835668947,0.278553381556062,0.276500593225082,0.274472265428775,0.272468183745793,0.270488125374424,0.268531859906968,0.266599150080623,0.264689752501661,0.262803418340489,0.260939893995858,0.259098921727093,0.257280240253689,0.255483585322043,0.253708690239443,0.251955286375687,0.250223103632993,0.248511870884964,0.246821316385593,0.245151168149339,0.243501154303431,0.241871003413575,0.240260444784286,0.238669208735108,0.237097026853928,0.235543632228649,0.234008759658406,0.232492145845535,0.230993529569424,0.229512651843376,0.228049256055551,0.22660308809502,0.225173896463915,0.223761432376607,0.222365449846828,0.220985705763562,0.219621959956519,0.218273975251955,0.216941517519552,0.215624355711022,0.214322261891092,0.213035011261451,0.211762382178215,0.210504156163452,0.209260117911238,0.208030055288718,0.206813759332589,0.20561102424141,0.204421647364116,0.203245429185068,0.202082173305982,0.20093168642502,0.199793778313328,0.198668261789286,0.197554952690697,0.196453669845149,0.195364235038747,0.194286472983415,0.193220211282935,0.192165280397888,0.191121513609652,0.190088746983587,0.189066819331542,0.188055572173797,0.187054849700547,0.186064498733029,0.185084368684383,0.184114311520326,0.183154181719723,0.18220383623511,0.181263134453253,0.180331938155773,0.179410111479924,0.178497520879534,0.177594035086182,0.176699525070629,0.175813864004556,0.17493692722262,0.174068592184874,0.173208738439565,0.172357247586332,0.171514003239836,0.170678890993814,0.169851798385606,0.169032614861131,0.16822123174035,0.167417542183216,0.166621441156114,0.165832825398803,0.165051593391863,0.164277645324651,0.163510883063767,0.16275121012203,0.161998531627972,0.161252754295837,0.160513786396098,0.159781537726476,0.159055919583472,0.158336844734399,0.157624227389913,0.156917983177042,0.156218029112705,0.155524283577718,0.154836666291281,0.154155098285942,0.153479501883027,0.152809800668541,0.152145919469519,0.151487784330837,0.150835322492461,0.15018846236714,0.149547133518528,0.148911266639732,0.148280793532281,0.147655647085503,0.147035761256312,0.146421071049386,0.14581151249774,0.145207022643686,0.14460753952017,0.144013002132471,0,0.531716417339992,0.529590123266166,0.527219190033427,0.524577869556487,0.521642170576826,0.518404533951512,0.514874798808469,0.511078041679564,0.507050421534767,0.502834371438083,0.498474379139671,0.494013795084533,0.489492609305529,0.484946032649485,0.48040374645069,0.475889702363946,0.471422345919421,0.467015129525563,0.462677188910151,0.458414080152689,0.45422850378448,0.450120969958719,0.446090380329943,0.442134517345919,0.438250441273785,0.434434801048025,0.430684068283646,0.42699470544032,0.423363279676321,0.41978653369528,0.416261424065213,0.41278513625029,0.409355084107594,0.405968900021162,0.402624420309401,0.399319669152475,0.396052843108955,0.392822297355627,0.389626534090838,0.386464193068901,0.383334043946619,0.380234979983381,0.377166012603864,0.374126266371541,0.371114974002008,0.368131471144595,0.365175190761944,0.362245657029446,0.359342478753183,0.356465342363835,0.353614004584632,0.350788284895566,0.347988057926106,0.345213245907622,0.342463811307405,0.33973974975139,0.337041083324602,0.334367854318989,0.331720119478984,0.329097944776929,0.326501400734122,0.323930558289034,0.321385485202374,0.318866242979216,0.316372884281091,0.313905450795731,0.311463971528678,0.309048461479034,0.30665892066096,0.304295333432868,0.301957668097376,0.299645876736813,0.2973598952512,0.295099643568037,0.292865025995765,0.290655931695403,0.288472235247441,0.286313797293594,0.284180465235401,0.282072073973952,0.279988446677067,0.277929395562227,0.275894722685263,0.273884220726417,0.271897673766778,0.269934858049365,0.267995542720229,0.266079490545895,0.264186458604343,0.262316198947411,0.260468459233159,0.258642983327241,0.256839511872796,0.25505778282873,0.253297531976576,0.251558493396381,0.249840399912263,0.248142983508448,0.24646597571673,0.244809107976376,0.243172111967593,0.241554719919692,0.239956664895131,0.238377681050627,0.236817503876519,0.235275870415559,0.233752519462286,0.232247191744117,0.230759630085237,0.229289579554363,0.227836787597386,0.226401004155887,0.224981981772447,0.223579475683647,0.222193243901616,0.220823047284916,0.219468649599546,0.218129817570764,0.216806320926424,0.215497932432463,0.214204427921139,0.212925586312586,0.211661189630219,0.21041102301049,0.20917487470745,0.207952536092567,0.206743801650189,0.205548468969057,0.204366338730189,0.203197214691499,0.202040903669431,0.200897215517907,0.199765963104854,0.198646962286546,0.197540031880004,0.196444993633657,0.195361672196455,0.194289895085629,0.193229492653254,0.192180298051775,0.191142147198639,0.190114878740164,0.189098334014765,0.188092357015649,0.187096794353086,0.186111495216345,0.185136311335385,0.184171096942374,0.183215708733122,0.182270005828474,0.181333849735748,0.180407104310247,0.179489635716914,0.178581312392169,0.177682005005969,0.176791586424124,0.175909931670907,0.175036917891993,0.174172424317737,0.173316332226834,0.172468524910367,0.171628887636273,0.170797307614234,0.16997367396101,0.169157877666234,0.168349811558661,0.167549370272903,0.16675645021664,0.165970949538316,0.165192768095327,0.164421807422711,0.163657970702327,0.162901162732533,0.16215128989837,0.161408260142235,0.160671982935059,0.159942369247976,0.159219331524485,0.158502783653104,0.157792640940512,0.157088820085166,0.156391239151406,0.155699817544025,0.155014475983314,0.154335136480567,0.153661722314043,0.152994158005382,0.152332369296468,0.151676283126724,0.151025827610856,0.150380932017005,0.14974152674534,0.149107543307049,0.148478914303746,0.147855573407277,0.147237455339923,0.146624495854988,0.146016631717771,0.145413800686909,0.144815941496094,0,0.532357192310936,0.530330784637688,0.528055562289086,0.52551714526798,0.522692269981222,0.519569723815505,0.516154355733124,0.512466301287914,0.50853769509608,0.504408238217765,0.500120960254984,0.4957188260052,0.491242271487597,0.486727556046554,0.482205804085101,0.477702621678487,0.473238167755779,0.468827550785694,0.464481425751047,0.460206684725696,0.456007160923689,0.451884292979849,0.447837718642992,0.443865783488709,0.439965961240258,0.436135189161178,0.432370126059056,0.428667342675249,0.425023455231697,0.421435213019371,0.417899550372651,0.414413612360713,0.410974762207233,0.407580576980467,0.404228836615902,0.400917509953803,0.397644740270262,0.394408831794156,0.391208237945076,0.388041551486725,0.384907496439385,0.381804921398722,0.378732793829305,0.375690194904637,0.37267631452105,0.369690446195896,0.36673198165286,0.363800404986082,0.360895286372374,0.358016275362858,0.355163093830806,0.3523355286818,0.349533424447635,0.346756675889015,0.344005220726802,0.341279032609966,0.338578114412723,0.335902491935567,0.333252208066617,0.330627317441929,0.328027881627069,0.325453964827783,0.32290563012522,0.320382936221075,0.317885934670036,0.315414667570968,0.312969165684114,0.310549446938999,0.308155515296482,0.305787359928185,0.303444954677232,0.301128257765568,0.298837211714924,0.296571743450692,0.294331764560279,0.292117171680013,0.289927846987151,0.287763658775953,0.285624462099201,0.283510099458714,0.281420401530556,0.279355187912525,0.277314267883326,0.275297441164399,0.273304498676848,0.271335223287186,0.269389390536773,0.267466769350833,0.265567122723779,0.263690208378414,0.261835779397139,0.260003584823971,0.258193370236546,0.256404878287786,0.254637849217176,0.252892021331902,0.251167131458358,0.249462915364643,0.247779108154906,0.246115444636423,0.244471659660439,0.242847488437828,0.241242666830689,0.239656931620996,0.23809002075745,0.236541673581666,0.23501163103481,0.233499635845794,0.232005432702103,0.23052876840429,0.229069392005152,0.227627054934555,0.226201511110831,0.22479251703965,0.223399831901195,0.222023217626455,0.22066243896341,0.219317263533807,0.21798746188124,0.216672807511148,0.215373076923374,0.214088049637825,0.21281750821379,0.211561238263414,0.210319028459797,0.209090670540174,0.207875959304565,0.206674692610315,0.205486671362849,0.204311699503006,0.203149583991254,0.202000134789081,0.200863164837823,0.1997384900352,0.198625929209782,0.197525304093599,0.196436439293111,0.195359162258706,0.194293303252919,0.193238695317512,0.19219517423958,0.191162578516804,0.190140749321991,0.189129530467004,0.188128768366197,0.187138311999453,0.186158012874908,0.18518772499145,0.184227304801065,0.183276611171107,0.182335505346542,0.181403850912233,0.180481513755316,0.179568362027722,0.178664266108868,0.177769098568581,0.176882734130271,0.176005049634403,0.175135924002271,0.17427523820013,0.173422875203683,0.172578719962955,0.171742659367577,0.17091458221248,0.170094379164028,0.169281942726589,0.168477167209563,0.167679948694874,0.166890185004927,0.166107775671041,0.165332621902362,0.164564626555255,0.163803694103183,0.16304973060707,0.162302643686151,0.161562342489301,0.160828737666859,0.160101741342926,0.15938126708814,0.158667229892941,0.157959546141296,0.157258133584901,0.156562911317844,0.155873799751737,0.155190720591292,0.154513596810361,0.153842352628413,0.15317691348745,0.152517206029369,0.151863158073737,0.151214698596001,0.150571757706105,0.149934266627524,0.1493021576767,0.148675364242872,0.148053820768304,0.147437462728885,0.146826226615125,0.146220049913504,0.145618871088206,0,0.532959251907331,0.531035261431547,0.528855533950649,0.526417481144846,0.523700528961452,0.520690999432877,0.517389323245581,0.513810843200025,0.50998351545158,0.505943992920423,0.501733486981674,0.497394239383053,0.49296684433899,0.488488379599353,0.48399124132795,0.479502574995987,0.475044188502751,0.470632824227286,0.466280666848497,0.461995977823096,0.457783770833034,0.453646468231697,0.449584501286865,0.445596834555282,0.441681406978196,0.437835490276027,0.434055970156779,0.430339558723644,0.426682947938573,0.423082914482355,0.419536386110211,0.416040478828908,0.412592513085936,0.409190015820511,0.405830713821159,0.402512522482122,0.399233532836085,0.395991998716112,0.392786325087181,0.389615057984818,0.386476876085416,0.38337058367993,0.38029510469575,0.377249477376902,0.37423284926004,0.371244472147571,0.368283696860027,0.365349967633091,0.362442816101107,0.359561854872891,0.356706770754797,0.353877317710036,0.351073309663346,0.348294613268364,0.345541140753793,0.342812842956172,0.340109702633953,0.337431728141735,0.334778947526356,0.332151403089493,0.329549146445277,0.326972234086822,0.324420723462883,0.321894669555177,0.319394121938353,0.316919122297947,0.314469702376851,0.312045882317623,0.309647669366082,0.307275056900939,0.304928023754438,0.302606533789914,0.300310535703668,0.298039963020441,0.295794734253921,0.293574753206002,0.291379909380889,0.289210078492482,0.287065123045805,0.284944892975395,0.282849226325715,0.280777949960529,0.278730880290012,0.276707824005966,0.274708578817014,0.272732934176949,0.270780672000623,0.26885156736277,0.266945389176118,0.265061900845905,0.263200860898654,0.261362023583618,0.259545139445864,0.257749955870349,0.255976217596762,0.254223667205167,0.252492045572763,0.250781092302271,0.249090546122615,0.247420145262723,0.245769627799333,0.244138731979802,0.242527196520943,0.240934760884956,0.239361165533539,0.237806152161281,0.236269463909391,0.234750845560874,0.233250043718166,0.231766806964279,0.230300886008427,0.228852033817105,0.227420005731533,0.226004559572355,0.224605455732422,0.22322245725849,0.221855329922564,0.220503842283646,0.219167765740544,0.217846874576417,0.216540945995653,0.215249760153659,0.213973100180115,0.21271075219619,0.211462505326209,0.210228151704212,0.209007486475833,0.207800307795885,0.206606416822025,0.205425617704831,0.204257717574633,0.203102526525363,0.201959857595735,0.200829526747996,0.19971135284448,0.198605157622213,0.197510765665756,0.196428004378477,0.195356703952448,0.194296697337109,0.193247820206873,0.192209910927793,0.191182810523435,0.190166362640069,0.189160413511293,0.188164811922194,0.187179409173127,0.186204059043212,0.185238617753624,0.184282943930744,0.18333689856924,0.182400344995137,0.18147314882894,0.18055517794884,0.179646302454073,0.178746394628455,0.17785532890414,0.176972981825628,0.176099232014066,0.175233960131848,0.174377048847564,0.173528382801295,0.172687848570299,0.171855334635073,0.171030731345842,0.170213930889456,0.169404827256728,0.168603316210215,0.167809295252439,0.167022663594579,0.166243322125615,0.165471173381944,0.164706121517459,0.163948072274109,0.163196932952923,0.16245261238551,0.161715020906031,0.160984070323644,0.160259673895413,0.159541746299693,0.158830203609971,0.158124963269171,0.15742594406442,0.156733066102259,0.156046250784313,0.155365420783395,0.154690500020061,0.154021413639584,0.153358087989371,0.152700450596793,0.152048430147443,0.15140195646379,0.150760960484256,0.150125374242678,0.149495130848172,0.148870164465385,0.148250410295119,0.147635804555343,0.147026284462561,0.146421788213552,0,0.533526125985487,0.531703954816238,0.529619572693757,0.52727980860882,0.5246680354208,0.521769288214422,0.518580259100223,0.515111762333093,0.5113875180207,0.507440876117768,0.503310897602896,0.499038769601972,0.494664950821569,0.490227095670588,0.485758686296291,0.481288276950477,0.476839244709463,0.472429929694117,0.468074044814611,0.463781244858816,0.459557764785091,0.455407061154336,0.451330413312298,0.447327459295483,0.443396654831985,0.43953565288681,0.435741607023673,0.432011405398601,0.428341844178363,0.424729750053097,0.421172061585557,0.417665878620542,0.414208488041688,0.410797372966863,0.407430211160809,0.404104867135664,0.400819381199852,0.397571957665647,0.394360953567656,0.391184868585703,0.388042336394039,0.384932117350418,0.381853092262967,0.378804256898185,0.375784716889955,0.372793682751452,0.36983046475832,0.366894467546893,0.363985184344555,0.361102190813686,0.358245138542397,0.355413748253164,0.352607802824999,0.349827140237397,0.347071646547032,0.34434124900331,0.341635909398527,0.338955617734567,0.336300386272361,0.333670244014153,0.33106523165287,0.328485397008339,0.325930790957167,0.323401463852032,0.320897462416991,0.318418827098204,0.31596558984402,0.313537772284541,0.311135384278343,0.308758422792803,0.306406871084217,0.304080698144456,0.301779858382004,0.299504291506877,0.297253922590778,0.295028662276004,0.292828407108813,0.290653039975216,0.288502430619417,0.286376436227239,0.284274902058969,0.282197662117968,0.28014453984319,0.278115348815408,0.276109893468441,0.274127969798036,0.272169366062278,0.270233863468457,0.268321236842333,0.266431255276506,0.264563682755392,0.262718278754897,0.260894798815458,0.259092995087562,0.257312616849253,0.255553410995493,0.253815122499474,0.252097494846255,0.250400270439249,0.248723190980237,0.247065997823726,0.245428432306524,0.243810236053497,0.242211151260492,0.240630920955474,0.2390692892389,0.23752600150438,0.236000804640663,0.234493447215975,0.23300367964569,0.231531254344333,0.23007592586284,0.228637451011995,0.22721558897291,0.225810101395401,0.224420752485051,0.223047309079718,0.221689540716236,0.220347219687973,0.219020121093912,0.217708022879872,0.216410705872442,0.215127953806185,0.213859553344624,0.212605294095493,0.211364968620711,0.210138372441508,0.20892530403909,0.207725564851234,0.206538959265151,0.205365294606942,0.204204381127964,0.203056031988367,0.201920063238097,0.200796293795578,0.199684545424328,0.198584642707704,0.197496413021984,0.19641968650796,0.195354296041225,0.194300077201287,0.193256868239686,0.19222451004722,0.191202846120425,0.19019172252741,0.189190987873156,0.188200493264381,0.187220092274055,0.186249640905647,0.185288997557184,0.184338022985184,0.183396580268533,0.18246453477236,0.181541754111967,0.180628108116851,0.179723468794872,0.178827710296614,0.177940708879947,0.177062342874852,0.176192492648525,0.175331040570785,0.174477870979809,0.173632870148224,0.17279592624956,0.171966929325099,0.17114577125111,0.170332345706507,0.169526548140923,0.168728275743216,0.16793742741042,0.167153903717131,0.166377606885353,0.165608440754794,0.164846310753615,0.16409112386965,0.163342788622074,0.162601215033534,0.16186631460275,0.161138000277556,0.160416186428421,0.159700788822402,0.158991724597566,0.158288912237855,0.157592271548393,0.156901723631241,0.156217190861584,0.155538596864352,0.15486586649127,0.154198925798332,0.153537702023687,0.152882123565943,0.152232119962872,0.151587621870526,0.150948561042736,0.150314870311008,0.149686483564801,0.149063335732181,0.148445362760846,0.147832501599522,0.147224690179712,0,0.534060813545847,0.532337545092176,0.530348027814052,0.528104892871496,0.525595792751747,0.522805528680764,0.519727806679675,0.51636928268833,0.512749481313127,0.508898264011525,0.504852246018151,0.500651240876042,0.496335276462082,0.49194233302363,0.487506780035557,0.483058435289511,0.478622150354524,0.474217812960436,0.469860650604482,0.465561725424648,0.461328526891112,0.457165590894355,0.45307509596555,0.449057406242222,0.445111545168775,0.441235594035438,0.437427016174998,0.433682911881866,0.430000211631527,0.426375816469911,0.422806694846303,0.419289944912298,0.415822830585768,0.412402798642896,0.409027482897537,0.405694700280239,0.402402442439186,0.399148865422712,0.395932279109896,0.39275113734827,0.389604029231961,0.386489671591607,0.383406902543113,0.380354675826462,0.377332055629556,0.37433821160965,0.371372413874757,0.36843402775252,0.365522508242331,0.362637394109548,0.359778301633829,0.356944918064496,0.354136994864215,0.351354340838911,0.348596815258483,0.34586432107141,0.343156798308842,0.340474217762174,0.337816575004021,0.33518388480735,0.332576176002421,0.32999348679681,0.327435860570767,0.324903342148788,0.3223959745387,0.319913796121785,0.317456838271447,0.3150251233735,0.312618663218169,0.310237457732128,0.307881494018163,0.305550745670184,0.303245172332077,0.300964719470205,0.298709318330995,0.296478886057004,0.294273325936884,0.292092527766844,0.28993636830331,0.287804711788625,0.285697410533626,0.283614305542867,0.281555227170058,0.27951999579292,0.277508422498217,0.275520309769081,0.273555452167997,0.271613637009941,0.269694645021125,0.267798250979727,0.265924224335678,0.264072329807323,0.262242327953287,0.260433975718401,0.258647026952979,0.256881232905048,0.255136342685499,0.253412103706312,0.25170826209226,0.250024563066638,0.24836075131171,0.246716571304661,0.245091767629917,0.243486085268771,0.241899269867268,0.24033106798335,0.238781227314242,0.237249496905098,0.235735627339882,0.234239370915473,0.23276048179993,0.23129871617586,0.229853832369785,0.228425590968358,0.227013754922287,0.225618089638739,0.224238363062997,0.222874345750104,0.221525810927161,0.220192534546954,0.21887429533352,0.217570874820243,0.216282057381017,0.215007630255029,0.213747383565607,0.21250111033364,0.211268606485964,0.210049670859149,0.208844105199038,0.207651714156428,0.206472305279184,0.205305689001136,0.204151678628022,0.203010090320752,0.201880743076257,0.200763458706139,0.199658061813351,0.198564379767112,0.197482242676226,0.196411483361005,0.195351937323943,0.194303442719284,0.193265840321638,0.192238973493768,0.191222688153659,0.190216832740983,0.189221258183066,0.18823581786044,0.187260367572072,0.18629476550035,0.185338872175882,0.184392550442204,0.183455665420425,0.182528084473884,0.181609677172867,0.180700315259427,0.17979987261234,0.178908225212255,0.178025251107058,0.17715083037748,0.176284845102982,0.175427179327949,0.174577719028192,0.173736352077811,0.172902968216403,0.172077459016659,0.171259717852339,0.170449639866664,0.169647121941104,0.168852062664596,0.168064362303193,0.167283922770138,0.16651064759638,0.165744441901542,0.164985212365316,0.164232867199324,0.163487316119414,0.162748470318411,0.162016242439314,0.161290546548939,0.160571298112011,0.159858413965691,0.159151812294553,0.158451412605994,0.157757135706071,0.157068903675782,0.156386639847761,0.1557102687834,0.155039716250382,0.154374909200635,0.153715775748689,0.153062245150427,0.152414247782243,0.151771715120587,0.151134579721891,0.150502775202881,0.14987623622126,0.149254898456759,0.148638698592548,0.148027574297008,0,0.534570230984179,0.532936891802134,0.531041123046497,0.528893324427923,0.526484693963462,0.523800640172703,0.52083266885246,0.517583739329148,0.514069317578688,0.510315666180387,0.506356704367919,0.502230572815033,0.49797657645664,0.493632764503536,0.489234184103722,0.484811757884649,0.48039170296389,0.475995390776862,0.471639537430362,0.467336616105961,0.463095395915407,0.45892153125263,0.454818146921181,0.450786383383269,0.446825881636142,0.44293519828864,0.43911214900771,0.435354083470848,0.431658098035837,0.428021194067776,0.424440390615252,0.420912800157601,0.417435675647449,0.414006436210907,0.410622677788051,0.407282173826341,0.403982869984717,0.400722875744534,0.39750045490617,0.394314016202044,0.391162104682171,0.388043394115632,0.384956680379205,0.381900875646617,0.37887500312123,0.375878192046038,0.372909672755615,0.369968771587351,0.367054905530466,0.364167576551504,0.361306365588187,0.358470926246486,0.355660978267256,0.352876300849119,0.350116725924539,0.347382131487963,0.344672435070336,0.341987587444981,0.339327566637603,0.336692372299215,0.334082020486446,0.331496538879673,0.328935962456466,0.326400329626246,0.323889678822129,0.321404045537661,0.318943459789643,0.316507943983201,0.314097511151792,0.311712163542486,0.309351891515716,0.307016672728354,0.304706471569394,0.302421238818513,0.300160911499143,0.297925412899451,0.295714652736448,0.293528527440513,0.291366920539633,0.289229703124697,0.28711673437918,0.285027862158419,0.282962923605489,0.280921745792344,0.278904146376427,0.276909934264336,0.274938910275444,0.272990867799475,0.271065593443085,0.269162867661383,0.267282465371148,0.265424156543178,0.26358770677182,0.261772877820261,0.259979428140606,0.258207113368146,0.256455686789562,0.254724899785071,0.253014502244736,0.251324242959368,0.249653869986592,0.248003130992746,0.24637177357141,0.244759545539401,0.243166195211136,0.241591471652294,0.240035124913731,0.238496906246593,0.236976568299602,0.235473865299452,0.233988553215239,0.232520389907846,0.231069135265163,0.229634551323986,0.228216402379443,0.226814455082703,0.225428478527762,0.224058244328008,0.222703526683258,0.221364102437923,0.22003975113093,0.218730255037976,0.21743539920668,0.216154971485158,0.214888762544504,0.213636565895664,0.212398177901116,0.211173397781789,0.209962027619588,0.208763872355899,0.20757873978641,0.206406440552549,0.205246788129862,0.204099598813579,0.20296469170164,0.201841888675418,0.200731014378357,0.19963189619274,0.198544364214774,0.197468251228168,0.19640339267638,0.195349626633681,0.194306793775175,0.193274737345912,0.192253303129219,0.191242339414354,0.190241696963592,0.18925122897884,0.188270791067863,0.187300241210212,0.186339439722926,0.185388249226064,0.184446534608155,0.183514162991597,0.182591003698082,0.181676928214071,0.180771810156388,0.179875525237951,0.17898795123369,0.178108967946679,0.177238457174517,0.176376302675972,0.17552239013793,0.174676607142658,0.173838843135399,0.173008989392326,0.172186938988862,0.171372586768379,0.170565829311293,0.169766564904559,0.168974693511574,0.168190116742507,0.167412737825037,0.166642461575533,0.165879194370658,0.165122844119408,0.164373320235589,0.163630533610726,0.162894396587413,0.1621648229331,0.161441727814307,0.160725027771287,0.160014640693101,0.159310485793141,0.158612483585063,0.157920555859155,0.157234625659112,0.156554617259239,0.155880456142052,0.155212068976293,0.154549383595344,0.153892328976031,0.153240835217838,0.152594833522482,0.151954256173889,0.151319036518535,0.15068910894616,0.150064408870846,0.149444872712455,0.148830437878419,0,0.535054152835328,0.53350214565728,0.531698898557597,0.529645511493393,0.527335499463124,0.524755493900385,0.521895581068709,0.518755558316268,0.515347061006824,0.511692721103401,0.507823563933251,0.503775784772992,0.499587681972612,0.495297114231508,0.490939587912013,0.486546959688737,0.482146689821862,0.477761556114948,0.473409724942006,0.469105073597802,0.464857667397488,0.460674311927124,0.456559120783304,0.452514058066311,0.448539430613249,0.444634316867531,0.440796927726226,0.437024900401162,0.43331552998765,0.429665945621371,0.426073239220022,0.422534555131054,0.419047148747106,0.415608421476087,0.41221593851129,0.408867434768888,0.405560813255093,0.402294139078159,0.399065631390167,0.395873654763593,0.392716710890215,0.389593431030026,0.386502569319401,0.383442996848011,0.380413696307809,0.377413756980145,0.374442369836727,0.371498822568249,0.368582494406606,0.365692850662243,0.362829436949997,0.359991873120781,0.357179846950336,0.354393107659755,0.351631459356156,0.34889475448704,0.346182887400232,0.343495788094425,0.340833416234997,0.338195755497237,0.335582808285671,0.332994590864712,0.330431128923071,0.327892453582699,0.325378597852855,0.322889593521233,0.320425468467065,0.317986244375624,0.315571934829481,0.313182543749113,0.310818064153753,0.308478477212678,0.306163751557126,0.303873842823728,0.301608693401435,0.299368232355399,0.297152375502983,0.294961025618924,0.29279407274863,0.290651394610521,0.288532857070257,0.286438314671569,0.284367611210152,0.282320580338751,0.280297046193132,0.27829682403001,0.276319720869328,0.27436553613446,0.272434062284914,0.270525085437102,0.268638385969544,0.266773739109591,0.264930915499437,0.263109681739679,0.261309800909221,0.2595310330607,0.257773135690951,0.256035864186358,0.254318972243138,0.25262221226286,0.250945335723614,0.249288093527436,0.247650236324638,0.246031514815839,0.244431680032508,0.242850483596887,0.241287677962194,0.23974301663403,0.238216254373893,0.236707147385722,0.235215453486379,0.233740932260952,0.232283345203738,0.230842455845774,0.22941802986969,0.228009835212704,0.226617642158494,0.225241223418663,0.223880354204505,0.222534812289702,0.221204378064595,0.219888834582607,0.218587967599388,0.217301565605195,0.216029419851025,0.214771324368957,0.213527075987147,0.212296474339901,0.211079321873207,0.2098754238461,0.20868458832819,0.207506626193698,0.20634135111227,0.205188579536882,0.20404813068907,0.202919826541749,0.201803491799838,0.200698953878904,0.199606042882036,0.198524591575111,0.197454435360636,0.196395412250324,0.195347362836548,0.194310130262808,0.193283560193336,0.192267500781967,0.191261802640362,0.190266318805707,0.189280904707957,0.188305418136731,0.187339719207917,0.186383670330068,0.185437136170659,0.184499983622255,0.183572081768645,0.18265330185101,0.18174351723415,0.180842603372816,0.179950437778206,0.17906689998462,0.178191871516355,0.177325235854818,0.176466878405922,0.17561668646777,0.174774549198643,0.173940357585325,0.173114004411774,0.172295384228143,0.171484393320188,0.170680929679043,0.169884892971404,0.169096184510098,0.168314707225073,0.16754036563479,0.166773065818035,0.166012715386159,0.165259223455725,0.164512500621597,0.163772458930444,0.163039011854668,0.162312074266767,0.16159156241411,0.160877393894146,0.160169487630021,0.159467763846628,0.158772144047054,0.158082550989454,0.157398908664325,0.156721142272185,0.156049178201654,0.15538294400793,0.154722368391654,0.154067381178163,0.153417913297127,0.152773896762553,0.152135264653173,0.151501951093192,0.150873891233391,0.150251021232595,0.149633278239485,0,0.535506742614526,0.534032659344359,0.532321198337602,0.530361675501828,0.528148817821954,0.525670885601885,0.522917284190245,0.519885234991214,0.516582853659965,0.513029189465369,0.509252234219276,0.505285998862329,0.501167505538886,0.496934164221018,0.492621715745271,0.488262769574492,0.483885894219624,0.479515183564704,0.475170203637728,0.470866218096027,0.466614596065819,0.462423320042553,0.458297529853663,0.454240057140727,0.450251920862744,0.44633276693934,0.442481244391871,0.438695316756469,0.434972511797733,0.431310115214612,0.427705315526423,0.424155307959329,0.420657365143754,0.417208881957674,0.413807401060608,0.410450624690974,0.407136417258426,0.403862802243466,0.40062795598493,0.397430200133541,0.394267993896148,0.391139926692697,0.388044711485523,0.384981178799494,0.381948271309219,0.378945038802546,0.375970633316292,0.373024304261694,0.370105393398237,0.367213329563767,0.364347623117935,0.361507860099774,0.358693696135692,0.355904850160192,0.353141098028319,0.350402266107098,0.347688224934406,0.344998883029345,0.342334180929815,0.339694085522017,0.337078584714214,0.334487682494294,0.331921394398191,0.329379743404646,0.326862756261399,0.324370460238962,0.321902880300677,0.319460036671813,0.317041942785895,0.314648603583205,0.312280014134239,0.309936158559777,0.307617009218849,0.305322526136208,0.303052656641758,0.300807335195614,0.298586483373971,0.296390009992685,0.294217811347247,0.292069771549733,0.289945762945129,0.287845646591276,0.285769272788398,0.283716481645848,0.281687103675235,0.279680960400524,0.277697864977032,0.27573762281239,0.273800032183688,0.271884884845893,0.269991966627587,0.268121058010736,0.266271934691945,0.264444368123191,0.262638126030543,0.260852972909825,0.259088670498529,0.25734497822363,0.255621653625192,0.253918452755902,0.252235130556835,0.25057144120992,0.248927138467681,0.247301975960933,0.245695707485185,0.24410808726655,0.242538870208003,0.240987812116863,0.239454669914355,0.237939201828161,0.236441167568811,0.234960328490795,0.233496447739233,0.232049290382933,0.230618623534644,0.229204216459265,0.227805840670769,0.226423270018553,0.225056280763898,0.223704651647195,0.222368163946556,0.221046601528413,0.219739750890646,0.218447401198797,0.217169344315849,0.215905374826057,0.214655290053282,0.213418890074233,0.212195977727024,0.210986358615421,0.209789841109114,0.208606236340351,0.207435358197239,0.206277023313994,0.205131051058409,0.203997263516791,0.202875485476596,0.201765544406986,0.200667270437503,0.19958049633505,0.198505057479357,0.197440791837093,0.19638753993477,0.195345144830589,0.19431345208535,0.193292309732545,0.192281568247755,0.19128108051744,0.190290701807232,0.189310289729805,0.188339704212409,0.187378807464148,0.186427463943058,0.185485540323052,0.184552905460805,0.183629430362603,0.182714988151226,0.181809454032911,0.18091270526441,0.180024621120215,0.17914508285995,0.178273973695985,0.177411178761286,0.176556585077523,0.175710081523475,0.17487155880373,0.174040909417712,0.173218027629046,0.172402809435277,0.171595152537943,0.170794956313038,0.170002121781846,0.169216551582167,0.168438149939948,0.167666822641307,0.166902477004968,0.166145021855107,0.165394367494607,0.164650425678731,0.163913109589202,0.163182333808709,0.162458014295812,0.161740068360278,0.161028414638812,0.160322973071211,0.159623664876913,0.158930412531957,0.158243139746348,0.157561771441809,0.156886233729937,0.156216453890738,0.15555236035156,0.154893882666395,0.15424095149557,0.153593498585797,0.152951456750598,0.152314759851091,0.151683342777127,0.151057141428788,0.150436092698225,0,0.535920061347427,0.534527340346666,0.532907669379198,0.531041840634734,0.528925087441883,0.526547509775034,0.523898497478691,0.5209733110144,0.517776929374741,0.514324945298951,0.510642240163033,0.506760441529338,0.502715045418259,0.498542760322539,0.494279333383279,0.489957936987495,0.485608101684406,0.481255134837809,0.476919939468664,0.472619136935633,0.468365398524449,0.464167901956195,0.460032845162517,0.455963967337391,0.451963043388747,0.448030331079605,0.444164960106123,0.44036525947664,0.436629024412757,0.432953727147229,0.429336677885022,0.425775143146555,0.42226642896347,0.41880793613209,0.415397194103188,0.412031879233502,0.408709822160897,0.40542900808645,0.402187572825316,0.398983796672895,0.395816097450646,0.392683023555606,0.389583247434283,0.386515559620446,0.38347886329779,0.38047216925082,0.377494591029501,0.374545340156416,0.371623721233624,0.368729126847621,0.365861032215745,0.363018989559782,0.36020262222863,0.357411618619837,0.354645725969078,0.351904744087737,0.349188519132668,0.346496937490308,0.343829919851037,0.341187415540299,0.338569397161864,0.335975855596575,0.33340679538794,0.330862230534474,0.328342180698276,0.325846667830151,0.323375713203784,0.320929334845121,0.318507545338087,0.316110349984057,0.313737745289897,0.311389717757842,0.309066242949704,0.306767284797921,0.30449279513646,0.302242713425591,0.300016966645826,0.297815469337864,0.295638123767051,0.293484820192627,0.291355437223789,0.289249842246403,0.28716789190585,0.285109432633171,0.283074301203182,0.281062325314678,0.27907332418417,0.277107109145795,0.275163484251145,0.273242246863767,0.271343188243935,0.26946609412011,0.267610745244202,0.265776917928318,0.26396438456128,0.262172914103574,0.260402272559875,0.258652223428553,0.256922528127918,0.255212946399156,0.253523236686143,0.251853156492469,0.250202462716148,0.24857091196261,0.24695826083662,0.245364266213887,0.243788685493117,0.242231276829342,0.240691799349349,0.239170013350058,0.237665680480689,0.236178563909559,0.234708428476335,0.233255040830545,0.231818169557146,0.230397585289901,0.228993060813313,0.227604371153816,0.226231293660913,0.224873608078907,0.223531096609852,0.222203543968307,0.220890737428468,0.219592466864201,0.218308524782491,0.217038706350775,0.215782809418616,0.214540634534139,0.213311984955637,0.212096666658716,0.210894488339326,0.209705261413031,0.208528800010805,0.20736492097166,0.206213443832372,0.205074190814563,0.203946986809371,0.202831659359936,0.201728038641908,0.200635957442166,0.199555251135923,0.198485757662403,0.197427317499221,0.196379773635624,0.195342971544727,0.194316759154857,0.193300986820132,0.19229550729038,0.191300175680478,0.190314849439233,0.189339388317863,0.188373654338158,0.187417511760411,0.186470827051164,0.185533468850832,0.184605307941273,0.183686217213341,0.182776071634472,0.181874748216349,0.180982125982681,0.180098085937129,0.179222511031419,0.178355286133656,0.177496297996885,0.176645435227902,0.175802588256352,0.174967649304124,0.174140512355062,0.173321073125006,0.172509229032182,0.171704879167938,0.170907924267857,0.170118266683237,0.169335810352952,0.168560460775704,0.167792124982666,0.16703071151052,0.166276130374897,0.165528293044217,0.164787112413933,0.164052502781179,0.163324379819823,0.162602660555919,0.16188726334357,0.161178107841183,0.16047511498813,0.1597782069818,0.159087307255051,0.158402340454047,0.157723232416487,0.157049910150211,0.156382301812199,0.155720336687928,0.155063945171115,0.154413058743822,0.153767609956919,0.153127532410913,0.152492760737124,0.151863230579212,0.151238878575041,0,0.536288683414952,0.534984841792445,0.533457686876782,0.531685805369366,0.529664556912935,0.527385935304545,0.524839892093532,0.522020350564169,0.518929595905555,0.515579965066264,0.51199321744121,0.508198443605043,0.504229388861526,0.500121817403979,0.495911254242942,0.491631238345235,0.487312106131059,0.482980264327759,0.478657878596915,0.474362888446311,0.470109256191393,0.465907365326655,0.461764497755962,0.457685335885694,0.453672451504471,0.449726756911518,0.445847904336537,0.442034627474334,0.438285024412954,0.434596784888612,0.430967367100352,0.427394130602427,0.423874432315469,0.420405692653311,0.416985438310434,0.413611327533084,0.410281162823699,0.406992895102997,0.40374462245446,0.400534585757665,0.397361162813946,0.394222861995681,0.391118316009762,0.388046276046509,0.385005606371019,0.381995279285066,0.379014370324198,0.37606205353795,0.373137596715104,0.370240356447519,0.367369772965295,0.364525364715905,0.361706722695656,0.358913504570982,0.356145428648422,0.353402267765679,0.350683843182687,0.347990018552103,0.345320694044448,0.342675800695489,0.34005529503361,0.33745915403383,0.334887370433703,0.332339948435182,0.329816899806132,0.327318240385895,0.324843986991183,0.322394154711914,0.319968754581129,0.317567791598995,0.315191263087878,0.31283915735348,0.310511452625902,0.308208116254154,0.305929104127837,0.303674360300449,0.30144381678984,0.299237393532695,0.297054998471444,0.294896527753632,0.292761866025504,0.290650886803198,0.28856345290667,0.286499416943026,0.284458621827494,0.282440901331677,0.280446080650084,0.278473976977137,0.276524400087972,0.274597152917392,0.272692032132187,0.270808828692906,0.26894732840184,0.26710731243465,0.265288557853589,0.263490838100804,0.26171392347057,0.259957581559722,0.25822157769581,0.256505675342815,0.254809636484428,0.253133221985129,0.251476191929419,0.249838305939693,0.248219323473342,0.246619004099725,0.245037107757763,0.243473394994866,0.241927627188028,0.240399566747847,0.238888977306319,0.237395623889186,0.235919273073659,0.234459693132289,0.233016654163775,0.231589928211444,0.230179289370136,0.228784513882209,0.227405380223311,0.226041669178606,0.224693163910033,0.223359650015226,0.222040915578631,0.220736751215371,0.219446950108362,0.218171308039156,0.216909623412977,0.215661697278363,0.214427333341831,0.213206337977938,0.211998520235107,0.210803691837532,0.209621667183507,0.208452263340445,0.207295300036893,0.206150599651773,0.205017987201119,0.203897290322511,0.20278833925744,0.201690966831785,0.200605008434593,0.199530301995326,0.19846668795975,0.197414009264592,0.196372111311116,0.195340841937749,0.194320051391857,0.193309592300807,0.192309319642385,0.191319090714696,0.190338765105606,0.189368204661819,0.18840727345767,0.187455837763676,0.186513766014939,0.185580928779434,0.18465719872625,0.183742450593824,0.18283656115821,0.181939409201441,0.181050875479991,0.1801708426934,0.179299195453076,0.178435820251301,0.177580605430478,0.176733441152625,0.175894219369153,0.17506283379093,0.174239179858663,0.173423154713594,0.172614657168543,0.171813587679289,0.17101984831632,0.17023334273693,0.16945397615771,0.168681655327399,0.167916288500128,0.167157785409047,0.166406057240342,0.165661016607646,0.164922577526837,0.164190655391239,0.163465166947207,0.162746030270115,0.162033164740726,0.161326491021964,0.160625931036064,0.159931407942119,0.159242846113999,0.158560171118667,0.157883309694853,0.157212189732117,0.15654674025028,0.155886891379213,0.155232574338999,0.154583721420446,0.153940265965951,0.153302142350722,0.152669285964335,0.152041633192638,0,0.536611321397506,0.535403083965282,0.533970183444773,0.532293096972075,0.530367263581521,0.528186582361147,0.525742065387327,0.52302691609083,0.520041215616006,0.516794314828052,0.513304905890951,0.509599438767356,0.505709714152011,0.501670323675917,0.49751634496055,0.493281483112658,0.488996715876591,0.484689424676805,0.480382952266559,0.476096505993218,0.471845318465405,0.46764098143012,0.463491880231053,0.459403671364881,0.455379761111118,0.451421756927582,0.447529874392949,0.443703290869135,0.439940443095819,0.436239270088807,0.432597405432049,0.429012324681354,0.425481454402909,0.422002249556125,0.418572245663557,0.415189091631029,0.411850568309952,0.40855459703376,0.405299241494081,0.40208270551102,0.39890332853649,0.39575958013165,0.392650054185745,0.389573463288662,0.386528633420593,0.383514498961956,0.38053009793674,0.377574567364511,0.374647138594304,0.371747132514096,0.36887395456165,0.366027089498581,0.363206095943833,0.360410600692307,0.357640292867184,0.35489491797018,0.35217427190283,0.349478195034663,0.346806566392081,0.34415929803584,0.34153632968661,0.338937623648049,0.33636316006607,0.333812932552244,0.33128694418905,0.328785203925274,0.326307723361648,0.323854513919741,0.321425584381358,0.319020938781102,0.316640574631383,0.314284481456695,0.311952639612552,0.309645019363717,0.307361580196283,0.305102270338628,0.302867026467096,0.300655773573391,0.298468424972093,0.29630488242815,0.294165036385846,0.292048766282338,0.289955940930468,0.287886418957144,0.285840049285067,0.283816671647012,0.28181611712322,0.279838208693657,0.277882761798069,0.275949584897755,0.274038480033935,0.272149243378426,0.270281665773069,0.268435533255029,0.266610627565663,0.264806726641159,0.263023605083603,0.261261034611507,0.259518784489149,0.257796621934397,0.256094312504873,0.254411620462547,0.25274830911702,0.25110414114786,0.249478878906503,0.247872284698282,0.246284121045244,0.24471415093045,0.243162138024487,0.24162784689496,0.240111043199731,0.238611493864687,0.237128967246802,0.23566323328327,0.234214063627465,0.232781231772447,0.231364513162753,0.229963685295148,0.228578527809019,0.227208822567041,0.225854353726747,0.224514907803584,0.223190273726019,0.221880242883224,0.220584609165871,0.219303169000485,0.218035721377852,0.216782067875878,0.215542012677328,0.214315362582829,0.213101927019488,0.211901518045473,0.21071395035088,0.209539041255177,0.208376610701514,0.207226481248161,0.206088478057321,0.204962428881544,0.20384816404797,0.202745516440581,0.201654321480678,0.200574417105733,0.199505643746792,0.198447844304575,0.197400864124421,0.196364550970201,0.195338754997327,0.194323328724964,0.193318127007551,0.192323007005739,0.191337828156811,0.190362452144695,0.189396742869625,0.188440566417531,0.187493791029221,0.186556287069411,0.185627926995667,0.184708585327294,0.18379813861424,0.182896465406032,0.182003446220805,0.181118963514447,0.180242901649889,0.179375146866587,0.178515587250197,0.177664112702493,0.176820614911522,0.175984987322045,0.175157125106256,0.174336925134808,0.173524285948158,0.172719107728235,0.171921292270455,0.171130742956082,0.170347364724944,0.169571064048514,0.168801748903358,0.168039328744963,0.167283714481933,0.16653481845057,0.165792554389838,0.165056837416707,0.164327584001883,0.163604711945922,0.162888140355726,0.162177789621422,0.161473581393625,0.160775438561073,0.160083285228648,0.15939704669576,0.158716649435116,0.158042021071844,0.157373090362991,0.156709787177374,0.156052042475796,0.155399788291611,0.154752957711635,0.154111484857411,0.153475304866802,0.152844353875925,0,0.536880635566568,0.535778310175284,0.534443488627709,0.532862924997983,0.531033011402119,0.528949700491848,0.526605516219265,0.523993543998006,0.521112185045272,0.517968135689881,0.514577141095748,0.510962960376236,0.507155291361858,0.503187344074883,0.499093530333586,0.494907519483699,0.490660759457044,0.486381472298307,0.482094081745017,0.477819002169194,0.473572706095723,0.469367987706461,0.465214348507968,0.46111844478475,0.457084551187883,0.453115008497093,0.449210635060201,0.445371090347334,0.441595185654928,0.437881141656064,0.43422679563704,0.430629763240996,0.427087560635625,0.423597693448199,0.420157718738918,0.416765285856701,0.413418161363648,0.410114242431174,0.4068515622888,0.403628290512538,0.400442730220389,0.397293313625638,0.39417859689666,0.391097254884382,0.388048075996487,0.385029957306288,0.382041899867199,0.379083004143492,0.376152465448784,0.373249569291473,0.370373686550008,0.367524268431777,0.364700841201386,0.361903000693132,0.359130406646153,0.356382776918109,0.353659881644112,0.350961537412618,0.348287601529882,0.345637966440528,0.343012554364773,0.340411312203955,0.33783420675606,0.335281220272716,0.332752346379088,0.330247586368823,0.327766945877776,0.325310431932981,0.322878050367236,0.320469803584713,0.318085688659224,0.315725695743976,0.313389806769774,0.311077994407595,0.308790221271045,0.306526439334364,0.304286589542293,0.302070601589005,0.299878393844562,0.297709873408681,0.295564936273117,0.293443467575468,0.291345341928807,0.289270423813017,0.287218568015229,0.285189620108146,0.283183416956375,0.281199787242123,0.279238552002762,0.27729952517381,0.275382514131823,0.273487320232558,0.271613739340538,0.26976156234682,0.267930575672395,0.266120561755161,0.264331299518892,0.262562564823024,0.260814130892432,0.259085768726668,0.257377247488391,0.255688334870936,0.254018797445142,0.25236840098572,0.250736910777559,0.249124091902459,0.247529709506876,0.245953529051314,0.244395316542031,0.242854838745785,0.241331863388353,0.239826159337548,0.2383374967715,0.236865647332938,0.235410384270197,0.23397148256568,0.232548719052481,0.231141872519836,0.229750723808082,0.228375055893746,0.227014653965389,0.225669305490786,0.224338800276,0.223022930516896,0.221721490843594,0.220434278358355,0.219161092667352,0.217901735906762,0.216656012763595,0.21542373049164,0.214204698922907,0.21299873047489,0.211805640153995,0.210625245555425,0.209457366859815,0.208301826826877,0.207158450786315,0.206027066626241,0.204907504779312,0.203799598206791,0.202703182380733,0.201618095264457,0.2005441772915,0.199481271343172,0.198429222724887,0.197387879141395,0.196357090671024,0.195336709739083,0.194326591090492,0.193326591761775,0.192336571052486,0.19135639049616,0.190385913830876,0.189425006969487,0.188473537969605,0.187531377003388,0.186598396327191,0.185674470251139,0.184759475108656,0.183853289226015,0.182955792891925,0.182066868327217,0.181186399654643,0.180314272868825,0.179450375806389,0.178594598116301,0.177746831230425,0.176906968334338,0.176074904338404,0.175250535849133,0.174433761140838,0.173624480127602,0.172822594335569,0.172028006875561,0.171240622416045,0.17046034715644,0.169687088800784,0.16892075653176,0.168161260985083,0.167408514224261,0.166662429715722,0.165922922304314,0.165189908189181,0.164463304900011,0.163743031273662,0.163029007431155,0.162321154755047,0.16161939586717,0.160923654606747,0.160233856008863,0.159549926283314,0.158871792793808,0.15819938403753,0.157532629625064,0.156871460260661,0.15621580772286,0.155565604845449,0.154920785498773,0.154281284571369,0.153647037951944,0,0.537083462897596,0.53610551946512,0.534875323222224,0.53339414628403,0.531661348713141,0.529675347771654,0.527430621456997,0.524920720600257,0.522142913690724,0.519101627751493,0.515809844227405,0.51228863667219,0.508565481757316,0.504672022624491,0.500641797543165,0.496508239597939,0.492303091185134,0.488055272801913,0.483790183290884,0.479529373102962,0.475290514727541,0.471087590515505,0.46693122382638,0.462829090888794,0.458786364491022,0.454806154061339,0.450889918392277,0.447037836654317,0.443249130462162,0.439522334909749,0.435855520061537,0.432246466728398,0.428692801752161,0.425192098697151,0.421741949978074,0.418340016188896,0.414984057863097,0.411671954200016,0.408401712525024,0.405171471484402,0.401979500261058,0.398824195468553,0.395704076855973,0.392617782539699,0.389564064164978,0.386541782179,0.383549901253021,0.380587485807885,0.377653695559569,0.374747780995256,0.371869078704262,0.369017006512743,0.366191058399581,0.363390799198531,0.360615859115566,0.357865928108863,0.355140750191484,0.352440117723705,0.349763865763805,0.347111866543799,0.344484024131125,0.341880269329585,0.339300554863787,0.33674485088168,0.334213140800141,0.331705417509348,0.32922167994325,0.326761930016003,0.32432616991785,0.321914399758677,0.319526615543312,0.31716280745947,0.314822958457041,0.312507043096007,0.310215026639559,0.307946864368886,0.305702501096451,0.303481870855313,0.301284896743072,0.299111490900233,0.296961554604159,0.29483497846123,0.292731642681276,0.290651417419875,0.288594163175511,0.28655973122998,0.284547964121789,0.282558696143473,0.280591753854955,0.278646956606102,0.276724117062617,0.274823041730266,0.272943531473255,0.271085382023243,0.269248384476143,0.267432325774399,0.265636989172912,0.263862154687223,0.26210759952294,0.26037309848569,0.25865842437118,0.256963348335156,0.255287640243273,0.253631069001031,0.251993402864072,0.250374409729261,0.248773857407032,0.247191513875588,0.245627147517549,0.244080527339742,0.242551423176791,0.241039605879236,0.239544847486883,0.238066921388102,0.236605602465794,0.23516066723071,0.233731893942828,0.232319062721455,0.230921955644691,0.229540356838906,0.228174052558827,0.226822831258812,0.22548648365589,0.224164802785074,0.222857584047492,0.221564625251778,0.22028572664923,0.219020690963132,0.217769323412682,0.216531431731903,0.215306826183906,0.214095319570865,0.212896727240017,0.21171086708601,0.210537559549872,0.209376627614893,0.208227896799662,0.207091195148498,0.205966353219508,0.204853204070474,0.203751583242769,0.202661328743477,0.201582281025907,0.200514282968628,0.199457179853214,0.198410819340797,0.197375051447581,0.196349728519439,0.195334705205678,0.194329838432106,0.193334987373474,0.192350013425394,0.191374780175807,0.19040915337608,0.189453000911803,0.188506192773349,0.187568601026255,0.186640099781477,0.185720565165582,0.184809875290899,0.183907910225701,0.183014551964425,0.182129684397998,0.181253193284272,0.180384966218619,0.179524892604697,0.178672863625425,0.17782877221418,0.176992513026231,0.176163982410448,0.175343078381277,0.17452970059101,0.173723750302362,0.172925130361361,0.172133745170558,0.171349500662581,0.170572304274017,0.169802064919651,0.169038692967047,0.168282100211496,0.167532199851307,0.16678890646348,0.166052135979722,0.165321805662843,0.164597834083506,0.163880141097351,0.163168647822479,0.162463276617297,0.16176395105873,0.161070595920791,0.160383137153512,0.159701501862223,0.159025618287195,0.15835541578362,0.15769082480195,0.157031776868574,0.156378204566829,0.15573004151836,0.155087222364796,0.154449682749766,0,0.537215354641642,0.536379518653237,0.535262843650654,0.53388523416909,0.532251545809691,0.530363371015,0.528217613845317,0.525808858691626,0.523133802357432,0.520195032817358,0.517003010273123,0.513576184359323,0.509939735809352,0.506123583703398,0.502160199581317,0.49808258422183,0.493922596386404,0.489709706267964,0.485470173103055,0.481226602846395,0.476997818594169,0.472798968081962,0.468641794951285,0.46453500967096,0.460484708458193,0.456494801516808,0.452567423671306,0.448703310225382,0.444902128460659,0.441162760816818,0.437483539791251,0.433862437301819,0.430297212958423,0.426785526619005,0.423325020947734,0.419913379599258,0.416548366251729,0.413227849113317,0.409949814825285,0.406712374954699,0.403513767568634,0.400352355748502,0.397226624361031,0.394135175961032,0.391076726359497,0.388050100140606,0.38505422624022,0.382088133591845,0.379150946788975,0.376241881691531,0.373360240906904,0.37050540909315,0.367676848055824,0.364874091635343,0.362096740405051,0.359344456219281,0.356616956664625,0.353914009476226,0.351235426984537,0.348581060657372,0.345950795798138,0.343344546454623,0.340762250584682,0.338203865516161,0.335669363729217,0.333158728980154,0.330671952777551,0.328209031213854,0.325769962149037,0.323354742737396,0.32096336728405,0.318595825414215,0.316252100535763,0.313932168573845,0.31163599695531,0.309363543820299,0.307114757438444,0.304889575807665,0.302687926414373,0.300509726134928,0.298354881259492,0.296223287620711,0.294114830811083,0.292029386474282,0.289966820657103,0.287926990210071,0.285909743226032,0.283914919507317,0.281942351053183,0.279991862560329,0.278063271930247,0.276156390778096,0.274271024938537,0.272406974964762,0.270564036617554,0.268742001341802,0.266940656728426,0.265159786960075,0.263399173239398,0.261658594198987,0.259937826292401,0.258236644165929,0.256554821010965,0.254892128897029,0.253248339085635,0.251623222325331,0.250016549128315,0.248428090029131,0.246857615826011,0.245304897805456,0.243769707950716,0.242251819134815,0.240751005298823,0.239267041616041,0.237799704642803,0.236348772456565,0.234914024781957,0.23349524310545,0.232092210779289,0.2307047131153,0.229332537469183,0.227975473315862,0.226633312316455,0.225305848377391,0.223992877702185,0.222694198836356,0.221409612705951,0.220138922650116,0.218881934448119,0.217638456341238,0.216408299049865,0.215191275786193,0.213987202262817,0.212795896697546,0.211617179814741,0.210450874843441,0.209296807512539,0.208154806043255,0.207024701139135,0.205906325973775,0.204799516176495,0.203704109816126,0.202619947383098,0.201546871769988,0.200484728250677,0.199433364458265,0.198392630361864,0.197362378242407,0.196342462667575,0.195332740465944,0.194333070700469,0.193343314641381,0.192363335738578,0.191392999593606,0.190432173931282,0.189480728571042,0.188538535398065,0.187605468334231,0.186681403308975,0.185766218230072,0.184859792954405,0.183962009258753,0.183072750810638,0.182191903139267,0.181319353606593,0.180454991378533,0.179598707396355,0.178750394348274,0.177909946641262,0.177077260373103,0.176252233304705,0.175434764832678,0.174624755962206,0.173822109280212,0.173026728928831,0.172238520579204,0.171457391405595,0.170683250059838,0.16991600664613,0.169155572696158,0.168401861144579,0.167654786304851,0.16691426384541,0.166180210766209,0.165452545375612,0.164731187267636,0.164016057299556,0.163307077569868,0.162604171396599,0.161907263295974,0.161216278961436,0.16053114524301,0.159851790127019,0.159178142716143,0.158510133209816,0.157847692884967,0.157190754077088,0.156539250161639,0.155893115535779,0.155252285600422,0,0.537268578108071,0.536594420499701,0.535602621470774,0.534334251506267,0.532802574211254,0.531013387559912,0.528966561510489,0.526658275061895,0.524085221432811,0.521248616153816,0.518156694813139,0.514825400626514,0.511277589787897,0.507541332160888,0.503647857812272,0.499629546825274,0.495518196251365,0.491343672316683,0.487132972204864,0.482909667802545,0.478693674325344,0.474501273605723,0.470345320571699,0.466235568095398,0.462179056312528,0.458180524785084,0.454242817533498,0.450367260959565,0.4465540026749,0.442802305319301,0.439110793867707,0.43547765799606,0.431900813090273,0.428378024674467,0.424907001595063,0.421485463382062,0.41811118694945,0.414782037305774,0.411495986319265,0.408251122898309,0.405045657269058,0.401877921401678,0.398746367083534,0.395649562675837,0.392586189223257,0.389555036309068,0.386554997851223,0.383585067904658,0.3806443364581,0.37773198517639,0.374847283029949,0.371989581761431,0.369158311157904,0.366352974119082,0.363573141534134,0.360818446998683,0.358088581418421,0.355383287555744,0.352702354581043,0.350045612691311,0.347412927856212,0.344804196746605,0.34221934189342,0.339658307116615,0.337121053255215,0.334607554220763,0.332117793388187,0.329651760330526,0.327209447897184,0.324790849629627,0.322395957503635,0.320024759983421,0.317677240370047,0.315353375424457,0.313053134244195,0.310776477372117,0.308523356115321,0.306293712052758,0.304087476710662,0.301904571385808,0.299744907097737,0.297608384652292,0.29549489480014,0.293404318475287,0.291336527099964,0.289291382943573,0.287268739524685,0.285268442046273,0.283290327855552,0.281334226920831,0.279399962318816,0.277487350726669,0.275596202913972,0.273726324230517,0.271877515086452,0.270049571421982,0.26824228516429,0.266455444669857,0.264688835150753,0.262942239083817,0.261215436601969,0.259508205867163,0.257820323424707,0.256151564538879,0.254501703509914,0.252870513972607,0.251257769176839,0.249663242250468,0.248086706445063,0.246527935365053,0.24498670318086,0.243462784826659,0.241955956183391,0.240465994247703,0.238992677287461,0.237535784984494,0.236095098565236,0.234670400919891,0.233261476710755,0.231868112470314,0.230490096689697,0.229127219898067,0.227779274733498,0.22644605600587,0.225127360752287,0.223822988285502,0.222532740235815,0.221256420586882,0.219993835705848,0.218744794368212,0.217509107777782,0.216286589582094,0.21507705588361,0.213880325247028,0.212696218702992,0.211524559748485,0.210365174344159,0.209217890908873,0.20808254031164,0.206958955861223,0.205846973293576,0.204746430757317,0.203657168797415,0.202579030337263,0.201511860659273,0.200455507384168,0.19940982044907,0.198374652084549,0.19734985679071,0.196335291312462,0.195330814614045,0.194336287852923,0.193351574353124,0.192376539578108,0.191411051103243,0.190454978587946,0.18950819374757,0.188570570325079,0.187641984062577,0.186722312672735,0.185811435810166,0.184909235042784,0.184015593823195,0.183130397460148,0.182253533090078,0.181384889648778,0.180524357843223,0.179671830123564,0.178827200655324,0.177990365291815,0.177161221546786,0.176339668567327,0.175525607107036,0.174718939499475,0.173919569631906,0.173127402919338,0.17234234627888,0.171564308104412,0.170793198241583,0.17002892796314,0.169271409944588,0.168520558240192,0.167776288259321,0.167038516743136,0.166307161741621,0.165582142590966,0.164863379891293,0.164150795484731,0.163444312433838,0.162743855000365,0.162049348624373,0.161360719903685,0.160677896573679,0.160000807487421,0.159329382596136,0.158663552930008,0.158003250579313,0.157348408675874,0.156698961374844,0.156054843836805,0,0.537232264915776,0.536743971733967,0.535890724567176,0.534738847420467,0.533313092071808,0.531624769736904,0.529677349510016,0.527469169317832,0.524997489453259,0.522262647601861,0.51927099954855,0.516036153693333,0.512578660942432,0.508924652235377,0.50510396360383,0.501148176986789,0.497088852241462,0.492956094917101,0.488777511215957,0.484577541154885,0.480377124839633,0.47619363851265,0.47204103187396,0.467930102006812,0.463868848359205,0.459862864566539,0.455915734262645,0.452029408139883,0.448204547843297,0.44444082875949,0.440737198578037,0.43709209193878,0.433503603807213,0.42996962567954,0.426487949503931,0.423056344474909,0.419672611748073,0.416334621747177,0.413040338193099,0.409787832356154,0.406575290384962,0.403401015945375,0.400263429844952,0.39716106784118,0.394092577442722,0.39105671421115,0.388052337848463,0.385078408202293,0.382133981223338,0.379218204855475,0.376330314816495,0.373469630226072,0.370635549049238,0.367827543341716,0.365045154303325,0.362287987164134,0.359555705943252,0.356848028131163,0.354164719353101,0.351505588073501,0.348870480400447,0.346259275045181,0.3436718784857,0.341108220376116,0.338568249235323,0.336051928440204,0.333559232540494,0.331090143904831,0.328644649700712,0.326222739205082,0.323824401437258,0.321449623101789,0.319098386825643,0.316770669671759,0.31446644190935,0.312185666020401,0.309928295921386,0.307694276379302,0.305483542601525,0.303296019979762,0.301131623969298,0.298990260085853,0.296871824003599,0.294776201739137,0.292703269907539,0.290652896037861,0.288624938936767,0.286619249090116,0.284635669093528,0.282674034103984,0.280734172305541,0.278815905383149,0.276919048999393,0.275043413269773,0.273188803232773,0.271355019311647,0.269541857765344,0.267749111126529,0.265976568625041,0.264224016595549,0.262491238868454,0.260778017143389,0.259084131344924,0.257409359960243,0.255753480358807,0.254116269094085,0.252497502187632,0.250896955395831,0.249314404459743,0.247749625338547,0.246202394427107,0.244672488758259,0.243159686190398,0.241663765581009,0.240184506946762,0.238721691610802,0.237275102337874,0.235844523457906,0.234429740978655,0.233030542688028,0.231646718246654,0.230278059271272,0.228924359409493,0.227585414406438,0.226261022163792,0.224950982791717,0.223655098654122,0.222373174407707,0.221105017035205,0.21985043587323,0.218609242635092,0.21738125142895,0.21616627877163,0.214964143598438,0.213774667269257,0.212597673571221,0.211432988718227,0.210280441347536,0.209139862513705,0.208011085680059,0.206893946707922,0.205788283843798,0.204693937704673,0.203610751261624,0.202538569821887,0.201477241009525,0.200426614744848,0.199386543222699,0.198356880889743,0.197337484420849,0.196328212694695,0.195328926768669,0.194339489853169,0.193359767285379,0.192389626502608,0.191428937015247,0.190477570379425,0.189535400169417,0.188602301949862,0.187678153247848,0.186762833524901,0.185856224148932,0.184958208366179,0.18406867127318,0.183187499788814,0.182314582626432,0.181449810266128,0.180593074927142,0.179744270540457,0.178903292721574,0.178070038743521,0.177244407510076,0.176426299529253,0.17561561688704,0.174812263221419,0.174016143696667,0.173227164977954,0.172445235206242,0.171670263973501,0.170902162298238,0.170140842601347,0.169386218682291,0.168638205695612,0.167896720127776,0.167161679774354,0.166433003717537,0.165710612303993,0.164994427123066,0.164284370985305,0.163580367901338,0.16288234306108,0.16219022281328,0.161503934645399,0.160823407163821,0.160148570074399,0.159479354163317,0.158815691278288,0.158157514310066,0.157504757174283,0.156857354793596,0,0.537103251901793,0.536822508356577,0.536122892044718,0.535096285686505,0.533781439977268,0.532196633517778,0.530349663999278,0.52824160440623,0.525870852342022,0.523237382375466,0.520346056810608,0.517208372000375,0.513842641297991,0.510273005248118,0.506527778973937,0.502637583064356,0.498633569987746,0.494545926880519,0.490402734963847,0.48622919725715,0.482047203287613,0.477875175819479,0.473728135269739,0.469617918217441,0.465553493465693,0.461541329273419,0.457585776250421,0.45368944050212,0.449853530177633,0.446078165408671,0.442362646824971,0.438705681624867,0.435105568824119,0.431560347036936,0.428067909157814,0.424626088775153,0.421232723194603,0.417885697698617,0.414582975218814,0.411322615033897,0.408102783496786,0.404921759193052,0.401777934376427,0.39866981403954,0.395596013571068,0.39255525562635,0.389546366592858,0.386568272855783,0.383619996951219,0.380700653622976,0.377809445762518,0.374945660199568,0.372108663314949,0.369297896460233,0.3665128711858,0.363753164295992,0.3610184127652,0.358308308560352,0.355622593422986,0.352961053667934,0.3503235150559,0.347709837794574,0.345119911717994,0.342553651687371,0.340010993249118,0.337491888577955,0.334996302725083,0.332524210183954,0.330075591779284,0.327650431878828,0.325248715922231,0.322870428256855,0.32051555026705,0.318184058780633,0.315875924734424,0.313591112079485,0.311329576905994,0.30909126676754,0.306876120184859,0.304684066309568,0.302515024729256,0.300368905396291,0.2982456086638,0.296145025413472,0.294067037261075,0.292011516826817,0.289978328058883,0.287967326599697,0.285978360185571,0.284011269071466,0.282065886473616,0.280142039023662,0.278239547228822,0.276358225933385,0.274497884777521,0.272658328650052,0.270839358132364,0.26904076993118,0.26726235729834,0.265503910436135,0.263765216887076,0.262046061907306,0.260346228823072,0.258665499369958,0.257003654014714,0.255360472259704,0.253735732930137,0.252129214444316,0.250540695067297,0.248969953148343,0.247416767342691,0.245880916818142,0.244362181447041,0.242860341984236,0.241375180231606,0.239906479189778,0.238454023197633,0.237017598060204,0.235596991165578,0.234191991591375,0.232802390201376,0.231427979732879,0.230068554875289,0.228723912340496,0.227393850925522,0.226078171567921,0.224776677394401,0.223489173763104,0.222215468299954,0.220955370929485,0.219708693900528,0.218475251807099,0.217254861604853,0.216047342623402,0.214852516574822,0.213670207558616,0.212500242063419,0.211342448965691,0.210196659525636,0.209062707380579,0.207940428535998,0.206829661354428,0.205730246542401,0.204642027135614,0.203564848482471,0.202498558226165,0.201443006285427,0.200398044834087,0.199363528279562,0.198339313240385,0.197325258522893,0.196321225097155,0.195327076072252,0.19434267667097,0.193367894204023,0.192402598043832,0.191446659597973,0.190499952282326,0.189562351494002,0.188633734584088,0.187713980830271,0.186802971409383,0.185900589369907,0.18500671960448,0.184121248822443,0.183244065522448,0.182375059965174,0.181514124146166,0.180661151768821,0.179816038217555,0.178978680531155,0.178148977376355,0.177326829021628,0.17651213731123,0.175704805639502,0.174904738925435,0.174111843587519,0.173326027518882,0.172547200062724,0.171775271988051,0.171010155465731,0.170251764044853,0.169500012629413,0.168754817455317,0.168016096067719,0.167283767298677,0.166557751245144,0.16583796924729,0.165124343867149,0.1644167988676,0.163715259191684,0.163019650942237,0.162329901361861,0.161645938813217,0.160967692759644,0.160295093746094,0.1596280733804,0.158966564314842,0.158310500228045,0.157659815807172,0,0.536878926967402,0.536824872787674,0.536294708082531,0.535403505071973,0.534205650919032,0.532727833135198,0.53098297976587,0.528975489294549,0.526705463715773,0.524173041894684,0.521382013311831,0.518342032196154,0.515069290123492,0.511585926063752,0.507918636208774,0.504096934074412,0.50015140262314,0.496112153983487,0.492007606886549,0.487863615942179,0.483702937011288,0.479544983585123,0.475405815257407,0.471298296755099,0.467232370715294,0.463215396136386,0.459252514621336,0.455347016453061,0.451500687252593,0.447714123104367,0.443987007583115,0.440318348255496,0.436706673187698,0.433150189994628,0.429646911215092,0.426194750456961,0.422791593966403,0.419435352154606,0.416123995266123,0.412855576881473,0.40962824838481,0.406440266951559,0.403289999062866,0.400175921061241,0.397096617840865,0.394050780422595,0.391037202896352,0.388054779015635,0.385102498590925,0.382179443739547,0.379284784998432,0.376417777282709,0.373577755668556,0.370764130985883,0.367976385219643,0.365214066733788,0.362476785346278,0.359764207295429,0.357076050146454,0.354412077691928,0.351772094901463,0.349155942974392,0.346563494545433,0.343994649087676,0.341449328550501,0.338927473262631,0.336429038122992,0.333953989094716,0.331502300010777,0.329073949693526,0.326668919385016,0.324287190480374,0.321928742552778,0.319593551655621,0.31728158888526,0.314992819186252,0.312727200380027,0.310484682397576,0.308265206696731,0.306068705844983,0.303895103249435,0.301744313016331,0.299616239923606,0.297510779491007,0.29542781813348,0.293367233384739,0.291328894179072,0.289312661180633,0.287318387150568,0.285345917343382,0.283395089924972,0.281465736405651,0.279557682082387,0.277670746485246,0.275804743823746,0.273959483429493,0.272134770192057,0.270330404985542,0.268546185083804,0.266781904562662,0.265037354687803,0.263312324287415,0.261606600108845,0.259919967158811,0.258252209026909,0.256603108192329,0.254972446313829,0.25336000450314,0.251765563582098,0.250188904323838,0.248629807678494,0.247088054983877,0.245563428161642,0.244055709899501,0.242564683820037,0.241090134636711,0.23963184829763,0.238189612117671,0.236763214899548,0.235352447044373,0.233957100652295,0.232576969613754,0.231211849691877,0.229861538596549,0.228525836050633,0.227204543848838,0.225897465909684,0.224604408320994,0.223325179379359,0.22205958962394,0.220807451865024,0.219568581207661,0.218342795070748,0.21712991320188,0.215929757688259,0.214742152963972,0.213566925813898,0.212403905374507,0.211252923131782,0.210113812916513,0.208986410897156,0.207870555570468,0.206766087750109,0.205672850553378,0.204590689386254,0.203519451926901,0.202458988107774,0.201409150096459,0.200369792275387,0.199340771220525,0.198321945679156,0.197313176546856,0.196314326843765,0.195325261690221,0.194345848281868,0.193375955864285,0.192415455707233,0.191464221078557,0.190522127217836,0.189589051309807,0.18866487245763,0.187749471656046,0.186842731764452,0.185944537479958,0.185054775310443,0.184173333547659,0.183300102240399,0.182434973167777,0.18157783981262,0.180728597335028,0.179887142546092,0.179053373881809,0.178227191377212,0.177408496640711,0.176597192828691,0.175793184620351,0.174996378192806,0.174206681196475,0.173424002730736,0.172648253319884,0.171879344889381,0.171117190742409,0.170361705536734,0.169612805261878,0.168870407216611,0.168134429986759,0.167404793423328,0.166681418620961,0.165964227896701,0.165253144769094,0.164548093937599,0.163849001262331,0.163155793744118,0.162468399504883,0.161786747768343,0.161110768841017,0.16044039409356,0.159775555942399,0.159116187831682,0.158462224215534,0,0.536556728279412,0.536746810391019,0.536401860739884,0.535657219118372,0.534583478175074,0.533216963674164,0.531576552060343,0.529670564338584,0.527501366682225,0.525069795021455,0.522379013425832,0.519437146104014,0.51625842515799,0.512863018330669,0.509275936422006,0.505525460728507,0.501641453492184,0.497653798666223,0.493591113177459,0.489479786707429,0.485343351484149,0.481202148419371,0.47707323739403,0.472970493255302,0.468904831222147,0.464884512477227,0.460915490018844,0.457001764437839,0.453145728027581,0.449348483000168,0.445610125446836,0.441929991147937,0.438306862604017,0.434739138937759,0.431224971802458,0.42776237129406,0.424349286242446,0.420983663274393,0.417663488799007,0.414386817655101,0.411151791653057,0.407956650700906,0.40479973867115,0.401679505673132,0.398594507965388,0.395543406382957,0.392524963867736,0.389538042471546,0.386581600043768,0.383654686708513,0.380756441169966,0.377886086848842,0.375042927839038,0.372226344673935,0.369435789900571,0.366670783472423,0.363930907984714,0.36121580378779,0.358525164023143,0.35585872963244,0.353216284392516,0.350597650028935,0.348002681457947,0.345431262201949,0.342883300017554,0.340358722768517,0.337857474568641,0.335379512212625,0.332924801906059,0.330493316299523,0.328085031826213,0.325699926337737,0.32333797702875,0.32099915863788,0.318683441909981,0.316390792302929,0.314121168921035,0.311874523656501,0.309650800520155,0.307449935142878,0.305271854429613,0.303116476348567,0.300983709839076,0.298873454822641,0.296785602302702,0.294720034539849,0.292676625290314,0.290655240096707,0.288655736621049,0.28667796501122,0.284721768292912,0.282786982780136,0.280873438498182,0.278980959613723,0.277109364867522,0.275258468005818,0.273428078207109,0.271618000501558,0.269828036180758,0.268057983195991,0.26630763654352,0.264576788635758,0.262865229657474,0.261172747906424,0.25949913011802,0.25784416177384,0.256207627393933,0.254589310813003,0.252988995440673,0.251406464506121,0.249841501287443,0.248293889326184,0.246763412627478,0.245249855846335,0.243753004460577,0.242272644930985,0.240808564849217,0.239360553074049,0.237928399856504,0.236511896954434,0.235110837737088,0.233725017280215,0.232354232452224,0.230998281991898,0.229656966578174,0.228330088892442,0.227017453673832,0.225718867767927,0.224434140169312,0.223163082058365,0.221905506832666,0.2206612301334,0.21943006986707,0.218211846222882,0.217006381686077,0.215813501047528,0.214633031409861,0.213464802190373,0.212308645120977,0.211164394245423,0.210031885913997,0.208910958775912,0.207801453769576,0.206703214110921,0.205616085279959,0.204539915005726,0.203474553249756,0.202419852188224,0.2013756661929,0.20034185181101,0.199318267744136,0.198304774826254,0.197301236001005,0.196307516298291,0.195323482810281,0.194349004666903,0.1933839530109,0.192428200972513,0.191481623643849,0.190544098053006,0.189615503137994,0.188695719720507,0.187784630479591,0.186882119925257,0.185988074372064,0.185102381912715,0.184224932391702,0.183355617379027,0.182494330144019,0.181640965629285,0.180795420424809,0.179957592742218,0.179127382389246,0.178304690744398,0.177489420731833,0.176681476796495,0.175880764879477,0.175087192393654,0.174300668199578,0.173521102581656,0.172748407224608,0.171982495190217,0.171223280894372,0.170470680084422,0.169724609816823,0.168984988435102,0.168251735548126,0.167524772008688,0.1668040198924,0.166089402476911,0.165380844221429,0.164678270746568,0.163981608814499,0.163290786309421,0.16260573221834,0.161926376612167,0.16125265062711,0.160584486446388,0.159921817282234,0.159264577358214,0,0.536140853897848,0.536585835843804,0.536440465351465,0.535854051880152,0.534912443216847,0.533662373584932,0.532129413787324,0.53032638994376,0.528258477580885,0.525927740084485,0.523337182306771,0.520493746882181,0.51740991270939,0.514103948537191,0.510599147040215,0.506922455585918,0.503102878186459,0.499169923253897,0.495152266623826,0.491076712734279,0.486967474195374,0.482845749018872,0.478729551353958,0.474633741479126,0.470570200094448,0.466548097138972,0.462574213547785,0.458653283454857,0.454788333001918,0.450980999431253,0.44723182027436,0.443540487221632,0.439906062823033,0.436327160719833,0.432802091832096,0.429328979993237,0.425905851075006,0.422530699806039,0.419201538359813,0.41591643046371,0.412673514336282,0.409471017257196,0.406307264062586,0.403180681373254,0.400089798928043,0.397033249022744,0.394009764751053,0.391018177506687,0.388057414028987,0.385126493149819,0.382224522317839,0.37935069392772,0.376504281457958,0.373684635413769,0.37089117907506,0.368123404058669,0.36538086571535,0.362663178392978,0.359970010606497,0.357301080161586,0.354656149282492,0.352035019795134,0.349437528414799,0.346863542183959,0.344312954100447,0.341785678970028,0.339281649510646,0.33680081272877,0.334343126581624,0.331908556932845,0.329497074803496,0.327108653915437,0.324743268519863,0.322400891500402,0.32008149273745,0.3177850377184,0.315511486377008,0.313260792144264,0.311032901192737,0.30882775185635,0.306645274207838,0.304485389776734,0.302348011391453,0.300233043129973,0.298140380364601,0.296069909887365,0.294021510103677,0.291995051282979,0.289990395856165,0.28800739875061,0.286045907754593,0.28410576390388,0.282186801884056,0.280288850443036,0.278411732808909,0.276555267108948,0.27471926678625,0.272903541010996,0.271107895083854,0.269332130829454,0.26757604697829,0.265839439535728,0.264122102137113,0.262423826388228,0.2607444021906,0.25908361805132,0.257441261377242,0.255817118753554,0.254210976206827,0.252622619452774,0.251051834129002,0.249498406013131,0.247962121226707,0.246442766425347,0.244940128975635,0.24345399711926,0.241984160124945,0.240530408428688,0.239092533762866,0.237670329274738,0.236263589634879,0.23487211113607,0.23349569178316,0.232134131374396,0.230787231574714,0.229454795981447,0.228136630182922,0.226832541810358,0.225542340583507,0.224265838350411,0.22300284912168,0.22175318909964,0.220516676702694,0.219293132585237,0.218082379653425,0.216884243077094,0.215698550298112,0.214525131035419,0.213363817287019,0.212214443329134,0.21107684571276,0.209950863257828,0.208836337045154,0.20773311040638,0.206641028912054,0.205559940358032,0.204489694750337,0.203430144288624,0.202381143348379,0.201342548461978,0.200314218298716,0.19929601364392,0.19828779737724,0.197289434450214,0.196300791863194,0.195321738641711,0.194352145812358,0.193391886378254,0.192440835294163,0.191498869441317,0.190565867602009,0.189641710433993,0.188726280444761,0.187819461965712,0.186921141126276,0.186031205828021,0.185149545718779,0.184276052166813,0.183410618235076,0.18255313865556,0.181703509803781,0.180861629673412,0.180027397851084,0.179200715491374,0.178381485292001,0.177569611469235,0.176764999733539,0.175967557265457,0.175177192691752,0.174393816061809,0.173617338824306,0.172847673804173,0.172084735179817,0.171328438460659,0.170578700464949,0.169835439297885,0.16909857433003,0.16836802617604,0.167643716673687,0.166925568863196,0.166213506966884,0.165507456369109,0.164807343596528,0.164113096298659,0.163424643228746,0.162741914224936,0.16206484019175,0.161393353081864,0.160727385878181,0.160066872576205,0,0.535639071662875,0.536341471259088,0.536407352154625,0.535990696790963,0.535189903846618,0.534062188774893,0.532640379179065,0.530942339192426,0.528976572150192,0.526746888097572,0.524256609180902,0.521511874617804,0.518523656768946,0.515308438943839,0.511887798216815,0.508287272291087,0.504534885859386,0.500659632650681,0.496690110090814,0.492653414697966,0.48857433844093,0.484474859699277,0.480373894048844,0.47628725593717,0.472227778531365,0.468205542063432,0.464228167867078,0.460301143715508,0.456428154503399,0.452611399897788,0.448851886931858,0.445149690565409,0.441504179085613,0.437914204038895,0.434378256348126,0.430894591543681,0.42746132776623,0.424076520506951,0.420738218043779,0.417444501301921,0.414193511491494,0.410983468419545,0.407812681889928,0.404679558131452,0.401582602759576,0.398520421396443,0.395491718755927,0.392495296745899,0.389530051945198,0.386594972671093,0.383689135755742,0.380811703088518,0.377961917946372,0.37513910111908,0.372342646833722,0.369572018487904,0.366826744210125,0.364106412275431,0.361410666413311,0.358739201051488,0.356091756543472,0.353468114429253,0.350868092777641,0.348291541655865,0.345738338767497,0.343208385294217,0.340701601970602,0.338217925414636,0.335757304730136,0.333319698391129,0.330905071412548,0.32851339280659,0.326144633319695,0.32379876344149,0.321475751674106,0.319175563047995,0.316898157868744,0.314643490678271,0.312411509413174,0.310202154742814,0.308015359569819,0.305851048676146,0.303709138498432,0.301589537017186,0.299492143745272,0.297416849802109,0.295363538061068,0.293332083358562,0.291322352754391,0.289334205833879,0.287367495043354,0.285422066051413,0.28349775812931,0.281594404544591,0.279711832962882,0.27784986585339,0.276008320894338,0.27418701137509,0.272385746592273,0.270604332237614,0.268842570775674,0.267100261809967,0.265377202436313,0.263673187582525,0.261988010333795,0.260321462243337,0.258673333628025,0.257043413848944,0.25543149157686,0.253837355042771,0.252260792273757,0.250701591314433,0.249159540434382,0.247634428321972,0.246126044265015,0.244634178318743,0.243158621461605,0.241699165739384,0.240255604398169,0.238827732006687,0.237415344568524,0.236018239624733,0.234636216347344,0.233269075624259,0.231916620136013,0.230578654424867,0.229254984956677,0.227945420175971,0.226649770554655,0.225367848634739,0.224099469065467,0.222844448635213,0.221602606298487,0.220373763198392,0.219157742684822,0.217954370328722,0.216763473932672,0.215584883538072,0.214418431429172,0.213263952134189,0.21212128242373,0.21099026130673,0.209870730024109,0.208762532040326,0.207665513033013,0.20657952088084,0.20550440564978,0.204440019577906,0.203386217058857,0.202342854624104,0.201309790924125,0.200286886708611,0.199274004805785,0.198271010100957,0.197277769514381,0.196294151978506,0.195320028414699,0.194355271709508,0.193399756690538,0.19245336010199,0.191515960579932,0.19058743862735,0.189667676589028,0.1887565586263,0.187853970691719,0.186959800503688,0.186073937521066,0.185196272917812,0.184326699557675,0.18346511196896,0.182611406319409,0.181765480391201,0.180927233556108,0.180096566750811,0.179273382452413,0.178457584654139,0.177649078841259,0.176847771967243,0.176053572430139,0.175266390049216,0.174486136041858,0.17371272300072,0.172946064871163,0.172186076928962,0.1714326757583,0.170685779230051,0.16994530648035,0.169211177889458,0.168483315060929,0.167761640801067,0.167046079098685,0.166336555105169,0.165632995114835,0.164935326545585,0.164243477919871,0.163557378845952,0.162876959999444,0.162202153105176,0.161532890919329,0.160869107211875,0,0.535062734181914,0.536015386002651,0.536300309749901,0.536064088452467,0.535413141340479,0.534414349418909,0.533108055020496,0.531517595145938,0.529655274630731,0.527527147591924,0.525137331161461,0.522491561621011,0.519599587312656,0.516476259476962,0.513141478195644,0.509619323877087,0.505936739781148,0.502122076459818,0.498203719604375,0.494208934325091,0.490162986983762,0.486088553891516,0.482005392782819,0.477930234598832,0.473876846037845,0.469856214004867,0.465876808425341,0.461944887444801,0.458064817109162,0.454239385167428,0.450470095140501,0.446757432090054,0.443101095638039,0.439500198864009,0.435953433907634,0.432459206587153,0.429015743254088,0.425621173564716,0.422273592967115,0.418971108571992,0.415711871775721,0.412494100602069,0.409316094279525,0.406176242116036,0.403073028302852,0.400005033894074,0.396970936879284,0.393969510997178,0.390999623726879,0.388060233735266,0.385150387946101,0.382269218321588,0.37941593840114,0.376589839617942,0.373790287404769,0.371016717101005,0.368268629678646,0.365545587313135,0.362847208832945,0.360173165088532,0.357523174285926,0.354896997332477,0.352294433242216,0.349715314646201,0.347159503449493,0.3446268866714,0.342117372499892,0.339630886584898,0.337167368588944,0.334726769007531,0.33230904626601,0.329914164094555,0.327542089178377,0.325192789076486,0.322866230399152,0.320562377231756,0.318281189790821,0.316022623296698,0.31378662704657,0.311573143671015,0.309382108557359,0.307213449423287,0.30506708602467,0.302942929982275,0.3008408847128,0.29876084545062,0.296702699347563,0.294666325639051,0.292651595865935,0.290658374142349,0.28868651746083,0.286735876026921,0.284806293616288,0.282897607948233,0.281009651070217,0.279142249748729,0.277295225862441,0.275468396794205,0.27366157581896,0.271874572485076,0.270107192987114,0.268359240528324,0.266630515671571,0.26492081667763,0.263229939830095,0.261557679746318,0.259903829674039,0.258268181773483,0.256650527384879,0.255050657281461,0.253468361908103,0.251903431605836,0.250355656822561,0.248824828310314,0.247310737309502,0.245813175720537,0.244331936263357,0.242866812625291,0.241417599597775,0.239984093202426,0.23856609080695,0.237163391231404,0.235775794845287,0.234403103655946,0.233045121388771,0.231701653559624,0.230372507539959,0.229057492615053,0.227756420035762,0.226469103064192,0.225195357013685,0.22393499928345,0.222687849388222,0.221453728983245,0.220232461884921,0.219023874087403,0.217827793775425,0.216644051333639,0.215472479352696,0.214312912632334,0.213165188181679,0.212029145216978,0.210904625156971,0.209791471616081,0.208689530395603,0.207598649473058,0.206518678989874,0.205449471237528,0.204390880642299,0.203342763748751,0.202304979202071,0.201277387729378,0.200259852120095,0.199252237205497,0.198254409837516,0.197266238866893,0.196287595120754,0.195318351379687,0.194358382354378,0.193407564661891,0.192465776801625,0.191532899131019,0.190608813841058,0.189693404931613,0.188786558186669,0.187888161149482,0.186998103097689,0.186116275018427,0.185242569583464,0.184376881124402,0.183519105607947,0.182669140611298,0.181826885297658,0.180992240391891,0.180165108156353,0.179345392366896,0.178532998289083,0.177727832654602,0.176929803637907,0.176138820833102,0.175354795231053,0.174577639196767,0.173807266447024,0.173043592028274,0.172286532294813,0.171536004887228,0.170791928711129,0.170054223916166,0.169322811875324,0.168597615164523,0.167878557542492,0.16716556393095,0.166458560395071,0.165757474124243,0.165062233413124,0.164372767642986,0.163689007263349,0.163010883773912,0.162338329706764,0.161671278608891,0,0.534426197071778,0.535611273563062,0.53611825650744,0.536071575103796,0.535579463469778,0.534716659810715,0.533530860297987,0.532051153518526,0.530294050328237,0.528268311495176,0.525979317953528,0.523432817707384,0.520637647987172,0.51760721869429,0.514359827665645,0.510918080130232,0.507307757102882,0.503556450487419,0.499692206988125,0.495742337656102,0.491732475544996,0.487685907569507,0.483623168415633,0.479561861665026,0.475516662740397,0.47149945636732,0.467519564830947,0.463584029817838,0.45969791819671,0.455864629497157,0.452086189428619,0.448363519269774,0.444696675318439,0.441085055916994,0.43752757600138,0.434022810813923,0.430569111512203,0.427164696022155,0.4238077187319,0.420496322597282,0.417228677011894,0.414003004452229,0.410817598499322,0.407670835406798,0.40456118096517,0.401487194026682,0.398447527717986,0.39544092908591,0.392466237695324,0.389522383524177,0.386608384373114,0.383723342918517,0.380866443480321,0.378036948542462,0.375234195047385,0.372457590481263,0.369706608768779,0.36698078600219,0.364279716036268,0.361603045987126,0.358950471677699,0.356321733075491,0.35371660976881,0.351134916526405,0.348576498982391,0.346041229484024,0.343529003134639,0.341039734058287,0.338573351906622,0.336129798622666,0.333709025470486,0.331310990334638,0.32893565528864,0.326582984427767,0.324252941958108,0.321945490531163,0.319660589811123,0.317398195260477,0.315158257128546,0.31294071962695,0.310745520275802,0.30857258940452,0.30642184979152,0.304293216427578,0.302186596388402,0.300101888802743,0.298038984903294,0.29599776814856,0.293978114404835,0.291979892178385,0.290002962888875,0.288047181175956,0.286112395231832,0.284198447153398,0.282305173308311,0.280432404710084,0.278579967397907,0.276747682817503,0.274935368199886,0.273142836935333,0.271369898940366,0.26961636101588,0.267882027194947,0.266166699079098,0.264470176162165,0.262792256141002,0.261132735212616,0.259491408357379,0.257868069608208,0.256262512305653,0.254674529339005,0.253103913373588,0.251550457064495,0.250013953257073,0.248494195174534,0.246990976593069,0.245504092004932,0.244033336769907,0.242578507255664,0.241139400967443,0.239715816667576,0.238307554485314,0.236914416017434,0.235536204420095,0.234172724492417,0.23282378275221,0.231489187504309,0.230168748901927,0.228862279001442,0.227569591811009,0.226290503333367,0.225024831603222,0.22377239671953,0.222533020873028,0.221306528369319,0.220092745647808,0.218891501296789,0.217702626064927,0.216525952869414,0.215361316801029,0.214208555126328,0.213067507287193,0.211938014897921,0.210819921740064,0.209713073755195,0.208617319035759,0.207532507814182,0.206458492450377,0.205395127417794,0.204342269288137,0.203299776714882,0.202267510415694,0.201245333153873,0.20023310971891,0.199230706906246,0.198237993496348,0.197254840233142,0.196281119801919,0.195316706806753,0.194361477747517,0.19341531099655,0.192478086775027,0.191549687129099,0.190629995905829,0.189718898728998,0.188816282974789,0.18792203774742,0.187036053854735,0.186158223783805,0.185288441676554,0.184426603305446,0.18357260604926,0.182726348868966,0.181887732283737,0.181056658347096,0.180233030623244,0.179416754163557,0.178607735483282,0.177805882538442,0.177011104702958,0.176223312746005,0.175442418809599,0.174668336386447,0.17390098029803,0.173140266672968,0.172386112925636,0.171638437735062,0.170897161024089,0.170162203938824,0.169433488828364,0.168710939224806,0.16799447982354,0.167284036463829,0.166579536109671,0.165880906830952,0.165188077784885,0.164500979197727,0.163819542346794,0.16314369954274,0.162473384112139,0,0.533742445740441,0.535134281627016,0.535861318061188,0.536011078338577,0.535686318169234,0.534966850496954,0.533907054789997,0.532541831343364,0.53089220215295,0.52897004649455,0.526782457826452,0.524335615776058,0.521637783402214,0.518701153957937,0.515542533169274,0.5121830640265,0.508647307809218,0.504961997593293,0.501154722012058,0.497252717971093,0.493281876088015,0.489266002575975,0.485226338505708,0.481181310381432,0.47714647178581,0.473134591152044,0.469155842346906,0.465218060025982,0.461327028621934,0.457486780973791,0.453699889190261,0.449967735975356,0.446290759219024,0.442668666213937,0.439100616518951,0.435585374389188,0.432121432967999,0.428707113210595,0.425340640891196,0.422020205130001,0.418744001744979,0.415510264457007,0.412317286613677,0.409163435694875,0.406047162458225,0.402967006200782,0.399921597272039,0.396909657681357,0.393930000403517,0.390981527797628,0.388063229412564,0.385174179350033,0.382313533287242,0.379480525217726,0.376674463944776,0.373894729351195,0.37114076846719,0.368412091361264,0.365708266884347,0.363028918303006,0.360373718862324,0.357742387322148,0.355134683511581,0.352550403946003,0.349989377548489,0.347451461513863,0.344936537348864,0.342444507116585,0.339975289907612,0.337528818554627,0.335105036601646,0.332703895533949,0.330325352270053,0.327969366913,0.325635900754716,0.323324914524317,0.321036366868938,0.318770213053947,0.316526403868128,0.31430488471868,0.312105594900466,0.309928467023882,0.307773426585939,0.305640391669596,0.303529272756948,0.301439972642665,0.299372386434844,0.29732640163136,0.295301898260696,0.293298749077148,0.291316819801229,0.289355969396957,0.287416050378593,0.285496909140164,0.283598386301919,0.28172031706851,0.279862531594406,0.278024855352611,0.27620710950332,0.274409111259643,0.272630674247979,0.270871608861022,0.269131722601745,0.267410820417008,0.265708705019757,0.264025177198979,0.262360036116838,0.260713079592564,0.259084104372871,0.257472906388781,0.255879280998862,0.254303023219005,0.252743927938909,0.251201790125552,0.249676405013957,0.248167568285608,0.246675076234913,0.245198725924148,0.243738315327292,0.242293643463233,0.240864510518794,0.23945071796204,0.23805206864632,0.236668366905522,0.235299418640972,0.233945031400418,0.232605014449546,0.231279178836423,0.229967337449292,0.228669305068093,0.227384898410097,0.226113936170011,0.224856239054893,0.223611629814215,0.222379933265392,0.221160976315062,0.219954587976426,0.218760599382891,0.217578843798304,0.216409156623988,0.215251375402846,0.214105339820712,0.212970891705191,0.211847875022155,0.210736135870093,0.209635522472474,0.208545885168303,0.207467076401001,0.20639895070576,0.205341364695522,0.204294177045669,0.20325724847759,0.20223044174119,0.201213621596471,0.200206654794279,0.199209410056287,0.19822175805432,0.197243571389095,0.196274724568428,0.195315093985008,0.194364557893779,0.19342299638899,0.192490291380972,0.191566326572698,0.190650987436154,0.189744161188583,0.188845736768634,0.187955604812448,0.187073657629721,0.186199789179783,0.185333895047693,0.18447587242042,0.183625620063088,0.182783038295342,0.181948028967841,0.181120495438891,0.180300342551252,0.179487476609112,0.17868180535526,0.177883237948466,0.17709168494107,0.176307058256802,0.175529271168832,0.17475823827807,0.173993875491706,0.173236100002014,0.172484830265408,0.171739985981769,0.171001488074045,0.170269258668108,0.1695432210729,0.168823299760848,0.168109420348562,0.167401509577802,0.166699495296739,0.166003306441478,0.165312873017876,0.164628126083628,0.163948997730637,0.163275421067655,0,0.533020268954945,0.534590484714512,0.535530833107403,0.53588122737453,0.535731410634703,0.535162650696905,0.534234776616701,0.532988282098519,0.531448871614356,0.529631885314856,0.527546545236381,0.525199878005294,0.5225999262733,0.519757920974443,0.516689319648964,0.513413847267098,0.509954812849571,0.506338007858884,0.502590454014522,0.498739198338828,0.494810279857635,0.490827929812805,0.48681402040435,0.482787745868529,0.478765501803787,0.474760921000378,0.470785023499871,0.466846442465537,0.462951693519942,0.459105461971504,0.455310888850607,0.451569842401091,0.447883166427389,0.444250900670519,0.440672471262835,0.437146851414535,0.433672693943561,0.430248438195333,0.426872394417845,0.423542808856116,0.420257912790609,0.417015958538609,0.41381524512612,0.410654135970112,0.407531070525994,0.404444571481753,0.401393248738111,0.398375801115039,0.395391016474464,0.392437770747391,0.389515026197901,0.386621829141321,0.383757307252885,0.380920666549729,0.378111188096663,0.375328224469079,0.372571195999725,0.369839586835895,0.367132940836885,0.364450857346127,0.361792986876724,0.359159026752319,0.356548716746839,0.353961834766555,0.351398192616177,0.348857631887633,0.346340020005957,0.343845246461842,0.341373219255018,0.338923861567144,0.33649710867747,0.334092905129415,0.331711202151477,0.329351955331686,0.327015122541204,0.324700662099561,0.322408531171591,0.320138684384163,0.317891072649381,0.315665642179982,0.313462333682041,0.311281081709941,0.309121814168568,0.306984451948048,0.304868908676804,0.302775090579374,0.300702896426154,0.298652217563077,0.296622938010072,0.294614934618034,0.292628077274939,0.290662229152569,0.288717246986168,0.286792981380163,0.284889277133803,0.283005973581335,0.281142904941932,0.279299900675265,0.277476785839107,0.27567338144592,0.273889504815796,0.272124969923566,0.270379587738243,0.268653166553316,0.266945512306684,0.265256428889298,0.263585718441794,0.261933181638598,0.260298617959166,0.258681825946152,0.257082603450448,0.255500747863117,0.253936056334369,0.252388325979753,0.250857354073865,0.249342938231854,0.247844876579105,0.246362967909482,0.244897011832523,0.243446808910038,0.242012160782528,0.240592870285883,0.239188741558786,0.237799580141285,0.236425193064961,0.235065388935114,0.233719978005418,0.232388772245418,0.231071585401304,0.229768233050325,0.22847853264922,0.22720230357704,0.225939367172681,0.224689546767481,0.223452667713179,0.222228557405547,0.221017045303981,0.219817962947312,0.218631143966117,0.217456424091753,0.216293641162361,0.215142635126053,0.214003248041499,0.212875324076089,0.211758709501885,0.210653252689513,0.209558804100163,0.208475216275867,0.207402343828178,0.206340043425405,0.20528817377851,0.204246595625817,0.203215171716616,0.202193766793776,0.201182247575479,0.200180482736147,0.199188342886655,0.198205700553916,0.197232430159902,0.196268408000179,0.195313512222012,0.194367622802114,0.193430621524071,0.192502391955526,0.191582819425142,0.190671790999401,0.189769195459286,0.18887492327687,0.187988866591857,0.187110919188105,0.186240976470163,0.18537893543984,0.184524694672845,0.183678154295514,0.182839215961646,0.182007782829458,0.181183759538701,0.180367052187929,0.17955756831194,0.178755216859421,0.177959908170775,0.17717155395618,0.176390067273856,0.175615362508566,0.174847355350354,0.174085962773532,0.173331103015912,0.172582695558289,0.171840661104197,0.17110492155991,0.170375400014727,0.169652020721509,0.168934709077499,0.168223391605403,0.167517995934747,0.166818450783513,0.16612468594004,0.165436632245201,0.164754221574849,0.164077386822538,0,0.532266094212176,0.533986522577174,0.535129280126592,0.535681452450231,0.535712814915061,0.535301867765119,0.534512088150343,0.533389017526959,0.531963044674596,0.530253222319022,0.528271270478382,0.526025462996779,0.523523984676962,0.520777382884028,0.517799942237763,0.514610044958344,0.51122974145124,0.507683818050437,0.50399863296339,0.500200933750982,0.496316800137288,0.492370792262179,0.488385334271849,0.484380327943833,0.480372969413568,0.476377731316445,0.472406469791576,0.468468618040707,0.46457143322353,0.460720269723823,0.456918858137839,0.453169575086831,0.44947369384954,0.445831609774724,0.442243037515491,0.438707179428743,0.435222866123414,0.431788671237261,0.428403003180479,0.425064176900431,0.421770468778659,0.418520157641539,0.415311554611377,0.412143024196767,0.409012998660962,0.405919987346257,0.40286258229323,0.399839461190659,0.396849388432574,0.393891214845706,0.390963876482162,0.388066392744309,0.385197864016186,0.382357468911956,0.379544461210972,0.376758166525017,0.373997978731519,0.37126335620256,0.368553817860391,0.365868939093179,0.363208347568358,0.360571718983994,0.357958772800383,0.355369267994454,0.352802998878364,0.350259791021135,0.347739497308531,0.345241994171891,0.342767178011638,0.34031496183593,0.337885272129665,0.335478045963995,0.333093228351759,0.330730769849993,0.328390624406916,0.326072747447567,0.323777094189624,0.321503618178826,0.319252270031787,0.317022996372855,0.314815738950918,0.312630433921694,0.310467011280934,0.308325394434167,0.306205499889001,0.304107237056504,0.302030508148886,0.299975208161431,0.297941224927441,0.295928439235783,0.293936725001493,0.291965949480712,0.290015973522058,0.288086651847342,0.286177833355256,0.284289361442414,0.282421074336749,0.280572805438921,0.278744383667923,0.276935633807634,0.275146376851489,0.273376430342906,0.271625608709477,0.269893723589263,0.268180584147858,0.266485997385143,0.264809768430901,0.263151700828659,0.26151159680732,0.259889257540284,0.25828448339193,0.256697074151391,0.255126829253719,0.25357354798855,0.252037029696511,0.250517073953612,0.249013480743964,0.247526050621152,0.246054584858646,0.244598885589659,0.243158755936852,0.241734000132316,0.240324423628256,0.238929833198805,0.23755003703339,0.236184844822077,0.234834067833306,0.233497518984412,0.23217501290534,0.230866365995924,0.229571396477102,0.22828992443643,0.227021771868228,0.225766762708694,0.224524722866297,0.223295480247752,0.222078864779864,0.220874708427513,0.219682845208041,0.218503111202288,0.217335344562516,0.216179385517425,0.215035076374501,0.213902261519865,0.212780787415823,0.211670502596301,0.210571257660314,0.209482905263638,0.208405300108834,0.207338298933748,0.206281760498634,0.205235545572012,0.204199516915376,0.203173539266863,0.20215747932398,0.201151205725483,0.200154589032497,0.199167501708961,0.198189818101464,0.197221414418557,0.196262168709603,0.195311960843217,0.194370672485366,0.193438187077179,0.192514389812513,0.191599167615322,0.190692409116879,0.189794004632872,0.188903846140441,0.18802182725515,0.187147843207969,0.186281790822252,0.185423568490772,0.184573076152814,0.183730215271365,0.182894888810403,0.182067001212325,0.181246458375511,0.180433167632054,0.179627037725661,0.17882797878974,0.178035902325691,0.177250721181397,0.17647234952994,0.17570070284854,0.174935697897722,0.174177252700731,0.173425286523189,0.172679719852994,0.171940474380485,0.171207472978854,0.170480639684822,0.169759899679577,0.169045179269978,0.16833640587002,0.167633507982566,0.166936415181348,0.16624505809323,0.165559368380744,0.164879278724889,0,0.531482367587026,0.533329076462725,0.534660099326589,0.535412022734508,0.535629070477313,0.535382469405759,0.534737029009566,0.533742436074365,0.532433562743691,0.530833312794952,0.52895621173414,0.526812154203047,0.52440982969496,0.521759399101595,0.518874177421567,0.515771309499373,0.512471607631181,0.508998810364656,0.505378529927786,0.501637112806504,0.497800574688327,0.493893707804986,0.489939405985793,0.485958213911097,0.481968081753726,0.477984292453122,0.474019523500042,0.470084005571682,0.466185744293207,0.462330777006628,0.45852344246025,0.454766647035728,0.451062116116638,0.447410623329941,0.443812193663111,0.440266278951937,0.43677190605331,0.433327799274537,0.429932479430299,0.426584342334898,0.423281719694304,0.420022925313061,0.416806289338136,0.413630182978568,0.410493035809316,0.407393347423971,0.404329694868652,0.401300736985411,0.398305216527749,0.395341960687866,0.392409880495261,0.38950796940651,0.386635301301875,0.383791028030289,0.380974376594426,0.378184646036337,0.375421204066678,0.372683483472446,0.369970978336046,0.367283240099705,0.364619873511856,0.361980532494693,0.35936491597396,0.356772763712668,0.354203852189668,0.351657990561998,0.349135016746759,0.346634793654228,0.344157205599288,0.341702154913285,0.339269558773334,0.336859346261138,0.334471455658693,0.332105831983902,0.32976242476532,0.327441186051854,0.325142068650504,0.322865024582855,0.320610003749334,0.318376952788831,0.316165814120438,0.313976525153474,0.311809017651767,0.309663217238183,0.307539043025676,0.305436407361551,0.303355215672235,0.301295366396486,0.299256750995763,0.297239254031222,0.295242753297645,0.293267120005409,0.291312219002403,0.289377909028565,0.2874640429965,0.285570468292281,0.283697027091264,0.281843556684325,0.280009889810524,0.278195854992711,0.276401276873095,0.274625976546198,0.272869771887053,0.271132477872828,0.269413906896387,0.267713869070578,0.2660321725223,0.264368623675592,0.26272302752321,0.261095187886308,0.259484907661976,0.257891989058542,0.256316233818612,0.254757443429943,0.253215419324304,0.251689963064538,0.250180876520115,0.248687962031464,0.247211022563445,0.245749861848334,0.244304284518683,0.242874096230496,0.241459103777084,0.240059115194048,0.23867393985578,0.237303388563891,0.235947273627988,0.234605408939169,0.233277610036645,0.231963694167855,0.230663480342435,0.229376789380414,0.228103443954948,0.226843268629948,0.225596089892892,0.224361736183147,0.223140037916057,0.221930827503103,0.220733939368375,0.219549209961612,0.21837647776804,0.217215583315246,0.216066369177277,0.21492867997619,0.213802362381217,0.212687265105745,0.211583238902267,0.210490136555466,0.209407812873584,0.208336124678213,0.207274930792642,0.206224092028887,0.205183471173513,0.204152932972366,0.20313234411431,0.202121573214072,0.201120490794278,0.200128969266763,0.199146882913248,0.198174107865434,0.197210522084599,0.196256005340755,0.195310439191423,0.194373706960086,0.193445693714365,0.192526286243966,0.191615373038453,0.190712844264869,0.189818591745258,0.188932508934121,0.188054490895826,0.187184434282023,0.186322237309069,0.185467799735503,0.184621022839595,0.183781809396974,0.182950063658376,0.182125691327515,0.181308599539099,0.180498696837001,0.179695893152613,0.178900099783364,0.178111229371459,0.177329195882798,0.176553914586125,0.175785302032392,0.175023276034354,0.174267755646394,0.173518661144592,0.172775914007033,0.172039436894377,0.171309153630657,0.170584989184354,0.169866869649716,0.169154722228333,0.168448475210981,0.167748057959723,0.167053400890261,0.16636443545456,0.165681094123727,0,0.530670986865552,0.532624501471989,0.534127419890499,0.535074021141519,0.535479255154788,0.535402663643694,0.534907674177009,0.534046857492954,0.53285913893259,0.531371276223502,0.529600829854778,0.527559649967801,0.525257283733328,0.522703814129547,0.519911813720567,0.516897323759913,0.513679965938115,0.51028241045454,0.506729456938268,0.503046958914578,0.499260767837264,0.495395811803511,0.49147536991179,0.487520561290716,0.483550039013649,0.479579861943895,0.475623509556982,0.471692003297735,0.467794100651742,0.463936532927839,0.460124263386527,0.456360747927541,0.452648185576809,0.448987750270943,0.445379798879314,0.441824053076787,0.438319754673864,0.43486579542808,0.431460823302122,0.428103327693304,0.424791706419223,0.421524317279189,0.418299516884204,0.415115689214287,0.41197126606581,0.408864741228986,0.405794679913998,0.402759724642525,0.39975859855193,0.396790106828541,0.39385313679629,0.390946657036009,0.388069715795471,0.3852214388659,0.382401027041785,0.379607753242081,0.376840959347368,0.374100052794789,0.371384502967194,0.368693837411828,0.366027637925148,0.363385536542232,0.360767211470916,0.358172383011492,0.355600809502456,0.353052283331122,0.35052662704527,0.348023689598346,0.345543342756496,0.343085477691014,0.340650001774914,0.338236835597519,0.335845910206277,0.333477164580699,0.331130543339404,0.328805994677783,0.326503468530873,0.324222914953565,0.321964282708324,0.319727518049103,0.31751256368904,0.315319357938842,0.313147834002391,0.310997919415979,0.308869535617778,0.306762597634427,0.304677013872153,0.302612686000392,0.300569508916596,0.298547370781629,0.296546153115921,0.294565730947338,0.292605973002498,0.29066674193402,0.288747894576936,0.286849282228188,0.284970750943814,0.28311214184902,0.281273291456938,0.279454031992404,0.27765419171756,0.275873595256552,0.274112063916992,0.272369416006219,0.270645467140713,0.268940030547338,0.267252917355309,0.265583936878029,0.263932896884163,0.262299603857449,0.260683863244928,0.259085479693413,0.257504257274105,0.255939999695387,0.254392510503882,0.252861593273966,0.251347051785941,0.249848690193152,0.248366313178358,0.246899726099685,0.245448735126541,0.244013147365839,0.242592770978955,0.241187415289776,0.23979689088426,0.238421009701895,0.23705958511945,0.235712432027401,0.234379366899419,0.233060207855284,0.231754774717592,0.23046288906259,0.229184374265501,0.227919055540638,0.226666759976637,0.225427316567103,0.224200556236956,0.222986311864755,0.221784418301255,0.220594712384452,0.219417032951355,0.218251220846701,0.21709711892883,0.215954572072936,0.214823427171856,0.21370353313461,0.212594740882836,0.211496903345304,0.210409875450639,0.209333514118413,0.208267678248728,0.207212228710433,0.206167028328066,0.205131941867666,0.204106836021531,0.203091579392039,0.202086042474607,0.201090097639896,0.200103619115315,0.199126482965923,0.198158567074786,0.197199751122855,0.196249916568428,0.195308946626258,0.194376726246346,0.193453142092483,0.192538082520574,0.191631437556797,0.190733098875627,0.189842959777766,0.188960915168015,0.188086861533108,0.187220696919555,0.186362320911498,0.185511634608625,0.184668540604148,0.183832942962881,0.183004747199415,0.182183860256434,0.181370190483169,0.180563647614,0.179764142747243,0.178971588324109,0.178185898107852,0.177406987163132,0.17663477183557,0.175869169731534,0.175110099698143,0.1743574818035,0.173611237317163,0.172871288690852,0.172137559539399,0.171409974621946,0.170688459823392,0.169972942136088,0.169263349641783,0.168559611493827,0.167861657899628,0.16716942010336,0.166482830368928,0,0.529834568961218,0.531878163522241,0.533535695910384,0.534669257323205,0.535263027981973,0.53536097124726,0.535022194648433,0.534300562739865,0.533238379467658,0.531866103725416,0.530204466176371,0.528267555495211,0.526066109805489,0.523610446576404,0.520912642056165,0.517987793648829,0.514854406472119,0.511534084744406,0.508050766220818,0.504429730989089,0.500696572179015,0.496876259416292,0.492992371506876,0.489066530465164,0.485118036944524,0.481163686762407,0.477217737487005,0.473291990464387,0.469395954815351,0.46553706381859,0.461720919226388,0.457951544426579,0.454231632372711,0.450562778554652,0.446945692871558,0.443380387110114,0.439866336892674,0.436402618534542,0.43298802233317,0.429621144495476,0.426300460275674,0.423024381018471,0.419791297745823,0.416599613745135,0.413447768359229,0.410334253881433,0.40725762715189,0.404216517155067,0.401209629647919,0.398235749611553,0.395293742120458,0.392382552062234,0.38950120301507,0.386648795495803,0.383824504723421,0.381027577996379,0.378257331752143,0.375513148359675,0.372794472686404,0.370100808477538,0.367431714585088,0.364786801084884,0.362165725321093,0.359568187918392,0.356993928801808,0.354442723262894,0.351914378108684,0.349408727926602,0.34692563149464,0.344464968361712,0.342026635618462,0.339610544874104,0.337216619450309,0.334844791798815,0.332495001145483,0.330167191359999,0.32786130904733,0.325577301854466,0.323315116983876,0.321074699903427,0.318855993241284,0.316658935853466,0.314483462051185,0.3123295009749,0.310196976102004,0.308085804875325,0.305995898439969,0.303927161476588,0.301879492119737,0.299852781950688,0.297846916054772,0.295861773134076,0.293897225667062,0.291953140107422,0.290029377115219,0.288125791814007,0.286242234068358,0.284378548776779,0.282534576175628,0.280710152150148,0.278905108549269,0.277119273501238,0.2753524717276,0.273604524853399,0.2718752517118,0.270164468641678,0.268471989776934,0.266797627326577,0.265141191844817,0.263502492490582,0.26188133727605,0.260277533303932,0.258690886993337,0.257121204294194,0.255568290890253,0.254031952390799,0.252511994511239,0.251008223242814,0.24952044501169,0.248048466827743,0.246592096423369,0.245151142382666,0.24372541426136,0.242314722697845,0.240918879515718,0.23953769781819,0.238170992074759,0.236818578200512,0.235480273628434,0.234155897375089,0.232845270100018,0.231548214159214,0.230264553652988,0.228994114468574,0.227736724317758,0.226492212769846,0.225260411280262,0.224041153215023,0.222834273871396,0.221639610494939,0.220457002293209,0.219286290446323,0.218127318114626,0.216979930443632,0.215843974566459,0.21471929960393,0.21360575666251,0.212503198830246,0.21141148117087,0.210330460716189,0.209259996456931,0.20819994933214,0.207150182217269,0.206110559911071,0.205080949121394,0.204061218449985,0.203051238376396,0.202050881241075,0.201060021227728,0.200078534345029,0.199106298407747,0.198143193017362,0.197189099542221,0.196243901097309,0.195307482523674,0.194379730367565,0.193460532859331,0.192549779892112,0.191647363000381,0.190753175338361,0.189867111658354,0.188989068289022,0.188118943113635,0.187256635548328,0.186402046520388,0.185555078446586,0.184715635211586,0.183883622146445,0.183058946007228,0.18224151495374,0.181431238528407,0.180628027635314,0.179831794519405,0.179042452745861,0.178259917179676,0.177484103965419,0.176714930507212,0.175952315448914,0.175196178654526,0.174446441188824,0.173703025298221,0.17296585439186,0.172234853022945,0.171509946870319,0.170791062720274,0.170078128448616,0.169371073002973,0.168669826385351,0.167974319634934,0.167284484811141,0,0.528970217824832,0.531093591602123,0.532889331134447,0.534200132490307,0.534980638082581,0.535256285370178,0.535078917505192,0.534501837864993,0.533569809919311,0.532316669759016,0.530766343606254,0.528935377039868,0.52683600206526,0.524479078624746,0.521876445985838,0.519042440191972,0.515994549244662,0.512753337055404,0.509341848798487,0.505784723612792,0.502107209867142,0.498334227614397,0.494489569726226,0.490595287213117,0.486671269327151,0.482735005590863,0.478801503393428,0.474883328982833,0.470990739212823,0.467131874219921,0.463312985707907,0.459538680582685,0.455812164604886,0.452135475127025,0.448509695692603,0.44493514826785,0.44141156119824,0.437938212710205,0.434514051002991,0.431137792784129,0.427808002576218,0.424523155335906,0.421281684943061,0.418082020995454,0.41492261612947,0.411801965819985,0.408718622323444,0.405671204141087,0.402658402110398,0.39967898299288,0.396731791220375,0.393815749292166,0.390929857179585,0.388073190990727,0.385244901070957,0.382444209660435,0.379670408193306,0.37692285430015,0.374200968561985,0.3715042310575,0.368832177742586,0.366184396700941,0.36356052430501,0.360960241326991,0.358383269039473,0.355829365344246,0.353298320965861,0.350789955743678,0.348304115052587,0.345840666378503,0.343399496070328,0.340980506285577,0.338583612142349,0.336208739086068,0.333855820475428,0.331524795388369,0.329215606645752,0.326928199047677,0.324662517815123,0.32241850722781,0.320196109447745,0.317995263516936,0.31581590451708,0.313657962878686,0.311521363826954,0.309406026951885,0.307311865890375,0.305238788108447,0.303186694772375,0.301155480698013,0.299145034368355,0.297155238010039,0.295185967720223,0.293237093635993,0.291308480139163,0.289399986089993,0.287511465084043,0.285642765726952,0.283793731922572,0.281964203170368,0.280154014868557,0.278362998619878,0.276590982537337,0.274837791547633,0.273103247690349,0.271387170411256,0.269689376848431,0.268009682110054,0.266347899543043,0.26470384099184,0.263077317046844,0.261468137282136,0.25987611048227,0.258301044858012,0.256742748251015,0.255201028327482,0.253675692760956,0.252166549404415,0.250673406451911,0.249196072590024,0.247734357139428,0.246288070186903,0.244857022708122,0.243441026681578,0.242039895194012,0.2406534425377,0.239281484299983,0.237923837445386,0.236580320390705,0.235250753073403,0.233934957013682,0.232632755370544,0.231343972992202,0.230068436461134,0.228805974134104,0.227556416177444,0.226319594597883,0.225095343269183,0.223883497954878,0.222683896327324,0.221496377983335,0.220320784456603,0.219156959227149,0.218004747727973,0.216863997349138,0.215734557439437,0.214616279305839,0.213509016210878,0.212412623368123,0.211326957935901,0.210251879009391,0.209187247611232,0.208132926680762,0.207088781062001,0.2060546774905,0.205030484579139,0.20401607280298,0.203011314483268,0.202016083770656,0.201030256627731,0.200053710810932,0.199086325851897,0.198127983038342,0.197178565394491,0.196237957661152,0.195306046275458,0.194382719350341,0.19346786665378,0.192561379587861,0.191663151167687,0.190773076000181,0.18989105026281,0.189016971682261,0.188150739513096,0.187292254516422,0.186441418938582,0.18559813648991,0.184762312323556,0.1839338530144,0.183112666538087,0.182298662250178,0.18149175086545,0.180691844437338,0.17989885633756,0.179112701235898,0.178333295080183,0.177560555076458,0.176794399669358,0.176034748522691,0.175281522500232,0.174534643646745,0.173794035169222,0.173059621418359,0.172331327870257,0.171609081108368,0.170892808805667,0.17018243970707,0.169477903612095,0.168779131357762,0.168086054801737,0,0.52807090099497,0.53027259672372,0.532192406838553,0.533669472507722,0.534632897871128,0.535087913629684,0.535076381969846,0.534649020173715,0.533851905620799,0.5327217479869,0.531285571139746,0.529562518572709,0.527566577864219,0.525309446196436,0.522802992001751,0.52006099125446,0.517100037957997,0.513939704575761,0.510602132463884,0.507111266655437,0.503491933465661,0.499768916870173,0.495966139204507,0.492106005105899,0.488208930373526,0.484293051077802,0.480374091974801,0.476465365149097,0.472577867583067,0.468720447958184,0.464900016747156,0.461121778322893,0.457389468580272,0.453705585966825,0.450071607618804,0.446488185425935,0.442955319318742,0.439472506949055,0.436038870297743,0.432653260677456,0.429314344181885,0.426020669939434,0.42277072362326,0.419562968608257,0.416395876997413,0.41326795250603,0.410177746925097,0.407123871610331,0.404105005179153,0.40111989835676,0.398167376701449,0.3952463417617,0.392355771073117,0.389494717290016,0.38666230666067,0.383857736992892,0.38108027521311,0.378329254593487,0.375604071703861,0.372904183135306,0.370229102037186,0.367578394507687,0.364951675877358,0.362348606925241,0.359768890066884,0.35721226555264,0.354678507712938,0.352167421284711,0.349678837849909,0.347212612413259,0.344768620142279,0.342346753288197,0.339946918302091,0.337569033156318,0.335213024877343,0.332878827292394,0.330566378989172,0.328275621484953,0.326006497599099,0.323758950020969,0.321532920063752,0.319328346593526,0.317145165122078,0.314983307051516,0.312842699058459,0.31072326260562,0.308624913568755,0.306547561967339,0.304491111787731,0.302455460888226,0.300440500975921,0.298446117646073,0.296472190475234,0.294518593160194,0.292585193695423,0.290671854582368,0.288778433064642,0.286904781383708,0.285050747050287,0.283216173127237,0.281400898520188,0.279604758272635,0.277827583862694,0.276069203499053,0.27432944241404,0.27260812315206,0.27090506585191,0.269220088521777,0.267553007305923,0.265903636742291,0.264271790010425,0.262657279169263,0.261059915384505,0.259479509145366,0.257915870470636,0.256368809104039,0.254838134698989,0.253323656992864,0.251825185971009,0.250342532020684,0.248875506075249,0.247423919748857,0.245987585461993,0.244566316558188,0.243159927412236,0.241768233530291,0.240391051642169,0.239028199786235,0.237679497387206,0.236344765327226,0.235023826010559,0.233716503422227,0.232422623180912,0.231142012586458,0.229874500662259,0.228619918192837,0.227378097756895,0.226148873756113,0.224932082439954,0.223727561926727,0.222535152221148,0.221354695228625,0.220186034766487,0.219029016572361,0.217883488309894,0.216749299572006,0.215626301881852,0.214514348691655,0.213413295379571,0.212322999244736,0.211243319500637,0.210174117266925,0.209115255559817,0.208066599281194,0.207028015206492,0.205999371971519,0.204980540058266,0.203971391779823,0.202971801264478,0.201981644439078,0.201000799011731,0.200029144453918,0.199066561982079,0.198112934538736,0.197168146773209,0.196232085021983,0.195304637288765,0.194385693224291,0.193475144105915,0.192572882817027,0.191678803826332,0.190792803167028,0.189914778415912,0.189044628672451,0.188182254537832,0.187327558094029,0.186480442882903,0.185640813885356,0.18480857750057,0.183983641525324,0.183165915133443,0.18235530885535,0.181551734557775,0.180755105423606,0.179965335931908,0.179182341838114,0.178406040154397,0.177636349130235,0.176873188233178,0.17611647812981,0.175366140666932,0.174622098852959,0.173884276839533,0.173152599903363,0.172426994428294,0.171707387887604,0.170993708826539,0.170285886845072,0.169583852580909,0.168887537692723,0,0.527132781722834,0.529415916914364,0.531448481731961,0.533080336658245,0.534221120777688,0.534855598781276,0.535013387927848,0.534740544606769,0.534083125367489,0.533080031052903,0.531761151869384,0.53014828112872,0.528257371587747,0.526101230061533,0.523692020098608,0.521043173057345,0.518170533298212,0.515092753223385,0.511831079135889,0.508408724337074,0.504850026341236,0.501179552491832,0.497421272184213,0.493597867740129,0.489730217038864,0.485837052065282,0.481934778555594,0.478037431409639,0.474156736440837,0.470302249301643,0.466481545305024,0.462700438030724,0.458963209144583,0.455272836206429,0.451631209096575,0.448039328929294,0.444497485928375,0.441005414758072,0.437562427301974,0.434167523940468,0.430819485071573,0.427516945021448,0.424258450664643,0.421042507077317,0.417867612428865,0.414732284120447,0.411635077937347,0.408574601722839,0.405549524824589,0.40255858432481,0.399600588851202,0.396674420581879,0.393779035905162,0.390913465073232,0.388076811094383,0.385268248038322,0.382487018878569,0.379732432961441,0.37700386316868,0.374300742827103,0.371622562411068,0.368968866079775,0.366339248089827,0.363733349122833,0.361150852567278,0.358591480793024,0.356054991455222,0.353541173862171,0.351049845438737,0.3485808483134,0.346134046053126,0.343709320566111,0.341306569188187,0.33892570196458,0.336566639134724,0.334229308824151,0.331913644944202,0.329619585297332,0.327347069883314,0.325096039399545,0.322866433926973,0.320658191791878,0.31847124859278,0.316305536381134,0.314160982984101,0.312037511457589,0.309935039657841,0.307853479920081,0.305792738833156,0.303752717099556,0.301733309470791,0.299734404748691,0.297755885843865,0.295797629883204,0.293859508358977,0.291941387312735,0.290043127547851,0.288164584865164,0.286305610316744,0.284466050473367,0.282645747701787,0.280844540448365,0.279062263526067,0.277298748402218,0.275553823484798,0.273827314405357,0.272119044296973,0.270428834065894,0.268756502655781,0.267101867303671,0.265464743786965,0.263844946660903,0.262242289486156,0.260656585046271,0.259087645554815,0.257535282852179,0.25599930859205,0.254479534417652,0.252975772127913,0.251487833833741,0.250015532104656,0.248558680106042,0.247117091727307,0.245690581701262,0.244278965715049,0.242882060512946,0.241499683991378,0.240131655286496,0.238777794854643,0.237437924546064,0.236111867672173,0.234799449066724,0.233500495141193,0.232214833934688,0.230942295158688,0.2296827102369,0.228435912340528,0.227201736419212,0.225980019227901,0.224770599349922,0.223573317216465,0.222388015122731,0.221214537240947,0.220052729630465,0.218902440245133,0.217763518938138,0.216635817464487,0.215519189481299,0.214413490546066,0.213318578113041,0.212234311527881,0.211160552020689,0.210097162697587,0.209044008530924,0.208000956348243,0.206967874820106,0.205944634446886,0.204931107544602,0.203927168229907,0.202932692404289,0.201947557737572,0.200971643650799,0.200004831298538,0.199047003550705,0.198098044973933,0.197157841812569,0.196226281969327,0.195303254985662,0.194388652021898,0.193482365837161,0.192584290769137,0.191694322713724,0.190812359104569,0.189938298892559,0.189072042525264,0.188213491926384,0.187362550475203,0.186519122986082,0.185683115688016,0.184854436204261,0.184032993532063,0.183218698022489,0.182411461360394,0.181611196544514,0.180817817867718,0.18003124089742,0.179251382456157,0.17847816060235,0.177711494611257,0.176951304956114,0.176197513289477,0.17545004242478,0.174708816318093,0.173973760050107,0.173244799808328,0.172521862869502,0.171804877582264,0.171093773350008,0.170388480613996,0.169688930836692,0,0.526152981742668,0.528523345142938,0.530660404209313,0.532435811991347,0.533747027089036,0.534559515653477,0.534889033615509,0.53477498804112,0.534261947213428,0.533390153817491,0.532191994433136,0.530691864979127,0.528907830494306,0.526854048129183,0.524543234821554,0.521988701651126,0.519205705850956,0.516212072461964,0.513028181624711,0.509676493735449,0.506180802579567,0.502565385580155,0.498854180164765,0.495070070780945,0.491234331220719,0.487366235765124,0.483482831113946,0.479598848159488,0.475726726599692,0.471876724190026,0.468057084325386,0.464274239209391,0.460533030096646,0.456836930329269,0.453188260757792,0.449588390460605,0.44603791840359,0.442536833832455,0.439084654820804,0.435680545578006,0.432323413925433,0.429011990847826,0.425744894282219,0.422520679377576,0.419337877393984,0.416195025254012,0.413090687546142,0.410023472539853,0.406992043525756,0.403995126558193,0.401031515462391,0.398100074779832,0.395199741166407,0.39232952362822,0.389488502877566,0.386675830013585,0.383890724674692,0.381132472769313,0.378400423864011,0.375693988290492,0.373012634022414,0.370355883366972,0.367723309513265,0.365114532977847,0.362529217986958,0.359967068833824,0.357427826247992,0.354911263811536,0.352417184454331,0.349945417057301,0.347495813188909,0.345068243996188,0.342662597267563,0.34027877468062,0.337916689244109,0.335576262939747,0.333257424566049,0.330960107783407,0.328684249357018,0.326429787592082,0.324196660953834,0.321984806863596,0.319794160660904,0.317624654721051,0.315476217716856,0.313348774013309,0.311242243183667,0.309156539635775,0.307091572337667,0.305047244631944,0.303023454128894,0.30102009266893,0.299037046345474,0.297074195580103,0.295131415242358,0.293208574807286,0.291305538544408,0.289422165732376,0.287558310894196,0.285713824048421,0.283888550972221,0.282082333472744,0.280295009663597,0.278526414243686,0.276776378776055,0.275044731964667,0.273331299927392,0.271635906463761,0.269958373316255,0.268298520424159,0.266656166169179,0.265031127612212,0.263423220720793,0.2618322605869,0.260258061634892,0.258700437819464,0.257159202813601,0.255634170186557,0.254125153571983,0.252631966826344,0.251154424177844,0.249692340366079,0.248245530772692,0.246813811543306,0.245396999701054,0.243994913251995,0.242607371282766,0.241234194050774,0.239875203067272,0.238530221173635,0.237199072611173,0.235881583084789,0.234577579820802,0.233286891619243,0.232009348900922,0.230744783749545,0.229493029949184,0.228253923017341,0.227027300233892,0.225813000666145,0.224610865190253,0.223420736509217,0.222242459167694,0.221075879563814,0.21992084595821,0.218777208480452,0.21764481913305,0.216523531793217,0.215413202212531,0.214313688014669,0.213224848691336,0.212146545596544,0.21107864193936,0.210021002775239,0.208973494996071,0.207935987319034,0.206908350274364,0.205890456192132,0.204882179188117,0.203883395148868,0.202893981716013,0.201913818269914,0.200942785912712,0.199980767450854,0.199027647377126,0.198083311852291,0.197147648686344,0.196220547319465,0.19530189880269,0.194391595778367,0.193489532460415,0.192595604614435,0.191709709537704,0.190831746039083,0.189961614418873,0.189099216448633,0.188244455351004,0.187397235779549,0.186557463798631,0.185725046863354,0.184899893799586,0.184081914784068,0.183271021324644,0.182467126240609,0.181670143643194,0.180879988916202,0.180096578696802,0.179319830856492,0.178549664482233,0.177785999857781,0.177028758445196,0.176277862866557,0.175533236885877,0.174794805391225,0.174062494377061,0.173336230926786,0.172615943195511,0.171901560393044,0.171193012767102,0.170490231586746,0,0.525130145829368,0.527593939033442,0.529830184061889,0.531738813482738,0.533212625191394,0.534200243812066,0.534702739670391,0.534751109112497,0.534386904942868,0.533650719400253,0.532576927717317,0.531192374694139,0.529517312742549,0.527567449143236,0.525356297005386,0.522897274518081,0.520205228762134,0.517297269645039,0.514192959840716,0.510914002744795,0.507483606415445,0.503925693587019,0.500264095248035,0.496521823790975,0.492720481821945,0.488879829863597,0.485017512288877,0.481148925558376,0.477287204740578,0.473443301528101,0.4696261277481,0.465842741224532,0.462098554682138,0.458397552442906,0.454742503504422,0.451135162970118,0.447576456631257,0.444066645773281,0.440605471035246,0.437192275452206,0.433826107724941,0.430505807356951,0.427230073638195,0.423997520595725,0.420806720023672,0.417656234592582,0.414544642857715,0.411470557767568,0.408432640041155,0.405429607552922,0.402460241649889,0.399523391134226,0.396617974479894,0.393742980715353,0.390897469294413,0.388080569191827,0.385291477395897,0.382529456923649,0.379793834451502,0.377083997632594,0.374399392158061,0.371739518611253,0.369103929159163,0.366492224122685,0.363904048465748,0.36133908824201,0.358797067036274,0.356277742435825,0.353780902564392,0.351306362708389,0.348853962061691,0.346423560611416,0.34401503618327,0.341628281661081,0.339263202391268,0.336919713779337,0.334597739082097,0.332297207396233,0.330018051841157,0.327760207931762,0.325523612134764,0.323308200600737,0.321113908062778,0.318940666891799,0.316788406297895,0.314657051666856,0.312546524020805,0.31045673959198,0.308387609498916,0.306339039514633,0.304310929916852,0.302303175410804,0.300315665115726,0.298348282606771,0.296400906004627,0.294473408105795,0.292565656547044,0.290677513998189,0.288808838377879,0.286959483087638,0.285129297259909,0.283318126016342,0.281525810732998,0.279752189309558,0.27799709644003,0.276260363882745,0.274541820727797,0.27284129366034,0.271158607218413,0.269493584044206,0.267846045127873,0.266215810043176,0.264602697174432,0.263006523934324,0.261427106972329,0.259864262373543,0.258317805847851,0.256787552909418,0.255273319046561,0.253774919882127,0.252292171324526,0.250824889709644,0.249372891933847,0.247935995578351,0.246514019025238,0.245106781565398,0.243714103498723,0.24233580622685,0.240971712338766,0.239621645689611,0.238285431472971,0.236962896286988,0.23565386819459,0.234358176778136,0.233075653188787,0.231806130190865,0.2305494422015,0.229305425325813,0.228073917387914,0.226854757957945,0.225647788375415,0.224452851769055,0.223269793073416,0.22209845904241,0.220938698259997,0.219790361148209,0.218653299972694,0.21752736884594,0.216412423728355,0.215308322427347,0.214214924594555,0.213132091721365,0.212059687132843,0.21099757598021,0.209945625231968,0.208903703663795,0.207871681847305,0.206849432137768,0.205836828660892,0.204833747298738,0.20384006567486,0.202855663138736,0.201880420749564,0.200914221259497,0.199956949096358,0.199008490345917,0.198068732733766,0.197137565606852,0.19621487991471,0.195300568190441,0.194394524531479,0.193496644580179,0.192606825504265,0.191724965977173,0.19085096615831,0.189984727673271,0.18912615359403,0.188275148419128,0.187431618053887,0.186595469790672,0.185766612289203,0.184944955556964,0.184130410929689,0.183322891051972,0.182522309857998,0.181728582552402,0.180941625591284,0.180161356663375,0.179387694671377,0.178620559713462,0.177859873064968,0.177105557160275,0.176357535574874,0.175615733007643,0.174880075263315,0.17415048923516,0.173426902887878,0.172709245240705,0.17199744635073,0.171291437296441,0,0.52406583236846,0.52662617340292,0.528958934269851,0.530991908152283,0.532620077422314,0.533778717193233,0.534454257472819,0.534667881214427,0.534456623613269,0.53386032718495,0.532914718488496,0.531648827073077,0.530085087740503,0.528240907982077,0.526130816411186,0.523768562481462,0.521168770277362,0.518347963975313,0.515324956493852,0.512120707502311,0.508757811172267,0.505259780459529,0.501650271158244,0.49795235182135,0.494187886654612,0.490377064533816,0.486538081349007,0.482686965349834,0.478837525013831,0.475001394533721,0.471188151589684,0.467405484121428,0.463659386163568,0.459954366626158,0.456293658662116,0.452679420667346,0.449112922870324,0.445594715849745,0.442124779193152,0.438702649927057,0.435327531372255,0.431998383771207,0.42871399845908,0.42547305756287,0.422274181264518,0.419115964598307,0.415997005607807,0.412915926494372,0.409871389172725,0.406862106428485,0.403886849661354,0.400944454005174,0.398033821447383,0.395153922427768,0.392303796279631,0.389482550783872,0.386689361035402,0.383923467768374,0.381184175248834,0.378470848817167,0.375782912145368,0.373119844263173,0.37048117640045,0.367866488689263,0.365275406766647,0.362707598317284,0.360162769593631,0.357640661949062,0.355141048417223,0.352663730367973,0.350208534267033,0.347775308562912,0.34536392072091,0.342974254420165,0.340606206925945,0.338259686645715,0.335934610874113,0.333630903728889,0.331348494277023,0.329087314847892,0.326847299528259,0.324628382832208,0.322430498537802,0.32025357868123,0.318097552698482,0.315962346704175,0.313847882896868,0.311754079080235,0.309680848289545,0.307628098513223,0.305595732499585,0.303583647639342,0.301591735914947,0.299619883908453,0.297667972860088,0.295735878770381,0.293823472539233,0.291930620135922,0.290057182794582,0.288203017230249,0.286367975871054,0.28455190710264,0.282754655521334,0.280976062193015,0.279215964914989,0.277474198478577,0.275750594930393,0.27404498383063,0.272357192506896,0.270687046302404,0.26903436881753,0.26739898214393,0.265780707090587,0.264179363401297,0.262594769963251,0.261026745006447,0.259475106293813,0.257939671301959,0.256420257392584,0.254916681974605,0.253428762657136,0.251956317393485,0.250499164616372,0.249057123364606,0.247630013401468,0.246217655325085,0.244819870671068,0.243436482007725,0.242067313024136,0.240712188611409,0.239370934937407,0.238043379515261,0.236729351265962,0.235428680575335,0.234141199345671,0.232866741042309,0.231605140735442,0.230356235137405,0.229119862635708,0.227895863322055,0.226684079017598,0.225484353294642,0.224296531495022,0.223120460745373,0.22195598996947,0.220802969897858,0.21966125307492,0.218530693863585,0.217411148447819,0.216302474833067,0.215204532844784,0.2141171841252,0.213040292128452,0.211973722114197,0.210917341139837,0.209871018051456,0.208834623473584,0.20780802979787,0.206791111170779,0.205783743480373,0.204785804342285,0.203797173084944,0.202817730734123,0.201847359996895,0.200885945245039,0.199933372497965,0.198989529405216,0.198054305228592,0.197127590823947,0.196209278622707,0.195299262613147,0.194397438321462,0.193503702792681,0.192617954571448,0.191740093682701,0.190870021612283,0.190007641287506,0.18915285705771,0.188305574674803,0.187465701273854,0.186633145353711,0.185807816757693,0.184989626654364,0.184178487518394,0.183374313111542,0.182577018463749,0.181786519854379,0.181002734793593,0.180225582003882,0.179454981401768,0.178690854079672,0.177933122287957,0.177181709417163,0.176436539980427,0.175697539596098,0.174964634970553,0.174237753881222,0.173516825159807,0.172801778675719,0.172092545319721,0,0.522958098676225,0.52561777657833,0.528046879290158,0.530197175400207,0.531971560148827,0.533296153551407,0.534143660633021,0.534524516552466,0.53446985246441,0.53401760176929,0.533204091482865,0.532060161819019,0.530610338890623,0.528873822730636,0.52686634545533,0.524602202101552,0.522095986303211,0.51936378017824,0.516423732341952,0.513296089308043,0.510002817713776,0.506566976358155,0.503011983917002,0.499360896742535,0.495635774162605,0.491857174335186,0.488043796104527,0.484212262667734,0.48037703066183,0.476550402130171,0.472742615083876,0.468961989511086,0.465215108462742,0.461507017348165,0.457841428202014,0.454220919074955,0.450647121668209,0.447120892807815,0.443642467338034,0.440211591542493,0.436827637331365,0.433489698223319,0.430196668661722,0.42694730849123,0.42374029453394,0.420574261188186,0.417447831866282,0.414359642922289,0.411308361523486,0.408292698710059,0.40531141868176,0.402363345158537,0.399447365490788,0.396562433047394,0.393707568286751,0.390881858816803,0.388084458672386,0.385314586979186,0.38257152613031,0.379854619570653,0.377163269263202,0.374496932897481,0.371855120891554,0.369237393233481,0.3666433562047,0.364072659025408,0.361524990460013,0.359000075418684,0.356497671588736,0.354017566126862,0.35155957244017,0.349123527080603,0.346709286773695,0.344316725598921,0.341945732335205,0.339596207981506,0.337268063459064,0.334961217498683,0.332675594713619,0.330411123856157,0.328167736253773,0.32594536441903,0.323743940825867,0.321563396843834,0.319403661820982,0.317264662305548,0.31514632139625,0.313048558210879,0.310971287462926,0.308914419136164,0.306877858247424,0.304861504688186,0.302865253136095,0.300888993028003,0.298932608586692,0.296995978894018,0.295078978003736,0.293181475087876,0.291303334611076,0.289444416527782,0.287604576497783,0.285783666115975,0.283981533152756,0.282198021801809,0.280432972932494,0.278686224344362,0.276957611021678,0.275246965386119,0.273554117546097,0.271878895541381,0.270221125581941,0.268580632280116,0.266957238875369,0.265350767451096,0.263761039143029,0.262187874338935,0.260631092869418,0.259090514189683,0.257565957552253,0.256057242170642,0.254564187374092,0.253086612753492,0.251624338298657,0.250177184527174,0.248744972605041,0.247327524459349,0.245924662883286,0.244536211633726,0.2431619955217,0.241801840496039,0.24045557372048,0.239123023644529,0.237804020068379,0.236498394202162,0.235205978719823,0.233926607807895,0.232660117209439,0.231406344263417,0.230165127939749,0.228936308870301,0.227719729376041,0.226515233490585,0.225322666980364,0.224141877361604,0.222972713914334,0.221815027693606,0.220668671538107,0.21953350007634,0.218409369730544,0.21729613871849,0.216193667053332,0.215101816541617,0.214020450779627,0.212949435148139,0.211888636805755,0.210837924680894,0.209797169462562,0.208766243589993,0.207745021241263,0.206733378320954,0.205731192446965,0.20473834293654,0.203754710791583,0.202780178683338,0.201814630936493,0.200857953512769,0.19991003399405,0.198970761565113,0.198040026995993,0.19711772262405,0.19620374233576,0.195297981548285,0.194400337190859,0.193510707686004,0.192628992930646,0.191755094277124,0.190888914514142,0.190030357847685,0.189179329881915,0.188335737600085,0.187499489345473,0.186670494802371,0.185848664977138,0.185033912179331,0.184226150002939,0.183425293307717,0.182631258200651,0.181843962017554,0.181063323304799,0.180289261801217,0.179521698420141,0.178760555231629,0.178005755444861,0.177257223390715,0.176514884504529,0.175778665309055,0.175048493397612,0.174324297417431,0.173606007053208,0.172893553010862,0,0.521802731516316,0.524566059434273,0.527093444744705,0.529356108967621,0.531269127161581,0.532753967963371,0.533771319541523,0.534320479524438,0.534425493483142,0.534121221703196,0.533443751339114,0.532425254727853,0.531092168734699,0.529465513652884,0.527562374208239,0.52539778873607,0.522986513139625,0.520344341999453,0.517488861057232,0.514439651073549,0.511218052418202,0.507846636942487,0.504348532157558,0.500746718294604,0.49706338494148,0.493319399979443,0.489533914744038,0.485724107814405,0.481905055649068,0.47808971037211,0.474288961873748,0.470511761518951,0.466765286871376,0.463055129956694,0.459385495029476,0.455759395144757,0.452178839832718,0.448645008726815,0.445158408077742,0.441719008720308,0.438326365293405,0.43497971739991,0.431678073990463,0.428420282616842,0.425205085377219,0.422031163411389,0.418897171738257,0.415801766093469,0.412743623249408,0.409721456104662,0.406734024631991,0.403780143584663,0.400858687688607,0.397968594896631,0.395108868152772,0.392278576009516,0.389476852356716,0.386702895456024,0.383955966425934,0.381235387287015,0.378540538651937,0.375870857127885,0.37322583248771,0.370605004658935,0.368007960575097,0.365434330930708,0.362883786878697,0.360356036706976,0.357850822528404,0.355367917015831,0.352907120210973,0.350468256432608,0.348051171306165,0.345655728933172,0.343281809215394,0.34092930534499,0.338598121468592,0.33628817053005,0.333999372293729,0.331731651547635,0.32948493648343,0.327259157248509,0.32505424466372,0.322870129099089,0.320706739498957,0.318564002547234,0.316441841963099,0.31434017791718,0.312258926558267,0.310197999640684,0.308157304242706,0.306136742566729,0.304136211812321,0.302155604113758,0.300194806534148,0.298253701108781,0.296332164930906,0.294430070273655,0.292547284742383,0.290683671452229,0.288839089226179,0.287013392809415,0.285206433096167,0.283418057365722,0.281648109524625,0.279896430352493,0.278162857749162,0.276447226981236,0.274749370926351,0.273069120313733,0.27140630395987,0.269760748998286,0.268132281102631,0.26652072470242,0.264925903190934,0.263347639124902,0.261785754415687,0.260240070511817,0.258710408572766,0.257196589633969,0.255698434763117,0.254215765207828,0.25274840253483,0.251296168760831,0.249858886475287,0.248436378955293,0.24702847027283,0.245634985394659,0.244255750275097,0.242890591941985,0.241539338576106,0.240201819584349,0.238877865666899,0.237567308878734,0.236269982685706,0.23498572201547,0.233714363303547,0.23245574453475,0.231209705280257,0.229976086730544,0.22875473172444,0.227545484774508,0.226348192088987,0.225162701590488,0.223988862931662,0.222826527508013,0.221675548468054,0.220535780720968,0.21940708094195,0.218289307575378,0.21718232083597,0.216085982708063,0.215000156943159,0.213924709055848,0.212859506318244,0.211804417753043,0.21075931412531,0.209724067933089,0.208698553396947,0.207682646448531,0.206676224718225,0.205679167521983,0.204691355847425,0.20371267233925,0.202743001284047,0.201782228594552,0.200830241793419,0.199886929996559,0.198952183896088,0.198025895742943,0.197107959329206,0.196198269970168,0.195296724486197,0.194403221184407,0.193517659840207,0.192639941678718,0.191769969356118,0.190907646940926,0.190052879895257,0.189205575056062,0.18836564061639,0.187532986106675,0.186707522376072,0.185889161573867,0.185077817130965,0.184273403741473,0.183475837344394,0.182685035105445,0.181900915398999,0.18112339779018,0.180352403017096,0.179587852973242,0.178829670690059,0.178077780319672,0.177332107117803,0.176592577426866,0.175859118659258,0.175131659280829,0.174410128794554,0.173694457724407,0,0.52059767357531,0.523468141746637,0.526097352660928,0.528469556785061,0.530514584500004,0.532153675747496,0.533337860018305,0.534055488238558,0.53432262401555,0.534169946769386,0.533632405630604,0.532742933051083,0.531529606425023,0.530015224145477,0.528218326816003,0.526154870434841,0.523839960536046,0.5212892656442,0.518519923790711,0.51555091334444,0.512402964692908,0.509098142223936,0.50565923706609,0.502109094838858,0.498469973035337,0.494762989943299,0.491007697577864,0.487221787994172,0.483420926285941,0.47961869389388,0.475826621246443,0.472054287789466,0.46830946882498,0.464598311232475,0.46092552333796,0.457294567435212,0.453707846459894,0.450166878925079,0.446672458394678,0.443224795503896,0.43982364186834,0.4364683962045,0.433158193667553,0.429891979850244,0.426668571128174,0.42348670312679,0.420345069062911,0.417242349612626,0.414177235806164,0.411148446271674,0.408154739961716,0.405194925311663,0.402267866607338,0.399372488185588,0.396507776958975,0.393672783645077,0.390866622991053,0.388088473213419,0.385337574818808,0.382613228931237,0.37991479522237,0.377241689520905,0.374593381163432,0.371969390139859,0.369369284080497,0.36679267512775,0.364239216732349,0.36170860041154,0.359200552504162,0.356714830954973,0.354251222157722,0.351809537883384,0.349389612316626,0.346991299220115,0.344614469242778,0.342259007384587,0.339924810627148,0.337611785736133,0.335319847238725,0.333048915576586,0.330798915432553,0.328569774227266,0.326361420780276,0.32417378412881,0.322006792496332,0.319860372402239,0.317734447903503,0.315628939958738,0.31354376590506,0.311478839038115,0.309434068285842,0.307409357966779,0.305404607624108,0.303419711927054,0.301454560631697,0.299509038593805,0.297583025826767,0.295676397598272,0.293789024559866,0.291920772904072,0.290071504544203,0.288241077312524,0.286429345172831,0.284636158443969,0.282861364031169,0.281104805662512,0.279366324128089,0.277645757519826,0.27594294147015,0.274257709387979,0.272589892690745,0.270939321031347,0.269305822519154,0.267689223934318,0.266089350934825,0.26450602825583,0.262939079900956,0.26138832932531,0.259853599610099,0.25833471362876,0.256831494204616,0.255343764260115,0.253871346957756,0.25241406583284,0.25097174491823,0.249544208861325,0.248131283033464,0.246732793632007,0.245348567775355,0.243978433591147,0.24262222029794,0.24127975828061,0.239950879159766,0.23863541585545,0.237333202645376,0.236044075218001,0.234767870720659,0.23350442780304,0.232253586656244,0.231015189047651,0.229789078351859,0.228575099577893,0.22737309939291,0.226182926142611,0.225004429868563,0.223837462322609,0.222681876978557,0.221537529041335,0.22040427545375,0.219281974901039,0.218170487813339,0.21706967636624,0.215979404479538,0.214899537814328,0.21382994376856,0.212770491471162,0.211721051774849,0.210681497247723,0.209651702163748,0.208631542492203,0.207620895886197,0.206619641670323,0.205627660827533,0.204644835985297,0.203671051401127,0.202706192947511,0.201750148096338,0.200802805902846,0.199864056989166,0.198933793527495,0.198011909222954,0.197098299296166,0.196192860465601,0.195295490929713,0.194406090348921,0.193524559827452,0.192650801895076,0.191784720488772,0.190926220934337,0.190075209927976,0.189231595517879,0.188395287085821,0.18756619532879,0.186744232240675,0.185929311094017,0.185121346421842,0.184320253999594,0.183525950827176,0.182738355111112,0.181957386246833,0.181182964801113,0.180415012494645,0.179653452184781,0.178898207848427,0.178149204565112,0.177406368500232,0.176669626888469,0.175938908017404,0.175214141211305,0.174495256815117,0,0.519335495455605,0.522320539662601,0.525056692708533,0.527537697305111,0.529709384030697,0.531496790879885,0.532844108165268,0.533729503636046,0.534160512030478,0.534162642530801,0.533768788144088,0.533011992582944,0.531921617364956,0.530522123698332,0.528833559467129,0.526872942825926,0.524655905223236,0.522198153283482,0.519516503523678,0.516629409951461,0.513557024055748,0.510320894990923,0.50694344194216,0.503447323795354,0.499854806991948,0.496187201908374,0.492464408669557,0.488704588985984,0.484923962832221,0.481136717368504,0.477355009401131,0.473589040539158,0.469847184734581,0.466136150005823,0.462461159025764,0.458826136349421,0.455233893017782,0.451686301915474,0.448184459498959,0.444728831333655,0.44131938030507,0.437955677442067,0.434636996058937,0.431362390437101,0.428130760575218,0.424940904682249,0.421791561111248,0.418681441366401,0.415609255691496,0.412573732588246,0.409573633436882,0.406607763213363,0.403674978127904,0.400774190854808,0.397904373887806,0.39506456143973,0.392253850210176,0.389471399268579,0.386716429240681,0.383988220941341,0.381286113563427,0.378609502508715,0.375957836930124,0.373330617043252,0.370727391257545,0.36814775317221,0.365591338478226,0.363057821804846,0.360546913546328,0.358058356701975,0.355591923759737,0.353147413650679,0.35072464879833,0.34832347228365,0.345943745142862,0.343585343812022,0.341248157728834,0.338932087099084,0.336637040832108,0.334362934647016,0.332109689349023,0.329877229273162,0.32766548089087,0.325474371573498,0.323303828505636,0.321153777740233,0.319024143386873,0.316914846924151,0.314825806626852,0.312756937098614,0.310708148900826,0.308679348268728,0.306670436905977,0.304681311849337,0.302711865395555,0.300761985082956,0.298831553720818,0.296920449460037,0.295028545899136,0.29315571222016,0.291301813349484,0.28946671013904,0.287650259563888,0.28585231493254,0.284072726106763,0.282311339728036,0.280567999448127,0.278842546161603,0.277134818238359,0.27544465175453,0.273771880720386,0.272116337304023,0.270477852049866,0.268856254091174,0.267251371355887,0.265663030765297,0.26409105842515,0.26253527980889,0.260995519932848,0.259471603523265,0.257963355175103,0.256470599502666,0.254993161282093,0.253530865585838,0.252083537909293,0.250651004289712,0.249233091417659,0.247829626741189,0.246440438563002,0.245065356130818,0.243704209721226,0.242356830717272,0.241023051680041,0.239702706414509,0.238395630029911,0.237101658994899,0.235820631187741,0.234552385941808,0.233296764086591,0.232053607984501,0.230822761563665,0.22960407034695,0.228397381477431,0.227202543740511,0.226019407582883,0.22484782512854,0.223687650192005,0.222538738288963,0.221400946644455,0.220274134198798,0.219158161611386,0.218052891262506,0.216958187253317,0.215873915404114,0.214799943251003,0.213736140041107,0.212682376726403,0.211638525956309,0.210604462069107,0.2095800610823,0.208565200681991,0.207559760211362,0.206563620658339,0.205576664642511,0.204598776401364,0.203629841775912,0.20266974819577,0.201718384663734,0.200775641739918,0.199841411525493,0.198915587646093,0.197998065234905,0.197088740915507,0.196187512784473,0.195294280393801,0.194408944733177,0.193531408212118,0.19266157464202,0.191799349218132,0.190944638501494,0.190097350400845,0.189257394154532,0.188424680312447,0.187599120717987,0.186780628490077,0.185969118005264,0.185164504879886,0.184366705952348,0.183575639265494,0.182791224049111,0.182013380702554,0.181242030777513,0.180477096960924,0.179718503058031,0.178966173975619,0.178220035705401,0.177480015307588,0.176746040894623,0.17601804161511,0.17529594763791,0,0.518007716093274,0.521119442759114,0.523969035353351,0.526560053370132,0.528854541492916,0.530784726151164,0.532291024443081,0.533342706405892,0.533938622954224,0.534098300909354,0.533851681474539,0.533231215921198,0.53226711477595,0.530985312826842,0.529407359989366,0.527551445132119,0.525433885068167,0.523070586755398,0.520478179303335,0.517674683353788,0.514679716817604,0.511514318818627,0.508200511375162,0.504760721754,0.501217170659213,0.497591304009992,0.493903317337691,0.490171796738742,0.486413481065899,0.482643136965285,0.478873530740305,0.475115477650444,0.471377948870374,0.467668217831311,0.46399203017289,0.4603537844321,0.456756713485683,0.453203059411223,0.449694236725613,0.4462309808596,0.442813480241806,0.4394414915272,0.436114438357406,0.432831494630692,0.429591653634573,0.426393784597163,0.4232366782841,0.42011908324073,0.417039734184021,0.413997373910175,0.4109907699222,0.408018726812175,0.405080095267178,0.402173778413485,0.399298736075726,0.396453987408414,0.393638612257354,0.390851751527028,0.388092606765523,0.385360439128788,0.382654567848556,0.379974368300892,0.377319269752734,0.374688752850148,0.372082346902582,0.369499627010924,0.366940211082529,0.364403756772878,0.361889958390547,0.359398543799379,0.35692927134893,0.35448192686132,0.352056320699465,0.349652284938454,0.347269670658456,0.344908345374224,0.342568190612948,0.340249099649085,0.33795097540181,0.335673728498036,0.333417275501476,0.3311815373061,0.32896643769044,0.326771902027697,0.324597856145298,0.322444225326577,0.32031093344651,0.318197902232931,0.316105050644336,0.314032294355256,0.311979545340185,0.309946711547213,0.307933696652725,0.305940399888885,0.303966715935982,0.302012534872171,0.300077742173572,0.298162218758216,0.296265841067755,0.294388481181398,0.292530006956962,0.290690282194423,0.288869166817781,0.287066517071473,0.285282185727985,0.283516022303654,0.281767873280055,0.280037582328609,0.278324990536436,0.276629936631669,0.274952257206739,0.273291786938357,0.271648358803101,0.270021804287718,0.268411953593412,0.266818635833517,0.265241679224103,0.263680911267161,0.262136158926112,0.26060724879349,0.259094007250691,0.257596260619784,0.256113835307396,0.254646557940765,0.253194255496067,0.251756755419179,0.250333885739046,0.248925475173852,0.247531353230231,0.246151350295718,0.244785297724706,0.243433027918152,0.242094374397269,0.240769171871479,0.239457256300868,0.238158464953395,0.236872636457116,0.235599610847654,0.234339229611162,0.233091335723022,0.231855773682488,0.230632389543513,0.229421030941968,0.228221547119456,0.227033788943919,0.225857608927238,0.224692861239997,0.223539401723603,0.222397087899903,0.221265778978487,0.220145335861811,0.219035621148289,0.217936499133497,0.216847835809617,0.215769498863235,0.214701357671633,0.213643283297668,0.212595148483348,0.211556827642212,0.210528196850594,0.209509133837877,0.20849951797581,0.207499230266965,0.206508153332416,0.205526171398711,0.204553170284188,0.203589037384716,0.202633661658907,0.201686933612857,0.200748745284464,0.199818990227378,0.19889756349462,0.197984361621911,0.197079282610764,0.196182225911354,0.195293092405218,0.194411784387807,0.193538205550924,0.192672260965073,0.191813857061744,0.190962901615664,0.190119303727022,0.189282973803707,0.188453823543564,0.187631765916685,0.186816715147766,0.186008586698524,0.185207297250203,0.184412764686179,0.183624908074666,0.182843647651546,0.182068904803322,0.181300602050214,0.180538663029396,0.17978301247838,0.179033576218566,0.178290281138948,0.177553055179995,0.1768218273177,0.176096527547814,0,0.516610227519206,0.519860942388071,0.522831540608143,0.525535536453213,0.527950582123275,0.530018700914648,0.531679630683422,0.53289546261422,0.533656617400742,0.533976055674235,0.533879937967385,0.533399391263788,0.53256497286279,0.531403829874819,0.529938949118355,0.528189757433077,0.526173393990462,0.523906121591174,0.52140452046609,0.51868627974664,0.515770542408765,0.512677855682254,0.509429830038742,0.506048624250372,0.502556363708148,0.498974575877614,0.495323699510476,0.49162269887303,0.487888793802886,0.484137301793572,0.480381579174094,0.47663304379787,0.472901260290872,0.469194069715776,0.465517747574777,0.461877176723633,0.458276024548066,0.454716916382093,0.451201599476576,0.447731093792474,0.444305827488366,0.440925756217652,0.437590466285048,0.434299262378137,0.431051241032392,0.427845351249879,0.424680443811721,0.421555310837302,0.418468717079345,0.415419424328913,0.412406210159098,0.40942788207717,0.406483287994766,0.403571323773195,0.400690938462,0.397841137726705,0.395020985857649,0.392229606665661,0.389466183500946,0.386729958577126,0.384020231740677,0.381336358794968,0.378677749465392,0.376043865075986,0.373434215996512,0.370848358911108,0.368285893953914,0.365746461752911,0.363229740419814,0.360735442520838,0.358263312060283,0.355813121505899,0.353384668881973,0.350977774952865,0.348592280516493,0.346228043823959,0.343884938138293,0.34156284944214,0.339261674301268,0.336981317888022,0.334721692166335,0.332482714237712,0.330264304845652,0.328066387034327,0.325888884955986,0.323731722820469,0.321594823979348,0.319478110136659,0.317381500677737,0.315304912107485,0.313248257589338,0.311211446576245,0.309194384525199,0.307196972687085,0.30521910796399,0.303260682826479,0.301321585283804,0.299401698900423,0.297500902852724,0.29561907202027,0.29375607710638,0.291911784783286,0.290086057857578,0.288278755452039,0.28648973320038,0.284718843451771,0.282965935482406,0.28123085571165,0.279513447920648,0.277813553471536,0.276131011525628,0.274465659259229,0.272817332075883,0.271185863814079,0.269571086949616,0.267972832791937,0.266390931673929,0.264825213134755,0.263275506095435,0.261741639026928,0.260223440110617,0.258720737391099,0.257233358921281,0.255761132899841,0.254303887801117,0.252861452497559,0.251433656374903,0.250020329440227,0.248621302423106,0.247236406870066,0.245865475232567,0.244508340948751,0.243164838519194,0.2418348035769,0.240518072951793,0.239214484729943,0.237923878307775,0.236646094441489,0.235380975291953,0.234128364465262,0.232888107049225,0.231660049645975,0.23044404040092,0.229239929028249,0.228047566833174,0.226866806731113,0.225697503263991,0.224539512613833,0.223392692613818,0.222256902756957,0.221132004202543,0.220017859780522,0.218914333993927,0.217821293019496,0.216738604706618,0.215666138574701,0.2146037658091,0.213551359255697,0.212508793414235,0.211475944430505,0.21045269008748,0.209438909795469,0.20843448458138,0.207439297077176,0.206453231507571,0.205476173677057,0.204508010956311,0.203548632268054,0.202597928072394,0.201655790351737,0.200722112595286,0.199796789783196,0.198879718370407,0.197970796270215,0.197069922837606,0.196176998852391,0.195291926502176,0.194414609365197,0.193544952393044,0.192682861893309,0.191828245512175,0.190981012216972,0.190141072278719,0.189308337254673,0.188482719970907,0.187664134504925,0.186852496168336,0.186047721489597,0.185249728196847,0.184458435200826,0.183673762577916,0.182895631553283,0.182123964484163,0.181358684843264,0.180599717202326,0.179846987215821,0.179100421604817,0.178359948140989,0.177625495630811,0.176896993899907,0,0.515135748698793,0.518540803874962,0.521641058357302,0.524462515974767,0.526997514908441,0.529199661492777,0.53101093416726,0.532388279664088,0.533314339591741,0.533795191904747,0.533852498047264,0.533515331036601,0.532814041168173,0.531776659519097,0.53042748343159,0.528787199259326,0.526873877765494,0.524704281492958,0.522295080956245,0.519663744012577,0.516829009399666,0.513810963199728,0.510630801110605,0.507310385201304,0.503871701870174,0.500336309451143,0.496724838916491,0.493056586073122,0.489349212352957,0.485618555320005,0.481878539426921,0.478141171598066,0.474416603810702,0.470713244894457,0.467037905329246,0.4633959611688,0.459791525841897,0.456227621160647,0.452706341207939,0.449229004794397,0.445796293841828,0.442408376375006,0.439065013816777,0.435765653022171,0.432509503997501,0.429295604571536,0.426122873456373,0.422990153190295,0.419896244424429,0.416839932925432,0.413820010539664,0.410835291217705,0.407884623045249,0.404966897077249,0.40208105363342,0.39922608658911,0.396401046088042,0.393605040013097,0.390837234477366,0.388096853538758,0.385383178295579,0.382695545485685,0.380033345685951,0.377396021190011,0.37478306362878,0.372194011388741,0.36962844687616,0.367085993670404,0.364566313605575,0.362069103816414,0.359594093781319,0.357141042392376,0.354709735079241,0.352299981010588,0.349911610393663,0.347544471889262,0.345198430156247,0.342873363536631,0.340569161889292,0.338285724577595,0.336022958613688,0.333780776959937,0.331559096985962,0.32935783907802,0.327176925396004,0.325016278772186,0.322875821744858,0.320755475719358,0.318655160248475,0.316574792423908,0.31451428637036,0.312473552833798,0.310452498855572,0.308451027524294,0.306469037797646,0.304506424386673,0.30256307769549,0.300638883809759,0.298733724527737,0.296847477428153,0.294980015969613,0.293131209616676,0.291300923988183,0.289489021023837,0.287695359165417,0.285919793549396,0.284162176208076,0.2824223562767,0.280700180204268,0.278995491966114,0.277308133276519,0.275637943799887,0.273984761359223,0.272348422140855,0.270728760894487,0.26912561112786,0.267538805295422,0.265968174980524,0.264413551070783,0.262874763926339,0.261351643540829,0.259844019694959,0.258351722102625,0.256874580549604,0.255412425024847,0.253965085844493,0.252532393768708,0.25111418011152,0.249710276843815,0.2483205166897,0.246944733216428,0.245582760918123,0.244234435293515,0.242899592917928,0.241578071509758,0.240269709991664,0.238974348546727,0.237691828669798,0.236421993214268,0.23516468643449,0.233919754024069,0.232687043150243,0.231466402484562,0.230257682230058,0.229060734145125,0.227875411564274,0.226701569415965,0.225539064237674,0.224387754188377,0.223247499058607,0.222118160278231,0.220999600922101,0.21989168571372,0.218794281027047,0.217707254886576,0.216630476965805,0.215563818584211,0.214507152702833,0.213460353918581,0.212423298457338,0.211395864165988,0.210377930503414,0.209369378530577,0.208370090899744,0.207379951842932,0.206398847159639,0.205426664203937,0.204463291870969,0.203508620582921,0.202562542274515,0.201624950378078,0.200695739808229,0.199774806946228,0.198862049624039,0.197957367108121,0.197060660083017,0.196171830634741,0.195290782234016,0.194417419719384,0.193551649280221,0.192693378439669,0.191842516037526,0.1909989722131,0.190162658388064,0.189333487249312,0.188511372731845,0.187696230001705,0.186887975438963,0.186086526620781,0.185291802304557,0.184503722411171,0.183722208008327,0.182947181294025,0.182178565580148,0.181416285276189,0.180660265873111,0.179910433927358,0.179166717045021,0.178429043866156,0.177697344049276,0,0.51358026763712,0.517155082829077,0.52039428403852,0.523338910289914,0.525994834609857,0.528328218215816,0.530285853022876,0.531821754800298,0.532911796766634,0.533555148746227,0.533768405030662,0.53357788960701,0.533013159636282,0.532102742738521,0.53087205988903,0.529343029570536,0.527534730821327,0.525464553384592,0.523149393849727,0.520606614601895,0.517854631273862,0.514913111536706,0.511802844330902,0.50854537599953,0.505162516879294,0.501675809559081,0.498106028095741,0.494472753353576,0.490794047897382,0.487086236746309,0.483363788335475,0.479639282774304,0.475923450999743,0.472225267649662,0.468552081472515,0.464909769077424,0.461302900255735,0.457734905597883,0.45420823946258,0.450724533409776,0.447284736936716,0.443889243753941,0.440538002926629,0.437230615020183,0.433966413966447,0.430744535747881,0.427563975219273,0.42442363248459,0.421322350251211,0.418258943521738,0.415232222877171,0.412241012473021,0.40928416372615,0.406360565525792,0.403469151665002,0.400608906063687,0.397778866244295,0.394978125427201,0.392205833534758,0.389461197329699,0.386743479863643,0.38405199937286,0.38138612772934,0.378745288533649,0.37612895492043,0.373536647136067,0.370967929939986,0.368422409875043,0.36589973244795,0.363399579256935,0.360921665100578,0.358465735098644,0.356031561852712,0.353618942671274,0.351227696880876,0.348857663241668,0.346508697482639,0.344180669968685,0.341873463508741,0.339586971311423,0.337321095092036,0.335075743332495,0.332850829693613,0.330646271577436,0.328461988835719,0.326297902619433,0.32415393436311,0.322030004897086,0.31992603368011,0.317841938144417,0.315777633145133,0.313733030505833,0.311708038652117,0.309702562325225,0.307716502367978,0.305749755575609,0.303802214604429,0.301873767931662,0.299964299860195,0.298073690562423,0.296201816157811,0.294348548819212,0.292513756903409,0.290697305101786,0.288899054607359,0.287118863294869,0.285356585910884,0.283612074271286,0.281885177463759,0.280175742053204,0.27848361228828,0.27680863030749,0.275150636343451,0.27350946892422,0.271884965070665,0.270276960489102,0.268685289758506,0.267109786511768,0.265550283610573,0.264006613313572,0.26247860743761,0.260966097511872,0.259468914924829,0.257986891063983,0.256519857448409,0.255067645854175,0.253630088432724,0.252207017822357,0.250798267252976,0.249403670644244,0.248023062697385,0.246656278980791,0.245303156009683,0.243963531320029,0.242637243536946,0.241324132437826,0.240024039010392,0.238736805505934,0.237462275487939,0.236200293876332,0.234950706987564,0.233713362570732,0.232488109839969,0.23127479950328,0.23007328378803,0.228883416463277,0.227705052859119,0.226538049883239,0.225382266034813,0.224237561415941,0.223103797740757,0.221980838342356,0.220868548177699,0.219766793830603,0.218675443512962,0.217594367064317,0.216523435949884,0.215462523257152,0.214411503691154,0.213370253568518,0.21233865081037,0.211316574934198,0.210303907044747,0.209300529824028,0.208306327520516,0.207321185937595,0.206344992421338,0.205377635847658,0.204419006608905,0.20346899659996,0.202527499203868,0.201594409277076,0.200669623134301,0.19975303853308,0.198844554658046,0.197944072104959,0.197051492864524,0.196166720306039,0.195289659160898,0.194420215505968,0.193558296746886,0.192703811601275,0.191856670081929,0.191016783479961,0.190184064347956,0.189358426483132,0.188539784910537,0.187728055866282,0.186923156780844,0.186125006262432,0.185333524080449,0.18454863114904,0.183770249510751,0.182998302320304,0.182232713828487,0.181473409366191,0.180720315328574,0.179973359159371,0.179232469335357,0.178497575350962,0,0.511945584879616,0.515700516560525,0.519087903101799,0.52216228921117,0.524941548844625,0.527404601781166,0.529505147023078,0.531196518831156,0.532449130388995,0.533255515086045,0.533626815629814,0.533585979328704,0.533161173847177,0.532380987944678,0.531271721867156,0.529856448132276,0.528155294114422,0.526186383147045,0.523966966191823,0.521514418431955,0.518846922017761,0.515983780013633,0.512945393718246,0.509752984271219,0.506428156112971,0.502992394246553,0.499466569216402,0.495870501185201,0.492222612773748,0.488539682334631,0.484836696126713,0.481126789326207,0.477421261205909,0.473729648165901,0.470059838659761,0.466418215633708,0.462809814278576,0.459238485267235,0.455707055947954,0.45221748403695,0.448771000130705,0.445368236821402,0.442009343358335,0.438694085682142,0.43542193230248,0.432192126930637,0.429003749053339,0.42585576377668,0.422747062310515,0.419676494430869,0.41664289417383,0.413645099898295,0.410681969721942,0.407752393196848,0.404855299956744,0.401989665942997,0.399154517704509,0.396348935169706,0.393572053206917,0.390823062222209,0.388101207989784,0.385405790867751,0.382736164519658,0.380091734237789,0.377471954946179,0.374876328948206,0.372304403473998,0.369755768075917,0.36723005191505,0.364726920977432,0.362246075255133,0.359787245924086,0.35735019254743,0.354934700330005,0.352540577446591,0.350167652463296,0.347815771868462,0.345484797726358,0.343174605464032,0.34088508179888,0.338616122811906,0.336367632169268,0.334139519492582,0.33193169887657,0.329744087551032,0.327576604682771,0.325429170311976,0.32330170441672,0.32119412609854,0.319106352881629,0.317038300117862,0.31498988048976,0.312961003603457,0.310951575663872,0.308961499224455,0.306990673004148,0.305038991764533,0.30310634624047,0.30119262311796,0.299297705053338,0.297421470728349,0.295563794936049,0.293724548692929,0.291903599373,0.290100810860041,0.288316043714517,0.286549155352074,0.28480000023082,0.283068430044929,0.281354293922381,0.279657438624937,0.277977708748658,0.276314946923544,0.274668994011039,0.27303968929835,0.27142687068869,0.26983037488671,0.268250037578509,0.266685693605739,0.265137177133432,0.263604321811254,0.262086960927986,0.260584927559111,0.259098054707425,0.257626175436659,0.256169122998151,0.25472673095064,0.253298833273273,0.251885264471974,0.250485859679315,0.249100454748083,0.247728886338701,0.246370992000739,0.245026610248694,0.243695580632269,0.24237774380137,0.241072941566022,0.239781016951459,0.23850181424857,0.237235179059941,0.235980958341701,0.234739000441378,0.233509155131968,0.232291273642424,0.23108520868475,0.229890814477888,0.228707946768584,0.227536462849397,0.226376221574032,0.225227083370143,0.224088910249768,0.222961565817547,0.221844915276848,0.220738825433958,0.21964316470045,0.218557803093845,0.217482612236709,0.216417465354264,0.215362237270638,0.214316804403849,0.213281044759613,0.212254837924063,0.211238065055476,0.210230608875065,0.209232353656936,0.208243185217263,0.20726299090275,0.206291659578448,0.205329081614988,0.204375148875276,0.203429754700702,0.202492793896932,0.201564162719299,0.20064375885786,0.199731481422143,0.198827230925644,0.197930909270073,0.197042419729422,0.196161666933861,0.195288556853496,0.194422996782016,0.193564895320263,0.192714162359732,0.191870709066038,0.191034447862359,0.190205292412876,0.18938315760624,0.18856795953906,0.187759615499442,0.186958043950594,0.186163164514494,0.185374897955651,0.184593166164965,0.183817892143678,0.183048999987455,0.18228641487058,0.181530063030277,0.180779871751177,0.180035769349923,0.179297685159924,0,0.510232808552233,0.514174434420289,0.517718709167896,0.520929982471872,0.523836226767391,0.526428640303135,0.528669357414558,0.530513178020191,0.531926580428142,0.532896018123367,0.533427005514834,0.533538584189281,0.53325694984391,0.532610282912344,0.531625466518138,0.530326598263899,0.528734854142575,0.526869172136888,0.524747274254305,0.522386665897831,0.519805391597201,0.517022453460979,0.514057894968384,0.510932612305044,0.507667981929007,0.504285394843564,0.500805774684052,0.497249136465988,0.493634221653843,0.489978226667358,0.486296627664413,0.482603094694805,0.478909482593521,0.475225883415063,0.471560724885271,0.467920900450682,0.464311918396017,0.460738059715531,0.457202536658528,0.45370764594072,0.450254912426528,0.446845220606797,0.44347893242155,0.440155990928921,0.436876010029997,0.433638350959893,0.430442186583105,0.42728655471955,0.424170401807325,0.421092618206271,0.418052066386492,0.415047603147663,0.412078096894487,0.409142440863552,0.406239563066583,0.403368433591426,0.400528069789348,0.397717539777853,0.394935964603117,0.392182519335208,0.389456433311508,0.386756989697821,0.384083524500911,0.381435425138897,0.37881212865548,0.37621311964882,0.373637927974751,0.37108612627582,0.368557327381444,0.366051181619686,0.363567374077168,0.36110562184015,0.358665671246569,0.356247295175711,0.35385029039906,0.351474475012809,0.34911968596943,0.346785776722675,0.344472614997502,0.342180080693564,0.339908063928347,0.337656463223591,0.33542518383647,0.333214136235051,0.331023234715887,0.328852396160141,0.326701538923477,0.324570581853951,0.322459443431451,0.32036804102163,0.318296290236961,0.3162441043973,0.314211394082287,0.31219806676795,0.310204026540021,0.308229173876683,0.306273405493757,0.304336614245663,0.302418689075835,0.300519515010684,0.29863897319157,0.296776940939678,0.29493329184906,0.293107895903544,0.291300619613543,0.289511326169218,0.287739875606756,0.285986124984885,0.284249928569045,0.282531138020936,0.280829602591419,0.279145169315019,0.277477683204471,0.275826987444007,0.274192923580221,0.272575331709569,0.270974050661677,0.269388918177792,0.267819771083829,0.266266445457587,0.264728776789773,0.263206600138614,0.261699750277859,0.260208061838069,0.258731369441156,0.25726950782815,0.255822311980251,0.254389617233241,0.252971259385358,0.251567074798776,0.250176900494839,0.248800574243218,0.24743793464519,0.246088821211213,0.244753074433027,0.243430535850458,0.242121048113161,0.240824455037508,0.239540601658824,0.238269334279194,0.237010500511043,0.235763949316696,0.234529531044119,0.233307097459034,0.23209650177361,0.230897598671891,0.229710244332171,0.228534296446466,0.227369614237257,0.226216058471671,0.225073491473234,0.223941777131375,0.222820780908788,0.221710369846812,0.220610412568942,0.219520779282608,0.218441341779322,0.217371973433318,0.216312549198783,0.215262945605781,0.214223040754964,0.213192714311166,0.21217184749595,0.211160323079207,0.210158025369869,0.209164840205815,0.208180654943034,0.207205358444112,0.206238841066097,0.205280994647812,0.204331712496646,0.2033908893749,0.202458421485715,0.201534206458634,0.200618143334841,0.199710132552109,0.198810075929499,0.197917876651845,0.197033439254048,0.196156669605223,0.195287474892706,0.194425763605976,0.193571445520482,0.192724431681424,0.1918846343875,0.191051967174633,0.190226344799705,0.189407683224303,0.188595899598511,0.187790912244737,0.186992640641618,0.186201005407983,0.185415928286912,0.184637332129886,0.183865140881038,0.183099279561529,0.182339674254032,0.181586252087354,0.180838941221182,0.180097670830982,0,0.508445827404271,0.512575049092864,0.516283734669033,0.519639192452697,0.522677065404789,0.525399757106371,0.527778758734044,0.529772257185517,0.53134444439769,0.53247650517054,0.533168369504498,0.533434770395197,0.53329938795625,0.532789507097405,0.531932253232173,0.53075257088634,0.529272643123492,0.527512274569246,0.52548975931076,0.52322284608712,0.520729541395378,0.518028618374714,0.515139802566363,0.512083675166383,0.50888137069952,0.50555415576648,0.502122967531817,0.498607973323437,0.495028192600783,0.491401203828443,0.487742943652625,0.484067594912933,0.48038755318887,0.476713458064817,0.473054274236866,0.46941740816576,0.465808847530962,0.462233312759173,0.458694412041982,0.455194793305643,0.451736288430557,0.448320046584091,0.444946654814924,0.441616245072403,0.438328587585936,0.435083171098999,0.43187927083321,0.428716005292767,0.42559238313853,0.422507341391485,0.419459776191035,0.416448567254816,0.413472597080317,0.410530765807856,0.407622002539714,0.404745273788977,0.401899589618954,0.399084007933037,0.396297637287115,0.393539638522369,0.390809225454974,0.388105664809825,0.385428275546303,0.382776427693897,0.380149540792482,0.377547082014803,0.374968564035899,0.37241354270468,0.369881614565726,0.367372414273866,0.364885611939638,0.362420910439968,0.359978042724967,0.357556769148554,0.355156874847486,0.352778167190272,0.350420473314432,0.348083637767547,0.345767520264645,0.343471993571698,0.341196941522332,0.33894225717247,0.336707841095356,0.334493599817436,0.33229944439381,0.330125289120471,0.327971050379261,0.325836645610449,0.323721992407003,0.321627007724015,0.319551607196277,0.317495704556755,0.315459211148536,0.313442035522832,0.311444083115697,0.309465255996277,0.30750545267968,0.305564567997793,0.303642493021761,0.301739115030165,0.299854317517323,0.297987980236523,0.296139979273402,0.294310187145043,0.292498472920757,0.290704702360882,0.28892873807027,0.287170439663468,0.285429663938916,0.283706265059779,0.282000094739288,0.280311002428743,0.278638835506534,0.276983439466785,0.275344658106381,0.273722333709348,0.272116307227702,0.270526418458022,0.268952506213148,0.267394408488505,0.265851962622657,0.264325005451807,0.26281337345801,0.261316902910951,0.25983543000321,0.258368790978971,0.256916822256186,0.25547936054225,0.25405624294327,0.252647307067031,0.251252391119808,0.249871333997168,0.248503975368931,0.24715015575848,0.245809716616605,0.244482500390075,0.243168350585143,0.241867111826196,0.240578629909738,0.239302751853931,0.238039325943876,0.236788201772856,0.235549230279724,0.234322263782627,0.233107156009274,0.2319037621239,0.230711938751133,0.229531543996924,0.228362437466693,0.227204480280879,0.226057535088018,0.224921466075522,0.223796138978279,0.222681421085222,0.221577181243994,0.22048328986383,0.219399618916772,0.218326041937335,0.217262434020721,0.216208671819693,0.215164633540195,0.214130198935815,0.213105249301173,0.212089667464323,0.211083337778231,0.210086146111418,0.209097979837832,0.208118727826004,0.207148280427565,0.206186529465168,0.205233368219877,0.204288691418074,0.203352395217925,0.202424377195457,0.201504536330287,0.200592772991044,0.199688988920512,0.19879308722054,0.197904972336747,0.197024550043056,0.196151727426075,0.195286412869363,0.194428516037599,0.193577947860689,0.192734620517807,0.191898447421419,0.19106934320129,0.1902472236885,0.189432005899477,0.188623608020073,0.187821949389684,0.187026950485436,0.186238532906444,0.185456619358164,0.184681133636824,0.183912000613973,0.183149146221137,0.182392497434592,0.181641982260269,0.180897529718787,0,0.506589223942488,0.510901324590452,0.514780354836059,0.518287105867527,0.521461968939481,0.524316988057707,0.526833324717789,0.528974146929886,0.530703033137989,0.531996919382811,0.532850416194161,0.533273693328573,0.533287435031774,0.532917543892271,0.532191012931268,0.531133409753792,0.529767840334253,0.528114995826217,0.526193824019292,0.524022422289923,0.521618859689514,0.519001758929232,0.516190576648673,0.513205598515289,0.510067711547093,0.506798034048597,0.503417481581778,0.499946333735929,0.496403847992215,0.492807948493436,0.489175001784354,0.485519679730696,0.481854901924274,0.478191845403107,0.474540007678907,0.470907309073069,0.467300221525706,0.463723912823432,0.460182397208003,0.456678685329662,0.453214928348231,0.449792552586481,0.446412382477031,0.443074750618594,0.439779594589453,0.436526540783332,0.433314975966798,0.430144107539035,0.427013013634256,0.423920684271101,0.420866054746241,0.417848032411783,0.414865517885249,0.411917421631056,0.40900267673451,0.406120248571641,0.403269141966587,0.400448406326415,0.397657139153431,0.394894488257823,0.392159652929,0.389451884271113,0.386770484866019,0.384114807893734,0.381484255814852,0.378878278699949,0.376296372276402,0.373738075752087,0.371202969467224,0.368690672419301,0.36620083970102,0.363733159887045,0.361287352401683,0.358863164896314,0.356460370662162,0.354078766100951,0.351718168272899,0.34937841253858,0.347059350308246,0.344760846909438,0.342482779581073,0.340225035599733,0.337987510541606,0.335770106681495,0.333572731528496,0.331395296496359,0.329237715705215,0.327099904910215,0.324981780551752,0.322883258921204,0.320804255435655,0.318744684014664,0.316704456551978,0.314683482474975,0.312681668384692,0.310698917769374,0.308735130784697,0.30679020409407,0.304864030762712,0.302956500199539,0.301067498141247,0.299196906673351,0.297344604283293,0.295510465941157,0.293694363203822,0.291896164338823,0.290115734464465,0.288352935703119,0.286607627344911,0.284879666019314,0.28316890587244,0.281475198748069,0.279798394370706,0.278138340529154,0.276494883259308,0.27486786702505,0.273257134896285,0.271662528723324,0.270083889306921,0.268521056563435,0.266973869684655,0.265442167291953,0.263925787584486,0.262424568481266,0.260938347756967,0.259466963171407,0.258010252592675,0.256568054113927,0.255140206163921,0.253726547611363,0.252326917863188,0.250941156956913,0.249569105647202,0.24821060548683,0.246865498902207,0.245533629263655,0.244214840950624,0.242908979412054,0.241615891222072,0.240335424131214,0.239067427113396,0.237811750408796,0.23656824556287,0.235336765461668,0.234117164363659,0.232909297928214,0.231713023240962,0.230528198836152,0.229354684716214,0.228192342368657,0.227041034780476,0.225900626450199,0.224770983397725,0.223651973172085,0.222543464857256,0.22144532907615,0.220357437992902,0.219279665313557,0.218211886285285,0.217153977694193,0.216105817861869,0.215067286640718,0.214038265408194,0.213018637060004,0.21200828600237,0.21100709814341,0.210014960883716,0.2090317631062,0.208057395165255,0.207091748875305,0.206134717498789,0.205186195733635,0.204246079700277,0.203314266928248,0.202390656342411,0.201475148248848,0.200567644320465,0.19966804758233,0.198776262396795,0.197892194448419,0.197015750728726,0.196146839520833,0.19528537038396,0.194431254137855,0.193584402847153,0.192744729805694,0.19191214952081,0.191086577697608,0.190267931223261,0.189456128151319,0.188651087686072,0.187852730166947,0.187060977052978,0.186275750907354,0.185496975382042,0.184724575202513,0.18395847615257,0.183198605059286,0.182444889778054,0.181697259177773,0,0.50466202878962,0.509152774342491,0.513206382011551,0.516871000206557,0.520188635799446,0.523179016148068,0.525832709470962,0.528119057624534,0.530002625514523,0.531457270442842,0.532472757089694,0.533054600444653,0.533220094518842,0.532993292346449,0.532400657879149,0.531468117708969,0.530219574571619,0.528676591728096,0.52685882948903,0.524784827890687,0.522472817244928,0.519941352909126,0.517209679657061,0.51429781615188,0.511226404792377,0.508016398598805,0.504688661370118,0.501263547962052,0.497760515297093,0.494197796915736,0.490592157823783,0.486958733705613,0.483310949671705,0.47966050827127,0.476017433857856,0.472390159787845,0.46878564566191,0.465209513322429,0.461666192178153,0.458159066357354,0.454690618016279,0.451262562754093,0.447875974465993,0.444531398094863,0.441228949631153,0.437968403384272,0.434749267035135,0.431570845308463,0.428432293303908,0.425332660623967,0.422270927458,0.419246033746598,0.416256902476855,0.413302458061527,0.4103816406453,0.407493417068517,0.404636789109082,0.401810799521531,0.399014536300887,0.396247135519419,0.393507783016909,0.39079571516907,0.388110218913394,0.385450631175562,0.382816337811392,0.380206772157542,0.37762141326775,0.375059783898901,0.372521448301802,0.370006009864359,0.367513108649178,0.365042418863022,0.362593646291618,0.360166525729785,0.357760818433587,0.355376309618072,0.3530128060211,0.350670133550821,0.348348135031428,0.34604666805909,0.343765602977261,0.341504820978135,0.339264212334664,0.337043674765516,0.334843111933431,0.33266243207585,0.330501546765201,0.328360369795114,0.326238816187793,0.324136801317041,0.322054240140823,0.319991046536833,0.31794713273426,0.315922408834819,0.31391678241606,0.311930158210073,0.309962437850825,0.308013519683603,0.306083298630283,0.304171666104466,0.302278509970836,0.30040371454346,0.298547160618086,0.296708725533887,0.294888283260432,0.293085704506023,0.29130085684389,0.289533604853045,0.287783810270931,0.286051332155264,0.284336027052775,0.282637749172812,0.280956350563964,0.279291681292158,0.277643589618813,0.276011922177879,0.274396524150713,0.272797239437929,0.27121391082749,0.269646380158412,0.268094488479602,0.266558076203421,0.265036983253652,0.263531049207655,0.262040113432534,0.260564015215211,0.259102593886361,0.257655688938191,0.256223140136105,0.254804787624309,0.253400472025462,0.252010034534471,0.250633317006586,0.249270162039929,0.247920413052631,0.246583914354751,0.245260511215149,0.243950049923507,0.242652377847691,0.241367343486632,0.24009479651893,0.238834587847362,0.237586569639495,0.236350595364571,0.235126519826868,0.233914199195692,0.2327134910322,0.231524254313195,0.230346349452075,0.229179638317093,0.228023984247072,0.226879252064722,0.225745308087716,0.224622020137635,0.223509257546935,0.222406891164048,0.221314793356736,0.220232838013812,0.219160900545343,0.218098857881425,0.217046588469634,0.216003972271254,0.214970890756349,0.213947226897787,0.212932865164272,0.211927691512483,0.210931593378363,0.209944459667651,0.208966180745706,0.207996648426678,0.207035755962102,0.206083398028946,0.205139470717175,0.204203871516877,0.203276499304991,0.202357254331682,0.201446038206403,0.200542753883672,0.199647305648612,0.198759599102271,0.19787954114677,0.197007039970284,0.196142005031904,0.195284347046392,0.194433977968857,0.193590810979367,0.19275476046753,0.191925742017041,0.191103672390241,0.190288469512671,0.189480052457667,0.188678341430984,0.187883257755479,0.187094723855859,0.186312663243503,0.185537000501364,0.18476766126897,0.18400457222753,0.183247661085142,0.182496856562127,0,0.502666232194372,0.507329816436252,0.511560147599268,0.515388337213908,0.518854648038672,0.521984220199401,0.524776244109959,0.52720698231261,0.529243424256671,0.53085760150498,0.532035090584486,0.532776829842264,0.533096433907359,0.53301567787544,0.532560091657052,0.531755663759814,0.53062692765659,0.529196268778481,0.527484093091191,0.525509462721776,0.523290863104532,0.52084686762429,0.518196572830382,0.515359767317667,0.512356860126651,0.509208629190693,0.505935861830901,0.502558954768374,0.499097527694469,0.495570087797003,0.491993766610508,0.488384137246965,0.484755110256813,0.481118899998062,0.477486049924052,0.473865503937859,0.470264711214628,0.466689753077049,0.463145482175006,0.459635666051785,0.456163128971397,0.452729887514899,0.449337276868416,0.445986065902206,0.442676560082998,0.439408691989603,0.436182099739699,0.43299619401174,0.429850214588042,0.426743277479656,0.423674413744689,0.42064260110054,0.417646789375356,0.414685920760093,0.411758945722312,0.408864835335882,0.406002590674238,0.40317124981397,0.400369892903408,0.3975976456695,0.394853681666184,0.392137223508638,0.389447543289411,0.386783962333472,0.384145850418386,0.381532624561827,0.378943747460178,0.376378725647918,0.373837107436773,0.371318480685443,0.368822470444333,0.36634873651455,0.363896970956202,0.361466895577226,0.3590582594306,0.356670836344566,0.354304422507422,0.351958834125445,0.349633905169651,0.347329485224279,0.345045437447258,0.342781636650414,0.34053796750482,0.338314322874602,0.336110602280561,0.333926710493284,0.331762556253919,0.329618051119566,0.327493108429126,0.325387642384659,0.323301567242604,0.32123479660873,0.319187242830353,0.317158816479154,0.315149425917847,0.31315897694396,0.311187372504103,0.309234512472269,0.307300293485947,0.305384608834078,0.303487348391231,0.301608398592652,0.299747642445228,0.297904959569722,0.296080226269992,0.294273315625271,0.29248409760188,0.290712439181113,0.288958204500308,0.287221255004443,0.285501449605835,0.283798644849837,0.282112695084596,0.28044345263324,0.278790767966999,0.277154489878003,0.275534465650645,0.273930541230578,0.272342561390533,0.270770369892293,0.269213809644273,0.267672722854237,0.266146951176819,0.26463633585554,0.263140717859146,0.261659938012098,0.260193837119149,0.25874225608396,0.257305036021758,0.255882018366084,0.254473044969686,0.253077958199677,0.251696601027047,0.25032881711069,0.248974450876075,0.247633347588739,0.246305353422757,0.244990315524375,0.243688082070987,0.242398502325626,0.241121426687179,0.239856706736479,0.238604195278487,0.237363746380726,0.236135215408154,0.234918459054651,0.233713335371288,0.232519703791546,0.231337425153648,0.230166361720161,0.229006377195019,0.227857336738111,0.226719106977578,0.225591556019951,0.22447455345827,0.223367970378288,0.2222716793629,0.221185554494896,0.220109471358159,0.219043307037396,0.217986940116518,0.21694025067574,0.215903120287519,0.214875432011387,0.21385707038777,0.21284792143088,0.211847872620728,0.210856812894346,0.20987463263627,0.208901223668359,0.207936479238983,0.20698029401166,0.206032564053174,0.205093186821239,0.204162061151727,0.203239087245539,0.202324166655124,0.201417202270704,0.200518098306239,0.199626760285152,0.198743095025856,0.197867010627115,0.196998416453251,0.196137223119237,0.19528334247569,0.194436687593791,0.193597172750157,0.192764713411662,0.191939226220261,0.191120628977798,0.190308840630834,0.189503781255508,0.18870537204243,0.187913535281635,0.187128194347602,0.186349273684345,0.185576698790592,0.184810396205055,0.184050293491803,0.183296319225746,0,0.500604188566042,0.505433441889155,0.509840491524911,0.513836833319149,0.517457557757748,0.520730734046233,0.523662948192179,0.526237670121448,0.528425515078119,0.530197953912272,0.531537181376562,0.532439804425279,0.532915589121134,0.532983661496433,0.532668218931163,0.531994990737663,0.530988938870064,0.529673185365853,0.528068887057031,0.526195689949217,0.524072420649221,0.521717755874549,0.519150712584777,0.516390893785913,0.513458494527154,0.510374115187928,0.507158447735905,0.503831901447918,0.500414224523776,0.496924163030233,0.493379182974439,0.489795267603839,0.486186791444066,0.482566465326588,0.478945342363065,0.475332872876539,0.471736996036231,0.46816425676769,0.464619937948415,0.461108199603675,0.45763221855477,0.454194323598852,0.450796122738078,0.447438620193334,0.444122321929872,0.440847329201468,0.437613420207924,0.434420120383408,0.431266762117189,0.428152534879195,0.42507652680462,0.422037758805718,0.419035212243542,0.416067851123508,0.413134639689136,0.410234556188467,0.407366603485286,0.404529817088153,0.401723271078095,0.39894608233317,0.396197413375858,0.393476474107831,0.390782522645459,0.388114865427705,0.385472856734616,0.382855897728304,0.380263435107818,0.377694959453563,0.375150003324883,0.372628139165099,0.370128977061156,0.367652162399257,0.365197373453169,0.362764318937866,0.360352735557553,0.357962385573833,0.355593054416622,0.35324454835742,0.350916692261664,0.348609327434074,0.346322309568258,0.344055506809339,0.341808797935973,0.339582070666004,0.337375220088011,0.33518814721924,0.333020757688897,0.330872960544416,0.328744667177227,0.326635790363598,0.324546243415422,0.322475939435241,0.320424790669394,0.318392707952926,0.316379600239744,0.314385374211481,0.312409933958577,0.310453180727217,0.308515012725976,0.30659532498624,0.304694009270751,0.302810954024959,0.300946044366139,0.299099162105599,0.297270185799629,0.295458990825172,0.293665449476535,0.291889431079762,0.290130802121631,0.288389426390479,0.286665165126389,0.284957877178507,0.283267419167494,0.281593645651374,0.279936409293218,0.278295561029326,0.276670950236719,0.275062424898942,0.273469831769303,0.271893016530818,0.270331823952261,0.268786098039791,0.26725568218378,0.26574041930049,0.264240151968369,0.26275472255879,0.261283973361093,0.259827746701884,0.258385885058554,0.25695823116703,0.255544628123813,0.254144919482373,0.252758949344,0.251386562443231,0.250027604227984,0.248681920934554,0.247349359657618,0.246029768415422,0.244722996210324,0.243428893084857,0.242147310173506,0.240878099750356,0.239621115272812,0.238376211421556,0.23714324413691,0.235922070651793,0.234712549521427,0.233514540649961,0.232327905314177,0.231152506184424,0.229988207342939,0.2288348742997,0.227692374005945,0.226560574865499,0.225439346744032,0.224328560976381,0.223228090372042,0.222137809218967,0.221057593285749,0.219987319822318,0.218926867559243,0.217876116705727,0.216834948946394,0.215803247436944,0.214780896798772,0.213767783112601,0.212763793911237,0.21176881817148,0.210782746305279,0.209805470150189,0.208836882959175,0.207876879389837,0.206925355493089,0.205982208701356,0.20504733781633,0.204120642996317,0.203202025743238,0.202291388889302,0.201388636583392,0.200493674277212,0.199606408711198,0.198726747900256,0.197854601119322,0.196989878888802,0.196132492959885,0.195282356299774,0.194439383076849,0.19360348864578,0.192774589532611,0.191952603419823,0.191137449131412,0.190329046617973,0.18952731694182,0.188732182262151,0.187943565820264,0.187161391924838,0.186385585937292,0.18561607425723,0.184852784307975,0.18409564452221,0,0.498477436953843,0.503464728860464,0.508046687363489,0.512214505783855,0.515994966434098,0.519416512305872,0.522491554455435,0.525210611121973,0.527548831009291,0.529478331322432,0.530978836158679,0.532043021771674,0.532676765567761,0.532896247165195,0.532723954626416,0.532185023265139,0.531304610171177,0.530106453874547,0.528612437884171,0.526842833549189,0.524816883999883,0.522553452030306,0.520071546835552,0.517390636778307,0.514530729937162,0.511512254015335,0.508355792890772,0.505081743623513,0.501709951557369,0.498259368304727,0.494747762550363,0.491191499786441,0.487605395883573,0.484002641325985,0.480394787829736,0.476791786412134,0.473202065165765,0.469632635418489,0.466089216136498,0.462576367976294,0.459097630051593,0.455655654084952,0.452252332064573,0.448888914777148,0.445566119623679,0.442284226952915,0.439043164783707,0.435842582256337,0.432681912478698,0.429560425641063,0.426477273386451,0.42343152546375,0.420422199676365,0.417448286086562,0.414508766358101,0.411602629028198,0.408728881402631,0.405886558671362,0.403074730750623,0.400292507274063,0.397539041081636,0.394813530491229,0.392115220584284,0.389443403692277,0.386797419234989,0.384176653032801,0.381580536192756,0.379008543650579,0.376460192437365,0.373935039729215,0.371432680729973,0.368952746430844,0.366494901285447,0.364058840834507,0.36164428931055,0.359250997249534,0.356878739133107,0.354527311082168,0.352196528619452,0.349886224516092,0.347596246734418,0.345326456476733,0.343076726347407,0.340846938633476,0.338636983706858,0.336446758549562,0.334276165401599,0.332125110529965,0.329993503115838,0.327881254256184,0.325788276075116,0.323714480939766,0.321659780774939,0.319624086470495,0.31760730737522,0.315609350870839,0.313630122019855,0.311669523280972,0.309727454286018,0.307803811672499,0.30589848896615,0.304011376508134,0.302142361421862,0.30029132761468,0.298458155810033,0.29664272360602,0.294844905556574,0.293064573271825,0.29130159553449,0.289555838429457,0.287827165483967,0.286115437816088,0.284420514289418,0.28274225167217,0.281080504799016,0.279435126734272,0.277805968935155,0.276192881414057,0.274595712898886,0.273014310990688,0.271448522317887,0.269898192686567,0.268363167226372,0.266843290531613,0.265338406797334,0.263848359950095,0.262372993773322,0.260912152027125,0.259465678562531,0.258033417430115,0.256615212983052,0.255210909974648,0.253820353650427,0.25244338983487,0.251079865012934,0.249729626406471,0.248392522045707,0.247068400835925,0.245757112619523,0.244458508233597,0.243172439563239,0.241898759590712,0.240637322440669,0.239387983421604,0.238150599063686,0.236925027153159,0.235711126763474,0.234508758283294,0.233317783441564,0.232138065329768,0.230969468421541,0.229811858589775,0.228665103121357,0.227529070729679,0.226403631565036,0.22528865722306,0.224184020751283,0.223089596653964,0.222005260895275,0.220930890900959,0.219866365558558,0.218811565216302,0.21776637168075,0.216730668213282,0.215704339525497,0.21468727177362,0.213679352551983,0.212680470885642,0.211690517222202,0.21070938342292,0.209736962753134,0.20877314987207,0.207817840822099,0.206870933017474,0.205932325232602,0.205001917589894,0.204079611547241,0.203165309885137,0.202258916693508,0.201360337358265,0.200469478547621,0.1995862481982,0.198710555500966,0.197842310887001,0.196981426013152,0.196127813747578,0.195281388155211,0.194442064483152,0.19360975914603,0.192784389711325,0.191965874884695,0.191154134495295,0.190349089481122,0.189550661874389,0.18875877478695,0.187973352395774,0.187194319928489,0.186421603649002,0.1856551308432,0.184894829804745,0,0.496286396114064,0.501424459222865,0.506178346713917,0.510519696863933,0.514464593820479,0.51803939880341,0.521260544740035,0.524125032896409,0.526613123550507,0.528698664908993,0.530359876610809,0.531586040027761,0.532379235683809,0.532752486845189,0.532726232124926,0.532324675738025,0.531572912017232,0.530495143627776,0.529113926550037,0.527450176419514,0.525523614824986,0.5233533682943,0.52095851131613,0.518358433748852,0.515572990736807,0.512622449388738,0.509527279090589,0.506307844832347,0.502984061087469,0.499575053563007,0.496098862481588,0.492572207410381,0.48901032201014,0.485426858279491,0.481833853977783,0.478241753547018,0.474659471458991,0.471094486909313,0.467552959658616,0.464039858184214,0.460559092864459,0.457113648480761,0.45370571177194,0.450336791050014,0.447007825960661,0.443719286343916,0.440471259833705,0.437263528348486,0.434095633992662,0.430966935133453,0.427876653563456,0.424823913726337,0.421807774990869,0.418827257923346,0.41588136544398,0.41296909967074,0.410089475163084,0.407241529185144,0.404424329518055,0.40163698026765,0.398878626038718,0.396148454781377,0.393445699559088,0.39076963944098,0.388119599682727,0.385494951329257,0.382895110347949,0.380319536381676,0.377767731196021,0.375239236883314,0.372733633877076,0.370250538823286,0.367789602349141,0.365350506765207,0.362932963732752,0.360536711924445,0.35816151470325,0.355807157841251,0.353473447297182,0.351160207068604,0.348867277132004,0.346594511481513,0.344341776274581,0.342108948090663,0.339895912306974,0.337702561593482,0.335528794527675,0.333374514328163,0.331239627704951,0.329124043823156,0.327027673376049,0.324950427762657,0.322892218364578,0.320852955916312,0.318832549963133,0.316830908400412,0.314847937088222,0.312883539535148,0.310937616645298,0.309010066522711,0.30710078432757,0.305209662178871,0.303336589098494,0.30148145099192,0.299644130661121,0.297824507845506,0.296022459287067,0.294237858816223,0.292470577455126,0.290720483535498,0.28898744282834,0.287271318683109,0.285571972174223,0.283889262252961,0.28222304590307,0.280573178298557,0.278939512962364,0.277321901924761,0.27572019588047,0.274134244343667,0.272563895800128,0.27100899785591,0.269469397382071,0.267944940654994,0.266435473492006,0.264940841382018,0.263460889611001,0.261995463382169,0.260544407930772,0.259107568633467,0.25768479111227,0.256275921333105,0.254880805699021,0.253499291138157,0.252131225186547,0.250776456065908,0.249434832756508,0.248106205065289,0.246790423689379,0.245487340275156,0.244196807473019,0.242918678988043,0.241652809626676,0.240399055339644,0.239157273261233,0.237927321745112,0.236709060396861,0.235502350103353,0.234307053059166,0.233123032790152,0.231950154174328,0.230788283460232,0.22963728828287,0.228497037677398,0.227367402090673,0.22624825339078,0.225139464874673,0.224040911274029,0.222952468759436,0.221874014943016,0.220805428879577,0.219746591066402,0.21869738344175,0.217657689382174,0.216627393698724,0.215606382632114,0.21459454384694,0.213591766425005,0.212597940857827,0.211612959038385,0.210636714252173,0.209669101167613,0.208710015825876,0.20775935563017,0.206817019334541,0.205882907032221,0.204956920143589,0.20403896140375,0.203128934849808,0.202226745807836,0.201332300879599,0.200445507929041,0.199566276068586,0.198694515645265,0.197830138226695,0.196973056586949,0.196123184692313,0.195280437686985,0.1944447318787,0.193615984724327,0.192794114815435,0.191979041863862,0.191170686687283,0.190368971194809,0.189573818372614,0.188785152269604,0.188002897983155,0.187226981644904,0.186457330406629,0.1856938724262,0,0.494027435284576,0.499312898789563,0.504235328316542,0.50875107720778,0.512864333541368,0.516597193861668,0.519968194496439,0.522979908420594,0.525617941847301,0.527858781239248,0.529680110869052,0.531068460337269,0.532022332959324,0.532551483016026,0.532674010126471,0.532412860010766,0.531792789575625,0.530838284555729,0.529572489506958,0.528016959154078,0.526191939608755,0.524116891206555,0.521811025950303,0.519293715078847,0.516584701034335,0.513704109320228,0.510672294841094,0.507509575890353,0.504235911821314,0.500870573300794,0.497431842002661,0.493936763453893,0.490400964885138,0.486838540540451,0.483262000277627,0.479682273220986,0.476108756234099,0.472549396511583,0.469010798137355,0.465498343603798,0.462016322719235,0.458568062833626,0.455156055747054,0.451782077954078,0.448447301982492,0.445152397497663,0.441897621570332,0.438682898062943,0.435507886497938,0.432372041053769,0.429274660512564,0.426214930078539,0.423191956017153,0.420204794048269,0.417252472376494,0.414334010170184,0.411448432216847,0.40859478039427,0.405772122509147,0.402979558972103,0.400216227702354,0.397481307588108,0.394774020770744,0.392093633971677,0.389439459040057,0.386810852866196,0.384207216778947,0.381627995524109,0.379072675904316,0.376540785147906,0.374031889064142,0.371545590034159,0.369081524880654,0.366639362654092,0.364218802368791,0.361819570718392,0.359441419796754,0.357084124847088,0.354747482059185,0.352431306431665,0.350135429713539,0.347859698436749,0.345603972048949,0.34336812115355,0.34115202586193,0.338955574260839,0.336778660996323,0.334621185973976,0.332483053174009,0.330364169578532,0.328264444207498,0.326183787258989,0.32412210934895,0.322079320845022,0.3200553312888,0.318050048900675,0.3160633801613,0.314095229463746,0.312145498830463,0.310214087689326,0.308300892703207,0.306405807647764,0.304528723332374,0.302669527559432,0.300828105117526,0.299004337804285,0.297198104475021,0.295409281113562,0.293637740921988,0.291883354426249,0.290145989594926,0.288425511968667,0.286721784798043,0.285034669187858,0.283364024246095,0.281709707235953,0.280071573729557,0.278449477762141,0.276843271985626,0.275252807820694,0.273677935606564,0.2721185047478,0.270574363857608,0.269045360897147,0.267531343310484,0.266032158154902,0.264547652226322,0.263077672179671,0.261622064644096,0.260180676332934,0.258753354148425,0.25733994528117,0.255940297304375,0.254554258262932,0.253181676757444,0.251822402023275,0.250476284004758,0.249143173424682,0.247822921849205,0.246515381748342,0.245220406552167,0.24393785070291,0.242667569703084,0.241409420159822,0.240163259825576,0.238928947635336,0.237706343740534,0.236495309539788,0.235295707706631,0.234107402214386,0.232930258358324,0.231764142775257,0.230608923460686,0.229464469783662,0.228330652499464,0.227207343760231,0.226094417123673,0.224991747559955,0.223899211456884,0.222816686623495,0.221744052292135,0.220681189119147,0.219627979184239,0.218584305988631,0.217550054452055,0.216525110908704,0.215509363102179,0.214502700179531,0.213505012684447,0.21251619254966,0.211536133088623,0.210564728986528,0.209601876290706,0.20864747240047,0.207701416056441,0.206763607329412,0.205833947608783,0.20491233959062,0.203998687265362,0.20309289590522,0.202194872051306,0.201304523500513,0.200421759292181,0.199546489694582,0.198678626191239,0.197818081467117,0.196964769394694,0.196118605019947,0.195279504548264,0.194447385330304,0.193622165847828,0.192803765699503,0.19199210558671,0.191187107299354,0.190388693701709,0.18959678871829,0.188811317319778,0.188032205508998,0.187259380306968,0.186492769739017,0,0.491697196716874,0.497130064541328,0.502217663333428,0.506907629006311,0.51119229333696,0.515087717063912,0.518612623015838,0.521773974278565,0.524562620626674,0.526958374276155,0.528939304728095,0.530489906486999,0.531605442579023,0.532292388421564,0.532566277843639,0.532448492471493,0.531963169095101,0.531134871453714,0.529987220408594,0.528542379489876,0.526821147423981,0.524843378449729,0.522628491333531,0.520195900728944,0.517565281810788,0.514756643918962,0.511790233854735,0.508686314037476,0.505464868579995,0.50214528670225,0.498746062891813,0.495284540918255,0.491776716971818,0.48823710734773,0.484678678814966,0.481112835052141,0.477549449927799,0.47399693744368,0.470462348346248,0.466951484313028,0.46346902190179,0.46001863987262,0.456603144897374,0.453224591962631,0.449884396901531,0.446583439437769,0.443322155892306,0.440100621302158,0.436918621149214,0.433775713216308,0.430671280299051,0.42760457462555,0.424574754891066,0.421580916817408,0.418622118112105,0.41569739864227,0.412805796562533,0.409946361053446,0.407118162242313,0.404320298796827,0.401551903606131,0.398812147895755,0.396100244063089,0.393415447468895,0.390757057377362,0.388124417201813,0.3855169141844,0.382933978615146,0.380375082677457,0.377839738992892,0.375327498926742,0.372837950707084,0.370370717402921,0.367925454801273,0.36550184921828,0.363099615275272,0.360718493667107,0.358358248946748,0.356018667346981,0.353699554657273,0.351400734171006,0.349122044715757,0.346863338776831,0.344624480721959,0.342405345132987,0.340205815248398,0.338025781518798,0.335865140275915,0.333723792514298,0.331601642783725,0.329498598189331,0.32741456749565,0.325349460330104,0.323303186480979,0.321275655284526,0.319266775095622,0.317276452836249,0.315304593616022,0.313351100419026,0.311415873851324,0.309498811943646,0.307599810003982,0.305718760515019,0.303855553071627,0.302010074353876,0.300182208131354,0.298371835294823,0.296578833911588,0.294803079301178,0.293044444128286,0.291302798510128,0.289578010135674,0.28786994439444,0.28617846451277,0.284503431695737,0.282844705273029,0.281202142847336,0.279575600443973,0.277964932660589,0.276369992816009,0.274790633097343,0.273226704704661,0.271678057992616,0.270144542608498,0.268626007626327,0.267122301676611,0.26563327307153,0.264158769925336,0.262698640269808,0.26125273216469,0.259820893803032,0.258402973611431,0.256998820345192,0.255608283178435,0.254231211789232,0.252867456439851,0.25151686805222,0.250179298278715,0.248854599568414,0.247542625228947,0.246243229484094,0.244956267527261,0.243681595571019,0.242419070892825,0.24116855187711,0.23992989805387,0.238702970133926,0.237487630040997,0.236283740940743,0.235091167266924,0.233909774744814,0.232739430412016,0.231580002636814,0.230431361134188,0.229293376979628,0.228165922620868,0.22704887188765,0.22594209999965,0.224845483572654,0.223758900623114,0.222682230571161,0.221615354242185,0.220558153867073,0.21951051308119,0.218472316922185,0.217443451826708,0.216423805626106,0.215413267541179,0.214411728176054,0.21341907951125,0.21243521489599,0.211460029039829,0.21049341800363,0.209535279189972,0.208585511333008,0.207644014487843,0.20671069001946,0.205785440591249,0.20486817015316,0.203958783929542,0.203057188406675,0.202163291320042,0.201277001641382,0.200398229565524,0.199526886497055,0.198662885036836,0.197806138968389,0.196956563244178,0.196114073971813,0.195278588400179,0.194450024905523,0.193628302977511,0.192813343205269,0.192005067263423,0.191203397898154,0.190408258913278,0.189619575156362,0.18883727250489,0.188061277852486,0.187291519095208,0,0.489295097713922,0.494875833602405,0.500125469671019,0.504988611043527,0.509446819336001,0.513508862739603,0.517191846462749,0.52050575773936,0.523446277148032,0.525996982718937,0.52813715385061,0.529850002592431,0.531127988970602,0.531974402964861,0.532402058255044,0.532430500200532,0.532082964187529,0.531383868669955,0.530357172492515,0.529025592416842,0.527410488240746,0.52553215600552,0.523410285377198,0.521064396895483,0.518514147953884,0.515779463010898,0.5128804933339,0.509837441867399,0.506670301798435,0.503398557604046,0.500040889784609,0.496614913382121,0.493136968834903,0.489621973591986,0.486083335062468,0.482532920068822,0.478981072756298,0.475436671441468,0.471907214679703,0.468398927458002,0.464916879523703,0.461465109180027,0.458046747237407,0.454664137092379,0.451318948050456,0.448012279986894,0.444744758243425,0.441516618297232,0.438327780226035,0.435177913349027,0.432066491667765,0.428992840883795,0.425956177849374,0.422955643330825,0.419990328945604,0.417059299086553,0.414161608580547,0.411296316752017,0.408462498481376,0.405659252768734,0.402885709238075,0.400141032948286,0.397424427816297,0.394735138904648,0.392072453780755,0.389435703117661,0.386824260675292,0.384237542776392,0.381675007371425,0.379136152770996,0.376620516111927,0.374127671613272,0.371657228670773,0.369208829831905,0.366782148688462,0.36437688771919,0.361992776111126,0.359629567584807,0.357287038245376,0.354964984478603,0.352663220908087,0.350381578427258,0.348119902317343,0.345878050460123,0.343655891652173,0.341453304025294,0.339270173576052,0.337106392805726,0.334961859470551,0.332836475440894,0.330730145666964,0.328642777247756,0.326574278599233,0.324524558717154,0.322493526529568,0.320481090333666,0.31848715731149,0.316511633118931,0.314554421542425,0.312615424217799,0.310694540405886,0.308791666819649,0.306906697497803,0.305039523720116,0.303190033959881,0.301358113869259,0.299543646293527,0.297746511310511,0.295966586291776,0.294203745982421,0.292457862596584,0.290728805926038,0.289016443459481,0.287320640510381,0.285641260351426,0.28397816435388,0.282331212130283,0.280700261679161,0.279085169530551,0.277485790891283,0.275901979789153,0.274333589215176,0.272780471263284,0.271242477266897,0.26971945793191,0.268211263465722,0.26671774370198,0.265238748220828,0.263774126464463,0.26232372784787,0.260887401864669,0.259464998188012,0.258056366766545,0.256661357915433,0.255279822402523,0.253911611529693,0.252556577209488,0.251214572037147,0.249885449358128,0.248569063331272,0.247265268987727,0.245973922285782,0.244694880161755,0.243428000577076,0.242173142561725,0.240930166254168,0.239698932937945,0.238479305075058,0.237271146336301,0.23607432162869,0.234888697120119,0.233714140261387,0.232550519805736,0.231397705826028,0.230255569729673,0.229123984271461,0.22800282356439,0.22689196308861,0.225791279698609,0.224700651628718,0.223619958497064,0.222549081308047,0.221487902453444,0.22043630571223,0.219394176249187,0.218361400612401,0.217337866729701,0.216323463904139,0.215318082808547,0.214321615479275,0.213333955309137,0.212354997039647,0.211384636752588,0.210422771860979,0.209469301099476,0.208524124514267,0.207587143452491,0.206658260551245,0.205737379726193,0.204824406159834,0.203919246289453,0.203021807794797,0.202131999585502,0.201249731788292,0.200374915733996,0.199507463944398,0.19864729011894,0.197794309121308,0.19694843696592,0.196109590804339,0.19527768891162,0.194452650672619,0.193634396568275,0.192822848161879,0.192017928085344,0.191219560025498,0.190427668710395,0.189642179895676,0.188863020350964,0.188090117846333,0,0.48681867498588,0.492549869256685,0.497958881287188,0.502993513853173,0.507626505419423,0.511858646210925,0.515703830918985,0.519173610863759,0.522267816947833,0.524973973602949,0.527273258205353,0.529148349749157,0.530589420694969,0.5315967677732,0.532180409205179,0.532357825926804,0.532151081763191,0.531584215041236,0.530681361519737,0.529465710920184,0.527959171787832,0.526182515704421,0.524155760166415,0.521898592718455,0.519430705218999,0.516771973603792,0.51394247205662,0.510962346047923,0.507851586825922,0.504629754283224,0.501315690341192,0.49792725544101,0.494481109755521,0.490992550524314,0.487475408616888,0.483942001425818,0.480403135375442,0.47686814933921,0.473344989641382,0.469840307643218,0.466359571814819,0.462907187390898,0.459486618003046,0.456100504942269,0.452750780856334,0.449438775687148,0.446165313490189,0.442930799452971,0.439735296954609,0.436578594900275,0.433460265841733,0.430379715577134,0.427336225028095,0.424328985236483,0.421357126322048,0.418419741207964,0.415515904865164,0.41264468975692,0.409805178089315,0.406996471396393,0.404217697914617,0.401468018132384,0.398746628838315,0.396052765937497,0.393385706258046,0.390744768530875,0.388129313692867,0.385538744636933,0.382972505510928,0.3804300806502,0.377910993214876,0.375414803592179,0.372941107615419,0.370489534644364,0.368059745545971,0.365651430609717,0.363264307427607,0.360898118765319,0.35855263044764,0.356227629278301,0.353922921011482,0.351638328389589,0.349373689259402,0.347128854776347,0.344903687704456,0.342698060817573,0.340511855405516,0.338344959887266,0.336197268531749,0.334068680285532,0.331959097705587,0.329868425994383,0.327796572133762,0.325743444113451,0.32370895024955,0.321692998588025,0.319695496387947,0.317716349679121,0.315755462888667,0.313812738531164,0.31188807695702,0.309981376153924,0.308092531596356,0.306221436138382,0.304367979945199,0.302532050459117,0.30071353239597,0.29891230776819,0.297128255931053,0.295361253648896,0.293611175178331,0.291877892365765,0.290161274756773,0.288461189715084,0.286777502549201,0.285110076644826,0.283458773601523,0.281823453372166,0.280203974403935,0.278600193779754,0.277011967359208,0.275439149918118,0.273881595286044,0.272339156481135,0.270811685841797,0.269299035154761,0.267801055779215,0.266317598766714,0.264848514976667,0.263393655187232,0.26195287020151,0.260526010948984,0.259112928582155,0.257713474568388,0.256327500776989,0.254954859561581,0.253595403837828,0.252248987156623,0.250915463772826,0.249594688709671,0.248286517818975,0.246990807837274,0.245707416438013,0.244436202279962,0.243177025051962,0.24192974551418,0.240694225535998,0.239470328130688,0.238257917487015,0.237056858997916,0.235867019286382,0.234688266228688,0.233520468975107,0.232363497968225,0.231217224958998,0.230081523020664,0.228956266560624,0.227841331330419,0.226736594433901,0.225641934333705,0.224557230856131,0.223482365194519,0.222417219911228,0.221361678938286,0.220315627576812,0.219278952495294,0.218251541726776,0.217233284665056,0.216224072059947,0.215223796011673,0.214232349964462,0.213249628699395,0.212275528326571,0.211309946276638,0.210352781291737,0.209403933415923,0.208463303985085,0.207530795616425,0.206606312197535,0.2056897588751,0.204781042043274,0.203880069331752,0.202986749593586,0.202100992892755,0.201222710491534,0.200351814837675,0.199488219551437,0.198631839412479,0.197782590346642,0.196940389412641,0.196105154788682,0.195276805759022,0.194455262700499,0.193640447069034,0.192832281386124,0.192030689225342,0.191235595198854,0.190446924943965,0.189664605109709,0.188888563343483,0,0.484268973921845,0.490152048937906,0.495718028539909,0.500922013365992,0.505730189813161,0.510135239660527,0.514146542940349,0.517775749586237,0.521025947722981,0.523888532744305,0.526347099839945,0.528384502633072,0.529989193241071,0.53115875657643,0.531900422217022,0.532229431529502,0.532166427363417,0.53173482887799,0.530958769149823,0.529861807304193,0.528466366967896,0.526793713201194,0.524864239077166,0.522697857087479,0.520314347156566,0.517733577226356,0.514975568282876,0.512060415840765,0.509008103028757,0.505838249065374,0.502569835260572,0.499220943023829,0.495808528252867,0.492348246398874,0.488854333893853,0.485339545098007,0.481815139534101,0.478290911655937,0.474775254347013,0.471275247342484,0.467796762440297,0.464344578419049,0.460922499792728,0.457533474758315,0.454179708838994,0.450862771742498,0.447583695818725,0.444343065209395,0.441141095343163,0.437977702856284,0.43485256632896,0.431765178438973,0.428714890264765,0.425700948536403,0.422722526649593,0.419778750238218,0.4168687180557,0.413991518854181,0.411146244880208,0.4083320025322,0.405547920652515,0.402793156858519,0.400066902254399,0.397368384809827,0.394696871643073,0.392051670404927,0.389432129925225,0.386837640255269,0.384267632216256,0.38172157654516,0.379198982714592,0.376699397491246,0.374222403288058,0.371767616357573,0.369334684867749,0.366923286896284,0.364533128375114,0.362163941012893,0.359815480219796,0.357487523055885,0.355179866221319,0.352892324104019,0.350624726897815,0.348376918801758,0.346148756309033,0.343940106591881,0.34175084598704,0.33958085858454,0.337430034921128,0.335298270778296,0.333185466083673,0.331091523913595,0.32901634959378,0.326959849894404,0.324921932315292,0.322902504456569,0.320901473469801,0.318918745584473,0.316954225704565,0.315007817069977,0.313079420977573,0.311168936556768,0.309276260594693,0.307401287406186,0.305543908744074,0.303704013745424,0.301881488909718,0.300076218105155,0.298288082599537,0.296516961112473,0.294762729885876,0.293025262769989,0.291304431322415,0.289600104917855,0.28791215086648,0.286240434539074,0.284584819497273,0.282945167627414,0.281321339276679,0.279713193390359,0.278120587649238,0.276543378606191,0.274981421821257,0.2734345719945,0.271902683096139,0.270385608493451,0.268883201074076,0.267395313365424,0.26592179764991,0.264462506075853,0.263017290763889,0.2615860039088,0.260168497876714,0.258764625297655,0.257374239153444,0.255997192860993,0.254633340351044,0.253282536142442,0.251944635412007,0.250619494060134,0.249306968772224,0.248006917076062,0.246719197395288,0.24544366909908,0.244180192548186,0.242928629137462,0.24168884133503,0.240460692718222,0.239244048006429,0.23803877309101,0.236844735062384,0.235661802234451,0.234489844166462,0.233328731682477,0.232178336888525,0.231038533187598,0.229909195292582,0.228790199237255,0.227681422385447,0.226582743438472,0.225494042440939,0.224415200785032,0.223346101213345,0.222286627820384,0.221236666052796,0.220196102708419,0.219164825934235,0.218142725223285,0.217129691410626,0.216125616668405,0.21513039450009,0.214143919733946,0.213166088515789,0.212196798301091,0.211235947846478,0.210283437200667,0.209339167694901,0.208403041932907,0.207474963780436,0.206554838354411,0.20564257201173,0.204738072337745,0.203841248134467,0.202952009408508,0.202070267358805,0.201195934364149,0.200328923970535,0.19946915087837,0.198616530929549,0.197770981094433,0.196932419458741,0.196100765210369,0.195275938626163,0.194457861058659,0.193646454922805,0.19284164368267,0.192043351838176,0.191251504911831,0.190466029435508,0.189686852937259,0,0.481651123186331,0.48768251494604,0.49340302312827,0.498773927123567,0.503756941737586,0.508336997313001,0.512517995552698,0.516310295638753,0.519719200330185,0.522739662261069,0.525358024922249,0.527557947040189,0.529326750392027,0.530659664659936,0.531561218970497,0.532044299877234,0.532127909644797,0.53183461278992,0.531188346610523,0.530212915026124,0.528931201810708,0.527364966397032,0.525535014192344,0.523461535589976,0.521164452045746,0.518663667172552,0.515979177502299,0.513131041432137,0.510139232698741,0.50702341775134,0.50380269813659,0.500495353579051,0.497118612504391,0.493688467041272,0.490219540772597,0.486725010544452,0.483216578714752,0.479704489182145,0.476197579037413,0.472703357327104,0.46922810283957,0.465776973707586,0.462354122734127,0.458962813523697,0.455605533633424,0.452284101983231,0.448999768651356,0.445753305920202,0.44254509003151,0.439375173570181,0.436243348738205,0.43314920202103,0.430092160905318,0.427071533395726,0.424086541113799,0.421136346757566,0.418220076667146,0.415336839189267,0.412485739469624,0.409665891232738,0.406876426038875,0.404116500440095,0.401385301394769,0.398682050243353,0.396006005498399,0.393356464658871,0.390732765222544,0.388134285040008,0.385560442128991,0.383010694047579,0.380484536908628,0.377981504104727,0.375501164802593,0.37304312225745,0.37060701199109,0.368192499871715,0.365799280128896,0.363427073332903,0.361075624364026,0.358744700394252,0.356434088900662,0.354143595727155,0.351873043208479,0.349622268368171,0.347391121199731,0.345179463038271,0.342987165027972,0.340814106688928,0.338660174585399,0.336525261096071,0.334409263285749,0.332312081876798,0.330233620317821,0.328173783946258,0.326132479241067,0.324109613161132,0.322105092564734,0.320118823705179,0.318150711797535,0.316200660651381,0.314268572364483,0.312354347072386,0.310457882749038,0.308579075053717,0.306717817219747,0.30487399998067,0.303047511529824,0.301238237509477,0.299446061025948,0.297670862687391,0.295912520661154,0.294170910747901,0.292445906469893,0.29073737917107,0.289045198126801,0.287369230661351,0.285709342271352,0.284065396753697,0.282437256336497,0.280824781811868,0.279227832669474,0.277646267229882,0.276079942776921,0.274528715688328,0.272992441564092,0.271470975351984,0.269964171469836,0.26847188392425,0.266993966425416,0.265530272497857,0.264080655586897,0.262644969160765,0.261223066808225,0.259814802331715,0.258420029835962,0.257038603812111,0.255670379217386,0.25431521155036,0.252972956921903,0.251643472121901,0.250326614681851,0.249022242933433,0.247730216063206,0.246450394163519,0.245182638279795,0.243926810454309,0.242682773766595,0.24145039237062,0.240229531528867,0.239020057643443,0.237821838284376,0.236634742215194,0.235458639415957,0.234293401103827,0.23313889975134,0.231995009102457,0.230861604186554,0.229738561330422,0.228625758168424,0.227523073650877,0.226430388050793,0.225347582969057,0.22427454133813,0.223211147424393,0.222157286829182,0.221112846488629,0.22007771467236,0.219051780981142,0.218034936343544,0.217027073011677,0.216028084556081,0.215037865859819,0.214056313111834,0.21308332379963,0.21211879670132,0.211162631877095,0.210214730660169,0.209274995647224,0.208343330688417,0.20741964087698,0.20650383253845,0.205595813219559,0.204695491676834,0.203802777864918,0.202917582924655,0.20203981917096,0.201169400080501,0.200306240279226,0.199450255529739,0.198601362718567,0.197759479843322,0.19692452599979,0.196096421368955,0.195275087203977,0.194460445817143,0.193652420566796,0.192850935844271,0.192055917060835,0.191267290634649,0.190484983977763,0,0.478967061094145,0.485141354172775,0.491013957159025,0.496549179803687,0.501706041706143,0.506462470424743,0.510816288134194,0.514775319241633,0.518345955596097,0.521526185053454,0.524305230767335,0.526668079315359,0.528601504903405,0.530098795763844,0.531161945492829,0.531801434852421,0.532034443789542,0.531882458139374,0.53136901850488,0.530518030949389,0.529352763931573,0.527895454316706,0.526167344048563,0.524188947642358,0.521980379873902,0.519561625683441,0.516952690046323,0.514173612087894,0.511244359773439,0.50818463886242,0.505013655151444,0.501749866124029,0.498410750656833,0.495012616334738,0.491570455182972,0.488097851335919,0.484606938755026,0.481108403561488,0.477611523597288,0.474124237107733,0.470653232584403,0.467204052501882,0.463781204674938,0.460388276073199,0.457028045035698,0.453702588852385,0.450413384583024,0.447161401748652,0.443947186155434,0.44077093460321,0.437632560604471,0.434531751509505,0.431468017616305,0.428440733955319,0.425449175493988,0.422492546517387,0.419570004920713,0.416680682106637,0.413823699123709,0.410998179617534,0.408203260099366,0.405438097970746,0.402701877680442,0.399993815332876,0.397313162016355,0.39465920607507,0.392031274510915,0.389428733669284,0.386850989336578,0.384297486355519,0.381767707846815,0.379261174111573,0.376777441277461,0.374316099742498,0.371876772462847,0.36945911312492,0.367062804236952,0.364687555170837,0.362333100181209,0.359999196425312,0.357685622004144,0.355392174042469,0.353118666822691,0.350864929985074,0.348630806804547,0.346416152552171,0.344220832947416,0.342044722705591,0.339887704183166,0.337749666122278,0.335630502494443,0.33353011144239,0.331448394317984,0.329385254813429,0.327340598182277,0.325314330546272,0.323306358283667,0.321316587494351,0.319344923536974,0.317391270633141,0.315455531533713,0.313537607242336,0.311637396791356,0.309754797065475,0.307889702668617,0.306042005829727,0.304211596343394,0.302398361541459,0.300602186291981,0.298822953022204,0.297060541762383,0.295314830207597,0.293585693794878,0.291873005793255,0.290176637404485,0.288496457872487,0.286832334599671,0.28518413326854,0.283551717967129,0.281934951316999,0.280333694602642,0.278747807901307,0.277177150212383,0.275621579585578,0.274080953247246,0.272555127724315,0.27104395896535,0.26954730245836,0.268065013345035,0.266596946531159,0.265142956793001,0.263702898879535,0.262276627610385,0.260863997969426,0.259464865194019,0.258079084859858,0.256706512961473,0.255347005988415,0.254000420997204,0.252666615679096,0.251345448423781,0.2500367783791,0.248740465506905,0.247456370635164,0.246184355506449,0.24492428282292,0.243676016287948,0.242439420644495,0.241214361710397,0.240000706410662,0.238798322806933,0.237607080124234,0.236426848775119,0.235257500381373,0.234098907793356,0.232950945107129,0.23181348767947,0.230686412140893,0.229569596406779,0.228462919686715,0.227366262492162,0.226279506642523,0.22520253526972,0.224135232821375,0.223077485062658,0.222029179076908,0.220990203265091,0.219960447344177,0.218939802344498,0.217928160606171,0.216925415774636,0.215931462795373,0.214946197907867,0.213969518638863,0.213001323794975,0.212041513454689,0.211089988959817,0.210146652906439,0.209211409135381,0.208284162722269,0.207364819967185,0.206453288383987,0.205549476689294,0.204653294791195,0.203764653777697,0.202883465904947,0.202009644585247,0.201143104374897,0.200283760961883,0.199431531153429,0.19858633286345,0.197748085099896,0.196916707952036,0.196092122577682,0.195274251190364,0.194463017046494,0.193658344432504,0.192860158651993,0.192068386012878,0.19128295381458,0,0.476216994631192,0.482528745708105,0.488550957201075,0.494247783766157,0.499576959104634,0.504510413231849,0.509039639197059,0.513168880666282,0.516904475447699,0.520246755801717,0.523187758319497,0.525714188530644,0.527812819274351,0.529475447396684,0.530701764201706,0.531499859473338,0.531884953646613,0.53187724891336,0.53149968658704,0.53077611790772,0.529730101444817,0.528384316435409,0.526760451736656,0.524879383840353,0.522761469400047,0.520426821099873,0.517895488589838,0.515187514149383,0.512322868376312,0.509321292705815,0.506202084604061,0.502983861151855,0.499684331020967,0.496320096616429,0.492906499627164,0.489457515738776,0.485985698443922,0.482502167861992,0.479016638075189,0.475537475386123,0.472071779753031,0.468625482142689,0.465203451396046,0.461809605230858,0.458447021071814,0.45511804341389,0.451824385337617,0.448567222581157,0.445347279226369,0.442164904578758,0.439020141224861,0.435912784549343,0.432842434203134,0.429808538148573,0.426810429982238,0.423847360264136,0.420918522574699,0.418023074988838,0.415160157607265,0.412328906726414,0.409528466164825,0.406757996199891,0.404016680507297,0.401303731438317,0.398618393918461,0.395959948205402,0.393327711704769,0.390721040008897,0.38813932729569,0.385582006201615,0.383048547263988,0.380538458012375,0.378051281776557,0.375586596268516,0.373144011987771,0.370723170492737,0.368323742575266,0.365945426370807,0.363587945432609,0.361251046794767,0.358934499045735,0.356638090430961,0.354361627000599,0.352104930815747,0.34986783822432,0.347650198215486,0.34545187085965,0.343272725839066,0.341112641072573,0.338971501436416,0.336849197581804,0.334745624848708,0.332660682274391,0.330594271694336,0.328546296932529,0.326516663077486,0.324505275839986,0.322512040988137,0.320536863855176,0.318579648915264,0.316640299422492,0.314718717108296,0.31281480193257,0.310928451883857,0.309059562824147,0.307208028374008,0.30537373983395,0.303556586138153,0.301756453836927,0.299973227104472,0.298206787768795,0.296457015360812,0.294723787179951,0.293006978373762,0.291306462029261,0.289622109273954,0.287953789384672,0.28630136990254,0.284664716752567,0.283043694366529,0.281438165807939,0.279847992898062,0.278273036342054,0.276713155854415,0.275168210283068,0.273638057731469,0.272122555678227,0.270621561093837,0.26913493055414,0.267662520350248,0.266204186594696,0.264759785323641,0.263329172594984,0.261912204582322,0.260508737664674,0.259118628511963,0.257741734166258,0.256377912118792,0.255027020382825,0.253688917562397,0.252363462917062,0.251050516422692,0.249749938828448,0.24846159171003,0.247185337519329,0.24592103963058,0.244668562383163,0.243427771121165,0.242198532229828,0.240980713169018,0.239774182503837,0.238578809932503,0.237394466311625,0.236221023678992,0.235058355274002,0.233906335555836,0.232764840219506,0.231633746209872,0.230512931733751,0.229402276270209,0.228301660579142,0.227210966708245,0.226130077998455,0.225058879087969,0.223997255914902,0.222945095718696,0.221902287040334,0.220868719721446,0.219844284902376,0.218828875019281,0.217822383800322,0.216824706261016,0.215835738698804,0.214855378686889,0.213883525067405,0.212920077943959,0.211964938673602,0.211018009858266,0.210079195335721,0.209148400170081,0.208225530641904,0.207310494237925,0.20640319964045,0.205503556716448,0.204611476506367,0.203726871212707,0.202849654188379,0.201979739924871,0.201117044040239,0.200261483266966,0.199412975439686,0.198571439482808,0.197736795398055,0.196908964251933,0.19608786816315,0.195273430289998,0.194465574817706,0.193664226945796,0.19286931287543,0.192080759796779,0,0.473399875178986,0.479845199343591,0.486014258972257,0.491869832660781,0.497369329926353,0.50247978146418,0.507186411648771,0.511489069051385,0.515392936788106,0.518899877760553,0.522004490296184,0.524695442144277,0.526959987395443,0.528788895109565,0.530179844034486,0.53113861209735,0.531678372447485,0.53181786481653,0.531579233331408,0.530986107456838,0.530062224265531,0.528830652435763,0.5273135233687,0.525532103558786,0.523507035338095,0.521258605019327,0.518806945568822,0.516172128888161,0.513374141186972,0.510432760263984,0.507367366272024,0.50419672039123,0.500938742143664,0.497610308976585,0.494227093628745,0.490803447248251,0.487352330086303,0.483885287131179,0.480412463199827,0.476942650512759,0.473483361317175,0.470040918376864,0.466620556845231,0.46322653196953,0.459862228088595,0.45653026538202,0.453232601744162,0.449970627958795,0.446745255026777,0.443556993049741,0.440406021505455,0.43729225107725,0.43421537743499,0.431174927523032,0.428170299005604,0.425200793565161,0.422265644756149,0.419364041095544,0.416495145031126,0.413658108375707,0.410852084736412,0.408076239406686,0.405329757128472,0.402611848075089,0.399921752353226,0.39725874327594,0.394622129617887,0.392011257029132,0.389425508754411,0.386864305780193,0.384327106511679,0.381813406065343,0.379322735249246,0.376854659292443,0.374408776376008,0.371984716010933,0.369582137302192,0.367200727133219,0.364840198300731,0.36250028762604,0.360180754065663,0.357881376840959,0.355601953603786,0.353342298652534,0.35110224121057,0.348881623776888,0.346680300556728,0.344498135978062,0.342335003298157,0.340190783302857,0.33806536309989,0.335958635006293,0.333870495528978,0.3318008444366,0.329749583920123,0.327716617838851,0.325701851048236,0.323705188805369,0.321726536247809,0.319765797941217,0.317822877491166,0.315897677214477,0.313990097865451,0.312100038412467,0.310227395860512,0.308372065115399,0.30653393888558,0.30471290761769,0.302908859462135,0.301121680265316,0.299351253585238,0.297597460727548,0.295860180799222,0.294139290777368,0.29243466559081,0.290746178212345,0.289073699759733,0.287417099603679,0.285776245481262,0.284151003613384,0.282541238825006,0.280946814667072,0.279367593539125,0.277803436811791,0.276254204948362,0.274719757624861,0.273199953848022,0.271694652070735,0.270203710304558,0.268726986228981,0.267264337297178,0.26581562083804,0.264380694154343,0.262959414616918,0.261551639754764,0.260157227341056,0.258776035475019,0.257407922659706,0.256052747875692,0.254710370650732,0.253380651125473,0.252063450115278,0.250758629168258,0.249466050619617,0.248185577642418,0.246917074294872,0.245660405564279,0.244415437407735,0.243182036789724,0.24196007171673,0.240749411268972,0.239549925629404,0.238361486110092,0.237183965176087,0.236017236466914,0.234861174815792,0.233715656266695,0.232580558089372,0.231455758792418,0.230341138134515,0.229236577133929,0.228141958076367,0.227057164521292,0.225982081306768,0.224916594552941,0.223860591664224,0.222813961330268,0.22177659352581,0.220748379509436,0.219729211821366,0.218718984280304,0.217717591979417,0.216724931281516,0.215740899813481,0.214765396459989,0.213798321356602,0.212839575882257,0.211889062651203,0.210946685504439,0.210012349500675,0.209085960906885,0.208167427188455,0.207256656998984,0.206353560169769,0.205458047698989,0.204570031740644,0.203689425593248,0.202816143688322,0.201950101578709,0.201091215926717,0.200239404492145,0.199394586120172,0.198556680729163,0.197725609298386,0.196901293855668,0.19608365746501,0.195272624214163,0.194468119202183,0.193670068526985,0.192878399272896,0,0.470516367542024,0.477091769360614,0.483404262939859,0.4894155031775,0.49508293682987,0.50036972531417,0.50525513063812,0.509734037199791,0.513809466556265,0.517483924406957,0.520754154939115,0.5236108757081,0.526042217823398,0.528038376331528,0.529595348982134,0.530716740764016,0.531413641987735,0.531703183406799,0.531606525118905,0.531146902678255,0.530348105717181,0.529233522360987,0.52782570691337,0.526146332824101,0.524216365692324,0.522056309489506,0.519686420541426,0.517126830239539,0.514397557653765,0.511518421913358,0.508508880607314,0.505387826415929,0.502173372751576,0.498882653453735,0.495531654101904,0.492135085064084,0.488706300029217,0.485257258929356,0.48179853088778,0.478339330946225,0.474887583538487,0.471450005683016,0.468032203389319,0.464638775590856,0.461273420865674,0.45793904317158,0.45463785373263,0.451371467026798,0.448140989521505,0.444947100379776,0.44179012381973,0.438670093164083,0.435586806877062,0.432539877067461,0.429528771052132,0.426552846636938,0.423611381793761,0.420703599402919,0.417828687699152,0.414985817013553,0.41217415334951,0.409392869272504,0.406641152535182,0.403918212802856,0.40122328679238,0.398555642090125,0.395914579872996,0.39329943672027,0.390709585673185,0.38814443667325,0.385603436488767,0.383086068221307,0.380591850469452,0.378120336215309,0.375671111489741,0.373243793864378,0.370838030812023,0.368453497971618,0.366089897349338,0.363746955483381,0.361424421596491,0.359122065757092,0.356839677067028,0.354577061891266,0.352334042142494,0.35011045363126,0.347906144490262,0.345720973679459,0.343554809576934,0.341407528658878,0.339279014270627,0.337169155489441,0.335077846078622,0.333004983531615,0.330950468203936,0.328914202530114,0.326896090322288,0.324896036146692,0.322913944773923,0.320949720698702,0.319003267724664,0.317074488609678,0.315163284767189,0.313269556019119,0.311393200395973,0.309534113979935,0.307692190786875,0.305867322683404,0.304059399335295,0.302268308183805,0.300493934446648,0.29873616114059,0.296994869122862,0.295269937148785,0.293561241943243,0.291868658283803,0.290192059093517,0.288531315541587,0.286886297150294,0.285256871906706,0.283642906377886,0.282044265828427,0.280460814339288,0.278892414927042,0.277338929662725,0.275800219789632,0.274276145839435,0.272766567746152,0.271271344957516,0.269790336543406,0.268323401301038,0.266870397856691,0.265431184763764,0.264005620597058,0.262593564043143,0.261194873986786,0.259809409593368,0.258437030387319,0.25707759632656,0.255730967873002,0.254397006059156,0.253075572550912,0.251766529706585,0.250469740632296,0.24918506923381,0.247912380264913,0.24665153937246,0.24540241313819,0.24416486911744,0.242938775874855,0.241724003017245,0.240520421223669,0.239327902272899,0.23814631906836,0.236975545660668,0.23581545726788,0.234665930293566,0.233526842342812,0.232398072236252,0.23127950002225,0.230171006987311,0.229072475664822,0.227983789842231,0.226904834566726,0.225835496149529,0.224775662168859,0.223725221471673,0.22268406417423,0.221652081661578,0.220629166586011,0.219615212864585,0.218610115675728,0.217613771455034,0.216626077890275,0.215646933915699,0.214676239705661,0.213713896667638,0.212759807434667,0.211813875857269,0.210876006994878,0.209946107106829,0.209024083642943,0.208109845233737,0.207203301680296,0.206304363943846,0.205412944135039,0.204528955503001,0.20365231242416,0.202782930390865,0.20192072599985,0.201065616940533,0.200217521983194,0.199376360967043,0.198542054788193,0.19771452538756,0.196893695738707,0.196079489835639,0.195271832680577,0.194470650271708,0.193675869590939,0,0.467570825424452,0.474269953855987,0.480721546092271,0.486885061254023,0.492717693093716,0.498179578825131,0.503244494534357,0.507902031465571,0.512152176509824,0.515997164843875,0.519435335072301,0.522459387004961,0.525058619364064,0.527223074395181,0.528947425420737,0.530233295812459,0.531089710219588,0.531532081122369,0.531580414869387,0.531257380891672,0.530586684348816,0.529591947115943,0.528296111389693,0.526721262474913,0.52488871927304,0.522819244269704,0.520533257520283,0.518050982436356,0.515392492062761,0.512577655979705,0.509626007767617,0.50655656210163,0.503387611561618,0.500136529119666,0.496819595633992,0.493451864501738,0.490047069143636,0.486617573835265,0.483174364737515,0.479727075709954,0.476284042370869,0.472852377609166,0.46943806208255,0.466046043923977,0.462680342747396,0.459344153968098,0.456039950349026,0.452769578501973,0.449534348785318,0.446335117638523,0.443172361879023,0.440046244867153,0.436956674730674,0.433903355044955,0.430885828501255,0.427903514176217,0.42495573905251,0.422041764443707,0.419160807955185,0.416312061574599,0.413494706436608,0.41070792475212,0.40795090933608,0.405222871112771,0.402523044925571,0.399850693930457,0.397205112809944,0.394585630006769,0.391991609144544,0.3894224497753,0.386877587571069,0.384356494057728,0.381858675973814,0.379383674324305,0.376931063188963,0.374500448336369,0.372091465687729,0.369703779668717,0.367337081482659,0.364991087334143,0.362665536628387,0.36036019016843,0.358074828369212,0.355809249504873,0.35356326800314,0.351336712798334,0.349129425752411,0.346941260151512,0.344772079283704,0.342621755101955,0.340490166974953,0.338377200527069,0.336282746567599,0.334206700108472,0.3321489594687,0.330109425463199,0.328088000672973,0.326084588793212,0.324099094055493,0.322131420720005,0.320181472633549,0.318249152848967,0.316334363301616,0.314437004538526,0.312556975495966,0.310694173321232,0.308848493234626,0.307019828427766,0.305208069994537,0.303413106891197,0.301634825922377,0.299873111749889,0.29812784692151,0.296398911917079,0.294686185209498,0.292989543338373,0.291308860994276,0.289644011111772,0.287994864969512,0.286361292295898,0.284743161378958,0.283140339179209,0.281552691444441,0.27998008282547,0.278422376992014,0.276879436747984,0.275351124145528,0.273837300597323,0.272337826986605,0.270852563774601,0.269381371104988,0.267924108905153,0.266480636984019,0.265050815126282,0.263634503182932,0.262231561157974,0.260841849291302,0.25946522813768,0.25810155864186,0.256750702209834,0.255412520776274,0.254086876868204,0.252773633664992,0.251472655054721,0.250183805687045,0.248906951022615,0.24764195737919,0.246388691974528,0.24514702296618,0.243916819488294,0.242697951685533,0.241490290744253,0.240293708921018,0.23910807956859,0.237933277159508,0.236769177307349,0.235615656785798,0.234472593545629,0.233339866729693,0.232217356686026,0.23110494497917,0.230002514399801,0.228909948972759,0.227827133963567,0.226753955883526,0.225690302493473,0.224636062806263,0.223591127088084,0.222555386858639,0.221528734890297,0.220511065206261,0.219502273077824,0.218502255020768,0.217510908790974,0.216528133379288,0.2155538290057,0.214587897112881,0.213630240359139,0.21268076261082,0.211739368934206,0.210805965586961,0.209880460009137,0.208962760813802,0.208052777777311,0.207150421829253,0.206255605042109,0.205368240620647,0.204488242891079,0.203615527290012,0.202750010353205,0.201891609704177,0.201040244042658,0.200195833132927,0.199358297792043,0.19852755987799,0.197703542277759,0.196886168895368,0.196075364639852,0.195271055413214,0.19447316809838,0,0.464566084860617,0.471381296287572,0.477966846288882,0.484278871332428,0.490273631221287,0.495908847499543,0.501153379914456,0.505991416227589,0.510419196443358,0.51443779177847,0.51804648195054,0.521239734799034,0.524008189545519,0.526342103382195,0.528235188692683,0.529687320980495,0.530705527259215,0.531303433083013,0.531499743960928,0.531316396128751,0.530776865853996,0.529904909254104,0.528723806397215,0.527256046616974,0.525523323414997,0.523546694188529,0.52134678230356,0.518943937565333,0.5163583114788,0.513609837139155,0.510718126486565,0.507702309929142,0.504580846954348,0.501371334048485,0.498090330674894,0.494753217332502,0.491374093255181,0.487965715918204,0.484539480504497,0.481105434841876,0.477672323864861,0.474247657119348,0.470837792948708,0.46744803354112,0.464082725793288,0.460745363817141,0.457438689789243,0.454164790657866,0.450925188946655,0.447720926511435,0.444552640615432,0.441420632092957,0.438324925681865,0.435265322832645,0.432241447459104,0.429252785194631,0.426298716770459,0.423378546148479,0.420491524030325,0.417636867334358,0.41481377518938,0.412021441943771,0.40925906763529,0.406525866313285,0.403821072553601,0.401143946458732,0.398493777392489,0.395869886660122,0.393271629311586,0.390698395217058,0.388149609539849,0.385624732711699,0.383123259998894,0.380644720733946,0.3781886772764,0.375754723757126,0.373342484652874,0.370951613231608,0.368581789903784,0.366232720510259,0.363904134573562,0.36159578353581,0.359307439003449,0.357038891016165,0.354789946354775,0.352560426900529,0.350350168056062,0.348159017236282,0.345986832435602,0.343833480876297,0.341698837741228,0.339582784992875,0.337485210279374,0.335406005927257,0.33334506801968,0.33130229555815,0.329277589705165,0.327270853104621,0.325281989276486,0.323310902081902,0.321357495254675,0.319421671994989,0.317503334621086,0.315602384274684,0.313718720675908,0.311852241923643,0.310002844337291,0.308170422336094,0.306354868352347,0.304556072775003,0.302773923920372,0.30100830802682,0.299259109270581,0.29752620979999,0.295809489785655,0.294108827484285,0.292424099314085,0.290755179939792,0.289101942365634,0.287464258034635,0.285841996932855,0.284235027697302,0.282643217726389,0.281066433291933,0.279504539651815,0.277957401162531,0.276424881390953,0.274906843224719,0.273403148980762,0.271913660511535,0.270438239308589,0.268976746603208,0.267529043463849,0.266094990890216,0.264674449903799,0.263267281634785,0.261873347405268,0.260492508808696,0.259124627785568,0.257769566695356,0.256427188384702,0.255097356251922,0.253779934307873,0.252474787233261,0.251181780432467,0.249900780083971,0.248631653187489,0.2473742676079,0.24612849211609,0.244894196426809,0.243671251233643,0.242459528241241,0.241258900194872,0.240069240907447,0.238890425284113,0.237722329344523,0.236564830242885,0.235417806285909,0.234281136948744,0.233154702889007,0.232038385959006,0.230932069216244,0.229835636932308,0.228748974600213,0.227671968940306,0.226604507904803,0.225546480681036,0.224497777693488,0.223458290604696,0.222427912315082,0.221406536961781,0.220394059916539,0.219390377782731,0.218395388391557,0.217408990797485,0.216431085272979,0.215461573302571,0.214500357576318,0.213547341982702,0.212602431600995,0.211665532693158,0.21073655269528,0.209815400208629,0.208901984990318,0.20799621794364,0.20709801110809,0.206207277649118,0.205323931847621,0.204447889089221,0.203579065853335,0.202717379702072,0.201862749268975,0.201015094247631,0.200174335380164,0.19934039444563,0.198513194248334,0.197692658606081,0.196878712338379,0.196071281254608,0.195270292142166,0,0.461504743642432,0.468427313761898,0.475141051001983,0.481597406250745,0.487750895784045,0.493557195556401,0.498980841629309,0.504000692808528,0.508608704780151,0.512803950880336,0.516585933205521,0.519950542182572,0.522889806438327,0.525394494390784,0.527457709430555,0.529077843260073,0.530260039873677,0.531016111588864,0.531363343294684,0.53132278122204,0.530917524974768,0.530171353975989,0.529107821948395,0.527749801369325,0.5261193719148,0.524237916623188,0.522126299831217,0.519805033068909,0.517294373575583,0.514614334675479,0.511784612787748,0.508824451134333,0.505752466507283,0.502586465164785,0.499343269627116,0.496038572046013,0.492686823517504,0.489301163170713,0.485893386552086,0.482473949832338,0.479052004570194,0.475635456945891,0.472231045274403,0.468844429988046,0.465480290945601,0.462142427731713,0.458833859451038,0.455556921327343,0.452313356147587,0.449104399224104,0.445930856077499,0.442793172470765,0.439691496758926,0.436625734768543,0.433595597599282,0.430600642857257,0.427640309898235,0.424713949688446,0.42182084989088,0.418960255763568,0.416131387420227,0.413333453958302,0.410565664909279,0.407827239414628,0.40511741348027,0.402435445614884,0.39978062111371,0.397152255210411,0.394549695285226,0.391972322287974,0.389419551509254,0.386890832811946,0.384385650417431,0.381903522326336,0.379443999441563,0.377006664451445,0.374591130522715,0.372197039846173,0.369824062072259,0.367471892668912,0.365140251229925,0.362828879758363,0.360537540946377,0.358266016469822,0.356014105313447,0.353781622139981,0.351568395714237,0.349374267391284,0.347199089675882,0.345042724858654,0.342905043732934,0.340785924394813,0.338685251127718,0.336602913371698,0.334538804776732,0.332492822338486,0.330464865614327,0.328454836016814,0.326462636181446,0.324488169405112,0.322531339151412,0.320592048618878,0.318670200367998,0.316765696002913,0.314878435903697,0.31300831900516,0.311155242618219,0.309319102290042,0.307499791699276,0.30569720258287,0.303911224691191,0.302141745768297,0.300388651554448,0.298651825808147,0.296931150345154,0.295226505092169,0.293537768153014,0.291864815885376,0.290207522986304,0.288565762584842,0.286939406340354,0.285328324545187,0.283732386230534,0.282151459274423,0.280585410510907,0.27903410583965,0.277497410335173,0.27597518835516,0.274467303647258,0.27297361945394,0.271493998615017,0.270028303667497,0.268576396942492,0.267138140658985,0.265713397014268,0.264302028270923,0.262903896840258,0.261518865362127,0.260146796781103,0.258787554418998,0.257441002043737,0.256107003934617,0.254785424943993,0.253476130555463,0.252178986938605,0.250893861000361,0.249620620433148,0.248359133759785,0.247109270375355,0.245870900586074,0.244643895645301,0.243428127786778,0.242223470255212,0.241029797334311,0.239846984372372,0.238674907805539,0.23751344517883,0.236362475165032,0.235221877581576,0.23409153340548,0.232971324786466,0.23186113505834,0.230760848748722,0.229670351587225,0.228589530512161,0.227518273675851,0.226456470448636,0.225404011421639,0.224360788408382,0.223326694445295,0.222301623791217,0.221285471925927,0.220278135547777,0.219279512570495,0.218289502119191,0.217308004525646,0.21633492132291,0.21537015523928,0.214413610191686,0.213465191278536,0.212524804772064,0.211592358110218,0.210667759888121,0.209750919849146,0.208841748875636,0.207940158979305,0.207046063291339,0.206159376052236,0.205280012601408,0.204407889366565,0.203542923852917,0.202685034632206,0.201834141331584,0.200990164622374,0.200153026208717,0.199322648816135,0.198498956180008,0.197681873034006,0.19687132509846,0.196067239068716,0,0.458388533447762,0.465409412391921,0.472245173451426,0.478841252481061,0.485149739082866,0.49112443379749,0.496726109088094,0.501928513012774,0.506718955733799,0.511093770375603,0.51505193406739,0.518590304313248,0.521702224137265,0.524379183773263,0.52661400013749,0.528403861841411,0.529752184573536,0.530668983285143,0.531170033388196,0.531275349369041,0.531007507268544,0.530390190253633,0.529447148557232,0.528201603888354,0.526676023196317,0.524892139121414,0.522871091591237,0.520633589215441,0.518200024372776,0.515590510605637,0.512824838548844,0.509922364706356,0.506901856386246,0.503781317966641,0.500577820831006,0.49730735402902,0.4939847067221,0.490623387895911,0.487235584272835,0.48383215404553,0.480422651932414,0.47701537994399,0.473617457910733,0.470234908027148,0.466872748212261,0.463535089816518,0.460225236003339,0.456945777922165,0.453698686519798,0.450485398481263,0.447306895338887,0.444163775237435,0.44105631719934,0.437984538006014,0.434948242009604,0.431947064325639,0.428980507941635,0.426047975320276,0.42314879508739,0.420282244382848,0.417447567423539,0.414643990787602,0.411870735882712,0.409127029012097,0.406412109402915,0.403725235514476,0.401065689900089,0.398432782856556,0.395825855060206,0.393244279357588,0.39068746185264,0.38815484240978,0.385645894673632,0.383160125690517,0.38069707520392,0.378256314685511,0.375837446154483,0.373440100830681,0.371063937660879,0.368708641752414,0.36637392274394,0.36405951313925,0.361765166626676,0.359490656403592,0.357235773522765,0.355000325274807,0.352784133618718,0.35058703367038,0.348408872256952,0.346249506543386,0.344108802735655,0.341986634863866,0.339882883647165,0.337797435441177,0.33573018126776,0.333681015925979,0.331649837182499,0.329636545038982,0.327641041073589,0.325663227853297,0.323703008413455,0.321760285800792,0.319834962675953,0.317926940971578,0.316036121601917,0.31416240422002,0.312305687018612,0.310465866570867,0.308642837707445,0.306836493426286,0.305046724831866,0.303273421100746,0.301516469470486,0.299775755249166,0.298051161842926,0.296342570799171,0.294649861863234,0.292972913046491,0.291311600704093,0.28966579962063,0.288035383102228,0.286420223073704,0.284820190179544,0.283235153887632,0.281664982594721,0.28010954373282,0.27856870387571,0.277042328844935,0.275530283814707,0.274032433415197,0.272548641833829,0.271078772914181,0.269622690252227,0.268180257289649,0.266751337404042,0.265335793995854,0.263933490571929,0.262544290825598,0.261168058713244,0.259804658527321,0.258453954965833,0.25711581319827,0.255790098928054,0.254476678451533,0.253175418713582,0.251886187359888,0.250608852785992,0.249343284183184,0.248089351581329,0.246846925888736,0.245615878929154,0.244396083476016,0.243187413284014,0.241989743118123,0.240802948780176,0.239626907133089,0.238461496122846,0.237306594798337,0.236162083329152,0.23502784302144,0.233903756331903,0.232789706880043,0.231685579458743,0.230591260043259,0.229506635798731,0.228431595086271,0.227366027467721,0.226309823709157,0.225262875783204,0.22422507687024,0.223196321358554,0.222176504843517,0.221165524125844,0.220163277208982,0.219169663295699,0.218184582783928,0.217207937261904,0.216239629502647,0.215279563457852,0.214327644251215,0.213383778171231,0.212447872663526,0.211519836322748,0.21059957888404,0.209687011214161,0.208782045302254,0.207884594250308,0.20699457226335,0.206111894639371,0.205236477759033,0.204368239075174,0.203507097102123,0.202652971404871,0.201805782588092,0.200965452285051,0.200131903146402,0.199305058828911,0.198484843984101,0.197671184246848,0.196864006223935,0,0.455216460747931,0.462328802123009,0.46928031529335,0.476011107368258,0.482470517879617,0.488610508577589,0.494388579855389,0.499773687705468,0.50474830250502,0.50930538983817,0.513442660960953,0.517157400166645,0.520444072065999,0.5232950038142,0.525703002536863,0.527664336523937,0.529180879495624,0.530260905009894,0.530918623409636,0.531172895042745,0.531045630614001,0.530560291986805,0.52974073752693,0.528610491646193,0.527192398705337,0.525508557182056,0.523580413098071,0.521428906560007,0.519074595898682,0.516537717686839,0.513838169923564,0.51099542623707,0.508028400593869,0.504955286119956,0.501793390439996,0.4985589856545,0.495267185538466,0.491931857043612,0.488565568474755,0.485179573119591,0.481783824679369,0.478387019444964,0.474996659580373,0.471619131890845,0.468259796863382,0.464923083407761,0.461612585471942,0.458331157468951,0.455081006176317,0.451863777420407,0.448680636420244,0.44553234113375,0.442419308326517,0.439341672376334,0.436299337045283,0.433292020605748,0.430319294807826,0.427380618233322,0.424475364605071,0.421602846617989,0.418762335836963,0.415953079172567,0.413174312403491,0.410425271168288,0.407705199801747,0.405013358344931,0.402349028014302,0.399711515375305,0.397100155429881,0.394514313795738,0.391953388127822,0.389416808909042,0.386904039717491,0.384414577060895,0.381947949855204,0.379503718612867,0.377081474396843,0.374680837588593,0.372301456511705,0.369943005947306,0.367605185572704,0.365287718350618,0.362990348892805,0.360712841818703,0.358454980126894,0.356216563594577,0.353997407217905,0.351797339703902,0.349616202022666,0.347453846026796,0.345310133143351,0.343184933142134,0.341078122982799,0.338989585742101,0.336919209621549,0.334866887034845,0.332832513773734,0.330815988250191,0.328817210812414,0.326836083131604,0.324872507656203,0.322926387130028,0.320997624170547,0.319086120903461,0.317191778649713,0.315314497661035,0.31345417690023,0.31161071386245,0.30978400443384,0.307973942784093,0.306180421289582,0.304403330483924,0.302642559032997,0.300897993731639,0.299169519519408,0.297457019512992,0.295760375053037,0.294079465763332,0.292414169620457,0.290764363032188,0.289129920923075,0.287510716825797,0.285906622977004,0.284317510416505,0.282743249088792,0.28118370794598,0.279638755051368,0.278108257682925,0.276592082436071,0.275090095325238,0.273602161883749,0.272128147261615,0.270667916320941,0.269221333728657,0.267788264046354,0.266368571817049,0.264962121648739,0.263568778294646,0.262188406730079,0.26082087222587,0.259466040418363,0.258123777375967,0.256793949662285,0.255476424395852,0.254171069306549,0.252877752788732,0.251596343951167,0.250326712663832,0.249068729601691,0.247822266285505,0.246587195119805,0.245363389428093,0.244150723485393,0.242949072548246,0.241758312882241,0.240578321787196,0.239408977620086,0.238250159815802,0.237101748905871,0.235963626535195,0.234835675476934,0.233717779645607,0.232609824108512,0.231511695095532,0.230423280007445,0.229344467422785,0.228275147103353,0.227215209998446,0.226164548247888,0.225123055183909,0.224090625331974,0.223067154410596,0.22205253933021,0.221046678191168,0.220049470280908,0.219060816070344,0.218080617209549,0.217108776522759,0.216145198002755,0.215189786804668,0.214242449239247,0.213303092765631,0.212371625983662,0.211447958625781,0.210532001548528,0.209623666723699,0.208722867229173,0.207829517239441,0.206943532015878,0.206064827896766,0.205193322287106,0.204328933648235,0.203471581487267,0.202621186346396,0.201777669792052,0.20094095440396,0.200110963764092,0.199287622445543,0.198470856001343,0.197660590953219,0,0.451987574064966,0.459186608930188,0.466247626497358,0.473107767675732,0.479713689557229,0.48601549195789,0.491967811519605,0.497535191028473,0.50269521623963,0.507436987286817,0.511756246547978,0.515650107786486,0.519113858111586,0.522140676222714,0.524723576181649,0.52685817600353,0.528545015313824,0.529790718391913,0.530607909099939,0.531014194136542,0.531030686334404,0.530680499090252,0.52998750136935,0.528975461929654,0.52766758152632,0.526086332204643,0.524253491462366,0.522190263416905,0.51991740379722,0.517455297319238,0.514823965630374,0.512043006625759,0.509131480075464,0.50610776092152,0.502989382181396,0.499792886275639,0.49653369867873,0.493226032489392,0.489882827727084,0.486515725340427,0.483135073193217,0.47974995960453,0.476368269186993,0.472996755542756,0.469641125639375,0.466306131226961,0.46299566334052,0.459712846660832,0.456460131218605,0.45323937957989,0.450051948224276,0.446898762312493,0.443780383436659,0.440697070259734,0.437648832189003,0.434635476401332,0.431656648655576,0.428711868399706,0.425800558716096,0.422922071656226,0.420075709502962,0.417260742470818,0.41447642331716,0.411721999294413,0.408996721828108,0.406299854260562,0.403630677956778,0.400988497028989,0.398372641899813,0.395782471891602,0.393217377001208,0.390676778994989,0.38816013193812,0.385666922254739,0.383196668400827,0.380748920219534,0.378323258038534,0.375919291560562,0.373536658591278,0.371175023642676,0.368834076445246,0.366513530397784,0.364213120979967,0.361932604149515,0.359671754742797,0.357430364895039,0.355208242493917,0.353005209678041,0.350821101389877,0.348655763990747,0.346509053943919,0.344380836570236,0.342270984879376,0.340179378478633,0.33810590255999,0.336050446965355,0.334012905328979,0.331993174295417,0.329991152810801,0.328006741484726,0.326039842019692,0.324090356704745,0.322158187969777,0.320243237996785,0.318345408384362,0.31646459986162,0.31460071204783,0.312753643254078,0.310923290323381,0.30910954850579,0.307312311365182,0.305531470714574,0.303766916576978,0.302018537168988,0.300286218904459,0.298569846415824,0.296869302590786,0.295184468622254,0.293515224069628,0.29186144692963,0.290223013715092,0.288599799540222,0.286991678211041,0.285398522319781,0.283820203342202,0.282256591736857,0.280707557045478,0.27917296799373,0.277652692591686,0.276146598233454,0.274654551795472,0.273176419733032,0.271712068174702,0.270261363014319,0.268824170000327,0.267400354822246,0.265989783194113,0.264592320934781,0.263207834044973,0.261836188781044,0.260477251725403,0.259130889853597,0.257796970598051,0.256475361908498,0.25516593230913,0.253868550952531,0.252583087670442,0.251309413021441,0.25004739833561,0.248796915756265,0.247557838278857,0.246330039787114,0.245113395086541,0.243907779935349,0.242713071072936,0.241529146245997,0.240355884232376,0.239193164862746,0.23804086904022,0.236898878757981,0.235767077115028,0.234645348330132,0.23353357775408,0.232431651880303,0.231339458353967,0.230256885979607,0.22918382472739,0.228120165738071,0.227065801326721,0.226020624985306,0.224984531384168,0.223957416372482,0.222939176977754,0.221929711404412,0.220928919031554,0.219936700409905,0.21895295725803,0.217977592457863,0.217010510049589,0.216051615225932,0.21510081432589,0.214158014827947,0.213223125342826,0.212296055605787,0.21137671646854,0.210465019890765,0.209560878931318,0.208664207739112,0.20777492154372,0.206892936645727,0.206018170406853,0.20515054123986,0.204289968598291,0.20343637296604,0.202589675846772,0.201749799753231,0.200916668196432,0.200090205674772,0.199270337663056,0.198456990601477,0,0.448702043531333,0.455983891145176,0.463148256568632,0.470132110074996,0.476879806397014,0.48333957279617,0.489463512595013,0.495212160945649,0.500558300709262,0.505486803872988,0.50999080530699,0.514066622406645,0.517709975447243,0.520914808701338,0.52367448877094,0.525984226460866,0.527843445461335,0.529257243315849,0.530236669567849,0.530798003252726,0.530961439823326,0.530749618407749,0.530186314280369,0.529295471516103,0.528100615205443,0.526624589611826,0.524889523067059,0.52291691336305,0.520727744897588,0.518342577359047,0.515781575117983,0.513064470644467,0.510210471683523,0.507238130628976,0.504165196998856,0.501008472119559,0.497783680981097,0.494505371250913,0.491186844660107,0.48784012198426,0.484475939863521,0.481103775742206,0.477731896123763,0.47436742294397,0.471016412968497,0.467683945547123,0.46437421466572,0.461090621923955,0.457835867758464,0.454612038881251,0.45142069048403,0.448262922258401,0.445139447696022,0.44205065646528,0.438996669918296,0.435977389973101,0.432992541749956,0.430041710427648,0.427124372834076,0.42423992430382,0.421387701330968,0.418567000524446,0.415777094340891,0.413017244030888,0.410286710191761,0.407584761276513,0.404910680366093,0.402263770472089,0.399643358600177,0.397048798771609,0.394479474170853,0.391934798562161,0.389414217096112,0.386917206608753,0.384443275500407,0.381991963268283,0.37956283975619,0.377155504175634,0.374769583945063,0.372404733387704,0.370060632323072,0.367736984582657,0.365433516476312,0.363149975232409,0.3608861274317,0.358641757452085,0.356416665938951,0.354210668313482,0.352023593329259,0.349855281685561,0.347705584704059,0.345574363074029,0.343461485669784,0.341366828442778,0.339290273389694,0.337231707596845,0.33519102236039,0.333168112381066,0.33116287503162,0.329175209694505,0.32720501716709,0.325252199131263,0.323316657684067,0.321398294925877,0.319497012602498,0.317612711797526,0.315745292671319,0.313894654242971,0.31206069421176,0.310243308814642,0.308442392716487,0.30665783892992,0.304889538761752,0.303137381783191,0.301401255821151,0.29968104696819,0.29797663960876,0.29628791645962,0.294614758622438,0.292957045646783,0.291314655601817,0.289687465155217,0.288075349657923,0.286478183233501,0.284895838870998,0.283328188520302,0.28177510318912,0.280236453040798,0.278712107492277,0.277201935311607,0.275705804714465,0.274223583459253,0.272755138940362,0.271300338279297,0.269859048413367,0.268431136181734,0.267016468408625,0.265614911983571,0.264226333938554,0.262850601521998,0.261487582269542,0.260137144071571,0.258799155237498,0.257473484556811,0.256160001356911,0.254858575557781,0.253569077723543,0.252291379110958,0.251025351714946,0.2497708683112,0.248527802495982,0.247296028723173,0.246075422338684,0.244865859612313,0.243667217767138,0.242479375006544,0.24130221053898,0.24013560460054,0.238979438475454,0.2378335945146,0.2366979561521,0.23557240792012,0.234456835461937,0.233351125543372,0.232255166062665,0.231168846058879,0.230092055718902,0.229024686383132,0.227966630549913,0.226917781878787,0.225878035192647,0.224847286478829,0.223825432889236,0.222812372739528,0.221808005507451,0.220812231830349,0.219824953501928,0.218846073468301,0.217875495823373,0.216913125803618,0.215958869782274,0.215012635263017,0.214074330873133,0.213143866356242,0.212221152564603,0.21130610145103,0.210398626060458,0.209498640521182,0.208606060035802,0.207720800871898,0.206842780352473,0.205971916846161,0.205108129757247,0.20425133951552,0.203401467565956,0.20255843635828,0.201722169336409,0.200892590927783,0.200069626532629,0.199253202513138,0,0.445360486202217,0.4527215845979,0.459983306056506,0.467085066289984,0.473969507235956,0.480583048338347,0.486875533001088,0.492803896836409,0.498336302874995,0.503453165634325,0.508144458803895,0.512405076746991,0.516230712766758,0.519615894734338,0.522554408559789,0.525041260874144,0.527074975983871,0.528659270418772,0.529803662983432,0.530523058069673,0.530836630568512,0.530766424348342,0.530336012588469,0.529569436473477,0.528490502755364,0.527122417141684,0.525487671360343,0.523608082789022,0.521504894764207,0.519198869857092,0.51671033661847,0.514059175370276,0.511264747003157,0.50834577965679,0.505320232573285,0.502205156076173,0.499016563406742,0.495769325635891,0.492477096213598,0.489152267623845,0.485805959416873,0.482448034667903,0.479087140577553,0.475730768321601,0.472385327191562,0.469056228369478,0.465747974204987,0.462464249497844,0.459208011954136,0.455981579625407,0.452786713724241,0.449624695720059,0.446496398048766,0.443402348119899,0.440342785580575,0.437317713004126,0.434326940321924,0.431370123418462,0.428446797371113,0.425556404845303,0.422698320160425,0.419871869528034,0.417076347937265,0.414311033127349,0.41157519704737,0.408868115161718,0.406189073918276,0.403537376656669,0.400912348197037,0.398313338316224,0.395739724288434,0.393190912641201,0.390666340254906,0.388165474914705,0.385687815407413,0.383232891242056,0.380800262061343,0.378389516801657,0.376000272651105,0.373632173848444,0.37128489035994,0.368958116466405,0.366651569288394,0.364364987273925,0.362098128669832,0.359850769994968,0.357622704530894,0.355413740843316,0.353223701345411,0.351052420912207,0.348899745553439,0.346765531150642,0.344649642262841,0.342551951003842,0.340472335992978,0.338410681380151,0.336366875945084,0.334340812269945,0.332332385983827,0.330341495077047,0.328368039282749,0.326411919522947,0.324473037415901,0.322551294841473,0.320646593561013,0.318758834888252,0.316887919407629,0.315033746736547,0.31319621532805,0.311375222310566,0.30957066336142,0.307782432610979,0.306010422574435,0.304254524108371,0.302514626389446,0.300790616912669,0.299082381506926,0.297389804365572,0.295712768090088,0.294051153744917,0.292404840921817,0.290773707812135,0.289157631285624,0.287556486974502,0.285970149361605,0.284398491871603,0.28284138696435,0.281298706229547,0.279770320481987,0.278256099856752,0.276755913903787,0.275269631681388,0.273797121848158,0.272338252753107,0.270892892523559,0.269460909150653,0.2680421705722,0.266636544752747,0.265243899760723,0.263864103842556,0.262497025493706,0.261142533526564,0.2598004971352,0.258470785956961,0.257153270130927,0.255847820353263,0.254554307929506,0.253272604823847,0.252002583705459,0.25074411799195,0.249497081890017,0.248261350433375,0.247036799518055,0.24582330593515,0.244620747401105,0.243429002585636,0.242247951137377,0.24107747370734,0.239917451970282,0.238767768644068,0.237628307507125,0.23649895341406,0.235379592309556,0.234270111240589,0.233170398367093,0.232080342971121,0.230999835464586,0.229928767395672,0.228867031453967,0.227814521474404,0.226771132440064,0.22573676048392,0.224711302889577,0.223694658091061,0.222686725671732,0.221687406362363,0.220696602038433,0.219714215716709,0.21874015155113,0.217774314828072,0.216816611961014,0.21586695048466,0.214925239048552,0.213991387410211,0.213065306427842,0.212146908052642,0.211236105320734,0.210332812344768,0.209436944305209,0.208548417441344,0.207667149042031,0.206793057436226,0.205926061983286,0.205066083063103,0.20421304206606,0.203366861382846,0.20252746439414,0.201694775460189,0.200868719910288,0.200049224032183,0,0.441965515362308,0.449400467906879,0.456753788963685,0.463967596625279,0.47098350644425,0.47774631584366,0.484203854458199,0.490309854826004,0.496028119648032,0.501334501980281,0.506215359902762,0.510663562750698,0.514674267538298,0.518242316616617,0.521361899172138,0.524027969461067,0.526238355367551,0.527995552825368,0.529307621237099,0.530188070752136,0.530654971484682,0.530729659143261,0.530435395089303,0.529796232023553,0.528836205808563,0.527578863299623,0.526047064770792,0.524262968511401,0.522248105243152,0.520023468737702,0.517609575099495,0.515026468491827,0.512293671041748,0.509430087638167,0.506453882719732,0.503382347378007,0.500231772945085,0.497017343316323,0.493753053828495,0.490451660393279,0.487124659218442,0.483782294991613,0.48043359382531,0.477086416436661,0.473747526791371,0.470422671608844,0.467116666555612,0.463833485528529,0.460576350059825,0.457347816502237,0.45414985923552,0.450983948653704,0.447851123135524,0.444752054566779,0.441687107276146,0.438656390471834,0.435659804433171,0.432697080827588,0.429767817597822,0.426871508904733,0.424007570625042,0.421175361897216,0.418374203188086,0.415603391322305,0.412862211880309,0.410149949330981,0.407465895225118,0.404809354736745,0.402179651802526,0.399576133075648,0.396998170880146,0.39444516532466,0.39191654571118,0.389411771354127,0.386930331907908,0.384471747286524,0.38203556724659,0.379621370694884,0.377228764772917,0.37485738376384,0.372506887860888,0.370176961831382,0.367867313605881,0.365577672818167,0.363307789318411,0.361057431678793,0.358826385708211,0.356614452990229,0.354421449456239,0.352247204003784,0.350091557168174,0.347954359853845,0.345835472130446,0.343734762097243,0.341652104818255,0.339587381329443,0.337540477718339,0.335511284275701,0.333499694718046,0.331505605479362,0.329528915069785,0.32756952349866,0.32562733175906,0.323702241370654,0.321794153977609,0.319902970998148,0.318028593322301,0.316170921054424,0.314329853297056,0.312505287972794,0.310697121680927,0.308905249585704,0.307129565333244,0.305369960994238,0.30362632702974,0.30189855227752,0.300186523956592,0.298490127687718,0.296809247527821,0.295143766016416,0.293493564232319,0.291858521859033,0.290238517257354,0.288633427543878,0.287043128674207,0.285467495529789,0.283906402007408,0.282359721110484,0.280827325041393,0.279309085294161,0.277804872746912,0.276314557753565,0.274838010234334,0.273375099764635,0.271925695662087,0.270489667071313,0.269066883046331,0.267657212630328,0.266260524932691,0.264876689203157,0.263505574903012,0.262147051773279,0.260800989899848,0.259467259775556,0.258145732359194,0.256836279131483,0.255538772148043,0.254253084089394,0.252979088308051,0.251716658872781,0.250465670610069,0.249225999142897,0.247997520926894,0.246780113283948,0.245573654433362,0.244378023520651,0.24319310064405,0.242018766878841,0.240854904299575,0.239701396000285,0.238558126112763,0.237424979823015,0.236301843385944,0.235188604138374,0.234085150510478,0.232991372035692,0.231907159359205,0.230832404245073,0.229766999582063,0.228710839388264,0.227663818814555,0.22662583414699,0.225596782808152,0.224576563357551,0.223565075491114,0.222562220039824,0.221567898967567,0.220582015368226,0.219604473462083,0.218635178591564,0.217674037216385,0.216720956908122,0.215775846344266,0.214838615301782,0.213909174650221,0.212987436344421,0.212073313416813,0.211166719969384,0.210267571165309,0.209375783220294,0.208491273393649,0.207613959979111,0.206743762295454,0.205880600676895,0.205024396463326,0.204175071990389,0.203332550579409,0.202496756527215,0.201667615095842,0.200845052502156,0,0.438517364988148,0.446021011428498,0.453460612060199,0.460780665805512,0.467922580837179,0.474829863889109,0.481448580976318,0.487729641470198,0.493632801268413,0.499129360756477,0.504201715286894,0.508840154032122,0.513038761793638,0.516792351626083,0.520095417038761,0.522942951620391,0.525332264696936,0.527264797365525,0.528747243672036,0.529791726401392,0.530415147484957,0.530638032628519,0.530483223176842,0.52997469240077,0.529136643877854,0.527992935952081,0.52656679474422,0.524880735456342,0.522956602019372,0.52081564743225,0.518478600127365,0.515965686498098,0.513296600786989,0.510490428353725,0.507565536658385,0.504539451167365,0.501428732422748,0.498248867323733,0.495014183576527,0.491737792206337,0.488431559540767,0.485106107412011,0.481770838518974,0.478433982848155,0.475102660624303,0.47178295728551,0.46848000630337,0.465198076173196,0.46194065848776,0.458710554612985,0.455509959061066,0.452340538178809,0.449203503222744,0.446099677273328,0.443029555749471,0.439993360526918,0.436991087846593,0.434022550330044,0.431087413506661,0.428185227309292,0.425315453018561,0.422477486138076,0.419670675668449,0.416894340222603,0.414147781391968,0.411430294736324,0.408741178731584,0.406079741971651,0.40344530888397,0.400837224184456,0.398254856266575,0.395697599691777,0.393164876924265,0.390656139432075,0.3881708682584,0.385708574151798,0.383268797330954,0.380851106948791,0.37845510031158,0.376080401900983,0.373726662240508,0.371393556642302,0.369080783865531,0.366788064713473,0.364515140592916,0.362261772056285,0.360027737344113,0.35781283094297,0.355616862171639,0.353439653806309,0.351281040753621,0.349140868778745,0.347018993294065,0.344915278212698,0.342829594869799,0.340761821013477,0.338711839866209,0.336679539256726,0.33466481082165,0.332667549275506,0.330687651747221,0.328725017180792,0.326779545797449,0.324851138616393,0.322939697030998,0.321045122437195,0.319167315910766,0.317306177930145,0.315461608141432,0.313633505162315,0.311821766421696,0.310026288031924,0.308246964690638,0.306483689609381,0.304736354466271,0.30300484938017,0.301289062903968,0.299588882034716,0.297904192238535,0.29623487748837,0.294580820312789,0.29294190185421,0.291318001935046,0.289708999130403,0.288114770846104,0.286535193400906,0.284970142111918,0.283419491382311,0.281883114790523,0.280360885180242,0.278852674750548,0.277358355145652,0.275877797543764,0.27441087274467,0.272957451255662,0.271517403375525,0.270090599276319,0.268676909082761,0.26727620294902,0.265888351132805,0.264513224066637,0.263150692426233,0.261800627195949,0.260462899731256,0.259137381818243,0.257823945730148,0.256522464280945,0.255232810876028,0.253954859560019,0.252688485061776,0.251433562836646,0.250189969106051,0.248957580894458,0.247736276063826,0.246525933345613,0.245326432370409,0.244137653695299,0.242959478829035,0.241791790255091,0.24063447145271,0.239487406916008,0.238350482171227,0.237223583792221,0.236106599414262,0.234999417746227,0.23390192858127,0.232814022806033,0.231735592408485,0.230666530484449,0.229606731242899,0.228556090010083,0.227514503232544,0.226481868479097,0.225458084441826,0.224443050936154,0.22343666890005,0.222438840392417,0.221449468590711,0.220468457787853,0.219495713388469,0.218531141904502,0.217574650950242,0.21662614923682,0.215685546566195,0.214752753824671,0.213827682975985,0.212910247054003,0.212000360155034,0.211097937429825,0.210202895075227,0.209315150325598,0.208434621443932,0.207561227712768,0.206694889424885,0.205835527873804,0.204983065344125,0.204137425101718,0.203298531383772,0.202466309388745,0.201640685266202,0,0.435014937509525,0.442583515069313,0.450104585710737,0.457525224664597,0.46478755568696,0.471834263219573,0.478609929510301,0.485063006318884,0.491149551784206,0.496836419894731,0.502101805796301,0.506932928338367,0.511322259903931,0.515264181133305,0.518753311587242,0.521784709694492,0.524355308496833,0.526465655546633,0.528121190036633,0.529332678575936,0.530115813242987,0.530490221468346,0.530478220682262,0.530103610633717,0.52939069367519,0.528363601036783,0.527045913895716,0.525460514420083,0.523629582196562,0.521574656480681,0.519316703652649,0.516876152758024,0.514272883638282,0.511526168528533,0.50865457815861,0.505675867947775,0.502606860211839,0.49946333596045,0.496259946222598,0.493010148923259,0.489726173795067,0.486419014979707,0.483098448955181,0.479773074170177,0.476450368151339,0.473136757721447,0.469837698178974,0.466557757714992,0.463300703881782,0.460069589504784,0.456866835995458,0.453694312545271,0.450553410142764,0.447445109748794,0.444370044288886,0.441328554379451,0.438320737902711,0.435346493690639,0.432405559678919,0.429497545955558,0.426621963162349,0.423778246717634,0.42096577732132,0.418183898182941,0.415431929384728,0.412709179757722,0.410014956612425,0.407348573628493,0.404709357172044,0.402096651275227,0.399509821481536,0.396948257732268,0.394411376444591,0.391898621909963,0.389409467122803,0.38694341413328,0.384499994004406,0.382078766442086,0.379679319157079,0.377301267009611,0.374944250980486,0.372607937006691,0.370292014714443,0.367996196078356,0.365720214031626,0.363463821048829,0.361226787720012,0.359008901332124,0.356809964471481,0.354629793658812,0.352468218026488,0.350325078045809,0.348200224310575,0.346093516381774,0.344004821696899,0.341934014546254,0.339880975117588,0.337845588609508,0.335827744413311,0.33382733536225,0.331844257046651,0.329878407192847,0.327929685103521,0.32599799115674,0.32408322636075,0.322185291961448,0.32030408909932,0.31843951851262,0.316591480283527,0.314759873624071,0.312944596698655,0.311145546480103,0.309362618636278,0.307595707444402,0.305844705730386,0.304109504830594,0.302389994573613,0.300686063279775,0.298997597776303,0.29732448342611,0.295666604168445,0.294023842569692,0.2923960798828,0.29078319611393,0.289185070095044,0.287601579561282,0.286032601232068,0.284478010895031,0.282937683491872,0.281411493205461,0.27989931354747,0.278401017445989,0.276916477332594,0.275445565228438,0.273988152828965,0.272544111586945,0.271113312793524,0.269695627657082,0.268290927379696,0.266899083231053,0.265519966619706,0.264153449161559,0.262799402745543,0.261457699596417,0.260128212334688,0.258810814033641,0.257505378273489,0.256211779192671,0.254929891536335,0.25365959070205,0.252400752782811,0.25115325460738,0.249916973778054,0.248691788705919,0.247477578643665,0.246274223716047,0.245081604948075,0.243899604291002,0.242728104646211,0.24156698988707,0.240416144878842,0.23927545549674,0.238144808642199,0.237024092257446,0.23591319533845,0.234812007946335,0.233720421217318,0.232638327371252,0.231565619718849,0.230502192667648,0.229447941726795,0.228402763510698,0.227366555741621,0.226339217251289,0.225320647981531,0.224310748984054,0.223309422419372,0.22231657155496,0.221332100762671,0.220355915515464,0.219387922383496,0.218428029029613,0.217476144204281,0.216532177739997,0.215596040545223,0.214667644597867,0.213746902938358,0.212833729662327,0.211928039912949,0.211029749872959,0.210138776756368,0.209255038799915,0.20837845525427,0.207508946375016,0.206646433413432,0.205790838607092,0.204942085170315,0.204100097284458,0.203264800088096,0.202436119667088,0,0.431457727877466,0.43908828310533,0.446686451023163,0.454202199380609,0.461579291338195,0.468760157283488,0.475688220815234,0.482309833784499,0.488577727134822,0.494454495789125,0.499914004229259,0.504939989389036,0.50952278775607,0.513655902346771,0.517333828213555,0.520551644813216,0.523306006596357,0.525596714572174,0.527428072838371,0.528809543947993,0.529755590123095,0.53028486774813,0.530419073335227,0.53018173817316,0.529597188433273,0.528689781356985,0.52748343426394,0.526001399907329,0.524266211908548,0.522299721112849,0.520123157729727,0.517757175499815,0.515221855717086,0.512536666499862,0.509720384555582,0.506790992917162,0.503765569833651,0.500660182622199,0.497489797214886,0.494268210460984,0.491008008720314,0.487720553330804,0.484415991325888,0.481103288318651,0.477790279665696,0.474483735738472,0.471189437220442,0.4679122566865,0.464656243201343,0.461424707216492,0.45822030359501,0.455045111111871,0.451900707244521,0.448788237471602,0.445708478634939,0.44266189619243,0.439648695402345,0.436668866639262,0.433722225155703,0.430808445678794,0.427927092275119,0.425077643935725,0.422259516332878,0.419472080185616,0.416714676646777,0.413986630093396,0.411287258668122,0.408615882883781,0.405971832568002,0.403354452391203,0.400763106189943,0.398197180269142,0.395656085841183,0.393139260737474,0.390646170508508,0.388176309011655,0.385729198571573,0.383304389785932,0.380901461038867,0.378520017775855,0.376159691586394,0.373820139134605,0.371501040972583,0.369202100266744,0.36692304146346,0.364663608916821,0.36242356549827,0.360202691205174,0.358000781782895,0.355817647372757,0.353653111196282,0.351507008284241,0.349379184257462,0.347269494164808,0.345177801382414,0.34310397657709,0.341047896735705,0.339009444261449,0.33698850613704,0.33498497315424,0.332998739208442,0.331029700656591,0.32907775573629,0.327142804043594,0.325224746066782,0.323323482773148,0.321438915245796,0.319570944367284,0.317719470546972,0.315884393488923,0.314065611997253,0.312263023815892,0.31047652549981,0.308706012314882,0.306951378163669,0.30521251553455,0.303489315471759,0.301781667564044,0.300089459949795,0.298412579336647,0.296750911033702,0.295104338994661,0.293472745870282,0.291856013068735,0.290254020822518,0.288666648260751,0.28709377348577,0.285535273653019,0.283991025053398,0.282460903197253,0.280944782899338,0.279442538364119,0.277954043270875,0.276479170858149,0.2750177940071,0.273569785323439,0.272135017217628,0.270713361983086,0.269304691872206,0.267908879169995,0.266525796265201,0.265155315718829,0.263797310329948,0.262451653198747,0.261118217786805,0.259796877974542,0.258487508115879,0.257189983090098,0.25590417835094,0.254629969972985,0.253367234695349,0.252115849962765,0.250875693964098,0.24964664566837,0.248428584858373,0.247221392161915,0.246024949080818,0.244839138017707,0.243663842300701,0.242498946206063,0.241344334978909,0.240199894852039,0.239065513062987,0.237941077869349,0.236826478562489,0.235721605479676,0.234626350014749,0.233540604627358,0.23246426285088,0.231397219299049,0.230339369671392,0.229290610757518,0.228250840440331,0.227219957698228,0.226197862606329,0.225184456336808,0.224179641158375,0.22318332043495,0.222195398623593,0.221215781271727,0.220244375013707,0.219281087566766,0.218325827726395,0.21737850536118,0.216439031407149,0.215507317861651,0.214583277776808,0.213666825252575,0.21275787542943,0.211856344480731,0.210962149604762,0.210075209016496,0.209195441939107,0.208322768595238,0.20745711019807,0.206598388942182,0.20574652799426,0.204901451483638,0.204063084492713,0.203231353047242,0,0.427844151009381,0.435535705753523,0.443206915372326,0.450812489583662,0.458298672085088,0.46560825285777,0.472683870549122,0.479470134649723,0.485916831330641,0.491982548641432,0.497636790393987,0.502859487541205,0.507638352733966,0.511965542313947,0.515835113969271,0.519242055008918,0.522182787325687,0.524656488707199,0.526666449310246,0.528220896194937,0.5293330622832,0.530020576882187,0.530304427768568,0.530207784289318,0.529754917169072,0.528970355420262,0.527878325648227,0.526502448043338,0.524865623967577,0.522990038819541,0.520897212180821,0.518608045698892,0.516142840062297,0.513521270758652,0.510762325639738,0.507884215180803,0.50490426945425,0.501838835527536,0.498703186597753,0.495511450841854,0.492276564525308,0.489010250886352,0.485723023945964,0.482424214744264,0.479122016514102,0.47582354485589,0.472534908939352,0.469261290000259,0.466007023814665,0.462775684334928,0.45957016619906,0.456392764335639,0.453245249354712,0.450128937826365,0.447044756897446,0.443993302982969,0.440974894495771,0.437989618751556,0.435037373313233,0.432117902125543,0.429230826845086,0.426375673798534,0.423551897008848,0.420758897720745,0.417996040836978,0.415262668649801,0.412558112220289,0.409881700724343,0.407232769050069,0.404610663898042,0.40201474860473,0.399444406880563,0.396899045628213,0.394378096983551,0.39188101970157,0.389407299992039,0.386956451894622,0.384528017270374,0.38212156547565,0.379736692775241,0.377373021543749,0.375030199297623,0.3727078975946,0.370405810832497,0.368123654975107,0.365861166229303,0.363618099694265,0.361394228000887,0.359189339956877,0.357003239210779,0.354835742946082,0.352686680614695,0.350555892717382,0.348443229637215,0.346348550530711,0.344271722280102,0.342212618509045,0.340171118663136,0.338147107155711,0.336140472578673,0.334151106977468,0.332178905188755,0.33022376423891,0.328285582801109,0.326364260708468,0.324459698520487,0.322571797139905,0.320700457476959,0.318845580157994,0.317007065275353,0.315184812175515,0.313378719282473,0.31158868395346,0.309814602364188,0.308056369420902,0.306313878696684,0.304587022389525,0.302875691299897,0.301179774825624,0.299499160972039,0.297833736375544,0.296183386338817,0.294547994876064,0.292927444766831,0.291321617617017,0.289730393925865,0.288153653157799,0.286591273818101,0.285043133531509,0.28350910912293,0.281989076699524,0.280482911733524,0.27899048914521,0.277511683385551,0.27604636851805,0.274594418299446,0.273155706258915,0.271730105775517,0.270317490153644,0.268917732696275,0.267530706775889,0.266156285902898,0.264794343791518,0.263444754422994,0.262107392106136,0.260782131535145,0.259468847844697,0.258167416662322,0.256877714158064,0.255599617091473,0.254333002855957,0.253077749520557,0.251833735869176,0.250600841437349,0.249378946546603,0.248167932336485,0.246967680794325,0.245778074782815,0.244598998065476,0.243430335330096,0.242271972210208,0.241123795304696,0.2399856921956,0.238857551464202,0.237739262705466,0.236630716540903,0.235531804629944,0.234442419679887,0.233362455454484,0.232291806781241,0.231230369557506,0.230178040755383,0.229134718425565,0.228100301700124,0.227074690794327,0.226057787007525,0.22504949272318,0.224049711408068,0.223058347610723,0.222075306959151,0.221100496157874,0.220133822984344,0.219175196284762,0.21822452596935,0.217281723007108,0.216346699420097,0.215419368277274,0.21449964368792,0.213587440794693,0.212682675766318,0.211785265789978,0.210895129063385,0.2100121847866,0.209136353153592,0.20826755534359,0.207405713512218,0.206550750782459,0.205702591235449,0.204861159901133,0.204026382748784,0,0.424175332089281,0.431926474886128,0.439666697491527,0.447356975970483,0.454946598807234,0.462379311352181,0.469597380717432,0.476544037472485,0.483166511185265,0.489419685090528,0.495268763324289,0.500689638823544,0.505666963924516,0.510191073739829,0.514255225808839,0.517854135716084,0.520983982316387,0.523643411289446,0.525834813223847,0.527565259256642,0.528846771983873,0.529695914801174,0.530132889996677,0.530180415162264,0.529862623824417,0.529204156276154,0.528229514002601,0.526962674550034,0.525426915550942,0.523644776920645,0.52163809221392,0.519428034883039,0.517035144717,0.514479318368213,0.511779762419878,0.508954916842618,0.506022361268869,0.502998717349983,0.499899558842758,0.496739338175933,0.493531334978989,0.490287629013248,0.487019097453724,0.483735434648018,0.48044519130862,0.477155829485006,0.47387378948881,0.470604565084586,0.467352783599684,0.464122288060472,0.460916218961436,0.457737093771632,0.454586882749112,0.451467080050487,0.448378769481297,0.445322684531242,0.442299262578609,0.439308693335218,0.436350961742717,0.433425885629839,0.430533148504844,0.42767232789406,0.424842919652113,0.422044358667185,0.419276036369949,0.416537315431482,0.413827542006657,0.411146055847616,0.40849219857908,0.40586532039473,0.403264785402885,0.400689975820807,0.398140295190655,0.395615170766502,0.393114055201022,0.390636427642275,0.388181794335324,0.385749688809969,0.383339671724414,0.380951330424931,0.378584278273344,0.376238153787126,0.373912619630927,0.371607361493233,0.36932208687746,0.367056523832916,0.364810419647753,0.36258353952301,0.360375665244229,0.358186593864754,0.356016136412659,0.353864116631346,0.351730369762078,0.349614741375158,0.347517086255003,0.345437267343105,0.343375154741716,0.341330624780069,0.33930355914405,0.337293844069468,0.33530136959837,0.333326028897291,0.33136771763585,0.329426333423676,0.327501775303387,0.325593943297029,0.323702738003263,0.321828060242414,0.319969810746454,0.318127889890925,0.316302197465854,0.314492632482692,0.31269909301443,0.310921476066088,0.309159677472881,0.30741359182349,0.30568311240599,0.303968131174099,0.30226853873157,0.300584224332666,0.298915075896822,0.297260980035682,0.29562182209091,0.293997486181219,0.292387855257257,0.290792811163055,0.289212234702903,0.287646005712586,0.28609400313404,0.284556105092578,0.283032188975922,0.281522131514353,0.280025808861396,0.278543096674483,0.277073870195152,0.275618004328358,0.27417537372056,0.27274585283627,0.271329316032817,0.269925637633117,0.268534691996255,0.267156353585756,0.265790497035419,0.264436997212632,0.263095729279111,0.261766568749007,0.260449391544376,0.259144074048001,0.257850493153562,0.256568526313194,0.255298051582451,0.25403894766272,0.252791093941144,0.251554370528084,0.250328658292214,0.249113838893282,0.247909794812629,0.246716409381525,0.245533566807397,0.244361152198029,0.243199051583798,0.242047151938039,0.240905341195594,0.239773508269637,0.238651543066844,0.237539336500974,0.236436780504949,0.235343768041486,0.234260193112362,0.23318595076638,0.232120937106091,0.231065049293346,0.230018185553736,0.228980245179977,0.227951128534307,0.226930737049935,0.225918973231613,0.224915740655367,0.223920943967452,0.222934488882559,0.221956282181344,0.220986231707296,0.220024246363009,0.219070236105883,0.218124111943298,0.217185785927297,0.216255171148808,0.21533218173145,0.214416732824936,0.213508740598122,0.212608122231714,0.211714795910672,0.210828680816332,0.209949697118266,0.209077765965915,0.208212809479997,0.207354750743734,0.206503513793896,0.205659023611703,0.204821206113575,0,0.420455749030927,0.428261553755329,0.436066566023241,0.443836536544223,0.451523986380577,0.459074141442839,0.46642933160777,0.473531780086214,0.480326550004396,0.486765158481094,0.492808650684208,0.498428741987674,0.503606652005417,0.508330432147043,0.51259214116148,0.51638598268972,0.519707823126618,0.522555827672302,0.524931586798641,0.526841100118389,0.528295214165904,0.529309404405633,0.529903023310049,0.530098252592917,0.529919006216519,0.529389970301574,0.528535879854555,0.527381052770873,0.525949145923027,0.524263070135014,0.522344996002423,0.520216392862819,0.517898060712975,0.515410133264084,0.512772045761248,0.510002471973893,0.50711924077245,0.504139244749019,0.50107835259326,0.49795133457214,0.494771807444253,0.491552202142093,0.488303754980267,0.485036521175729,0.481759408125839,0.478480225117777,0.475205745830875,0.471941780022843,0.468693251051319,0.465464276280898,0.462258247891285,0.459077912082539,0.455925445133711,0.452802525190156,0.449710399020982,0.446649943297297,0.443621720194572,0.440626027322172,0.437662942135092,0.434732361093308,0.431834033909249,0.428967593269802,0.426132580441816,0.423328467174358,0.420554674301591,0.417810587430972,0.415095570075793,0.412408974561447,0.409750151003463,0.407118454623719,0.404513251640639,0.401933923940335,0.39937987270904,0.396850521183221,0.394345316652331,0.391863731830393,0.389405265696306,0.386969443888638,0.384555818728682,0.382163968935235,0.379793499085848,0.377444038871858,0.375115242188183,0.372806786093451,0.370518369671364,0.36824971282017,0.366000554993569,0.363770653913291,0.361559784270814,0.359367736433214,0.357194315165942,0.355039338383311,0.352902635935673,0.350784048440616,0.348683426164084,0.346600627955924,0.344535520243241,0.342487976083839,0.340457874281117,0.338445098560942,0.336449536810336,0.334471080377178,0.332509623429627,0.330565062373522,0.328637295325688,0.326726221640776,0.324831741489084,0.322953755482621,0.321092164346599,0.319246868633475,0.317417768476655,0.315604763380966,0.313807752047095,0.312026632227201,0.310261300609055,0.308511652726124,0.306777582891144,0.305058984150861,0.303355748259713,0.301667765670414,0.299994925539467,0.298337115745823,0.296694222920998,0.295066132489099,0.293452728715346,0.291853894761768,0.290269512748884,0.288699463822298,0.287143628223204,0.285601885361937,0.284074113893753,0.282560191796149,0.281059996447067,0.279573404703436,0.27810029297956,0.276640537324905,0.275194013500925,0.273760597056596,0.272340163402374,0.270932587882362,0.269537745844468,0.268155512708409,0.266785764031423,0.265428375571589,0.264083223348683,0.262750183702514,0.261429133348696,0.260119949431856,0.258822509576266,0.257536691933905,0.25626237522999,0.254999438806,0.253747762660226,0.252507227485916,0.251277714707052,0.250059106511829,0.248851285883896,0.247654136631422,0.24646754341407,0.245291391767932,0.244125568128514,0.242969959851833,0.241824455233705,0.240688943527294,0.239563314958998,0.238447460742741,0.237341273092745,0.236244645234847,0.235157471416435,0.234079646915065,0.233011068045826,0.231951632167515,0.230901237687688,0.229859784066637,0.228827171820363,0.227803302522584,0.226788078805854,0.225781404361821,0.224783183940689,0.22379332334993,0.222811729452277,0.221838310163073,0.220872974446976,0.219915632314102,0.218966194815615,0.218024574038808,0.217090683101723,0.216164436147325,0.215245748337267,0.214334535845288,0.213430715850257,0.2125342065289,0.211644927048226,0.210762797557692,0.209887739181117,0.209019674008372,0.208158525086867,0.207304216412858,0.206456672922581,0.205615820483245,0,0.416687342233341,0.424541968131484,0.432407380559681,0.440252070345116,0.44803176618169,0.455693593591149,0.463180374394562,0.470433701345531,0.477396860572892,0.48401836713958,0.490255315477357,0.496075193329763,0.501455488326879,0.506381533884651,0.510843770524731,0.514835597298162,0.518352439855282,0.521391989362754,0.523955112964049,0.526046821303202,0.527676830386959,0.528859521295553,0.529613345543062,0.529959872268105,0.529922714730768,0.529526535878558,0.528796256710606,0.527756511723425,0.526431334185185,0.524844018153284,0.523017092232305,0.520972345394296,0.518730859959124,0.516313024439184,0.513738514900359,0.511026245458949,0.508194295914083,0.505259827796402,0.502239000318296,0.499146895973535,0.495997462850567,0.492803477837482,0.489576532283456,0.486327039587711,0.483064262690099,0.479796358506751,0.476530435901012,0.47327262369416,0.470028145393441,0.466801397652175,0.463596029902303,0.460415023057457,0.457260765635214,0.454135126065502,0.451039520323744,0.447974974345747,0.444942180945238,0.441941551166791,0.43897326017085,0.436037287869428,0.433133454616565,0.430261452312895,0.427420871314239,0.424611223545238,0.421831962215239,0.419082498518898,0.416362215681703,0.413670480683521,0.411006653963654,0.408370097380368,0.40576018066788,0.403176286605045,0.400617815083367,0.398084186237552,0.395574842779998,0.393089251661243,0.390626905161502,0.388187321503727,0.385770045066011,0.38337464626037,0.381000721135684,0.378647890754779,0.376315800388877,0.374004118566968,0.371712536012683,0.369440764497034,0.367188535631642,0.364955599623843,0.362741724012164,0.360546692398098,0.35837030318783,0.356212368355444,0.354072712237337,0.35195117036583,0.349847588348472,0.347761820798134,0.345693730317794,0.343643186542775,0.341610065242255,0.339594247480982,0.337595618841407,0.335614068705764,0.333649489597116,0.331701776577892,0.329770826704072,0.327856538532872,0.325958811681541,0.3240775464347,0.322212643397529,0.320364003192037,0.3185315261936,0.316715112304975,0.314914660764996,0.313130069989239,0.311361237440002,0.309608059523056,0.307870431508692,0.306148247474761,0.304441400269452,0.302749781491754,0.301073281487622,0.299411789360009,0.297765192991083,0.296133379075016,0.294516233159919,0.292913639697559,0.291325482099646,0.289751642799562,0.288192003318528,0.286646444335267,0.285114845758367,0.283597086800568,0.282093046054334,0.280602601568107,0.279125630922724,0.277662011307543,0.276211619595866,0.274774332419329,0.27335002624094,0.271938577426522,0.270539862314346,0.269153757282766,0.267780138815719,0.266418883565966,0.265069868415986,0.263732970536461,0.262408067442288,0.261095037046114,0.259793757709358,0.258504108290741,0.257225968192328,0.255959217403107,0.254703736540145,0.253459406887361,0.252226110431965,0.251003729898611,0.249792148781337,0.24859125137334,0.247400922794666,0.246221049017867,0.245051516891704,0.243892214162974,0.242743029496509,0.241603852493443,0.240474573707804,0.239355084661497,0.238245277857771,0.237145046793204,0.236054285968304,0.234972890896778,0.233900758113525,0.232837785181439,0.231783870697062,0.230738914295151,0.229702816652224,0.228675479489132,0.227656805572716,0.22664669871659,0.225645063781121,0.224651806672629,0.223666834341869,0.22269005478183,0.221721377024903,0.220760711139451,0.219807968225817,0.218863060411818,0.217925900847743,0.216996403700912,0.216074484149807,0.215160058377812,0.214253043566601,0.21335335788918,0.212460920502639,0.211575651540608,0.210697472105466,0.209826304260303,0.208962071020681,0.208104696346189,0.207254105131832,0.20641022319926,0,0.412870141624087,0.420768976187854,0.428690149471858,0.436604525590379,0.444470893069565,0.452238556755482,0.459851224578334,0.46725023322375,0.474377477713339,0.481178851013708,0.487607760243991,0.493627499134836,0.499211602766946,0.504342294495481,0.509007971723662,0.513200894071274,0.516915861846529,0.520150049585034,0.522903648229174,0.525180753276247,0.526990002234417,0.528344688810046,0.529262325688964,0.529763801521656,0.529872350689656,0.529612541905851,0.529009429405357,0.528087934153001,0.526872457040912,0.525386683211186,0.523653517620209,0.521695091779835,0.519532793039478,0.517187284018404,0.514678495838602,0.512025591717731,0.509246906133469,0.506359869294612,0.503380927871664,0.500325471912233,0.497207775600718,0.494040956816202,0.490836957842295,0.487606547399792,0.484359342537362,0.481103847833327,0.477847508767068,0.47459677591351,0.471357176693845,0.46813339168489,0.464929332869327,0.461748221639039,0.458592664800373,0.45546472724457,0.4523660003212,0.449297665278308,0.446260551406882,0.443255188750324,0.440281855415153,0.437340619652155,0.434431376973129,0.431553882632976,0.428707779845667,0.425892624120697,0.423107904108654,0.420353059334488,0.417627495178471,0.414930595440544,0.412261732796057,0.40962027742179,0.407005604041852,0.404417097614743,0.401854157856197,0.399316202767827,0.396802671319347,0.394313025412309,0.391846751235798,0.389403360109293,0.386982388894736,0.384583400048487,0.382205981374185,0.379849745529211,0.377514329330416,0.375199392898677,0.372904618676685,0.370629710349856,0.368374391696359,0.366138405388842,0.363921511767427,0.36172348760087,0.359544124850383,0.357383229448488,0.355240620103334,0.353116127137147,0.351009591365948,0.348920863026206,0.34684980075287,0.344796270612034,0.342760145190519,0.340741302743719,0.338739626402302,0.336755003437662,0.334787324585422,0.332836483425823,0.330902375819391,0.328984899395948,0.327083953094778,0.32519943675354,0.323331250743364,0.321479295647493,0.319643471980751,0.317823679947107,0.316019819232617,0.314231788831072,0.312459486899727,0.310702810642571,0.308961656218718,0.307235918673547,0.305525491890402,0.303830268560728,0.30215014017067,0.300484997002276,0.298834728147582,0.297199221533952,0.295578363959204,0.293972041135137,0.292380137738202,0.290802537466174,0.289239123099759,0.2876897765682,0.286154379018013,0.284632810884083,0.283124951962419,0.281630681483958,0.280149878188869,0.278682420400853,0.277228186101045,0.275787053001114,0.274358898615265,0.272943600330845,0.271541035477339,0.270151081393538,0.268773615492735,0.267408515325794,0.266055658642008,0.264714923447651,0.263386188062168,0.262069331171961,0.260764231881761,0.259470769763548,0.258188824903066,0.256918277943916,0.255659010129263,0.254410903341207,0.25317384013784,0.251947703788054,0.250732378304139,0.249527748472245,0.248333699880763,0.247150118946677,0.245976892939982,0.244813910006199,0.243661059187091,0.24251823043962,0.241385314653237,0.24026220366555,0.239148790276462,0.238044968260834,0.236950632379729,0.235865678390329,0.23479000305456,0.233723504146507,0.232666080458668,0.23161763180711,0.230578059035589,0.229547264018672,0.228525149663939,0.227511619913297,0.226506579743462,0.225509935165656,0.224521593224572,0.223541461996637,0.222569450587629,0.221605469129679,0.220649428777702,0.219701241705298,0.218760821100145,0.217828081158927,0.216902937081837,0.21598530506667,0.215075102302545,0.21417224696328,0.213276658200454,0.212388256136166,0.211506961855536,0.21063269739895,0.209765385754087,0.208904950847739,0.208051317537443,0.20720441160295,0,0.409006875534851,0.416944321726087,0.424916073039896,0.432894926084813,0.440842355298898,0.448709957233187,0.456442656345867,0.463981893318372,0.471268550617335,0.478246286999541,0.484865128972307,0.491084285685419,0.496873200015293,0.502210646971754,0.507082565442312,0.511479710316885,0.515396020520566,0.518828060459918,0.521775356404418,0.524241146976413,0.526233044355144,0.527763272435693,0.528848379854732,0.529508516544197,0.529766464335137,0.529646626084148,0.529174132346303,0.528374154555242,0.52727144655874,0.525890087656849,0.524253374403023,0.522383802411027,0.520303086925637,0.51803218522659,0.515591299616869,0.512999853305531,0.510276441277894,0.507438763984485,0.504503553952329,0.50148650517953,0.498402213407114,0.495264132908815,0.49208455290741,0.488874594491733,0.485644227156186,0.482402302861272,0.479156604780121,0.475913907568919,0.472680045980391,0.4694599888348,0.466257915691128,0.463077293958168,0.459920954603531,0.456791165025701,0.453689698029175,0.450617896174108,0.44757673105441,0.444566857291627,0.441588661218403,0.43864230436916,0.435727762001774,0.432844856948002,0.429993289137496,0.427172661165458,0.424382500282062,0.421622277176654,0.418891421915098,0.416189337367319,0.413515410436673,0.410869021375165,0.408249551440215,0.405656389120888,0.403088935134977,0.400546606373603,0.398028838947491,0.395535090468728,0.393064841683894,0.390617597558625,0.388192887899956,0.385790267590969,0.383409316502037,0.381049639134291,0.378710864043427,0.376392643085617,0.374094650521761,0.371816582011622,0.369558153525258,0.36731910019557,0.365099175132677,0.362898148217982,0.360715804893357,0.358551944958613,0.356406381388449,0.354278939178255,0.352169454226514,0.350077772260094,0.348003747807399,0.345947243223159,0.343908127767584,0.341886276741692,0.339881570679763,0.337893894599182,0.335923137307316,0.333969190764503,0.332031949501848,0.330111310092094,0.32820717067159,0.326319430511107,0.324447989633111,0.322592748472952,0.320753607581371,0.318930467365677,0.317123227866943,0.315331788570586,0.31355604824777,0.311795904825101,0.310051255280194,0.30832199556079,0.306608020525177,0.304909223901818,0.303225498266183,0.30155673503292,0.29990282446159,0.298263655674349,0.296639116684049,0.295029094431367,0.293433474829652,0.291852142816327,0.29028498240975,0.288731876770561,0.287192708266613,0.285667358540689,0.284155708580278,0.282657638788767,0.28117302905746,0.279701758837932,0.278243707214244,0.276798752974639,0.275366774682377,0.273947650745389,0.272541259484526,0.271147479200162,0.26976618823698,0.268397265046793,0.267040588249276,0.265696036690509,0.264363489499272,0.263042826141024,0.261733926469545,0.260436670776218,0.259150939836939,0.257876614956687,0.256613578011741,0.255361711489604,0.254120898526646,0.252891022943521,0.251671969278411,0.250463622818133,0.249265869627189,0.248078596574797,0.246901691359989,0.245735042534813,0.244578539525734,0.243432072653276,0.242295533149989,0.241168813176797,0.240051805837797,0.238944405193577,0.237846506273114,0.236758005084322,0.235678798623299,0.234608784882358,0.233547862856872,0.232495932551018,0.231452894982462,0.230418652186039,0.229393107216492,0.228376164150311,0.227367728086722,0.226367705147886,0.225376002478335,0.224392528243704,0.223417191628798,0.222449902835031,0.221490573077278,0.220539114580176,0.219595440573921,0.218659465289571,0.217731103953918,0.216810272783931,0.21589688898082,0.214990870723744,0.214092137163181,0.213200608414003,0.212316205548265,0.211438850587731,0.210568466496174,0.209704977171458,0.20884830743742,0.207998383035585,0,0.405101978001622,0.413070107296051,0.421086545284295,0.429124390522763,0.437147185201228,0.445108759130438,0.452955497791644,0.460629277754665,0.468070335074946,0.475220483231363,0.482026706970332,0.488444306850917,0.494438574017963,0.499984559463139,0.505065351612198,0.509669817559154,0.51379075430109,0.517423971942298,0.520568303400089,0.523226166695733,0.525404197262958,0.527113573665732,0.528369866568374,0.529192439007178,0.529603552367335,0.529627372914719,0.52928904760303,0.528613957130473,0.527627187910124,0.526353211501264,0.524815727796345,0.523037616255742,0.521040942607382,0.518846980253429,0.516476220473353,0.513948359390323,0.511282260398463,0.508495897639414,0.505606289462502,0.502629431406973,0.499580237053095,0.496472492960083,0.493318831503314,0.490130723179047,0.486918488102219,0.483691325072296,0.480457355714459,0.477223680753473,0.473996445356368,0.47078091059595,0.467581528358167,0.464402017375184,0.461245438461661,0.458114267427828,0.455010464515463,0.451935539537586,0.448890612192357,0.445876467264268,0.442893604622405,0.439942284079821,0.437022565294193,0.434134342973247,0.431277377703799,0.428451322755855,0.42565574722743,0.422890155895836,0.420154006130695,0.417446722205861,0.414767707324499,0.412116353645654,0.409492050573549,0.406894191543687,0.404322179513635,0.401775431341649,0.399253381213539,0.396755483257528,0.394281213468402,0.391830071045999,0.389401579238787,0.386995285770995,0.384610762921014,0.382247607309714,0.379905439449395,0.37758390309738,0.375282664452482,0.373001411227562,0.370739851627084,0.368497713254826,0.36627474197357,0.364070700735714,0.361885368401133,0.359718538556328,0.357570018346814,0.355439627332826,0.353327196376759,0.351232566569234,0.3491555881993,0.34709611977309,0.345054027084128,0.34302918233752,0.341021463329409,0.3390307526823,0.337056937136233,0.335099906895215,0.33315955502781,0.331235776920465,0.329328469781739,0.327437532195415,0.325562863720229,0.32370436453383,0.321861935118475,0.3200354759859,0.318224887438798,0.316430069366332,0.314650921071142,0.312887341125379,0.311139227253342,0.309406476238413,0.307688983852044,0.305986644802704,0.304299352702757,0.302627000051391,0.300969478231813,0.29932667752106,0.297698487110875,0.29608479513822,0.294485488724102,0.292900454019505,0.291329576257305,0.28977273980917,0.288229828246496,0.286700724404577,0.285185310449221,0.283683467945169,0.282195077925684,0.280720020962792,0.279258177237686,0.27780942661088,0.276373648691746,0.274950722907107,0.273540528568622,0.272142944938721,0.27075785129489,0.269385126992147,0.268024651523559,0.266676304578711,0.265339966100022,0.264015516336852,0.262702835897355,0.261401805798052,0.260112307511106,0.258834223009298,0.257567434808717,0.256311826009196,0.255067280332501,0.253833682158328,0.252610916558148,0.251398869326944,0.250197427012897,0.249006476945073,0.247825907259177,0.246655606921426,0.245495465750617,0.244345374438437,0.243205224568093,0.242074908631324,0.240954320043856,0.239843353159365,0.238741903282013,0.237649866677623,0.236567140583548,0.2354936232173,0.234429213783992,0.233373812482659,0.232327320511508,0.231289640072152,0.230260674372883,0.229240327631035,0.228228505074483,0.227225112942333,0.226230058484837,0.225243249962596,0.224264596645069,0.223294008808453,0.222331397732953,0.2213766756995,0.220429755985933,0.21949055286269,0.218558981588042,0.217634958402896,0.216718400525202,0.215809226143989,0.214907354413057,0.214012705444356,0.213125200301066,0.21224476099042,0.211371310456268,0.210504772571426,0.209645072129815,0.208792134838412,0,0.40115826570068,0.40914855552377,0.417203129736899,0.425294141656827,0.433386468050793,0.441435965493074,0.449390626736323,0.457193054389291,0.46478318564755,0.472101372547851,0.479091918942616,0.48570644933187,0.49190612039086,0.497662052046603,0.502954126236086,0.507768934503877,0.512097815546205,0.515935632607476,0.51928045330002,0.522133883525601,0.524501620099901,0.526393823414387,0.527825081471858,0.528813932081247,0.529382054989996,0.529553311352673,0.529352802786962,0.528806073628136,0.527938517054582,0.526774989936558,0.525339603415657,0.523655638288858,0.521745532643711,0.519630898018023,0.517332533886513,0.51487042410823,0.512263710424563,0.509530646043688,0.506688536759948,0.503753678554268,0.500741300074806,0.49766551666374,0.494539300378092,0.491374468244136,0.488181689082484,0.484970507780406,0.481749384893817,0.478525748889678,0.475306058113023,0.472095869594655,0.46889991202393,0.465722160526596,0.462565911256104,0.459433854188116,0.456328142875119,0.453250460253781,0.450202079892853,0.447183922320012,0.444196606272206,0.441240494878137,0.43831573690746,0.435422303313686,0.432560019361563,0.429728592669617,0.426927637519201,0.4241566957868,0.421415254850211,0.418702762804691,0.41601864130483,0.413362296323988,0.410733127097381,0.408130533488591,0.405553921993517,0.403002710571197,0.400476332468044,0.397974239181108,0.395495902687174,0.393040817047692,0.390608499484875,0.388198491011393,0.385810356685002,0.383443685549805,0.381098090317625,0.378773206835846,0.376468693381999,0.374184229820096,0.371919516649193,0.369674273970686,0.367448240397386,0.365241171924384,0.363052840779011,0.360883034264789,0.358731553612123,0.356598212846555,0.354482837683643,0.352385264457985,0.350305339092478,0.348242916112642,0.346197857709692,0.34417003285506,0.342159316468123,0.340165588638161,0.338188733900826,0.336228640568855,0.334285200116219,0.332358306614504,0.330447856219931,0.328553746709173,0.32667587706188,0.324814147087657,0.322968457095125,0.321138707600607,0.319324799073948,0.317526631718966,0.315744105286045,0.313977118914427,0.312225571001828,0.310489359099058,0.308768379827442,0.307062528816911,0.305371700662748,0.303695788899097,0.302034685987421,0.300388283318238,0.298756471224575,0.297139139005665,0.295536174959548,0.293947466423339,0.292372899820005,0.290812360710618,0.289265733851131,0.287732903252805,0.286213752245509,0.284708163543196,0.283216019310907,0.28173720123275,0.280271590580354,0.278819068281343,0.277379514987451,0.275952811141935,0.274538837045987,0.273137472923888,0.271748598986699,0.270372095494293,0.269007842815585,0.267655721486832,0.2663156122679,0.26498739619643,0.263670954639842,0.262366169345135,0.261072922486468,0.259791096710497,0.258520575179496,0.257261241612249,0.256012980322755,0.254775676256766,0.253549215026204,0.252333482941491,0.251128367041845,0.249933755123601,0.2487495357666,0.247575598358709,0.246411833118533,0.245258131116385,0.244114384293562,0.242980485480006,0.241856328410398,0.240741807738764,0.239636819051635,0.238541258879846,0.237455024709008,0.236378014988742,0.235310129140705,0.234251267565485,0.233201331648414,0.232160223764349,0.23112784728148,0.230104106564213,0.229088906975178,0.22808215487641,0.227083757629744,0.226093623596477,0.225111662136334,0.224137783605783,0.223171899355726,0.222213921728628,0.221263764055088,0.220321340649924,0.219386566807768,0.218459358798229,0.217539633860643,0.216627310198441,0.215722306973163,0.214824544298145,0.213933943231899,0.213050425771219,0.212173914844023,0.211304334301964,0.210441608912829,0.209585664352733,0,0.397178529055221,0.405181951635355,0.413267520168951,0.421405502153197,0.429561346207979,0.437692618709173,0.445748966638564,0.453673956105775,0.461407547744199,0.468889005276731,0.47606032549447,0.482869735672654,0.489274346678807,0.495241212219739,0.500746698232314,0.5057747411987,0.510314879330595,0.514360792321622,0.517909665874205,0.520962269579644,0.523523383537575,0.525602175110328,0.527212251453409,0.528371295845114,0.529100352422566,0.529422912059359,0.529363968666506,0.528949181035661,0.528204218339503,0.527154310802071,0.52582398465024,0.524236936863438,0.522415998634761,0.520383141834921,0.518159494504742,0.515765344797578,0.513220124715633,0.510542373852744,0.507749688801224,0.5048586663,0.501884848359227,0.498842676327101,0.495745458896104,0.492605356922611,0.489433386005687,0.486239436221641,0.483032307300901,0.479819756843598,0.476608558837097,0.473404569682549,0.470212799078399,0.467037483376128,0.463882159360113,0.460749736766281,0.457642568212827,0.454562515550715,0.451511011940411,0.448489119218649,0.44549758033366,0.442536866800679,0.439607221264837,0.436708695359952,0.433841183123803,0.431004450277878,0.428198159706667,0.42542189348256,0.422675171780847,0.419957469018451,0.417268227532596,0.414606869093861,0.411972804523827,0.409365441662276,0.406784191903697,0.404228475498539,0.401697725791743,0.399191392549994,0.396708944509906,0.394249871262265,0.391813684572183,0.389399919221779,0.387008133450335,0.384637909056888,0.38228885122153,0.37996058809426,0.377652770193782,0.375365069653147,0.373097179344322,0.370848811909641,0.36861969872443,0.36640958881194,0.364218247728903,0.362045456437488,0.359891010177253,0.357754717348625,0.355636398417704,0.353535884850497,0.351453018083278,0.349387648534442,0.347339634662029,0.345308842070067,0.343295142665936,0.341298413870131,0.339318537879076,0.337355400981036,0.335408892924601,0.33347890633879,0.331565336203418,0.329668079368087,0.327787034117865,0.325922099783577,0.32407317639444,0.322240164370718,0.32042296425397,0.318621476472479,0.316835601139416,0.315065237881358,0.31331028569479,0.311570642828316,0.309846206688373,0.30813687376632,0.306442539584894,0.304763098662112,0.303098444490814,0.301448469532136,0.299813065221339,0.298192121984502,0.296585529264701,0.294993175556416,0.293414948446981,0.29185073466401,0.290300420127817,0.28876389000794,0.287241028782946,0.285731720302802,0.284235847853139,0.282753294220824,0.28128394176031,0.279827672460307,0.278384368010349,0.276953909866894,0.275536179318655,0.274131057550873,0.272738425708304,0.271358164956724,0.269990156542771,0.268634281852001,0.267290422465032,0.265958460211696,0.264638277223125,0.263329755981724,0.262032779368988,0.26074723071117,0.259472993822759,0.258209953047804,0.256957993299084,0.255717000095154,0.254486859595293,0.253267458632403,0.25205868474389,0.25086042620058,0.249672572033727,0.248495012060156,0.247327636905611,0.246170338026346,0.245023007729049,0.243885539189129,0.242757826467444,0.241639764525528,0.240531249239376,0.239432177411847,0.238342446783745,0.237261956043636,0.236190604836463,0.235128293771007,0.234074924426257,0.233030399356734,0.231994622096835,0.230967497164232,0.229948930062385,0.228938827282209,0.227937096302959,0.226943645592343,0.225958384605946,0.224981223785978,0.224012074559388,0.223050849335404,0.222097461502503,0.221151825424874,0.220213856438383,0.219283470846102,0.218360585913398,0.217445119862638,0.216536991867526,0.215636122047095,0.21474243145939,0.213855842094864,0.212976276869496,0.212103659617673,0.211237915084843,0.210378968919958,0,0.393165962445231,0.401172506204984,0.409281473415762,0.417459873678958,0.425673015659557,0.433879798501783,0.442031481859246,0.450072773868394,0.457943949472675,0.465583541402709,0.472931618248756,0.479933325176986,0.486541880396363,0.492720208835004,0.49844090590364,0.503684894031061,0.508439553873946,0.512697106775911,0.516453695654612,0.51970919318688,0.522467463009107,0.524736697609747,0.526529528292794,0.527862762098019,0.528756760849838,0.529234584203353,0.529321056462477,0.529041899063079,0.528423021977492,0.52749001197354,0.526267809975739,0.524780541015965,0.523051448612927,0.521102886982108,0.518956333963599,0.516632400111741,0.514150821489303,0.511530433333193,0.508789128172704,0.505943805331294,0.503010319654064,0.500003436561026,0.496936798869298,0.493822908840599,0.490673126994654,0.4874976876157,0.484305729667105,0.481105341026106,0.477903613511079,0.474706706026787,0.47151991322208,0.468347737268826,0.465193960671215,0.46206171835485,0.458953567631815,0.455871554968505,0.452817278783336,0.449791947764083,0.446796434416736,0.443831323739642,0.440896957061022,0.437993471188014,0.435120833095724,0.432278870439608,0.429467298208166,0.426685741849615,0.423933757209339,0.421210847608011,0.418516478375863,0.415850089139226,0.413211104132944,0.410598940788189,0.408013016820754,0.405452756020977,0.402917592923629,0.40040697651488,0.397920373114024,0.39545726855012,0.393017169738079,0.390599605744994,0.388204128425435,0.385830312693993,0.383477756494258,0.38114608051565,0.378834927702726,0.376543962595808,0.374272870536727,0.372021356769104,0.369789145458821,0.367575978656936,0.365381615224407,0.363205829735357,0.361048411373288,0.358909162832573,0.356787899235696,0.354684447075023,0.352598643186378,0.350530333760332,0.348479373395918,0.346445624200355,0.344428954937443,0.342429240226366,0.340446359791958,0.338480197766761,0.336530642044674,0.334597583685498,0.332680916369253,0.330780535898828,0.328896339749241,0.327028226661551,0.325176096279329,0.323339848825448,0.321519384816886,0.319714604815193,0.317925409210251,0.316151698034985,0.3143933708087,0.312650326406793,0.310922462954641,0.309209677743563,0.307511867166823,0.305828926673774,0.304160750740295,0.302507232853832,0.300868265511412,0.299243740229139,0.297633547561764,0.296037577131042,0.294455717661663,0.292887857023672,0.291333882280356,0.289793679740682,0.288267135015445,0.286754133076372,0.285254558317483,0.283768294618109,0.282295225407007,0.280835233727078,0.279388202300255,0.277954013592187,0.276532549876359,0.275123693297377,0.273727325933159,0.272343329855802,0.270971587190961,0.269611980175571,0.268264391213793,0.266928702931076,0.26560479822626,0.264292560321653,0.262991872811044,0.261702619705624,0.260424685477791,0.259157955102849,0.257902314098607,0.25665764856289,0.25542384520899,0.25420079139909,0.252988375175707,0.251786485291178,0.250595011235261,0.249413843260876,0.248242872408062,0.247081990526192,0.245931090294507,0.244790065241022,0.243658809759875,0.242537219127166,0.241425189515348,0.240322618006233,0.239229402602666,0.238145442238927,0.23707063678992,0.236004887079198,0.234948094885883,0.233900162950537,0.232860994980028,0.231830495651447,0.230808570615121,0.229795126496776,0.228790070898891,0.227793312401277,0.226804760560953,0.225824325911322,0.224851919960722,0.223887455190362,0.222930845051695,0.221982003963265,0.221040847307049,0.220107291424336,0.219181253611168,0.218262652113377,0.217351406121249,0.21644743576383,0.21555066210291,0.2146610071267,0.213778393743243,0.212902745773554,0.212033987944536,0.211172045881681,0,0.389121975718762,0.397122102884567,0.405246716067593,0.413458698022421,0.421722712605441,0.429998615736185,0.438239171344502,0.446390349075326,0.454392993047444,0.462185242103897,0.469705613710425,0.476896512864039,0.483707474834178,0.490097304247833,0.496034632662707,0.50149704119322,0.506469392365371,0.510942143808953,0.514910192654171,0.518372415225818,0.521331732460552,0.523795368082161,0.525774981911668,0.527286488606335,0.528349527792653,0.528986671766028,0.529222514770075,0.529082787372477,0.528593601360071,0.52778087864607,0.526669970187062,0.525285437695819,0.52365095434897,0.521789278169782,0.51972225859056,0.517470848010555,0.515055102124856,0.512494162980529,0.509806226006317,0.507008496528596,0.504117142985192,0.50114725389078,0.498112804322673,0.495026635898767,0.491900452356954,0.488744831195864,0.485569250539243,0.482382129478465,0.479190879603784,0.476001965195393,0.472820969538919,0.469652664986883,0.466501084647314,0.463369593894529,0.460260960228696,0.457177420334797,0.454120743491466,0.451092290746529,0.448093069504507,0.445123783361045,0.442184877171911,0.439276577462747,0.436398928374114,0.433551823398627,0.430735033207306,0.427948229884675,0.425191007900256,0.422462902141192,0.419763403319622,0.417091971051622,0.414448044883901,0.411831053521734,0.409240422488056,0.40667558042023,0.404135964188385,0.401621022998019,0.399130221619881,0.396663042872377,0.394218989465718,0.391797585302852,0.389398376319772,0.387020930936882,0.38466484018365,0.382329717550598,0.380015198615607,0.377720940485386,0.375446621087694,0.3731919383453,0.370956609258673,0.368740368920905,0.366542969485291,0.364364179103264,0.362203780847967,0.360061571636588,0.357937361162647,0.355830970847671,0.353742232820148,0.351670988928244,0.349617089791477,0.347580393895454,0.345560766732723,0.34355807999193,0.341572210796661,0.339603040994666,0.337650456497543,0.335714346670481,0.333794603771168,0.331891122436652,0.330003799216612,0.328132532151265,0.326277220391946,0.324437763862252,0.322614062957543,0.320806018280538,0.319013530410723,0.317236499705242,0.315474826129044,0.313728409112015,0.311997147430955,0.31028093911428,0.308579681367449,0.306893270517182,0.305221601972645,0.303564570201868,0.301922068721774,0.300293990100295,0.298680225969147,0.297080667045952,0.295495203164469,0.293923723311825,0.29236611567169,0.290822267672461,0.289292066039583,0.28777539685122,0.286272145596568,0.284782197236161,0.283305436263607,0.281841746768221,0.280391012498112,0.278953116923307,0.277527943298565,0.276115374725559,0.274715294214157,0.273327584742573,0.271952129316176,0.270588811024804,0.269237513098424,0.267898118961035,0.266570512282717,0.265254577029756,0.263950197512779,0.262657258432884,0.261375644925714,0.260105242603495,0.25884593759501,0.257597616583535,0.25636016684276,0.255133476270712,0.253917433421712,0.252711927536419,0.251516848569983,0.250332087218378,0.249157534942936,0.247993083993163,0.246838627427873,0.2456940591347,0.244559273848046,0.243434167165521,0.242318635562931,0.241212576407877,0.240115887972012,0.23902846944202,0.237950220929371,0.236881043478905,0.235820839076303,0.234769510654486,0.233726962099012,0.232693098252502,0.231667824918158,0.230651048862406,0.229642677816726,0.228642620478702,0.227650786512335,0.22666708654766,0.22569143217972,0.22472373596691,0.223763911428755,0.222811873043129,0.22186753624298,0.220930817412563,0.220001633883234,0.219079903928825,0.218165546760625,0.217258482522007,0.216358632282706,0.215465918032803,0.214580262676401,0.21370159002505,0.21282982479092,0.211964892579745,0,0.38504558738662,0.39303215283741,0.40116484101752,0.409403401484395,0.417711688611503,0.426050200402996,0.434373059689239,0.442627564646179,0.450755345454756,0.458694460564943,0.466382245956628,0.473758726591234,0.480770012649259,0.487370864504037,0.493525821680864,0.499208838241169,0.504401905897015,0.509093391389988,0.513276704761773,0.516949586741222,0.520113958802532,0.522776065030199,0.524946593337412,0.526640552832153,0.527876826896777,0.528677449315832,0.529066726056472,0.529070342500209,0.528714570162974,0.528025640477111,0.527029305528857,0.525750568905438,0.524213548566098,0.522441426906826,0.520456446995998,0.518279923629392,0.51593224934063,0.513432886012313,0.51080034077694,0.508052130041815,0.505204737977445,0.502273576283301,0.499272951189415,0.496216042098744,0.493114894509635,0.489980428203522,0.486822460319974,0.483649741939316,0.480470006148759,0.47729002523561,0.474115674566324,0.470952000805713,0.46780329234537,0.464673150093771,0.461564557093556,0.458479945746001,0.455421261719932,0.452390023890626,0.449387379887759,0.446414157028084,0.443470908568959,0.440557955345468,0.437675422950084,0.434823274683387,0.432001340551357,0.42920934261304,0.426446916995496,0.423713632894277,0.421009008870024,0.418332526737646,0.415683643326051,0.413061800365188,0.410466432734647,0.407896975285306,0.405352868423245,0.402833562623974,0.400338522025295,0.397867227229062,0.395419177425747,0.392993891941215,0.390590911292158,0.388209797825423,0.385850136006558,0.383511532414372,0.38119361549091,0.378896035089803,0.376618461860439,0.374360586500549,0.372122118905658,0.369902787240129,0.367702336951378,0.365520529745931,0.363357142543534,0.361211966423233,0.359084805573368,0.356975476255596,0.354883805791457,0.352809631578536,0.350752800141953,0.348713166225764,0.346690591927787,0.344684945880439,0.34269610247936,0.340723941160843,0.338768345728493,0.336829203728952,0.334906405876093,0.33299984552267,0.331109418178091,0.329235021070713,0.327376552752848,0.325533912746499,0.323707001227747,0.321895718747599,0.320099965987091,0.318319643544414,0.316554651751827,0.314804890520176,0.313070259208872,0.311350656519237,0.309645980409225,0.307956128027578,0.3062809956656,0.304620478724795,0.302974471698738,0.301342868167633,0.299725560804121,0.298122441388975,0.296533400835467,0.294958329221221,0.29339711582651,0.291849649178007,0.29031581709712,0.288795506752066,0.287288604712977,0.285794997009357,0.284314569189279,0.282847206379813,0.281392793348166,0.279951214563141,0.278522354256513,0.277106096483999,0.275702325185537,0.274310924244604,0.272931777546384,0.271564769034567,0.270209782766656,0.268866702967634,0.267535414081886,0.266215800823299,0.264907748223476,0.263611141678001,0.262325866990746,0.261051810416181,0.259788858699689,0.258536899115892,0.257295819504995,0.256065508307169,0.254845854595005,0.253636748104069,0.2524380792616,0.251249739213389,0.250071619848886,0.24890361382459,0.24774561458576,0.246597516386525,0.245459214308407,0.244330604277359,0.24321158307933,0.24210204837445,0.241001898709858,0.23991103353125,0.238829353193196,0.237756758968276,0.236693153055086,0.235638438585177,0.234592519628965,0.233555301200672,0.232526689262333,0.231506590726934,0.230494913460709,0.229491566284647,0.228496458975257,0.227509502264624,0.226530607839798,0.225559688341552,0.224596657362554,0.223641429444977,0.222693920077594,0.221754045692373,0.220821723660617,0.21989687228868,0.218979410813276,0.218069259396413,0.21716633911999,0.21627057198006,0.215381880880795,0.214500189628183,0.213625422923463,0.212757506356329,0,0.380935370731327,0.388903570079261,0.397037200853044,0.405295325102287,0.413641173931845,0.422035682520551,0.430434184564295,0.43878533421781,0.447031728010658,0.455111631906752,0.462961558170737,0.470519522446284,0.477728507279273,0.484539367438777,0.490912489165995,0.496817963381282,0.502234577192511,0.507148267087426,0.511550681797692,0.51543824795113,0.518811797228848,0.521676561607867,0.524042247502468,0.525922945208276,0.527336752151377,0.528305117224814,0.528852002687271,0.529002994419695,0.528784479195436,0.528222968551411,0.527344602696428,0.526174828733653,0.52473822205183,0.523058408759595,0.52115804754763,0.519058837024102,0.516781525243531,0.51434590873445,0.511770816978333,0.509074084254046,0.506272514074487,0.503381842586409,0.500416706931184,0.497390623307553,0.494315977853975,0.491204031843504,0.488064941278528,0.484907789890088,0.481740633807891,0.478570555743027,0.475403726360416,0.47224547054872,0.469100336461382,0.465972165451537,0.462864161314506,0.459778957553777,0.456718681678523,0.453685015809211,0.450679253105054,0.44770234972958,0.444754972238158,0.441837540405553,0.438950265615314,0.436093185009642,0.433266191651987,0.430469060988796,0.427701473915114,0.424963036754444,0.422253298459173,0.419571765326688,0.416917913510033,0.414291199582445,0.411691069393792,0.409116965434944,0.406568332904314,0.404044624649778,0.401545305139467,0.399069853596654,0.396617766417357,0.3941885589744,0.391781766898376,0.389396946914301,0.38703367730251,0.384691558043416,0.382370210698029,0.380069278069405,0.377788423684388,0.37552733112994,0.373285703273982,0.371063261396818,0.368859744255839,0.366674907103265,0.364508520674031,0.362360370158599,0.360230254173388,0.358117983739654,0.356023381279948,0.353946279639815,0.351886521140996,0.349843956671217,0.347818444814532,0.345809851025242,0.343818046847533,0.341842909182228,0.339884319601368,0.337942163710783,0.336016330560293,0.33410671210077,0.332213202686938,0.330335698624488,0.328474097759864,0.326628299110871,0.324798202536146,0.322983708441414,0.321184717520385,0.319401130528152,0.317632848084883,0.3158797705077,0.314141797668589,0.312418828876308,0.310710762780291,0.309017497294616,0.307338929540226,0.305674955803633,0.304025471510471,0.302390371212327,0.300769548585403,0.299162896439629,0.297570306736967,0.295991670617731,0.294426878433821,0.29287581978789,0.291338383577506,0.289814458043492,0.288303930821656,0.28680668899725,0.285322619161499,0.283851607469667,0.28239353970014,0.280948301314081,0.279515777515254,0.278095853309678,0.276688413564784,0.27529334306782,0.273910526583261,0.272539848909028,0.271181194931348,0.269834449678106,0.268499498370575,0.267176226473426,0.265864519742943,0.264564264273388,0.263275346541468,0.261997653448877,0.260731072362909,0.259475491155122,0.258230798238069,0.25699688260011,0.255773633838325,0.254560942189556,0.253358698559611,0.252166794550675,0.250985122486959,0.249813575438645,0.248652047244165,0.247500432530871,0.246358626734139,0.245226526114972,0.244104027776148,0.242991029676961,0.241887430646622,0.240793130396368,0.239708029530325,0.23863202955519,0.237565032888774,0.236506942867466,0.235457663752661,0.2344171007362,0.233385159944876,0.232361748444052,0.231346774240429,0.230340146284013,0.229341774469322,0.228351569635881,0.227369443568027,0.226395308994085,0.22542907958493,0.22447066995199,0.223519995644704,0.222576973147485,0.221641519876216,0.220713554174295,0.219792995308273,0.218879763463113,0.217973779737078,0.217074966136299,0.216183245569026,0.215298541839597,0.214420779642137,0.213549884554013,0,0.376790034958794,0.384736723413341,0.392864799665149,0.401135644708312,0.409512329887549,0.41795616532259,0.426423579666307,0.434864588830794,0.443222904413835,0.451437262020366,0.459443692983138,0.467178578480142,0.474582102231114,0.481601408599379,0.488192736015527,0.494322132133866,0.499964874797623,0.505104128804938,0.509729481165477,0.513835828713647,0.517422787548916,0.520494519399843,0.523059726011433,0.525131562039414,0.526727311563137,0.527867796311502,0.528576582440584,0.528879102693647,0.528801812943696,0.528371472126099,0.527614591675483,0.526557060260524,0.525223920654001,0.523639260495006,0.521826175723822,0.519806770788874,0.517602169248153,0.515232518777778,0.512716983674316,0.510073724629033,0.507319869653502,0.504471481875421,0.501543530078982,0.49854986695559,0.495503218595996,0.492415187196324,0.489296267528187,0.486155876575685,0.483002394917493,0.479843217919129,0.476684814554513,0.473532791639099,0.470391961370331,0.467266410282161,0.464159567985853,0.46107427435611,0.458012844106188,0.454977127962438,0.451968569888085,0.448988260013443,0.44603698310363,0.443115262536169,0.440223399871859,0.437361510186158,0.434529553388491,0.431727361796982,0.428954664259659,0.426211107123276,0.42349627235063,0.420809693079064,0.418150866899,0.415519267113674,0.412914352221284,0.410335573839671,0.407782383272422,0.405254236894556,0.402750600516295,0.400270952865012,0.397814788308688,0.395381618928949,0.392970976038174,0.3905824112231,0.388215496986746,0.385869827051218,0.383545016375845,0.381240700938132,0.378956537318856,0.376692202127399,0.374447391298759,0.372221819289695,0.370015218197912,0.367827336825115,0.365657939702007,0.363506806090893,0.361373728979346,0.359258514076504,0.357160978821777,0.355080951414227,0.353018269869433,0.350972781109439,0.348944340090223,0.346932808970135,0.344938056321847,0.342959956389559,0.340998388392538,0.339053235875409,0.33712438610514,0.33521172951418,0.333315159188847,0.331434570401738,0.329569860186671,0.327720926954488,0.325887670147844,0.324069989933044,0.322267786926865,0.320480961956285,0.318709415849003,0.316953049252642,0.315211762480574,0.313485455382304,0.311774027236468,0.310077376664502,0.308395401563176,0.306727999054223,0.305075065449421,0.303436496229538,0.301812186035685,0.300202028671669,0.298605917116078,0.297023743542889,0.295455399349478,0.293900775191023,0.292359761020356,0.290832246132381,0.2893181192123,0.287817268386911,0.28632958127833,0.284854945059566,0.283393246511399,0.281944372080123,0.280508207935692,0.279084640029947,0.277673554154544,0.276274835998344,0.274888371203974,0.273514045423377,0.272151744372136,0.27080135388244,0.269462759954542,0.268135848806616,0.266820506922911,0.265516621100149,0.264224078492101,0.262942766652316,0.261672573574975,0.260413387733852,0.2591650981194,0.257927594273944,0.256700766325024,0.25548450501689,0.254278701740188,0.253083248559874,0.25189803824138,0.250722964275095,0.249557920899184,0.248402803120811,0.2472575067358,0.246121928346796,0.244995965379966,0.243879516100307,0.242772479625594,0.241674755939039,0.240586245900701,0.239506851257701,0.238436474653297,0.237375019634866,0.236322390660841,0.235278493106657,0.234243233269741,0.233216518373614,0.232198256571122,0.231188356946862,0.230186729518835,0.229193285239372,0.228207935995361,0.227230594607829,0.226261174830907,0.225299591350212,0.224345759780685,0.223399596663916,0.222461019464982,0.22152994656884,0.220606297276292,0.21968999179956,0.218780951257484,0.217879097670383,0.216984353954592,0.216096643916705,0.215215892247546,0.21434202451588,0,0.372609266827359,0.380531367401416,0.388648191470656,0.396925286586687,0.405326192578897,0.413812690923172,0.422342252690917,0.430866260588165,0.439329666906235,0.44767191506489,0.455828881536871,0.463735686819503,0.471330068294869,0.478555704936734,0.485364757631177,0.491719111044599,0.49759026739098,0.502958286531369,0.507810374989666,0.512139650481941,0.51594435165579,0.519227482817062,0.521996700014591,0.524264198122777,0.526046420326443,0.527363521905607,0.52823862347418,0.528696952166724,0.528764985757636,0.528469695110538,0.527837942384815,0.526896052307713,0.525669542143543,0.524182977097011,0.522459911339037,0.520522877542616,0.518393395862068,0.516091983201707,0.513638152921617,0.511050402438381,0.508346191030334,0.505541912702594,0.502652869689945,0.499693251663604,0.496676124508435,0.49361343108333,0.490516004966906,0.487393596997203,0.48425491351401,0.4811076646148,0.477958620408744,0.474813673146912,0.471677903164604,0.468555646741141,0.465450564218959,0.462365706992272,0.459303582250161,0.456266214621857,0.45325520411205,0.450271779925023,0.447316849955783,0.444391045874147,0.441494763845624,0.43862820102355,0.435791388013613,0.432984217557866,0.430206469714143,0.427457833821483,0.424737927545752,0.422046313294658,0.419382512280085,0.416746016489985,0.414136298813568,0.411552821543543,0.408995043458549,0.406462425668645,0.403954436387143,0.401470554773706,0.399010273976629,0.396573103486766,0.39415857090162,0.391766223185747,0.389395627502627,0.387046371683554,0.384718064390694,0.382410335024096,0.380122833416124,0.377855229351179,0.375607211943803,0.373378488904012,0.371168785715043,0.368977844745457,0.366805424314673,0.364651297728481,0.362515252298828,0.360397088360167,0.358296618292818,0.356213665562229,0.354148063781521,0.352099655803416,0.350068292846489,0.348053833659616,0.346056143727572,0.344075094519901,0.34211056278445,0.340162429886333,0.338230581192504,0.336314905501678,0.334415294518912,0.332531642373811,0.33066384518106,0.328811800641748,0.326975407683759,0.325154566139391,0.323349176458255,0.321559139453431,0.31978435607886,0.318024727235902,0.316280153607029,0.314550535514653,0.312835772803126,0.311135764742018,0.309450409948842,0.307779606329482,0.306123251034654,0.304481240430821,0.302853470084071,0.301239834755557,0.299640228407195,0.29805454421639,0.296482674598664,0.294924511237136,0.293379945117886,0.29184886657032,0.290331165311722,0.288826730495248,0.287335450760703,0.285857214287478,0.284391908849112,0.282939421868972,0.281499640476626,0.280072451564509,0.278657741844535,0.27725539790435,0.275865306262968,0.274487353425543,0.27312142593709,0.271767410434971,0.270425193700018,0.269094662706158,0.267775704668446,0.266468207089435,0.265172057803807,0.263887145021232,0.262613357367414,0.261350583923314,0.260098714262536,0.258857638486874,0.257627247260043,0.256407431839597,0.255198084107069,0.253999096596354,0.252810362520375,0.251631775796073,0.250463231067747,0.24930462372881,0.24815584994199,0.247016806658031,0.245887391632941,0.244767503443843,0.243657041503466,0.242555906073345,0.241463998275762,0.240381220104494,0.239307474434405,0.238242665029947,0.237186696552598,0.236139474567301,0.235100905547953,0.234070896881964,0.233049356873968,0.232036194748695,0.231031320653073,0.230034645657576,0.229046081756879,0.228065541869846,0.227092939838892,0.226128190428748,0.225171209324677,0.224221913130154,0.223280219364068,0.222346046457443,0.221419313749741,0.220499941484746,0.219587850806077,0.218682963752344,0.217785203251977,0.216894493117743,0.216010758040983,0.215133923585584,0,0.368391917661599,0.376286543361287,0.384387395510912,0.392664845663073,0.401083611538773,0.409606199612355,0.418191158328133,0.426791262971883,0.435352820223653,0.443816199395342,0.452117431169389,0.460190744168285,0.467971798729581,0.475401096235559,0.482426851720749,0.489006730141771,0.49510823787174,0.500708014821937,0.5057905585848,0.510346929733253,0.514373792221814,0.517872874251347,0.520850723328741,0.523318539192292,0.525291893543746,0.526790237341879,0.527836198718919,0.52845474815285,0.528672337628974,0.528516112232719,0.528013261081855,0.527190536004027,0.526073932922656,0.524688508642217,0.523058295632204,0.521206277277727,0.519154392332752,0.516923546460914,0.514533618060399,0.512003453364259,0.509350851350557,0.506592542244682,0.503744164715323,0.500820246794023,0.497834194629738,0.49479829188063,0.491723711177292,0.488620537873319,0.485497805336379,0.482363540357206,0.479224816848596,0.476087815829565,0.472957889689364,0.469839628850584,0.466736929154752,0.463653058540856,0.460590721849076,0.457552122839032,0.454539022750778,0.451552794950149,0.448594475383939,0.445664808723987,0.442764290203527,0.439893203246333,0.437051653062109,0.434239596433452,0.431456867953783,0.428703202994975,0.425978257691,0.423281626222194,0.42061285567622,0.417971458748219,0.415356924525798,0.412768727585658,0.410206335608906,0.407669215702266,0.405156839593097,0.402668687847793,0.400204253246028,0.397763043427656,0.395344582914847,0.392948414599347,0.390574100773426,0.388221223773132,0.38588938629373,0.383578211429563,0.381287342483927,0.379016442588753,0.376765194168838,0.374533298280975,0.37232047385445,0.370126456856021,0.367950999399493,0.365793868817362,0.363654846709662,0.361533727983058,0.359430319891345,0.357344441086848,0.355275920690707,0.353224597388671,0.351190318557842,0.349172939428664,0.347172322285569,0.345188335708741,0.343220853858768,0.341269755805236,0.339334924899761,0.337416248193434,0.335513615898235,0.333626920891581,0.331756058262906,0.32990092490088,0.328061419119707,0.326237440322764,0.324428888701742,0.32263566496937,0.320857670123739,0.31909480524225,0.317346971303185,0.315614069032925,0.313895998776907,0.312192660392413,0.31050395316139,0.308829775721554,0.307170026014099,0.305524601246437,0.303893397868453,0.302276311560879,0.300673237234436,0.299084069038533,0.297508700378342,0.2959470239392,0.294398931717328,0.292864315055987,0.2913430646862,0.289835070771312,0.288340222954664,0.286858410409766,0.285389521892403,0.283933445794138,0.282490070196783,0.281059282927396,0.27964097161346,0.278235023737915,0.276841326693749,0.275459767837922,0.274090234544378,0.272732614255989,0.271386794535255,0.270052663113629,0.268730107939369,0.267419017223809,0.266119279485993,0.264830783595606,0.263553418814173,0.262287074834485,0.261031641818246,0.259787010431943,0.258553071880916,0.257329717941677,0.256116840992463,0.254914334042068,0.253722090756981,0.252540005486856,0.251367973288358,0.250205889947431,0.249053652000017,0.247911156751284,0.246778302293408,0.245654987521949,0.244541112150879,0.243436576726302,0.242341282638931,0.241255132135346,0.240178028328108,0.239109875204759,0.238050577635767,0.237000041381452,0.235958173097952,0.234924880342264,0.233900071576409,0.232883656170755,0.231875544406564,0.230875647477765,0.229883877492032,0.228900147471178,0.227924371350905,0.22695646397997,0.225996341118758,0.225043919437341,0.224099116513013,0.223161850827368,0.222232041762923,0.221309609599325,0.220394475509179,0.21948656155349,0.218585790676788,0.217692086701923,0.216805374324569,0.215925579107461,0,0.364135921565372,0.372000564911828,0.380081837896982,0.388354513603981,0.396785188080319,0.405337484945813,0.41397116690262,0.422640467812816,0.431293163155711,0.439870751734433,0.448309711600111,0.45654374068849,0.464506802461149,0.472136544274054,0.479377423948899,0.486182893867822,0.492516296887623,0.498350565706849,0.503667160061446,0.508454782814634,0.512708292680578,0.516427990114308,0.519619225943914,0.52229215429882,0.524461438562723,0.526145786902404,0.527367289680239,0.528150611075718,0.528522129509861,0.528509124841532,0.528139086487119,0.527439181131369,0.526435884552823,0.525154757016882,0.523620328206022,0.521856054563071,0.519884316150157,0.517726428230163,0.515402651867889,0.512932195973009,0.510333209361737,0.507622765343759,0.504816843274765,0.50193031192187,0.498976918895529,0.495969289277549,0.492918935282073,0.489836277566851,0.486730677801954,0.483610481357355,0.48048306849005,0.477354912163713,0.474231640573206,0.471118102522937,0.468018433976813,0.464936124320019,0.461874081119425,0.458834692418186,0.45581988583623,0.452831183962643,0.449869755713324,0.446936463485935,0.444031906074368,0.441156457408253,0.438310301262111,0.435493462136344,0.432705832551648,0.429947197022411,0.427217252986342,0.424515628969275,0.421841900258413,0.419195602345942,0.416576242389887,0.413983308921504,0.411416280009712,0.408874630073809,0.406357835516754,0.403865379333076,0.401396754828343,0.398951468571281,0.396529042685206,0.394129016572411,0.391750948153527,0.389394414693621,0.387059013277693,0.384744360990337,0.382450094847358,0.380175871521127,0.377921366896133,0.375686275486617,0.373470309744137,0.37127319927935,0.369094690019225,0.366934543318113,0.364792535038672,0.362668454616479,0.360562104120192,0.358473297317424,0.356401858754877,0.354347622859953,0.352310433069721,0.350290140992069,0.348286605602812,0.346299692481654,0.344329273089095,0.342375224085689,0.340437426694429,0.338515766106498,0.336610130930201,0.334720412682439,0.332846505321823,0.330988304822208,0.329145708785221,0.327318616090191,0.325506926579742,0.323710540779218,0.321929359648057,0.320163284361174,0.318412216118422,0.316676055980198,0.314954704727298,0.313248062743155,0.311556029916663,0.309878505563843,0.308215388366687,0.306566576327581,0.304931966737803,0.303311456158674,0.301704940414007,0.300112314592605,0.298533473059643,0.296968309475821,0.295416716823304,0.293878587437494,0.292353813043797,0.290842284798581,0.289343893333624,0.28785852880338,0.286386080934498,0.284926439077027,0.283479492256856,0.28204512922894,0.280623238530929,0.279213708536875,0.277816427510689,0.276431283659111,0.27505816518394,0.273696960333346,0.272347557452071,0.271009845030387,0.26968371175169,0.26836904653862,0.267065738597628,0.265773677461939,0.264492753032834,0.263222855619247,0.261963875975631,0.26071570533809,0.259478235458779,0.258251358638563,0.257034967757971,0.255828956306439,0.254633218409889,0.253447648856665,0.252272143121858,0.251106597390058,0.249950908576584,0.248804974347219,0.247668693136501,0.246541964164623,0.245424687452976,0.244316763838389,0.243218094986113,0.242128583401601,0.241048132441119,0.239976646321251,0.238914030127332,0.237860189820865,0.23681503224596,0.23577846513484,0.234750397112468,0.233730737700323,0.23271939731937,0.231716287292277,0.230721319844899,0.229734408107077,0.2287554661128,0.227784408799729,0.226821152008165,0.22586561247946,0.224917707853906,0.223977356668158,0.223044478352179,0.222118993225779,0.221200822494732,0.220289888246545,0.219386113445852,0.218489421929498,0.217599738401313,0.216716988426608,0,0.359838057743444,0.367671024615986,0.375730321880247,0.383994024215861,0.39243121896134,0.401007147747138,0.40968302997989,0.418414679314942,0.42715146774377,0.435836219499215,0.444406139543636,0.452794747248592,0.460934695330479,0.468761129720854,0.476214991333284,0.483245590247074,0.489811995480291,0.495883181709893,0.501437250840196,0.506460232105923,0.510944918517622,0.514889997863552,0.518299508047699,0.521182488243458,0.523552647007629,0.525427908238314,0.52682977963863,0.52778257052615,0.528312538121939,0.528447056292524,0.528213885579921,0.527640592211878,0.52675413007268,0.52558057245359,0.524144963802029,0.522471255590591,0.520582292397248,0.518499821081185,0.516244504569754,0.513835930054551,0.511292608061799,0.508631963436203,0.505870321831863,0.503022896220337,0.500103777697847,0.497125933975237,0.494101217751013,0.491040385972861,0.487953129952763,0.484848115495508,0.481733031648872,0.478614646366511,0.475498867252338,0.472390805581558,0.469294841923815,0.466214691888978,0.463153470744593,0.4601137558923,0.457097646421966,0.454106819176012,0.451142580946205,0.44820591658805,0.445297532973384,0.442417898810925,0.439567280449383,0.436745773841047,0.433953332888313,0.431189794424349,0.428454900094875,0.425748315413287,0.423069646258599,0.420418453076753,0.417794263032665,0.415196580344228,0.412624895011755,0.410078690137779,0.407557448013589,0.405060655130877,0.40258780625977,0.40013840771856,0.397711979945845,0.395308059472506,0.392926200379027,0.390565975313107,0.388226976133092,0.385908814234565,0.38361112061019,0.381333545686592,0.379075758976571,0.376837448580095,0.374618320563339,0.372418098241317,0.370236521386419,0.368073345382284,0.365928340339904,0.363801290190586,0.36169199176839,0.359600253892842,0.357525896461116,0.355468749557428,0.353428652586057,0.351405453433288,0.349399007662475,0.347409177745527,0.345435832333279,0.343478845566468,0.341538096428414,0.339613468139915,0.3377048475964,0.335812124846958,0.333935192614516,0.332073945856123,0.330228281362086,0.328398097392476,0.326583293349411,0.32478376948336,0.322999426631679,0.321230165987519,0.31947588889721,0.317736496684254,0.316011890498056,0.314301971185555,0.31260663918397,0.310925794432943,0.309259336304394,0.307607163548515,0.305969174254376,0.304345265823708,0.302735334956511,0.301139277647218,0.299556989190208,0.297988364193583,0.296433296600156,0.294891679714711,0.293363406236649,0.291848368297217,0.290346457500575,0.288857564968036,0.287381581384856,0.285918397049019,0.284467901921531,0.28302998567775,0.281604537759371,0.280191447426684,0.278790603810815,0.277401895965644,0.276025212919164,0.274660443724076,0.273307477507416,0.271966203519072,0.270636511179053,0.269318290123388,0.268011430248578,0.266715821754518,0.265431355185828,0.264157921471559,0.262895411963236,0.261643718471222,0.260402733299388,0.259172349278098,0.257952459795517,0.256742958827239,0.255543740964285,0.25435470143947,0.253175736152186,0.252006741691624,0.250847615358487,0.249698255185215,0.248558559954777,0.247428429218072,0.246307763309974,0.245196463364083,0.244094431326209,0.243001569966654,0.24191778289132,0.240842974551708,0.239777050253834,0.238719916166128,0.237671479326341,0.236631647647519,0.23560032992308,0.234577435831032,0.233562875937386,0.232556561698792,0.23155840546444,0.230568320477266,0.229586220874496,0.228612021687572,0.22764563884148,0.226686989153525,0.225735990331577,0.224792560971824,0.223856620556061,0.222928089448541,0.22200688889241,0.221092941005767,0.220186168777353,0.219286496061918,0.218393847575262,0.217508148888998,0,0.355494650513459,0.36329478796742,0.371331031655255,0.379582623638576,0.388021651481739,0.396615552931431,0.405327344962625,0.414114606006996,0.422928456421752,0.431713241342297,0.440407161735845,0.448943901047901,0.457255189437039,0.46527404679529,0.472938183316047,0.480192898087258,0.486992936544991,0.493303108653715,0.499097856815768,0.504360213360345,0.509080619854456,0.513255934093062,0.516888734687509,0.519986854182209,0.522562986590888,0.524634224312783,0.526221446249404,0.52734855870595,0.528041650208039,0.528328146863566,0.528236049014461,0.527793304292721,0.52702734007124,0.525964749861777,0.524631108892778,0.523050885052258,0.521247410938827,0.519242888004103,0.51705840170293,0.514713934821843,0.512228373218003,0.509619503364456,0.506904004265663,0.504097437755901,0.501214241367304,0.498267727320867,0.495270090155125,0.492232424364527,0.489164752368751,0.486076062281494,0.482974354331504,0.479866694404004,0.476759272986432,0.473657467776548,0.470565908300057,0.467488541049717,0.464428693865655,0.46138913850205,0.458372150550118,0.455379566098988,0.452412834706996,0.449473068422129,0.446561086730442,0.443677457425776,0.440822533484503,0.437996486097797,0.435199334063623,0.432430969774098,0.429691182053769,0.426979676113286,0.424296090883168,0.421640013986006,0.419010994594213,0.416408554405899,0.413832196954798,0.411281415452468,0.408755699342953,0.406254539732369,0.403777433838878,0.401323888592543,0.398893423499734,0.396485572873339,0.394099887517773,0.391735935946968,0.38939330520381,0.387071601340974,0.384770449615631,0.382489494443895,0.380228399155161,0.377986845581442,0.375764533512425,0.373561180043093,0.371376518837369,0.369210299328261,0.367062285872314,0.364932256873842,0.362820003892294,0.360725330744267,0.35864805260996,0.356587995152397,0.354544993656369,0.352518892192853,0.350509542813566,0.348516804779364,0.346540543825303,0.344580631464459,0.342636944331878,0.34070936356948,0.338797774252199,0.336902064855227,0.335022126761806,0.333157853810755,0.331309141882598,0.329475888522989,0.327657992601929,0.325855354007162,0.324067873370018,0.322295451821942,0.320537990779866,0.318795391758611,0.317067556208479,0.315354385376239,0.313655780187739,0.311971641150436,0.310301868274167,0.308646361008604,0.307005018195832,0.305377738036648,0.303764418069181,0.302164955158568,0.300579245496478,0.29900718460934,0.297448667374245,0.295903588041544,0.294371840263232,0.292853317126299,0.291347911190293,0.289855514528378,0.288376018771284,0.286909315153542,0.285455294561506,0.284013847582683,0.282584864555946,0.281168235622267,0.279763850775614,0.278371599913739,0.276991372888573,0.275623059556021,0.274266549824934,0.272921733705115,0.271588501354184,0.270266743123204,0.268956349600944,0.267657211656711,0.266369220481675,0.265092267628635,0.263826245050191,0.262571045135295,0.261326560744159,0.260092685241525,0.258869312528291,0.257656337071499,0.256453653932715,0.255261158794808,0.254078747987164,0.252906318509355,0.251743768053317,0.250590995024043,0.249447898558863,0.248314378545325,0.247190335637739,0.246075671272413,0.244970287681636,0.243874087906444,0.242786975808225,0.241708856079193,0.24063963425179,0.239579216707052,0.238527510681986,0.237484424275999,0.236449866456424,0.235423747063185,0.234405976812635,0.233396467300617,0.232395131004777,0.231401881286173,0.230416632390216,0.22943929944697,0.228469798470856,0.227508046359788,0.226553960893773,0.225607460733006,0.224668465415484,0.22373689535418,0.222812671833792,0.221895717007099,0.220985953890952,0.220083306361912,0.21918769915157,0.218299057841569,0,0.351099414429448,0.358867965153111,0.366881581608658,0.375119072484163,0.383556056109719,0.392162793571467,0.400904521328665,0.409740831993513,0.418624777734537,0.427502426166068,0.436313236467352,0.44499138967347,0.453468080644568,0.461674595739516,0.46954574047489,0.47702299205057,0.484056784827225,0.49060760793052,0.496645969891136,0.502151584046177,0.507112235271929,0.511522703735032,0.515383931175317,0.518702426517503,0.521489792797026,0.523762234917016,0.525539953551491,0.526846403234304,0.527707456181452,0.528150548146336,0.528203886102412,0.527895778380693,0.527254118477254,0.526306024921778,0.525077618068636,0.523593902830952,0.521878723436562,0.51995475976419,0.517843541822366,0.51556546696382,0.513139811750447,0.510584736065758,0.507917280832562,0.505153362687648,0.502307769573088,0.499394160872717,0.496425074863815,0.493411945192862,0.490365127044476,0.487293932786823,0.484206676204847,0.481110723984347,0.478012552864165,0.474917810794213,0.47183138048271,0.468757443847786,0.465699546073044,0.462660658176861,0.459643237221315,0.456649283494525,0.45368039419103,0.450737813283324,0.447822477421765,0.444935057819279,0.442075998173005,0.439245548748969,0.436443796810649,0.433670693610378,0.430926078186654,0.428209698222984,0.425521228227281,0.422860285287043,0.420226442646483,0.417619241338859,0.4150382000919,0.412482823707412,0.409952610098761,0.407447056152516,0.404965662563792,0.402507937778787,0.400073401163166,0.397661585501292,0.395272038918832,0.392904326310182,0.390558030342148,0.388232752096535,0.385928111406525,0.38364374693487,0.38137931603599,0.379134494438761,0.376908975782251,0.374702471032573,0.372514707805534,0.370345429616598,0.368194395076944,0.366061377051943,0.363946161796203,0.361848548077373,0.359768346299169,0.35770537763253,0.355659473162388,0.353630473056309,0.351618225760121,0.349622587224648,0.347643420166762,0.345680593367178,0.343733981006716,0.341803462042117,0.339888919621969,0.337990240542849,0.33610731474535,0.334240034849343,0.33238829572754,0.330551994116189,0.328731028261518,0.326925297600446,0.325134702473913,0.323359143871151,0.321598523203124,0.31985274210338,0.318121702254512,0.316405305238479,0.314703452409036,0.313016044784579,0.311342982959752,0.309684167034249,0.308039496557266,0.306408870486175,0.304792187158034,0.303189344272644,0.301600238885923,0.300024767412462,0.298462825636195,0.296914308728179,0.295379111270585,0.293857127286037,0.292348250271514,0.29085237323612,0.289369388742044,0.28789918894813,0.286441665655506,0.284996710354796,0.28356421427446,0.282144068429879,0.280736163672831,0.279340390741038,0.277956640307511,0.276584803029461,0.275224769596542,0.273876430778254,0.272539677470356,0.27121440074013,0.26990049187041,0.268597842402259,0.267306344176229,0.266025889372143,0.264756370547348,0.263497680673409,0.262249713171213,0.261012361944488,0.259785521411709,0.258569086536417,0.257362952855953,0.256167016508616,0.254981174259288,0.253805323523527,0.252639362390182,0.251483189642547,0.250336704778097,0.249199808026848,0.248072400368372,0.246954383547513,0.245845660088853,0.244746133309959,0.243655707333459,0.242574287098003,0.241501778368126,0.240438087743085,0.239383122664692,0.238336791424201,0.237299003168274,0.236269667904083,0.23524869650358,0.234236000706973,0.233231493125455,0.232235087243209,0.231246697418735,0.230266238885544,0.229293627752222,0.228328781001933,0.227371616491366,0.22642205294917,0.225480009973904,0.224545408031532,0.22361816845248,0.222698213428295,0.221785466007927,0.22087985009365,0.219981290436657,0.219089712632346,0,0.346642404805065,0.354386100721465,0.36237912714465,0.370601685501717,0.379033622088517,0.387648666766412,0.396414751629145,0.405293789349626,0.414240981627344,0.423204331109088,0.432124813865517,0.440937433725098,0.44957323435669,0.457962173182582,0.466036510875524,0.473734145471389,0.48100127521102,0.487793967926803,0.494078559586727,0.499831132480393,0.505036496781029,0.509687080388397,0.513781979319668,0.517326234185372,0.520330260534215,0.52280930781914,0.524782843403861,0.526273819299637,0.527307843131106,0.527912316859555,0.528115619305631,0.527946396474674,0.527432998020713,0.526603069907397,0.525483290192482,0.524099220485407,0.522475240175475,0.520634532082719,0.518599094042733,0.5163897585442,0.514026209973286,0.51152699513155,0.508909527012647,0.506190084365146,0.503383810635511,0.500504715891193,0.497565684680452,0.49457849183617,0.49155382722563,0.488501329545379,0.485429628542114,0.482346394533409,0.47925839379637,0.476171548258376,0.473090997924308,0.470021164570993,0.466965815398099,0.463928125517313,0.460910738366974,0.457915823341805,0.454945130116688,0.452000039313232,0.449081609305087,0.446190619081416,0.443327607188464,0.440492906848107,0.437686677411901,0.434908932351872,0.432159564017534,0.429438365404929,0.426745049190064,0.424079264278038,0.421440610112283,0.418828648977231,0.416242916513728,0.413682930650702,0.411148199139904,0.408638225863663,0.406152516068956,0.403690580665269,0.401251939708762,0.398836125181439,0.396442683161436,0.394071175469094,0.391721180863317,0.389392295853587,0.387084135184989,0.384796332046507,0.382528538046637,0.38028042299489,0.378051674522978,0.375841997575273,0.373651113794432,0.371478760824832,0.369324691553569,0.367188673306241,0.36507048701247,0.362969926354069,0.360886796907002,0.358820915286616,0.356772108304212,0.354740212141704,0.352725071549948,0.350726539075285,0.348744474317914,0.34677874322487,0.344829217419651,0.342895773569897,0.340978292793947,0.339076660106606,0.337190763904035,0.33532049548731,0.333465748623874,0.331626419145885,0.329802404584216,0.327993603836729,0.326199916869296,0.324421244447952,0.322657487900516,0.320908548905944,0.319174329309693,0.317454730963371,0.315749655586947,0.31405900465186,0.312382679283393,0.310720580180722,0.30907260755314,0.307438661070996,0.305818639829966,0.304212442327357,0.302619966449209,0.301041109467032,0.299475768043098,0.297923838243282,0.296385215556508,0.294859794919936,0.293347470749086,0.291848136972167,0.290361687067937,0.288888014106469,0.287427010792283,0.285978569509311,0.284542582367263,0.283118941248959,0.281707537858272,0.280308263768353,0.278921010469832,0.277545669418751,0.276182132084002,0.274830289994061,0.273490034782854,0.272161258234619,0.270843852327612,0.269537709276586,0.268242721573927,0.266958782029401,0.265685783808436,0.264423620468914,0.263172185996437,0.261931374838045,0.260701081934379,0.259481202750287,0.258271633303886,0.257072270194075,0.255883010626535,0.25470375243823,0.253534394120439,0.25237483484034,0.2512249744612,0.250084713561178,0.248953953450811,0.247832596189194,0.246720544598909,0.245617702279746,0.244523973621247,0.243439263814129,0.242363478860613,0.241296525583721,0.24023831163556,0.239188745504652,0.238147736522348,0.237115194868355,0.236091031575437,0.235075158533302,0.234067488491738,0.233067935063019,0.232076412723627,0.231092836815308,0.230117123545522,0.229149189987297,0.228188954078534,0.227236334620776,0.226291251277493,0.225353624571892,0.224423375884291,0.223500427449081,0.222584702351297,0.221676124522829,0.220774618738284,0.219880110610542,0,0.342114306945909,0.349844651612018,0.357820537612113,0.366028411299666,0.37445318018603,0.383072665568922,0.391857990592878,0.400773733890912,0.409777495654281,0.418819439271719,0.427842315347761,0.436782268254756,0.445570569734167,0.454136260520919,0.462409444111085,0.470324730843646,0.47782421909135,0.484859514308772,0.491392584422774,0.497395587518088,0.502850035813043,0.507745707755696,0.512079614546479,0.515855154436503,0.519081435848674,0.521772669612184,0.523947526376417,0.525628401146636,0.526840587144872,0.52761140803045,0.527969378180348,0.527943456139928,0.527562435317627,0.526854489196985,0.525846864291061,0.524565697505471,0.523035926684011,0.521281262628279,0.519324195404334,0.517186014737306,0.514886831685981,0.51244559523058,0.509880102234028,0.507207002318889,0.504441800745505,0.501598862750619,0.498691422411616,0.495731598294968,0.492730417201513,0.489697846419283,0.486642834141791,0.48357335715019,0.480496474494599,0.477418385721682,0.474344492148914,0.471279459744676,0.46822728230345,0.465191343778052,0.462174478823296,0.459179030800744,0.456206906680524,0.453259628446197,0.450338380758042,0.447444054757271,0.444577287998513,0.441738500581585,0.438927927617852,0.436145648213742,0.433391611186326,0.430665657745965,0.427967541390789,0.425296945259544,0.422653497184716,0.420036782678669,0.41744635607294,0.414881750016203,0.412342483520475,0.409828068728826,0.407338016561524,0.404871841381869,0.402429064807996,0.400009218783061,0.397611848003398,0.395236511792651,0.392882785499393,0.390550261486409,0.388238549771521,0.385947278372486,0.383676093402045,0.381424658953519,0.379192656812362,0.376979786024696,0.374785762350005,0.372610317621771,0.370453199036842,0.368314168391658,0.366193001281115,0.364089486273747,0.362003424075015,0.359934626688841,0.357882916585998,0.355848125886623,0.353830095562933,0.351828674667102,0.349843719588328,0.347875093342227,0.345922664894943,0.34398630852368,0.342065903214756,0.340161332099775,0.338272481930048,0.336399242589025,0.334541506642137,0.332699168923214,0.33087212615639,0.329060276612222,0.327263519796621,0.325481756171074,0.323714886902552,0.321962813641457,0.320225438325936,0.31850266301086,0.316794389719815,0.315100520318423,0.31342095640742,0.311755599233882,0.31010434961912,0.308467107901776,0.306843773894746,0.305234246854607,0.30363842546231,0.302056207813974,0.300487491420665,0.29893217321616,0.29739014957171,0.295861316316947,0.294345568766091,0.292842801748714,0.291352909644366,0.289875786420427,0.288411325672604,0.286959420667555,0.285519964387154,0.284092849573975,0.282677968777599,0.281275214401416,0.279884478749594,0.278505654073955,0.277138632620514,0.275783306675468,0.274439568610457,0.273107310926932,0.271786426299497,0.270476807618113,0.269178348029063,0.267890940974603,0.266614480231229,0.26534885994653,0.264093974674551,0.262849719409692,0.261615989619079,0.260392681273431,0.259179690876408,0.25797691549246,0.256784252773173,0.255601600982149,0.254428859018433,0.253265926438516,0.252112703476942,0.250969091065559,0.249834990851441,0.248710305213524,0.247594937277989,0.246488790932441,0.245391770838909,0.244303782445727,0.243224731998316,0.242154526548932,0.241093073965394,0.240040282938861,0.238996062990671,0.237960324478307,0.236932978600504,0.235913937401564,0.234903113774887,0.233900421465772,0.232905775073527,0.231919090052907,0.230940282714928,0.229969270227081,0.229005970612984,0.228050302751494,0.22710218637532,0.226161542069159,0.225228291267381,0.224302356251288,0.223383660145979,0.222472126916849,0.221567681365724,0.220670249126685,0,0.337510764079249,0.34523947714004,0.353202616639693,0.361396951200104,0.369813254872466,0.378433990446391,0.387233945608281,0.396180726791965,0.405234603765472,0.414348138221929,0.423466112875888,0.432526123407134,0.441460042614432,0.450196410500597,0.45866358312715,0.466793217953101,0.474523508668326,0.481801618901673,0.488585002774641,0.494841628540939,0.500549390067861,0.50569510213587,0.51027342394405,0.514285907195034,0.517740207793829,0.520649396331361,0.523031272129219,0.524907612894779,0.526303344917276,0.527245667491913,0.527763192712381,0.527885164564396,0.527640805524231,0.527058814427797,0.526167015146778,0.524992137309643,0.523559700126298,0.521893967802203,0.520017948050451,0.517953411390483,0.515720916105762,0.513339830387976,0.510828348468158,0.508203501136845,0.505481163085137,0.502676060266339,0.499801780365038,0.496870788827851,0.493894452049462,0.490883068426378,0.487845907216579,0.484791254539338,0.481726465432746,0.478658020644901,0.475591586740299,0.472532078122183,0.469483719671089,0.466450108850283,0.463434276306228,0.460438744178437,0.457465581514944,0.454516456358536,0.451592684219618,0.448695272781646,0.445824962793711,0.442982265192896,0.440167494567796,0.437380799126155,0.434622187366085,0.431891551674078,0.429188689086124,0.426513319452823,0.423865101247165,0.421243645246439,0.418648526308695,0.416079293450768,0.413535478419833,0.411016602934729,0.408522184757425,0.406051742739455,0.403604800973291,0.401180892164682,0.398779560329032,0.396400362903122,0.394042872352745,0.39170667734727,0.389391383563572,0.387096614174186,0.384822010067864,0.382567229844788,0.380331949623515,0.378115862692186,0.375918679032478,0.373740124741279,0.371579941371926,0.369437885214093,0.367313726528945,0.365207248754028,0.363118247690375,0.361046530682602,0.358991915801191,0.356954231034765,0.354933313498906,0.352929008666938,0.350941169627108,0.348969656369688,0.34701433510671,0.345075077626383,0.343151760683559,0.341244265427117,0.339352476864627,0.337476283364258,0.335615576193549,0.333770249094349,0.331940197892992,0.33012532014458,0.328325514810078,0.326540681964788,0.324770722536705,0.323015538073158,0.321275030534129,0.319549102110606,0.317837655066338,0.316140591601361,0.314457813735716,0.312789223211793,0.31113472141381,0.309494209302975,0.307867587366945,0.306254755582266,0.304655613388538,0.303070059673129,0.301497992765326,0.299939310438871,0.29839390992193,0.296861687913573,0.295342540605942,0.293836363711316,0.292343052493386,0.290862501802062,0.289394606111226,0.287939259558892,0.286496355989265,0.28506578899627,0.283647451968124,0.282241238132616,0.280847040602754,0.279464752422492,0.278094266612296,0.276735476214306,0.275388274336913,0.274052554198572,0.272728209170708,0.271415132819588,0.270113218947055,0.268822361630031,0.267542455258722,0.266273394573468,0.26501507470019,0.263767391184398,0.262530240023754,0.261303517699151,0.260087121204329,0.258880948074013,0.257684896410592,0.256498864909347,0.25532275288225,0.254156460280357,0.25299988771483,0.251852936476597,0.250715508554711,0.249587506653416,0.248468834207976,0.247359395399296,0.246259095167369,0.245167839223603,0.244085534062051,0.243012086969594,0.241947406035117,0.24089140015771,0.239843979053947,0.238805053264263,0.237774534158488,0.236752333940561,0.235738365652464,0.234732543177423,0.233734781242392,0.232744995419874,0.231763102129093,0.230789018636576,0.229822663056145,0.228863954348375,0.227912812319535,0.226969157620039,0.226032911742447,0.225103997019027,0.224182336618919,0.223267854544909,0.222360475629845,0.221460125532726,0,0.332830297070291,0.340567194822902,0.348522357851649,0.356704912755875,0.365112145811177,0.373731582506671,0.382542081438925,0.391514624573267,0.400612429557807,0.409790700575395,0.418996508859294,0.428169204812025,0.437241627507503,0.446142232266558,0.454798053996351,0.463138169690484,0.471097119053838,0.47861770693206,0.485652782912095,0.492165895475118,0.498131011030533,0.503531655887346,0.508359845239649,0.512615050061393,0.516303300539454,0.519436403912294,0.522031199319464,0.524108778690742,0.525693644612103,0.526812823644007,0.52749498598126,0.527769632033303,0.527666396501707,0.527214499242885,0.526442348548447,0.525377282952125,0.524045425441267,0.522471619298582,0.520679416200856,0.51869109240093,0.516527675631161,0.514208972111521,0.511753588688382,0.509178949220124,0.506501306842752,0.503735754931314,0.500896239770987,0.49799557752358,0.495045477326981,0.49205657152557,0.489038453249023,0.485999720917919,0.4829480287893,0.479890142362144,0.476831997320355,0.473778760669069,0.470734892786915,0.467704209242849,0.464689941386589,0.461694794896911,0.458721005647966,0.455770392420304,0.452844406134386,0.449944175416523,0.447070548419183,0.444224130909527,0.441405320713045,0.438614338654877,0.435851256181982,0.433116019876676,0.430408473088532,0.42772837491907,0.42507541679391,0.422449236851908,0.419849432371388,0.417275570441492,0.414727197072587,0.412203844924645,0.40970503981713,0.407230306168618,0.404779171499697,0.402351170118668,0.399945846096602,0.397562755626321,0.395201468848959,0.392861571221963,0.390542664493595,0.388244367341161,0.385966315723277,0.383708162990365,0.381469579792153,0.379250253816258,0.377049889387702,0.374868206955551,0.372704942489628,0.370559846807345,0.368432684848179,0.366323234911033,0.364231287867697,0.362156646363835,0.360099124017295,0.358058544622084,0.356034741365069,0.354027556061287,0.352036838412705,0.350062445294347,0.34810424007086,0.346162091945878,0.344235875345858,0.342325469339516,0.340430757093477,0.338551625364321,0.336687964026829,0.334839665637926,0.333006625035546,0.33118873897141,0.329385905776556,0.3275980250583,0.325824997427193,0.324066724252494,0.322323107444572,0.320594049262684,0.31887945214651,0.317179218569869,0.31549325091505,0.313821451366212,0.312163721820382,0.310519963814588,0.308890078467765,0.307273966436092,0.305671527880516,0.304082662445274,0.302507269246272,0.300945246868289,0.299396493370005,0.297860906295938,0.296338382694437,0.294828819140931,0.293332111765719,0.291848156285618,0.290376848038856,0.288918082022646,0.287471752932944,0.286037755205898,0.284615983060602,0.283206330542747,0.281808691568854,0.280422959970773,0.27904902954018,0.277686794072842,0.27633614741243,0.274996983493715,0.273669196384962,0.272352680329415,0.271047329785733,0.2697530394673,0.268469704380311,0.267197219860576,0.265935481608995,0.264684385725652,0.263443828742511,0.262213707654686,0.260993919950286,0.259784363638813,0.258584937278143,0.257395540000074,0.256216071534481,0.255046432232072,0.2538865230858,0.252736245750921,0.251595502563766,0.25046419655923,0.249342231487023,0.248229511826725,0.247125942801669,0.246031430391702,0.24494588134485,0.243869203187936,0.242801304236184,0.241742093601853,0.240691481201929,0.239649377764931,0.238615694836844,0.237590344786244,0.236573240808633,0.235564296930017,0.234563428009781,0.23357054974288,0.23258557866138,0.231608432135389,0.230639028373399,0.229677286422085,0.228723126165568,0.227776468324198,0.226837234452858,0.225905346938833,0.224980728999258,0.224063304678188,0.223152998843285,0.222249737182177,0,0.328073094059429,0.335825612245396,0.343777223554208,0.351949989060874,0.360348035749332,0.36896417907373,0.377781641269299,0.386775079788542,0.395910925974449,0.40514726814676,0.414433717765851,0.423711674457642,0.43291529917725,0.441973375243527,0.450812053886539,0.459358235652807,0.467543108144042,0.475305262448023,0.482592911955103,0.489364998565123,0.495591271943192,0.501251641744578,0.506335166685947,0.510838974004999,0.514767265796066,0.518130438560594,0.520944265079494,0.523229072202302,0.525008875954299,0.526310478429893,0.527162566089732,0.52759486475469,0.527637402427348,0.527319913573988,0.526671396153738,0.525719812501426,0.524491911198842,0.52301314041573,0.521307622903475,0.519398166892563,0.517306293424867,0.515052267355242,0.512655125183118,0.510132697410121,0.507501626115891,0.504777380056037,0.501974270121481,0.499105467804358,0.496183028707113,0.493217922356089,0.490220068810366,0.487198381893411,0.484160818367603,0.481114432029754,0.478065431515846,0.475019240539417,0.471980559320412,0.468953426060807,0.465941277464502,0.462947007461499,0.45997302346453,0.457021299649232,0.454093426899248,0.451190659191176,0.448313956308909,0.445464022872363,0.442641343742453,0.439846215923931,0.437078777132085,0.434339031220389,0.431626870685904,0.42894209647958,0.426284435351445,0.423653554957507,0.421049076947666,0.418470588243085,0.415917650698556,0.413389809331099,0.41088659928119,0.408407551658091,0.405952198406201,0.403520076315397,0.401110730285313,0.398723715941363,0.396358601689274,0.394014970284836,0.391692419986597,0.389390565351117,0.387109037723312,0.384847485468016,0.382605573983335,0.380382985531429,0.378179418917991,0.37599458904789,0.373828226381034,0.371680076309536,0.369549898474595,0.367437466039173,0.365342564930412,0.3632649930639,0.361204559560186,0.359161083962464,0.357134395462982,0.355124332144534,0.353130740242318,0.351153473430461,0.349192392136642,0.347247362887522,0.345318257686937,0.34340495342827,0.34150733134187,0.339625276477908,0.337758677224704,0.335907424862189,0.334071413149877,0.332250537948525,0.330444696874392,0.328653788984931,0.32687771449455,0.32511637451905,0.323369670847226,0.321637505738126,0.319919781742411,0.318216401546258,0.316527267836285,0.314852283183969,0.313191349948095,0.311544370193792,0.309911245626789,0.308291877541555,0.306686166782076,0.305094013714061,0.30351531820744,0.301949979628109,0.300397896837894,0.298858968201817,0.297333091601792,0.295820164455937,0.294320083742753,0.292832746029496,0.291358047504089,0.289895884010011,0.288446151083622,0.287008743993452,0.285583557781013,0.284170487302742,0.282769427272719,0.281380272305847,0.280002916961201,0.278637255785317,0.277283183355167,0.275940594320655,0.274609383446447,0.273289445652994,0.271980676056625,0.270682970008593,0.269396223132993,0.26812033136348,0.266855190978717,0.265600698636518,0.264356751406634,0.263123246802183,0.261900082809678,0.260687157917669,0.259484371143981,0.258291622061571,0.257108810822996,0.255935838183529,0.254772605522921,0.253619014865851,0.252474968901088,0.251340370999381,0.250215125230131,0.249099136376855,0.247992309951496,0.246894552207606,0.245805770152437,0.244725871557987,0.243654764971019,0.242592359722122,0.241538565933815,0.240493294527764,0.239456457231124,0.23842796658206,0.237407735934473,0.236395679461972,0.235391712161122,0.234395749854005,0.233407709190122,0.232427507647682,0.231455063534292,0.230490295987084,0.229533124972319,0.228583471284475,0.227641256544873,0.226706403199843,0.225778834518472,0.224858474589952,0.223945248320551,0.22303908143023,0,0.323243203019087,0.331014157356825,0.338965413746356,0.347130150164201,0.355519118980746,0.364130390281413,0.372951685109159,0.381961554308731,0.391129873380636,0.400417841291043,0.409777850681342,0.419153632953417,0.428481014467205,0.437689512331346,0.446704837562266,0.455452143724055,0.463859614284827,0.471861831789738,0.479402403511812,0.486435527636317,0.492926476003924,0.498851217843665,0.504195527806714,0.508953899770197,0.513128475616982,0.516728067099158,0.519767254110858,0.522265505465399,0.52424627952909,0.525736097477499,0.526763617293702,0.527358756964748,0.527551916782721,0.527373337397779,0.526852609909959,0.526018334046848,0.524897905138469,0.523517402091871,0.521901546542837,0.520073706176039,0.518055920802247,0.515868936308933,0.513532237713943,0.511064077478662,0.508481498694486,0.50580035480505,0.503035328421381,0.500199951854976,0.497306631552309,0.494366677926474,0.491390341338966,0.488386854309729,0.485364479491352,0.482330562556508,0.47929158891151,0.476253243042603,0.473220469298079,0.470197532980347,0.467188080742168,0.464195199429064,0.461221472668756,0.458269034666341,0.455339620812339,0.452434614844697,0.449555092422496,0.446701861067515,0.443875496510236,0.441076375540346,0.438304705509964,0.435560550672428,0.432843855562474,0.430154465636954,0.427492145400581,0.424856594240263,0.422247460185803,0.419664351805429,0.417106848432763,0.414574508908473,0.41206687900558,0.40958349769289,0.407123902376694,0.40468763324705,0.402274236841883,0.399883268929956,0.397514296802534,0.395166901053338,0.392840676917184,0.390535235229385,0.388250203060651,0.385985224075666,0.383739958657703,0.38151408383655,0.379307293052474,0.37711929578499,0.374949817071661,0.372798596939051,0.370665389765188,0.368549963590461,0.366452099391664,0.364371590331986,0.362308240997973,0.360261866632972,0.358232292375123,0.356219352506754,0.354222889720882,0.352242754409551,0.350278803977803,0.348330902186305,0.346398918524943,0.344482727619051,0.3425822086694,0.340697244926602,0.338827723200132,0.336973533401849,0.335134568123563,0.333310722247943,0.331501892591861,0.32970797758107,0.327928876954992,0.326164491500286,0.324414722811778,0.322679473079283,0.320958644898839,0.31925214110682,0.317559864635453,0.315881718388218,0.314217605133703,0.31256742741648,0.310931087483626,0.309308487225582,0.307699528130074,0.3061041112479,0.304522137169441,0.302953506010812,0.301398117408658,0.299855870522623,0.298326664044626,0.296810396214111,0.295306964838507,0.293816267318196,0.292338200675333,0.290872661585934,0.28941954641467,0.287978751251877,0.286550171952338,0.28513370417541,0.28372924342614,0.282336685097036,0.280955924510191,0.279586856959499,0.278229377752728,0.276883382253246,0.27554876592121,0.274225424354074,0.272913253326264,0.271612148827914,0.270322007102566,0.269042724683741,0.267774198430324,0.2665163255607,0.265269003685609,0.264032130839675,0.262805605511602,0.261589326673013,0.260383193805929,0.25918710692889,0.258000966621731,0.256824674049008,0.255658130982113,0.254501239820087,0.253353903609143,0.252216026060961,0.251087511569744,0.249968265228091,0.248858192841716,0.247757200943042,0.246665196803712,0.245582088446037,0.244507784653445,0.243442194979943,0.242385229758634,0.241336800109337,0.24029681794533,0.239265195979267,0.238241847728292,0.237226687518389,0.236219630488009,0.235220592591,0.234229490598866,0.233246242102413,0.232270765512771,0.231302980061872,0.230342805802368,0.229390163607051,0.228444975167781,0.227507162993954,0.226576650410547,0.225653361555747,0.224737221378199,0.2238281556339,0,0.318347281377173,0.32613405556985,0.334086085578554,0.342243829649463,0.350623741914637,0.359228793344154,0.368051145284322,0.377073346425482,0.386268887708304,0.395602275069132,0.405028904188545,0.414495104255459,0.42393869518649,0.433290323030337,0.442475702870971,0.451418689924193,0.460044851843761,0.468285025052597,0.47607830381024,0.483374060596935,0.490132864557412,0.496326433290304,0.501936920923904,0.5069558749952,0.511383115625069,0.51522566735284,0.518496767439106,0.52121491709869,0.523402935269027,0.525086999359287,0.526295690266194,0.52705908223795,0.527407924643832,0.527372953896341,0.526984355973094,0.52627138028293,0.525262089349723,0.523983218633175,0.522460117080273,0.520716740472108,0.51877567440961,0.516658170000565,0.514384181507653,0.511972400471755,0.50944028471611,0.506804083122831,0.504078858344901,0.5012785099721,0.498415800421757,0.495502385248853,0.492548848874378,0.48956474605792,0.486558648872456,0.483538198512636,0.480510160987344,0.477480485598692,0.474454365069071,0.471436296218798,0.468430140193963,0.465439181375257,0.462466184246487,0.459513447652758,0.456582856023715,0.453675927270653,0.450793857184242,0.447937560260475,0.445107706965997,0.442304757520946,0.439528992329142,0.436780539223539,0.43405939772109,0.431365460497388,0.428698532299407,0.426058346515953,0.423444579621507,0.420856863701392,0.418294797255521,0.41575795446558,0.413245893096897,0.410758161192227,0.408294302700643,0.405853862171036,0.403436388626711,0.401041438725272,0.398668579296702,0.396317389342096,0.39398746156614,0.391678403507907,0.389389838326954,0.387121405294977,0.384872760037225,0.382643574562643,0.380433537116943,0.378242351888732,0.37606973859512,0.373915431970002,0.371779181175361,0.369660749153361,0.367559911934748,0.365476457917074,0.363410187124411,0.361360910458651,0.359328448951014,0.357312633021099,0.355313301749641,0.353330302170114,0.351363488583361,0.349412721898628,0.34747786900361,0.345558802165504,0.343655398464422,0.341767539260084,0.339895109692208,0.338037998214663,0.336196096163115,0.334369297355629,0.332557497725434,0.330760594984893,0.328978488319562,0.327211078111071,0.32545826568753,0.323719953100024,0.321996042923783,0.320286438082552,0.318591041694691,0.316909756939564,0.315242486942749,0.3135891346787,0.311949602889473,0.310323794018212,0.308711610156129,0.307112953001768,0.305527723831414,0.303955823479556,0.302397152328384,0.300851610305351,0.299319096887909,0.297799511114579,0.296292751601573,0.294798716564244,0.293317303842704,0.291848410930994,0.290391935009238,0.288947772978282,0.287515821496327,0.286095977017157,0.284688135829556,0.283292194097582,0.281908047901371,0.280535593278219,0.279174726263659,0.277825342932353,0.276487339438567,0.2751606120561,0.273845057217482,0.272540571552345,0.27124705192484,0.269964395470023,0.26869249962912,0.267431262183622,0.266180581288151,0.26494035550207,0.263710483819798,0.262490865699814,0.261281401092345,0.260081990465734,0.258892534831477,0.257712935767956,0.256543095442872,0.255382916634394,0.254232302751047,0.253091157850367,0.251959386656345,0.250836894575684,0.249723587712919,0.248619372884407,0.24752415763124,0.246437850231105,0.245360359709131,0.244291595847757,0.24323146919565,0.242179891075724,0.241136773592278,0.240102029637298,0.239075572895958,0.238057317851352,0.237047179788485,0.236045074797571,0.235050919776651,0.234064632433581,0.23308613128741,0.23211533566918,0.231152165722179,0.230196542401667,0.229248387474123,0.228307623516014,0.227374173912133,0.22644796285351,0.225528915334943,0.22461695715215,0,0.313394294500014,0.321188269903875,0.329139493986785,0.33729008841586,0.345660545286132,0.354258039278986,0.363078897322923,0.372109632126787,0.381327439947226,0.390700283759043,0.4001867549935,0.409736024059759,0.419288213022063,0.428775477253768,0.438123975790509,0.447256726927268,0.456097104901995,0.464572515569031,0.472617696195195,0.48017717096153,0.48720662504633,0.493673234088037,0.499555193364093,0.504840772020263,0.50952717869405,0.513619418620965,0.517129210871372,0.52007395990101,0.522475750111461,0.524360343922971,0.525756191427122,0.52669348392288,0.527203294192366,0.527316841945801,0.527064908057887,0.526477402615046,0.52558307504856,0.524409343097011,0.522982211996469,0.52132625537506,0.519464633173668,0.517419127696515,0.51521018506977,0.512856954896348,0.510377325184176,0.507787952541112,0.505104289290599,0.50234060982761,0.499510038506765,0.496624580913771,0.493695159742979,0.490731655847914,0.487742954448102,0.484736996014977,0.48172083103784,0.478700677680553,0.475681981261457,0.472669474498373,0.469667237532753,0.466678756859906,0.463706982427412,0.460754382307138,0.457822994487379,0.454914475463548,0.452030145424266,0.449171029932407,0.44633789808689,0.443531297221163,0.440751584249372,0.437998953812584,0.435273463406864,0.432575055694121,0.429903578207159,0.427258800663958,0.424640430104214,0.422048124054947,0.419481501922684,0.416940154798264,0.41442365384747,0.411931557447242,0.409463417213494,0.407018783053104,0.404597207359678,0.402198248460409,0.399821473409933,0.397466460216541,0.395132799576528,0.39282009618375,0.390527969673701,0.388256055254435,0.386004004070457,0.383771483340257,0.381558176303232,0.379363782007504,0.377188014966303,0.375030604707215,0.372891295235646,0.370769844431167,0.368666023393081,0.36657961574944,0.36451041694187,0.36245823349689,0.360422882292915,0.358404189830762,0.356401991514325,0.354416130946931,0.352446459248001,0.350492834393711,0.348555120584619,0.34663318764251,0.344726910438142,0.342836168351007,0.34096084476178,0.339100826577712,0.337256003790894,0.335426269068982,0.33361151737779,0.331811645634863,0.330026552393068,0.328256137553014,0.326500302103086,0.324758947885749,0.323031977388732,0.321319293559713,0.319620799643035,0.317936399037059,0.316265995170731,0.314609491397975,0.312966790908565,0.311337796654166,0.309722411288287,0.308120537118936,0.306532076072822,0.304956929670019,0.303394999008059,0.301846184754472,0.300310387146871,0.298787505999721,0.297277440717014,0.295780090310082,0.294295353419904,0.292823128343248,0.291363313062083,0.289915805275726,0.288480502435253,0.287057301779707,0.285646100373736,0.284246795146271,0.282859282929942,0.281483460500922,0.280119224618951,0.278766472067304,0.277425099692502,0.276095004443573,0.274776083410732,0.273468233863312,0.272171353286858,0.270885339419265,0.269610090285879,0.268345504233505,0.267091479963249,0.265847916562155,0.264614713533612,0.26339177082649,0.262178988863004,0.26097626856529,0.259783511380691,0.258600619305762,0.257427494909,0.256264041352309,0.25511016241123,0.25396576249394,0.252830746659065,0.251705020632315,0.250588490821973,0.249481064333285,0.248382648981759,0.247293153305419,0.246212486576048,0.245140558809453,0.244077280774774,0.243022564002893,0.241976320793963,0.240938464224093,0.239908908151228,0.238887567220252,0.237874356867348,0.236869193323657,0.235871993618254,0.23488267558048,0.233901157841658,0.232927359836227,0.231961201802318,0.231002604781805,0.230051490619851,0.229107781963986,0.228171402262725,0.227242275763777,0.226320327511844,0.225405483346049,0,0.308394164350647,0.31618119499165,0.32412703444064,0.332268738757058,0.340628596515263,0.349216965327704,0.358033843151596,0.367069519898083,0.376304887682587,0.385711454985868,0.395251161690458,0.404876233148973,0.414529377574243,0.424144620725798,0.433648995749494,0.442965151774232,0.452014719393676,0.46072203753376,0.469017703937379,0.476841434223978,0.484143898509095,0.490887469238418,0.497046050223099,0.502604286339249,0.50755645909616,0.511905292277038,0.515660783194073,0.518839087846462,0.521461444809626,0.523553119645843,0.525142371268427,0.526259464620189,0.526935767360768,0.527202967849607,0.527092440143867,0.526634764721786,0.525859396895933,0.524794462287367,0.523466651902089,0.521901188029081,0.520121835000521,0.518150934082151,0.516009447805194,0.513717004738156,0.511291940338933,0.50875133285888,0.506111035327233,0.503385705639316,0.500588836988421,0.497732790600531,0.494828832190724,0.491887172937526,0.488917015183773,0.485926602585459,0.482923274070721,0.479913520740621,0.476903044727363,0.473896819002216,0.470899147171229,0.467913722389549,0.464943684645959,0.461991675803082,0.459059891914162,0.45615013246672,0.453263846321426,0.450402174218422,0.447565987811786,0.444755925265788,0.441972423504736,0.439215747252741,0.436486015032241,0.433783222312075,0.431107262009065,0.428457942552878,0.425835003723948,0.423238130469669,0.420666964896106,0.41812111662207,0.415600171670426,0.413103700058583,0.410631262236857,0.408182414510157,0.405756713565608,0.40335372021647,0.400973002461234,0.398614137946102,0.396276715909349,0.393960338677157,0.391664622772562,0.389389199691972,0.387133716397334,0.384897835566351,0.382681235638114,0.380483610687043,0.378304670154104,0.376144138460751,0.374001754527953,0.371877271219927,0.369770454729731,0.367681083921712,0.365608949643858,0.363553854021354,0.361515609741095,0.359494039335526,0.357488974472905,0.355500255259979,0.353527729562067,0.351571252344628,0.3496306850396,0.347705894939099,0.345796754618391,0.343903141389563,0.342024936786747,0.340162026083401,0.338314297841732,0.336481643494051,0.334663956955576,0.332861134267981,0.331073073272792,0.329299673313588,0.327540834965853,0.325796459793224,0.32406645012881,0.322350708880245,0.320649139357069,0.318961645119066,0.317288129844161,0.315628497214522,0.31398265081953,0.312350494074311,0.310731930152587,0.309126861932632,0.307535191955176,0.305956822392174,0.304391655025384,0.302839591233778,0.301300531988864,0.299774377857049,0.298261029008242,0.296760385229934,0.295272345946072,0.293796810240069,0.292333676881368,0.290882844355001,0.289444210893661,0.288017674511813,0.286603133041444,0.285200484169072,0.28380962547367,0.282430454465208,0.281062868623532,0.279706765437347,0.278362042443076,0.277028597263413,0.275706327645395,0.274395131497854,0.273094906928118,0.271805552277857,0.270526966157973,0.269259047482466,0.268001695501213,0.266754809831597,0.26551829048896,0.264292037915841,0.263075953009981,0.261869937151082,0.260673892226307,0.259487720654534,0.258311325409358,0.257144610040853,0.255987478696119,0.254839836138614,0.253701587766308,0.252572639628682,0.251452898442585,0.250342271606992,0.249240667216685,0.248147994074897,0.24706416170493,0.245989080360808,0.244922661036978,0.243864815477096,0.242815456181941,0.241774496416473,0.240741850216091,0.239717432392101,0.238701158536449,0.237692945025723,0.23669270902449,0.235700368487966,0.234715842164078,0.233739049594924,0.23276991111767,0.231808347864919,0.230854281764559,0.229907635539149,0.228968332704826,0.228036297569799,0.227111455232426,0.226193731578904,0,0.303354527978966,0.311118201909139,0.319051182545838,0.327180415179975,0.335527500936719,0.344104705385691,0.352915002303247,0.361952117364673,0.371200518675421,0.380635274361329,0.39022177491614,0.399915476991436,0.409661928708086,0.419397362993274,0.429050102069783,0.43854289344101,0.447796094147832,0.456731382011223,0.465275491393628,0.473363432970749,0.480940786440945,0.487964896829671,0.494405057555458,0.500241935629855,0.505466547110228,0.510079042522491,0.514087464141469,0.51750654248947,0.520356539879773,0.522662129964197,0.524451311601251,0.525754374613973,0.526602949516949,0.527029176224765,0.52706501845366,0.526741735501382,0.526089506797827,0.525137191312707,0.52391219577658,0.522440422985767,0.520746273198925,0.518852676202504,0.516781137429537,0.514551787296956,0.512183427869858,0.509693574685359,0.507098494022158,0.504413237241865,0.501651674311251,0.498826528517578,0.495949413958317,0.493030876814614,0.490080440838664,0.487106656979863,0.484117156682613,0.481118708120143,0.478117274475141,0.475118073321197,0.47212563617698,0.469143867376066,0.466176101500117,0.463225158745857,0.460293397724917,0.457382765321257,0.454494843347714,0.451630891847583,0.448791888977291,0.445978567481565,0.443191447833487,0.440430868159328,0.437697011103498,0.434989927813713,0.432309559242208,0.429655754966949,0.427028289738792,0.424426877957679,0.42185118627438,0.419300844505051,0.416775455034764,0.414274600873898,0.411797852518506,0.409344773752822,0.406914926519416,0.404507874970294,0.402123188800745,0.399760445956982,0.39741923479877,0.395099155789156,0.392799822775317,0.390520863917121,0.388261922313486,0.386022656370703,0.383802739951732,0.381601862340812,0.379419728053672,0.377256056519967,0.375110581661376,0.372983051385911,0.370873227016483,0.368780882669479,0.366705804597112,0.364647790505478,0.362606648858683,0.360582198177894,0.358574266342954,0.356582689902954,0.354607313401194,0.35264798871896,0.350704574441778,0.348776935251012,0.346864941343053,0.344968467877724,0.343087394457063,0.341221604635153,0.339370985459294,0.337535427042491,0.335714822166921,0.333909065917814,0.33211805534698,0.330341689165048,0.328579867461342,0.326832491450239,0.325099463242746,0.323380685642013,0.321676061961433,0.319985495863987,0.318308891221483,0.316646151992343,0.314997182116635,0.313361885427043,0.311740165574548,0.310131925967608,0.308537069723682,0.306955499631999,0.305387118126533,0.303831827268173,0.30228952873518,0.300760123821033,0.299243513438852,0.297739598131639,0.296248278087605,0.294769453159948,0.293303022890457,0.291848886536388,0.290406943100096,0.288977091360949,0.287559229909106,0.286153257180756,0.284759071494474,0.283376571088375,0.282005654157771,0.280646218893096,0.279298163517841,0.277961386326325,0.276635785721109,0.2753212602499,0.274017708641806,0.272725029842835,0.271443123050523,0.270171887747616,0.268911223734737,0.267661031161966,0.266421210559306,0.265191662865982,0.263972289458557,0.262762992177836,0.261563673354562,0.260374235833885,0.259194582998613,0.258024618791248,0.25686424773483,0.255713374952576,0.254571906186372,0.253439747814105,0.252316806865874,0.251202991039113,0.250098208712636,0.249002368959647,0.247915381559742,0.246837157009933,0.245767606534726,0.244706642095284,0.243654176397712,0.242610122900493,0.241574395821109,0.240546910141872,0.239527581615015,0.238516326767054,0.237513062902467,0.23651770810671,0.235530181248606,0.234550401982139,0.233578290747671,0.232613768772626,0.231656758071648,0.230707181446272,0.229764962484139,0.228830025557761,0.227902295822878,0.226981699216424,0,0.298281831077207,0.306005196212142,0.313915337916985,0.322026583897283,0.330357482223166,0.338920790563158,0.347721605960927,0.356756607120597,0.366013605707875,0.37547116102607,0.385098156893592,0.394853412821921,0.404685534458209,0.414533269185715,0.424326622512641,0.433988901062596,0.443439671426479,0.452598391692958,0.461388263666578,0.469739760705825,0.477593356883381,0.484901189948762,0.491627645852631,0.497749059283983,0.503252824068269,0.508136197308511,0.512405002157814,0.516072338788083,0.51915734066471,0.521683978527065,0.52367991164795,0.525175399162098,0.526202298086741,0.526793179940423,0.526980592610463,0.526796481320187,0.526271767117176,0.525436067648965,0.524317535788864,0.522942787705828,0.521336892598363,0.519523400139496,0.517524387152126,0.515360510823809,0.513051060956539,0.510614007835145,0.508066045143036,0.505422629049926,0.502698015366064,0.49990529676706,0.497056441793711,0.494162336828029,0.491232831689763,0.488276788983662,0.48530213690891,0.482315924938556,0.479324381586612,0.476332973389809,0.473346464219916,0.470368974090266,0.46740403670724,0.464454655127663,0.46152335500343,0.458612235015467,0.455723014213771,0.45285707608439,0.450015509255433,0.447199144831523,0.444408590409596,0.441644260879198,0.438906406148678,0.436195135966164,0.433510442022445,0.430852217533329,0.428220274503033,0.425614358869064,0.423034163723899,0.420479340800751,0.417949510400486,0.415444269925275,0.412963201172237,0.410505876527796,0.408071864190985,0.405660732541856,0.403272053759646,0.400905406784547,0.398560379706931,0.396236571658736,0.393933594273333,0.391651072772726,0.389388646734114,0.387145970581872,0.384922713845575,0.382718561219923,0.380533212458201,0.378366382127117,0.376217799247528,0.374087206842626,0.371974361412472,0.369879032351471,0.367801001323248,0.36574006160555,0.363696017416095,0.361668683228816,0.359657883088599,0.357663449931396,0.355685224915538,0.353723056769094,0.351776801157249,0.349846320072925,0.347931481253158,0.346032157623158,0.344148226769422,0.34227957044282,0.340426074092143,0.338587626428255,0.33676411901869,0.334955445912271,0.333161503293105,0.331382189163132,0.329617403052273,0.327867045755069,0.32613101909267,0.324409225698904,0.322701568829173,0.321007952190849,0.319328279793869,0.317662455820204,0.316010384510921,0.314371970069554,0.312747116580558,0.311135727941638,0.309537707808817,0.307952959553122,0.306381386227849,0.304822890545411,0.303277374862814,0.301744741174885,0.300224891114417,0.298717725958448,0.297223146639953,0.295741053764275,0.294271347629672,0.292813928251401,0.291368695388818,0.289935548575002,0.288514387148459,0.287105110286513,0.28570761704,0.284321806368957,0.282947577178978,0.281584828357998,0.280233458813247,0.278893367508164,0.277564453499086,0.276246615971547,0.274939754276031,0.273643767963067,0.272358556817544,0.271084020892166,0.269820060539957,0.268566576445754,0.267323469656645,0.266090641611291,0.264867994168119,0.263655429632345,0.262452850781829,0.261260160891736,0.260077263758006,0.258904063719652,0.257740465679858,0.256586375125931,0.25544169814809,0.254306341457125,0.25318021240095,0.252063218980064,0.250955269861953,0.249856274394464,0.248766142618163,0.24768478527773,0.246612113832402,0.245548040465506,0.244492478093111,0.243445340371825,0.242406541705779,0.241375997252821,0.240353622929956,0.23933933541806,0.238333052165898,0.237334691393484,0.2363441720948,0.235361414039917,0.23438633777653,0.233418864630949,0.232458916708567,0.23150641689383,0.230561288849741,0.229623457016908,0.228692846612177,0.227769383626863,0,0.293181328468093,0.300848144728651,0.308723589301956,0.31680949004102,0.325119425251977,0.333665232684242,0.342453188249492,0.351482328292758,0.360743471138181,0.370218513905149,0.379879811011537,0.389689625273998,0.399599795705092,0.409551856725874,0.419477865025974,0.429302133752437,0.438943927698989,0.448320954915169,0.457353265038739,0.465967024458497,0.474097649673665,0.48169194228627,0.488709113682871,0.495120818353489,0.500910457806402,0.506072049428096,0.510608901967237,0.514532250348513,0.51785992149056,0.520615053319974,0.522824872896955,0.524519544544101,0.525731110003499,0.526492548998194,0.526836985871048,0.526797057470839,0.52640444321855,0.525689544641881,0.524681291646345,0.523407047661957,0.521892585327639,0.520162107398332,0.5182382926087,0.516142351942377,0.513894086123406,0.511511939563281,0.509013049222597,0.506413288904939,0.503727310574557,0.500968584627188,0.498149440896462,0.495281111762629,0.492373778210531,0.489436619171473,0.48647786404486,0.483504847960488,0.480524069117243,0.477541247409369,0.474561383510567,0.471588817609194,0.468627287055837,0.46567998228063,0.462749600448381,0.459838396434377,0.456948230815134,0.454080614671453,0.451236751092798,0.448417573350878,0.445623779775886,0.442855865421674,0.440114150646928,0.437398806769588,0.434709878972405,0.432047306650278,0.429410941396019,0.42680056282185,0.424215892410311,0.421656605581434,0.419122342153836,0.416612715366673,0.41412731961763,0.411665737060019,0.40922754318979,0.40681231154137,0.404419617599737,0.402049042025336,0.399700173278361,0.397372609719603,0.395065961256614,0.39277985059621,0.390513914157409,0.388267802692705,0.38604118166,0.383833731382604,0.381645147030287,0.379475138450509,0.377323429875448,0.375189759527399,0.373073879142373,0.370975553429291,0.368894559479992,0.366830686143349,0.364783733375044,0.362753511573,0.360739840907081,0.358742550650421,0.356761478518634,0.354796470022134,0.35284737783591,0.350914061190311,0.34899638528565,0.347094220732831,0.345207443021636,0.34333593201779,0.341479571489534,0.33963824866401,0.337811853813491,0.336000279871152,0.334203422075899,0.332421177645547,0.33065344547747,0.328900125875752,0.327161120303725,0.325436331160741,0.323725661581937,0.322029015259747,0.320346296285883,0.31867740901249,0.317022257931228,0.31538074756901,0.313752782399176,0.312138266766922,0.310537104827829,0.308949200498387,0.307374457417476,0.305812778917776,0.304264068006181,0.302728227352305,0.301205159284243,0.299694765790787,0.298196948529381,0.2967116088391,0.295238647758039,0.293777966044509,0.292329464201505,0.29089304250394,0.289468601028195,0.288056039683561,0.286655258245197,0.285266156388259,0.283888633722889,0.282522589829776,0.281167924296058,0.279824536751309,0.278492326903445,0.27717119457435,0.275861039735071,0.274561762540455,0.273273263363105,0.271995442826546,0.270728201837534,0.269471441617417,0.2682250637325,0.266988970123361,0.265763063133079,0.264547245534349,0.263341420555459,0.262145491905118,0.260959363796127,0.259782940967894,0.258616128707794,0.25745883287138,0.256310959901475,0.255172416846132,0.254043111375504,0.252922951797644,0.251811847073243,0.250709706829346,0.249616441372071,0.248531961698355,0.247456179506755,0.246389007207343,0.245330357930709,0.244280145536127,0.243238284618888,0.242204690516844,0.241179279316203,0.240161967856583,0.239152673735374,0.238151315311429,0.237157811708117,0.236172082815755,0.235194049293474,0.234223632570514,0.233260754846995,0.232305339094185,0.231357309054286,0.230416589239774,0.2294831049323,0.228556782181194,0,0.288057755999652,0.295652638308259,0.303480431944704,0.311532049492243,0.319814878641582,0.328338585062089,0.337109669321898,0.346128859863488,0.355389558904389,0.364876767862062,0.374566221641825,0.384423651381152,0.394404258745512,0.404452598209784,0.414503113877236,0.424481553084156,0.434307365540859,0.443896999599739,0.453167776599049,0.462041846364905,0.470449680873299,0.478332673356248,0.485644631389433,0.492352195830277,0.498434398479419,0.503881647771112,0.508694411957247,0.51288179408788,0.516460108888917,0.519451509599651,0.521882682632317,0.5237836227573,0.525186507864432,0.526124698232465,0.526631884318909,0.526741398736177,0.526485695255604,0.525895984373139,0.525002004410317,0.523831900992912,0.522412186214026,0.5207677509712,0.518921908518306,0.516896452833778,0.514711720891572,0.512386652626496,0.509938845974965,0.507384606795759,0.504738994867463,0.502015867745403,0.499227924287979,0.496386749353287,0.493502860699849,0.490585758626411,0.487643978434744,0.484685145437728,0.481716031977013,0.478742615756646,0.475770138727658,0.472803165755835,0.469845642352242,0.466900950826654,0.463971964323647,0.461061098308693,0.458170359178746,0.45530138977299,0.452455511650865,0.44963376408433,0.446836939778641,0.444065617390941,0.441320190959222,0.438600896386805,0.435907835150591,0.433240995416274,0.430600270751778,0.427985476632561,0.42539636493039,0.422832636571592,0.420293952542696,0.417779943411398,0.415290217519746,0.412824367994698,0.410381978709322,0.407962629316133,0.40556589946269,0.403191372288735,0.400838637294016,0.398507292656552,0.396196947072432,0.393907221180423,0.391637748627546,0.389388176825404,0.387158167441315,0.384947396663225,0.38275555527282,0.38058234855722,0.378427496086052,0.376290731377507,0.37417180147415,0.372070466446728,0.369986498841974,0.367919683088384,0.365869814872145,0.363836700493823,0.361820156214904,0.359820007602072,0.357836088875877,0.355868242269457,0.353916317402021,0.351980170670971,0.350059664665807,0.348154667606281,0.34626505280671,0.344390698167801,0.342531485696913,0.340687301057287,0.338858033146416,0.337043573703433,0.335243816945161,0.333458659230238,0.331687998750564,0.329931735249169,0.328189769763505,0.326462004393041,0.324748342090017,0.323048686472144,0.321362941656005,0.319691012109935,0.318032802525105,0.31638821770361,0.31475716246233,0.313139541551401,0.311535259586143,0.309944220991358,0.308366329956923,0.306801490403699,0.305249605958778,0.303710579939171,0.302184315343083,0.300670714847982,0.299169680814696,0.297681115296851,0.296204920055002,0.294740996574839,0.293289246088929,0.29184956960147,0.290421867915586,0.289006041662743,0.287601991333877,0.286209617311886,0.284828819905167,0.28345949938189,0.282101556004763,0.280754890066033,0.279419401922539,0.278094992030603,0.276781560980613,0.275479009531141,0.274187238642489,0.272906149509521,0.271635643593726,0.270375622654404,0.269125988778918,0.267886644411964,0.266657492383802,0.265438435937425,0.264229378754632,0.263030224980993,0.26184087924969,0.26066124670423,0.259491233020034,0.258330744424905,0.257179687718379,0.256037970289983,0.254905500136408,0.253782185877618,0.252667936771919,0.251562662730009,0.250466274328038,0.249378682819692,0.24829980014735,0.247229538952325,0.246167812584221,0.245114535109444,0.244069621318886,0.243032986734819,0.242004547617031,0.240984220968216,0.239971924538678,0.238967576830349,0.237971097100166,0.236982405362833,0.236001422392987,0.235028069726808,0.234062269663092,0.233103945263808,0.232153020354184,0.231209419522317,0.230273068118354,0.229343892253258,0,0.282914148516457,0.290423531342135,0.298190474727623,0.306197699344403,0.314446018737353,0.322941977147052,0.331691425490353,0.340696101591161,0.349951511153009,0.359445458318704,0.369156903890019,0.37905501542307,0.389098436701361,0.399234931627614,0.409401631402144,0.419526119408777,0.429528507687212,0.439324487940601,0.448829113637251,0.457960864553423,0.466645446503296,0.474818833327008,0.482429244784972,0.489437997196548,0.495819374700298,0.501559788730409,0.50665651137544,0.511116214306187,0.514953463851091,0.518189251574651,0.520849596042362,0.522964234742355,0.524565424661884,0.525686873696236,0.526362824888907,0.526627308941901,0.526513569099097,0.526053649803837,0.525278129706355,0.524215972650871,0.522894467756487,0.521339231041182,0.519574245034792,0.517621918161249,0.51550315120858,0.513237403154917,0.510842752550598,0.508335953442416,0.505732486547204,0.503046607234704,0.500291392101168,0.497478785732348,0.494619648856526,0.491723808615349,0.488800111225734,0.485856476923255,0.48289995678953,0.479936790875841,0.476972466933241,0.474011779029787,0.471058885360984,0.46811736462309,0.465190270406145,0.462280183162588,0.459389259409246,0.456519277918781,0.453671682747238,0.45084762302455,0.448047989503536,0.445273447919799,0.442524469260407,0.439801357074151,0.437104271981573,0.434433253560065,0.431788239789423,0.429169084247411,0.426575571244388,0.424007429081783,0.421464341612174,0.418945958269664,0.416451902728815,0.413981780339238,0.411535184471323,0.409111701897117,0.406710917319033,0.404332417148309,0.401975792624961,0.399640642361448,0.397326574383568,0.395033207734074,0.392760173697254,0.390507116696178,0.38827369490843,0.386059580640892,0.383864460499459,0.381688035385372,0.379530020346165,0.377390144305893,0.375268149696386,0.373163792008636,0.371076839281115,0.369007071539703,0.366954280202098,0.364918267457831,0.362898845633605,0.360895836552278,0.358909070892616,0.35693838755589,0.35498363304441,0.353044660856206,0.351121330899335,0.349213508928563,0.347321066006596,0.345443877991452,0.343581825051142,0.341734791206355,0.339902663901527,0.338085333604322,0.336282693433319,0.334494638813436,0.332721067158469,0.330961877579935,0.329216970621305,0.327486248016596,0.325769612472232,0.324066967471015,0.322378217097024,0.320703265880226,0.319042018659599,0.317394380463545,0.315760256406416,0.314139551599981,0.312532171078704,0.310938019737734,0.30935700228256,0.307789023189319,0.306233986674789,0.304691796675176,0.303162356832808,0.301645570489946,0.300141340688942,0.298649570178034,0.297170161422112,0.295703016617851,0.294248037712623,0.292805126426679,0.291374184278105,0.289955112610117,0.288547812620274,0.28715218539126,0.285768131922882,0.284395553164979,0.283034350050985,0.281684423531873,0.280345674610286,0.279018004374635,0.277701314033006,0.276395504946712,0.275100478663362,0.273816136949323,0.272542381821482,0.271279115578213,0.27002624082948,0.268783660526017,0.267551277987529,0.266328996929876,0.265116721491217,0.263914356257076,0.262721806284329,0.261538977124092,0.260365774843511,0.259202106046461,0.25804787789315,0.256902998118641,0.255767375050316,0.254640917624283,0.253523535400755,0.252415138578422,0.251315638007835,0.250224945203831,0.249142972357022,0.248069632344376,0.24700483873892,0.245948505818589,0.244900548574258,0.243860882716968,0.242829424684404,0.241806091646622,0.240790801511082,0.239783472926991,0.238784025289004,0.237792378740299,0.23680845417506,0.23583217324039,0.234863458337683,0.233902232623477,0.232948420009818,0.232001945164156,0.2310627335088,0.230130711219949,0,0.277751755061362,0.285164750040569,0.292858174507494,0.300810226373696,0.309015581369145,0.317477122388229,0.326199342870972,0.335184348560912,0.344429246307982,0.353924292349881,0.363651462434558,0.373583273677208,0.383681840447794,0.393898278974854,0.404172666590177,0.414434793252772,0.424605894397712,0.434601412814979,0.4443346235489,0.453720733821332,0.462680925845322,0.471145807555324,0.479057878841759,0.48637285121402,0.493059889979385,0.499101007749384,0.504489897336285,0.50923046615411,0.513335263075688,0.516823912760076,0.519721616803169,0.52205775200852,0.52386458694486,0.525176137583673,0.526027182079759,0.526452449366124,0.526485986289298,0.52616069609621,0.525508030247337,0.524557807974907,0.523338134618948,0.521875390283225,0.520194263758475,0.518317811707102,0.516267528633946,0.514063418316327,0.511724061615179,0.509266678730857,0.506707186024936,0.504060248664672,0.501339330782346,0.498556744804525,0.495723701294263,0.49285036021576,0.489945884082763,0.487018493054255,0.484075521726776,0.481123477151734,0.478168097473543,0.475214410527368,0.47226679173759,0.469329020703273,0.466404335930376,0.463495487259628,0.460604785634483,0.457734149948143,0.454885150797464,0.452059051051598,0.449256843212727,0.446479283604661,0.443726923472489,0.441000137113516,0.438299147187279,0.435624047371695,0.432974822544373,0.430351366674152,0.427753498608911,0.425180975942848,0.422633507140449,0.420110762086272,0.41761238121994,0.415137983405092,0.41268717266989,0.410259543945372,0.407854687916857,0.405472195092851,0.403111659185718,0.400772679888845,0.398454865126165,0.396157832841771,0.393881212389977,0.391624645579461,0.389387787419085,0.387170306607614,0.384971885804672,0.382792221715984,0.380631025022109,0.378488020176438,0.376362945095187,0.374255550759404,0.372165600746579,0.370092870707303,0.368037147800477,0.365998230098851,0.363975925975119,0.361970053477429,0.359980439701882,0.358006920168529,0.356049338206327,0.354107544351647,0.352181395764123,0.350270755662885,0.348375492785637,0.346495480872419,0.344630598175426,0.342780726995822,0.340945753248079,0.339125566052058,0.337320057352769,0.33552912156748,0.333752655259664,0.331990556839081,0.330242726287184,0.32850906490688,0.32678947509564,0.32508386014085,0.323392124036276,0.321714171318466,0.32004990692192,0.31839923605184,0.316762064073297,0.315138296415667,0.313527838491209,0.311930595626694,0.310346473007044,0.308775375629968,0.307217208270629,0.305671875455424,0.304139281444021,0.302619330218817,0.301111925481057,0.299616970652891,0.298134368884689,0.296664023066991,0.295205835846513,0.293759709645652,0.292325546685019,0.290903249008521,0.289492718510587,0.288093856965142,0.286706566055994,0.28533074740831,0.283966302620891,0.282613133299,0.281271141087499,0.279940227704097,0.278620294972514,0.277311244855413,0.276012979486945,0.27472540120478,0.273448412581528,0.27218191645544,0.270925815960318,0.269680014554566,0.268444416049326,0.267218924635642,0.266003444910639,0.264797881902666,0.263602141095395,0.262416128450858,0.261239750431421,0.260072914020683,0.25891552674331,0.257767496683817,0.256628732504286,0.255499143461067,0.254378639420446,0.25326713087333,0.252164528948939,0.251070745427555,0.24998569275234,0.248909284040248,0.247841433092057,0.246782054401557,0.245731063163908,0.244688375283214,0.243653907379319,0.242627576793869,0.24160930159567,0.240599000585354,0.239596593299398,0.238602000013516,0.237615141745442,0.236635940257152,0.235664318056528,0.234700198398508,0.233743505285732,0.232794163468719,0.231852098445592,0.230917236461373,0,0.272571874972361,0.279879232076147,0.287487627309956,0.295373595765817,0.30352677159941,0.311946301540241,0.320634852615982,0.329594355954,0.338823035275539,0.348313223809147,0.358049658074783,0.368008068663238,0.378154019397311,0.388442074100646,0.3988154716519,0.409206543067236,0.419538085388471,0.429725797046556,0.439681685165508,0.449318126762626,0.458552084720961,0.467308921037623,0.475525341462303,0.483151210973603,0.4901502194662,0.496499571013829,0.502188971638329,0.507219198481649,0.511600479166176,0.515350834927371,0.518494476022684,0.521060296516331,0.523080496251207,0.524589351524104,0.52562215319361,0.526214325857157,0.526400732880774,0.526215161000195,0.525689967574219,0.524855865612796,0.523741817580774,0.522375008711858,0.520780873367932,0.518983152690053,0.517003967254955,0.514863893752409,0.512582039235745,0.510176109985009,0.507662474420704,0.505056220937785,0.502371212197551,0.499620137542614,0.496814564991501,0.493964993889432,0.491080908860462,0.488170835300762,0.485242396316676,0.482302370761631,0.479356751863549,0.476410805849489,0.473469129952435,0.470535709210702,0.467613971528717,0.464706840546074,0.46181678594965,0.458945870953436,0.456095796757039,0.453267943872996,0.450463410282866,0.447683046441642,0.444927487199084,0.442197180745526,0.439492414719341,0.436813339634474,0.434159989800402,0.431532301914618,0.428930131510329,0.426353267440539,0.423801444574888,0.421274354878471,0.418771657032867,0.416292984749598,0.413837953915461,0.411406168698237,0.408997226730312,0.406610723477141,0.404246255887301,0.401903425411276,0.399581840467223,0.397281118423675,0.395000887161645,0.392740786271738,0.390500467935667,0.38827959753605,0.386077854033355,0.383894930144401,0.381730532352887,0.379584380778826,0.377456208930664,0.375345763360997,0.373252803244339,0.371177099893119,0.369118436226112,0.367076606201699,0.36505141422676,0.363042674550566,0.361050210651736,0.359073854625186,0.357113446574936,0.355168834017745,0.353239871301664,0.351326419042903,0.349428343583708,0.347545516473367,0.345677813973958,0.343825116591961,0.341987308636478,0.340164277804454,0.338355914792965,0.336562112938419,0.334782767882252,0.333017777262547,0.331267040430845,0.329530458193278,0.32780793257509,0.326099366607486,0.324404664135753,0.322723729647516,0.32105646811999,0.31940278488508,0.317762585511189,0.316135775700591,0.314522261201273,0.312921947732157,0.311334740920664,0.309760546251601,0.308199269026428,0.306650814331956,0.305115087017633,0.30359199168056,0.302081432657485,0.300583314023027,0.299097539593445,0.297624012935319,0.296162637378541,0.294713316033078,0.293275951808974,0.291850447439144,0.290436705504516,0.289034628461129,0.287644118668826,0.286265078421215,0.284897409976595,0.283541015589587,0.282195797543221,0.280861658181258,0.279538499940566,0.278226225383363,0.276924737229188,0.275633938386454,0.274353731983471,0.273084021398841,0.271824710291133,0.270575702627764,0.269336902713025,0.268108215215204,0.266889545192755,0.26568079811949,0.264481879908762,0.263292696936628,0.262113156063972,0.26094316465759,0.259782630610234,0.258631462359619,0.257489568906397,0.256356859831117,0.255233245310181,0.254118636130813,0.253012943705057,0.251916080082836,0.250827957964086,0.24974849070998,0.248677592353296,0.247615177607923,0.246561161877551,0.245515461263562,0.244477992572161,0.243448673320758,0.242427421743644,0.241414156796983,0.240408798163133,0.239411266254357,0.238421482215906,0.237439367928547,0.236464846010516,0.235497839818958,0.234538273450858,0.233586071743488,0.232641160274412,0.231703465361039,0,0.267374552821452,0.274568924994147,0.282082439555225,0.289891802462796,0.297983164342992,0.306352326298935,0.314999947607243,0.323927391484373,0.333133572612584,0.342612529735774,0.352351480115046,0.362329191964222,0.372514612061177,0.382865800354411,0.393329327560694,0.403840360563269,0.414323667644962,0.424695696774,0.434867710592297,0.444749736189443,0.454254879334468,0.463303443137794,0.471826327525679,0.47976735530274,0.487084407043728,0.493749467316952,0.499747827404556,0.505076736056516,0.509743759733106,0.513765045563587,0.517163609420665,0.519967718661295,0.52220940863396,0.523923158063429,0.525144741922406,0.525910274491501,0.526255447029306,0.526214954174923,0.525822092905205,0.525108509701094,0.524104066871406,0.522836798017117,0.52133292482523,0.519616911725792,0.517711540303122,0.515637990763259,0.51341592255495,0.51106355006061,0.508597712013965,0.506033935040534,0.503386492634539,0.500668461196752,0.497891774670066,0.495067278997959,0.492204787227836,0.489313135676311,0.486400241220433,0.48347315950354,0.480538143653171,0.477600702995513,0.474665661204155,0.471737213325687,0.468818981166471,0.465914066590746,0.463025102359369,0.460154300222587,0.457303496063212,0.454474191964141,0.451667595143828,0.448884653763575,0.446126089660884,0.443392428103776,0.440684024692462,0.438001089557895,0.435343709022515,0.432711864897975,0.430105451598773,0.42752429125059,0.424968146968495,0.42243673447401,0.419929732211859,0.41744679011781,0.414987537178737,0.412551587915425,0.410138547907881,0.40774801847246,0.405379600589957,0.403032898174203,0.40070752076174,0.398403085694789,0.396119219862056,0.393855561054976,0.391611758990627,0.389387476046856,0.387182387750042,0.384996183051313,0.382828564422943,0.380679247802996,0.378547962413008,0.3764344504706,0.374338466816312,0.372259778471624,0.370198164143072,0.368153413685499,0.366125327535818,0.364113716127203,0.362118399292249,0.360139205662477,0.358175972070459,0.356228542959903,0.354296769808139,0.352380510564707,0.350479629109028,0.348593994729564,0.346723481626275,0.344867968437756,0.34302733779398,0.341201475895199,0.339390272117275,0.337593618643377,0.335811410121806,0.33404354334946,0.33228991698031,0.330550431258132,0.328824987772603,0.327113489237794,0.325415839292053,0.323731942318188,0.322061703282853,0.320405027594024,0.318761820975447,0.317131989356942,0.315515438779482,0.313912075313958,0.312321804992616,0.310744533752144,0.309180167387454,0.307628611515231,0.306089771546377,0.304563552666515,0.303049859823755,0.301548597723003,0.300059670826091,0.298582983357099,0.297118439312252,0.295665942473827,0.294225396427563,0.292796704583062,0.291379770196779,0.289974496397152,0.288580786211527,0.287198542594527,0.285827668457559,0.284468066699178,0.283119640236049,0.281782292034296,0.280455925141012,0.27914044271577,0.277835748061953,0.276541744657782,0.275258336186897,0.273985426568395,0.272722919986224,0.271470720917859,0.27022873416218,0.268996864866506,0.267775018552736,0.266563101142548,0.265361018981644,0.264168678863001,0.262985988049129,0.261812854293311,0.260649185859837,0.259494891543215,0.258349880686382,0.257214063197907,0.256087349568214,0.254969650884825,0.253860878846651,0.252760945777342,0.251669764637726,0.250587249037347,0.249513313245143,0.248447872199269,0.247390841516104,0.246342137498467,0.24530167714306,0.244269378147171,0.243245158914665,0.242228938561283,0.241220636919287,0.240220174541461,0.239227472704508,0.238242453411861,0.23726503939594,0.236295154119875,0.235332721778714,0.234377667300156,0.233429916344812,0.232489395306031,0,0.262157995331019,0.269234916401215,0.276645695396746,0.284368764631816,0.292388609713186,0.300698490175113,0.309297182243626,0.318185274009435,0.327362039850449,0.33682288515332,0.346557222295414,0.356546654201883,0.366763405839167,0.377169038226173,0.387713579325792,0.39833528476101,0.408961270433912,0.419509210270678,0.429890150789557,0.440012279875159,0.449785261453693,0.459124593121727,0.467955423543084,0.476215390729797,0.483856262894472,0.490844400170109,0.497160235583569,0.502797061152968,0.507759405358032,0.512061233749672,0.51572413260898,0.518775573186729,0.521247312086281,0.52317396012757,0.524591740078417,0.525537445581984,0.526047605149826,0.526157845296219,0.525902436967274,0.525314001199087,0.524423344804256,0.52325939532039,0.521849206100151,0.52021800638754,0.518389276436949,0.516384833212792,0.514224917231503,0.511928275243103,0.509512236530082,0.506992782657516,0.504384611690726,0.501701198409152,0.498954852095885,0.496156773254368,0.493317110240996,0.490445016406668,0.487548707976335,0.484635522597825,0.481711978272692,0.478783832241163,0.475856139321007,0.4729333091831,0.470019162070559,0.467116982520538,0.464229570716998,0.461359291180036,0.458508118576105,0.455677680508682,0.452869297217857,0.450084018177742,0.447322655632025,0.444585815150019,0.441873923318742,0.439187252711452,0.436525944290655,0.433890027414687,0.431279437622728,0.428694032374273,0.42613360491671,0.423597896449444,0.421086606745701,0.418599403384381,0.416135929734557,0.413695811824981,0.411278664220496,0.408884095016882,0.406511710055652,0.404161116450681,0.401831925509529,0.399523755123896,0.397236231695894,0.39496899165967,0.392721682651506,0.39049396437563,0.388285509207719,0.386096002573364,0.383925143134519,0.381772642813177,0.379638226678157,0.377521632717851,0.375422611519107,0.373340925870021,0.371276350302259,0.369228670586611,0.367197683193767,0.365183194730758,0.363185021362109,0.36120298822355,0.359236928834961,0.357286684518281,0.355352103825174,0.353433041978472,0.35152936033068,0.349640925842192,0.347767610581317,0.345909291247674,0.344065848720111,0.342237167629899,0.340423135959591,0.338623644667694,0.336838587338995,0.335067859860209,0.333311360120415,0.33156898773561,0.329840643796581,0.328126230639199,0.326425651636184,0.324738811009306,0.323065613660966,0.32140596502409,0.31975977092923,0.3181269374878,0.316507370990367,0.314900977818932,0.313307664372195,0.311727337002779,0.310159901965468,0.308605265375536,0.307063333176278,0.305534011114903,0.304017204726011,0.302512819321881,0.301020759988889,0.299540931589376,0.298073238768359,0.29661758596451,0.295173877424863,0.29374201722277,0.292321909278623,0.290913457382958,0.289516565221528,0.288131136402004,0.286757074481988,0.285394282998042,0.284042665495465,0.28270212555859,0.281372566841383,0.280053893098151,0.278746008214188,0.277448816236216,0.276162221402478,0.274886128172372,0.273620441255521,0.2723650656402,0.271119906621027,0.269884869825879,0.268659861241958,0.267444787240973,0.266239554603414,0.265044070541867,0.263858242723374,0.262681979290809,0.261515188883274,0.260357780655501,0.25920966429627,0.258070750045848,0.256940948712453,0.255820171687761,0.254708330961472,0.25360533913494,0.252511109433905,0.251425555720335,0.250348592503397,0.249280134949598,0.248220098892095,0.247168400839226,0.24612495798226,0.245089688202417,0.244062510077166,0.243043342885834,0.242032106614548,0.241028721960544,0.240033110335861,0.239045193870449,0.23806489541471,0.237092138541505,0.236126847547642,0.235168947454881,0.234218364010464,0.233275023687206,0,0.256920288335831,0.263877696047207,0.271180024185587,0.278808273193643,0.286747156006319,0.294988514590396,0.303529658426092,0.312370397940852,0.321510158712368,0.330945433402787,0.340667559666727,0.350660760263804,0.360900404984108,0.371351522738926,0.381967681432184,0.392690435689676,0.40344958876788,0.414164493605166,0.424746506260184,0.435102508826026,0.445139185903347,0.454767547221178,0.463907113422532,0.472489254336276,0.480459361753785,0.48777778029749,0.494419631390958,0.500373794535221,0.505641346385776,0.510233724366157,0.514170814327046,0.517479092837523,0.520189901648296,0.522337898238366,0.52395970724074,0.525092785820501,0.525774506450105,0.52604145077919,0.525928898664616,0.525470488255708,0.524698017611042,0.523641356270594,0.522328436349865,0.520785296316115,0.519036155650944,0.517103504123247,0.515008194621445,0.512769532929263,0.510405361246382,0.507932134635197,0.505364991036167,0.502717816225334,0.50000330529434,0.497233022104733,0.494417457858794,0.491566089552325,0.488687438706447,0.485789130459328,0.482877952854971,0.479959915998393,0.477040310648453,0.474123765779802,0.471214304650674,0.468315398950618,0.465430020660373,0.462560691325463,0.459709528518642,0.456878289338482,0.454068410858833,0.451281047504089,0.448517105377154,0.445777273610196,0.443062052842883,0.440371780959327,0.437706656234201,0.435066758051193,0.432452065364233,0.429862473074441,0.427297806494594,0.424757834068706,0.422242278507881,0.419750826495521,0.417283137105764,0.414838849069168,0.412417587009504,0.41001896676536,0.407642599900295,0.405288097495734,0.402955073311718,0.400643146392163,0.398351943183396,0.396081099227522,0.393830260485579,0.391599084339471,0.389387240316234,0.387194410573373,0.385020290179612,0.382864587221534,0.380727022763066,0.378607330681679,0.376505257402376,0.374420561548052,0.372353013522607,0.370302395041177,0.368268498620103,0.366251127037622,0.364250092774866,0.362265217445449,0.36029633122079,0.358343272257247,0.356405886130256,0.354484025279799,0.352577548470796,0.350686320271354,0.348810210551206,0.346949094002149,0.345102849681836,0.343271360581859,0.3414545132207,0.339652197261836,0.33786430515699,0.336090731814317,0.334331374291099,0.332586131510384,0.33085490400084,0.329137593659036,0.327434103533214,0.325744337627617,0.324068200726347,0.322405598235721,0.320756436044058,0.319120620397853,0.317498057793269,0.315888654881918,0.314292318389904,0.312708955049143,0.311138471540005,0.309580774444346,0.308035770208056,0.306503365112277,0.304983465252495,0.303475976524737,0.301980804618184,0.300497855013502,0.299027032986283,0.297568243615005,0.296121391792967,0.294686382243687,0.293263119539309,0.291851508121579,0.290451452324989,0.289062856401748,0.287685624548217,0.286319660932538,0.284964869723157,0.283621155118009,0.28228842137414,0.280966572837553,0.27965551397312,0.278355149394378,0.277065383893087,0.275786122468411,0.274517270355622,0.273258733054228,0.27201041635545,0.270772226368971,0.269544069548894,0.268325852718888,0.267117483096436,0.265918868316204,0.26472991645247,0.263550536040612,0.26238063609764,0.261220126141769,0.260068916211029,0.258926916880907,0.257794039281052,0.256670195111022,0.255555296655103,0.25444925679622,0.253351989028941,0.252263407471607,0.251183426877599,0.250111962645772,0.249048930830072,0.247994248148362,0.246947831990487,0.24590960042559,0.244879472208714,0.243857366786714,0.242843204303505,0.241836905604663,0.240838392241412,0.23984758647402,0.238864411274632,0.237888790329551,0.236920648041014,0.235959909528456,0.235006500629314,0.234060347899374,0,0.251658591281305,0.258497487573042,0.265687760693441,0.273214003841837,0.281063000420875,0.289226498098184,0.297701001807312,0.306485744107692,0.31558023261744,0.324981849342663,0.334683623616702,0.344672187456236,0.354925905173501,0.365413209857153,0.37609125347873,0.386905058396702,0.397787416430964,0.408659784512304,0.419434344290569,0.430017220447872,0.440312621545679,0.450227448159387,0.45967578603627,0.468582717990469,0.47688704219282,0.48454271874563,0.491519100833426,0.497800175898908,0.503383118531913,0.508276450539593,0.512498047480118,0.516073159550287,0.519032551956126,0.521410825225197,0.52324494806051,0.524573018310683,0.525433255617165,0.525863218919552,0.525899232416027,0.525575995469072,0.524926346361565,0.523981147387758,0.52276925947978,0.521317577820533,0.519651104764234,0.517793041921836,0.51576488867093,0.51358653906918,0.511276372899023,0.508851339280186,0.506327033039272,0.503717764991782,0.501036627671992,0.498295558032926,0.495505398395714,0.492675956580088,0.489816065782266,0.486933644436707,0.484035756031709,0.481128668654949,0.478217913921064,0.47530834487018,0.472404192411601,0.469509119908241,0.466626275543104,0.463758342169593,0.460907584414732,0.458075892872689,0.455264825291298,0.452475644713659,0.449709354589026,0.446966730911161,0.44424835147818,0.441554622395876,0.43888580196725,0.436242022125296,0.433623307574702,0.431029592812092,0.428460737194423,0.425916538221988,0.423396743196967,0.420901059411055,0.418429163007104,0.415980706650296,0.413555326134513,0.411152646039649,0.408772284545762,0.406413857500473,0.404076981826972,0.401761278351426,0.399466374120679,0.397191904273772,0.394937513524138,0.392702857303164,0.390487602610338,0.38829142861016,0.386114027011545,0.383955102261417,0.381814371580579,0.379691564866748,0.377586424486769,0.375498704977409,0.373428172671901,0.371374605267285,0.369337791345794,0.367317529861855,0.36531362960481,0.363325908646128,0.361354193778665,0.359398319954491,0.357458129726823,0.355533472700717,0.35362420499645,0.351730188728785,0.349851291504726,0.347987385941801,0.346138349208444,0.344304062587613,0.3424844110644,0.340679282938064,0.338888569458652,0.337112164488095,0.335349964185495,0.333601866716116,0.331867771983468,0.330147581383742,0.328441197581763,0.326748524307561,0.325069466172592,0.323403928504624,0.321751817200248,0.320113038594011,0.318487499343113,0.316875106326662,0.315275766558478,0.313689387112464,0.312115875059596,0.310555137415605,0.309007081098477,0.307471612894918,0.305948639434987,0.304438067174128,0.302939802381889,0.301453751136639,0.299979819325653,0.298517912649972,0.297067936633474,0.29562979663565,0.294203397867594,0.292788645410786,0.29138544423823,0.289993699237612,0.288613315236092,0.287244197026461,0.285886249394342,0.284539377146202,0.283203485137929,0.281878478303768,0.28056426168543,0.279260740461201,0.277967819974906,0.276685405764595,0.275413403590832,0.274151719464488,0.272900259673952,0.271658930811681,0.270427639800025,0.269206293916278,0.267994800816899,0.266793068560882,0.265601005632237,0.26441852096156,0.263245523946686,0.262081924472401,0.260927632929221,0.259782560231236,0.258646617833015,0.257519717745587,0.256401772551507,0.255292695419018,0.254192400115322,0.253100801018985,0.252017813131486,0.250943352087943,0.249877334167016,0.248819676300031,0.247770296079337,0.246729111765925,0.245696042296326,0.244671007288821,0.243653927048976,0.242644722574539,0.241643315559723,0.240649628398883,0.239663584189631,0.238685106735399,0.237714120547481,0.236750550846572,0.235794323563836,0.234845365341506,0,0.246370271801699,0.253094697375456,0.260171181778411,0.267589589426414,0.275340473228899,0.283416875349757,0.291815332669413,0.30053487851311,0.309575175537344,0.318934393062038,0.328607072191019,0.33858206391212,0.348840572623826,0.359354350643911,0.370084145567052,0.380978577553193,0.391973689437228,0.402993435745712,0.413951324218314,0.424753278099998,0.435301567114308,0.445499418290691,0.45525574550257,0.464489394651064,0.47313240743448,0.481132020963107,0.488451367548509,0.495069043894374,0.500977837327434,0.506182924257434,0.510699817825837,0.514552272960223,0.51777028696917,0.520388278145514,0.522443486934513,0.523974620212281,0.525020743401141,0.52562041322774,0.525811033967049,0.525628411875723,0.525106476834895,0.524277137545455,0.523170236998626,0.521813577900097,0.520232992434165,0.518452436296433,0.516494092486431,0.514378475341567,0.512124529369118,0.509749720474736,0.507270119241304,0.504700477128719,0.502054297035439,0.499343899780932,0.496580487905742,0.493774207878546,0.490934211445051,0.488068716515407,0.485185067700789,0.482289796391167,0.479388680116716,0.476486800848091,0.473588601855303,0.470697942749029,0.467818152360485,0.464952079166315,0.462102139025069,0.459270360055447,0.456458424548861,0.453667707866941,0.45089931432638,0.448154110117931,0.445432753343174,0.442735721281829,0.440063335024606,0.437415781622219,0.434793133911344,0.432195368183452,0.429622379863703,0.427073997364943,0.424549994277226,0.422050100046636,0.419574009289171,0.417121389876536,0.414691889921157,0.412285143778078,0.409900777171708,0.407538411545978,0.405197667727429,0.402878168982181,0.400579543539741,0.398301426649185,0.39604346222642,0.393805304145,0.39158661721734,0.389387077907995,0.387206374816148,0.385044208960227,0.382900293893921,0.380774355679517,0.378666132741507,0.376575375620766,0.374501846647215,0.372445319546758,0.370405578996369,0.368382420139508,0.366375648072493,0.364385077311103,0.362410531245414,0.360451841589802,0.358508847834023,0.356581396700381,0.354669341611225,0.352772542170254,0.350890863660514,0.349024176561358,0.347172356086174,0.345335281742198,0.343512836913378,0.341704908466873,0.339911386383486,0.338132163412084,0.336367134747818,0.334616197733768,0.3328792515855,0.331156197137874,0.32944693661334,0.327751373410891,0.326069411914754,0.324400957321878,0.322745915487231,0.321104192785912,0.319475695991069,0.317860332166627,0.316258008573822,0.3146686325906,0.313092111642903,0.311528353146954,0.309977264461645,0.308438752850183,0.306912725450194,0.305399089251514,0.303897751080934,0.302408617593224,0.300931595267786,0.299466590410322,0.298013509158973,0.296572257494377,0.295142741253179,0.29372486614453,0.292318537769151,0.290923661640596,0.289540143208341,0.288167887882386,0.286806801059078,0.285456788147878,0.284117754598835,0.282789605930555,0.281472247758443,0.280165585823082,0.278869526018543,0.277583974420532,0.276308837314215,0.275044021221639,0.273789432928629,0.272544979511108,0.27131056836074,0.270086107209868,0.268871504155663,0.267666667683473,0.266471506689325,0.265285930501552,0.264109848901537,0.262943172143548,0.261785810973667,0.260637676647803,0.259498680948794,0.258368736202599,0.257247755293589,0.256135651678953,0.255032339402222,0.253937733105935,0.252851748043463,0.251774300090004,0.250705305752774,0.249644682180416,0.24859234717165,0.247548219183173,0.24651221733685,0.245484261426217,0.244464271922308,0.243452169978837,0.242447877436761,0.241451316828245,0.24046241138005,0.239481085016381,0.238507262361192,0.237540868739996,0.236581830181194,0.235630073416927,0,0.241054556186704,0.247670416643649,0.254632791599862,0.261938741891627,0.26958405572645,0.277564390074799,0.28587723535929,0.294521940863727,0.303498527874802,0.312805952146715,0.322440152914227,0.332392044339732,0.342645525231738,0.353175571354104,0.363946512455259,0.374910662483688,0.386007540458349,0.397163958991262,0.408295232151011,0.419307638602381,0.430102073432531,0.440578577725592,0.450641225330202,0.460202747655254,0.469188328403385,0.477538182366973,0.48520878031595,0.492172815943022,0.498418171478042,0.503946205107171,0.508769670160108,0.512910515993258,0.516397746587178,0.519265447094696,0.521551039719837,0.523293797680759,0.524533624804228,0.525310093695465,0.525661724452,0.525625477480146,0.525236428185594,0.524527588465096,0.523529840065967,0.522271947607039,0.520780623630933,0.519080623609908,0.517194854542663,0.515144486031002,0.512949057123238,0.510626575589659,0.508193608663771,0.50566536576516,0.503055774496878,0.500377551476235,0.497642269490286,0.494860422211741,0.492041487376114,0.489193988980388,0.486325558761474,0.483442996971318,0.480552332290837,0.477658880613386,0.474767302371242,0.471881658064453,0.469005461668993,0.466141731640261,0.463293039279881,0.460461554291684,0.457649087411544,0.454857130051787,0.452086890951836,0.449339329871267,0.446615188398814,0.443915017981125,0.441239205298429,0.43858799513131,0.435961510874185,0.433359772857577,0.430782714643627,0.428230197458236,0.425702022919483,0.423197944216107,0.420717675882438,0.418260902307737,0.415827285108795,0.413416469485197,0.411028089667219,0.408661773556966,0.406317146654395,0.403993835351285,0.401691469668166,0.399409685501709,0.397148126443187,0.394906445222239,0.392684304824406,0.390481379325681,0.38829735448257,0.3861319281119,0.383984810290809,0.381855723403915,0.379744402061575,0.377650592910434,0.375574054354971,0.373514556206566,0.371471879274633,0.369445814912593,0.367436164529883,0.365442739079759,0.363465358531377,0.361503851333504,0.359558053876138,0.357627809955436,0.355712970246475,0.35381339178767,0.351928937479958,0.350059475603308,0.348204879352563,0.346365026394156,0.344539798444839,0.342729080873195,0.340932762324381,0.339150734368287,0.337382891171055,0.335629129189702,0.333889346889416,0.332163444482963,0.330451323691517,0.328752887526143,0.327068040089077,0.325396686393913,0.323738732203745,0.322094083886304,0.320462648285118,0.318844332605708,0.317239044315861,0.315646691059008,0.314067180579788,0.31250042066088,0.310946319070222,0.309404783517787,0.307875721621084,0.306359040878631,0.304854648650668,0.303362452146397,0.301882358417125,0.300414274354674,0.298958106694488,0.297513762022917,0.29608114678815,0.294660167314365,0.293250729818636,0.291852740430235,0.290466105211936,0.289090730183008,0.287726521343575,0.286373384700088,0.285031226291631,0.283699952216855,0.282379468661313,0.281069681925035,0.27977049845015,0.278481824848436,0.277203567928639,0.275935634723469,0.274677932516158,0.273430368866492,0.272192851636255,0.270965289013999,0.269747589539104,0.268539662125069,0.267341416082006,0.2661527611383,0.264973607461415,0.263803865677834,0.262643446892111,0.261492262705037,0.260350225230915,0.259217247113951,0.258093241543752,0.256978122269959,0.255871803616013,0.254774200492067,0.25368522840707,0.252604803480031,0.251532842450479,0.250469262688151,0.249413982201916,0.248366919647967,0.247327994337292,0.246297126242459,0.245274236003723,0.244259244934496,0.243252075026192,0.242252648952463,0.241260890072875,0.240276722436009,0.239300070782048,0.238330860544845,0.237369017853511,0.236414469533529,0,0.235713159825831,0.242226904621019,0.249075619546165,0.256265405309785,0.263798426611302,0.271674083232646,0.279891729092955,0.288451624776745,0.297354459488204,0.306600070962335,0.316185755485861,0.326104380066261,0.336342412847317,0.346877957121945,0.357678894913132,0.368701301910327,0.379888364321634,0.391170080125789,0.402464026418627,0.41367738926587,0.424710273670056,0.435460069017175,0.445826407820184,0.455716104159147,0.465047449946114,0.473753386114695,0.481783301759169,0.489103468179168,0.49569631529773,0.501558867142818,0.50670067187107,0.511141517306086,0.514909149845395,0.518037140550866,0.520562982120861,0.522526457741928,0.52396829453944,0.524929095694404,0.525448532445165,0.525564768103976,0.525314080222285,0.524730644073344,0.52384644061262,0.52269125465467,0.521292733498177,0.519676481814006,0.517866174481771,0.515883674570607,0.513749148379481,0.511481173171797,0.509096835930507,0.50661182322168,0.504040503254654,0.501396001656753,0.498690272522378,0.495934166104657,0.493137494211853,0.490309094034289,0.48745689081391,0.484587959506569,0.481708585388302,0.478824323420993,0.475940056113294,0.473060049579162,0.470188007498239,0.467327122708942,0.46448012620787,0.461649333380377,0.458836687341591,0.456043799320531,0.453271986069534,0.450522304325356,0.44779558238599,0.44509244889823,0.44241335897546,0.439758617783329,0.437128401743643,0.434522777514468,0.431941718907969,0.429385121907452,0.426852817942258,0.424344585574061,0.421860160741392,0.419399245701273,0.416961516798173,0.414546631181338,0.412154232582312,0.409783956255263,0.407435433173799,0.405108293569405,0.40280216988853,0.400516699237827,0.398251525379992,0.396006300336235,0.393780685645508,0.391574353325272,0.389386986573723,0.387218280249025,0.385067941157186,0.382935688176651,0.380821252244545,0.378724376226645,0.37664481469063,0.374582333599875,0.372536709943016,0.370507731312685,0.368495195445174,0.366498909731301,0.364518690707454,0.362554363534559,0.360605761471693,0.358672725350069,0.356755103052277,0.354852749000884,0.352965523659807,0.351093293051263,0.349235928290531,0.347393305140291,0.345565303585875,0.343751807432355,0.341952703924111,0.340167883387174,0.338397238894438,0.336640665953592,0.334898062217447,0.333169327216188,0.331454362110938,0.329753069467946,0.328065353052587,0.32639111764235,0.324730268857906,0.323082713011322,0.321448356970497,0.319827108038846,0.318218873849291,0.316623562271623,0.315041081332302,0.313471339145795,0.311914243856591,0.310369703591033,0.308837626418165,0.307317920318821,0.305810493162225,0.304315252689385,0.302832106502647,0.301360962060761,0.299901726678899,0.298454307533064,0.29701861166839,0.29559454601085,0.294182017381945,0.292780932515968,0.291391198079448,0.290012720692466,0.288645406951495,0.287289163453499,0.28594389682102,0.284609513728008,0.283285920926202,0.281973025271838,0.280670733752541,0.279378953514216,0.278097591887826,0.276826556415914,0.275565754878774,0.274315095320171,0.27307448607253,0.271843835781518,0.270623053429972,0.269412048361106,0.268210730300966,0.267019009380093,0.265836796154376,0.264664001625059,0.263500537257901,0.262346315001474,0.261201247304595,0.260065247132886,0.258938227984476,0.257820103904841,0.256710789500792,0.255610199953627,0.254518251031464,0.253434859100751,0.252359941136996,0.251293414734723,0.25023519811666,0.249185210142213,0.248143370315207,0.24710959879095,0.246083816382622,0.245065944567021,0.244055905489674,0.24305362196936,0.242059017502043,0.241072016264253,0.240092543115933,0.239120523602772,0.238155883958042,0.237198551103971,0,0.230350371137584,0.236767999975674,0.243503489805446,0.250573915919091,0.257988526270308,0.26575129405659,0.273864241298664,0.282329151189788,0.291147760246248,0.300320965826925,0.30984745198759,0.319721980320221,0.329933493503103,0.340463136417219,0.351282306126253,0.362350887101969,0.373615894148876,0.38501080619968,0.396455894792586,0.407859795927976,0.419122423351079,0.430139090156409,0.440805450362221,0.451022674171879,0.460702201429362,0.469769504046716,0.478166498963008,0.485852516012644,0.492803960492973,0.499012963955083,0.504485373765068,0.509238410340784,0.513298254356545,0.516697746864609,0.519474314334712,0.52166817669219,0.523320859374607,0.524474006160209,0.525168473698473,0.525443678297743,0.525337159084829,0.524884318548124,0.524118301393532,0.523069975159229,0.521767980511196,0.520238824793374,0.518506998449369,0.516595099707451,0.514523957965556,0.512312750379624,0.509979109183509,0.5075392193242,0.505007907235411,0.502398722182571,0.499724011778444,0.496994993153478,0.494221820997746,0.491413653366302,0.488578715819032,0.485724364186357,0.482857146030294,0.479982860710369,0.477106617861424,0.474232894036654,0.471365587254157,0.46850806919842,0.465663234860536,0.462833549444636,0.460021092417198,0.457227598625882,0.454454496462161,0.451702943085351,0.448973856763211,0.446267946415831,0.443585738474714,0.440927601188267,0.438293766518636,0.435684349783673,0.433099367202406,0.430538751503369,0.428002365753197,0.425490015558609,0.423001459788809,0.420536419957953,0.418094588399085,0.415675635352099,0.413279215079306,0.410904971113107,0.408552540731449,0.406221558748208,0.403911660697538,0.401622485483614,0.399353677560114,0.397104888697232,0.394875779388027,0.392666019940444,0.39047529129637,0.388303285614603,0.386149706650596,0.384014269962149,0.381896702967025,0.379796744875464,0.377714146518021,0.375648670086734,0.373600088805571,0.371568186544171,0.369552757387236,0.367553605170369,0.365570542991821,0.363603392708336,0.361651984422221,0.359716155965743,0.35779575238807,0.355890625449191,0.354000633124487,0.352125639123047,0.350265512422184,0.348420126820156,0.346589360508595,0.344773095665794,0.342971218071612,0.341183616744482,0.339410183600724,0.337650813136144,0.335905402129703,0.334173849368874,0.332456055396165,0.330751922276189,0.329061353382542,0.327384253203711,0.325720527167147,0.324070081480637,0.322432822990051,0.320808659052535,0.319197497424241,0.317599246161649,0.316013813535586,0.314441107957047,0.312881037913948,0.311333511917976,0.309798438460716,0.308275725978304,0.306765282823836,0.305267017246853,0.303780837379228,0.302306651226825,0.300844366666338,0.299393891446761,0.297955133194972,0.296527999424935,0.295112397550088,0.293708234898496,0.292315418730377,0.29093385625766,0.289563454665244,0.288204121133662,0.286855762862875,0.285518287096961,0.284191601149462,0.282875612429188,0.281570228466309,0.280275356938561,0.27899090569741,0.277716782794076,0.276452896505265,0.275199155358534,0.273955468157194,0.272721744004669,0.271497892328249,0.27028382290219,0.269079445870098,0.267884671766567,0.266699411538048,0.265523576562908,0.264357078670668,0.263199830160416,0.262051743818368,0.260912732934595,0.259782711318892,0.258661593315822,0.257549293818908,0.256445728284014,0.255350812741902,0.254264463809997,0.253186598703363,0.252117135244911,0.25105599187486,0.250003087659466,0.248958342299043,0.247921676135288,0.246893010157947,0.245872266010824,0.244859365997174,0.243854233084486,0.242856790908687,0.241866963777787,0.240884676674984,0.239909855261253,0.238942425877446,0.237982315545909,0,0.22497466213741,0.231299389170757,0.237921220276215,0.244869142351109,0.25215962457589,0.259801668475781,0.267800582758766,0.276160235789473,0.28488381854872,0.29397352530399,0.303429522565803,0.313248461808688,0.323421702260937,0.333933363040414,0.344758320428164,0.35586030148221,0.36719028709278,0.3786855040053,0.390269324135796,0.401852363280059,0.413334951799338,0.424610937741015,0.435572520485145,0.44611557690732,0.456144813226516,0.465578102056368,0.474349536992411,0.482410996019525,0.489732267733771,0.496299992129149,0.502115768128156,0.507193788779718,0.511558311655883,0.515241191468785,0.518279621492826,0.520714164559781,0.522587106920625,0.523941136661076,0.524818328213887,0.525259402014893,0.525303221069649,0.524986482848224,0.524343564807783,0.523406484383644,0.522204938828687,0.520766396057952,0.519116213903415,0.517277771240646,0.515272599829725,0.51312051013622,0.510839707768293,0.508446899529641,0.505957389582607,0.50338516702225,0.500742986467839,0.498042443252637,0.495294044574849,0.492507277666487,0.489690675714569,0.486851881974616,0.483997712273248,0.481134215912939,0.478266734866179,0.475399961071676,0.472537991612096,0.469684381551442,0.466842194230983,0.464014048857878,0.461202165263593,0.458408405755111,0.455634314027017,0.452881151144465,0.450149928644233,0.447441438832716,0.444756282385534,0.442094893373596,0.439457561855157,0.436844454183356,0.434255631184275,0.431691064362594,0.42915065029079,0.426634223334368,0.42414156686017,0.421672423068011,0.419226501578038,0.416803486897785,0.414403044884103,0.412024828306304,0.409668481608084,0.407333644957343,0.405019957664909,0.40272706104551,0.400454600787205,0.398202228888841,0.395969605219029,0.393756398744528,0.391562288470866,0.389386964133447,0.387230126673199,0.38509148852713,0.382970773760751,0.380867718066342,0.378782068648299,0.376713584014397,0.374662033689605,0.372627197867145,0.370608867009725,0.368606841412299,0.366620930736307,0.36465095352405,0.362696736700722,0.360758115070606,0.358834930812987,0.356927032982533,0.355034277018126,0.353156524263496,0.351293641502356,0.349445500510275,0.347611977625001,0.345792953336552,0.343988311898031,0.342197940957785,0.340421731213252,0.338659576086609,0.336911371422107,0.335177015204816,0.333456407300349,0.331749449215013,0.330056043875727,0.32837609542898,0.326709509058029,0.325056190817488,0.323416047484451,0.321788986425232,0.320174915476837,0.318573742842259,0.316985376998701,0.315409726617847,0.313846700497324,0.312296207502521,0.310758156517953,0.309232456407403,0.307719015982096,0.3062177439762,0.304728549028977,0.303251339672959,0.301786024327546,0.300332511297458,0.298890708775527,0.297460524849325,0.296041867511175,0.294634644671126,0.293238764172487,0.291854133809563,0.290480661347263,0.289118254542268,0.287766821165477,0.286426269025478,0.285096505992817,0.283777440024843,0.282468979190948,0.281171031698024,0.27988350591599,0.278606310403251,0.277339353931958,0.27608254551298,0.274835794420474,0.273599010215989,0.272372102772017,0.271154982294937,0.269947559347314,0.268749744869477,0.267561450200377,0.266382587097669,0.265213067757018,0.264052804830588,0.262901711444728,0.26175970121683,0.260626688271367,0.259502587255107,0.258387313351503,0.257280782294284,0.256182910380236,0.255093614481189,0.25401281205524,0.252940421157208,0.251876360448347,0.250820549205332,0.249772907328536,0.248733355349629,0.247701814438499,0.246678206409533,0.245662453727267,0.244654479511438,0.243654207541449,0.242661562260273,0.241676468777821,0.240698852873782,0.239728640999971,0.238765760282201,0,0.219598296035306,0.225828616093212,0.232334713330626,0.239156580014515,0.246317375816664,0.253831166874534,0.261706921949279,0.269951050377663,0.278568588125753,0.28756329514118,0.296936964932121,0.306688183878149,0.316810709315021,0.327291592133515,0.338109161129006,0.349231014108932,0.360612217952234,0.372193989472857,0.383903182653241,0.395652908447842,0.407344526568649,0.418871062220127,0.430121841699488,0.440987876452446,0.451367340928621,0.46117045147909,0.47032317661007,0.47876945013801,0.486471838660848,0.493410853425768,0.499583244079375,0.504999658227356,0.509682018104963,0.513660889352742,0.51697302938578,0.519659225101535,0.521762470358812,0.523326492887763,0.524394614241269,0.525008910697057,0.525209634309269,0.525034849485126,0.524520240290689,0.523699046327596,0.522602089715025,0.521257861687209,0.519692643820478,0.517930645273292,0.515994143158697,0.513903617963774,0.511677879660684,0.509334182841295,0.506888330973874,0.504354770899811,0.501746679148984,0.499076041729741,0.49635372889156,0.493589566079651,0.490792401982367,0.487970174266974,0.485129973336665,0.482278104234877,0.479420146673809,0.476561013067567,0.473705004398344,0.470855863726813,0.468016827166229,0.465190672165294,0.462379762980809,0.459586093262042,0.456811325710692,0.454056828820309,0.451323710735368,0.448612850301659,0.445924925405852,0.443260438722859,0.440619741005245,0.43800305205977,0.435410479562713,0.432842035868558,0.430297652966397,0.427777195735684,0.425280473648248,0.422807251057188,0.420357256205957,0.417930189082816,0.415525728237374,0.413143536667249,0.410783266874262,0.408444565181195,0.406127075392014,0.40383044187083,0.401554312107645,0.399298338832216,0.397062181731226,0.394845508818207,0.392647997500561,0.390469335383237,0.388309220844438,0.386167363414833,0.384043483988328,0.381937314889319,0.379848599818563,0.377777093697294,0.375722562426962,0.373684782579955,0.371663541034842,0.369658634568049,0.367669869412434,0.365697060791866,0.363740032439784,0.361798616108597,0.35987265107588,0.357961983652397,0.356066466696287,0.354185959136982,0.352320325511868,0.350469435518114,0.348633163581603,0.346811388444499,0.345003992772534,0.343210862782841,0.341431887892794,0.339666960390096,0.337915975124137,0.336178829218419,0.334455421803744,0.332745653771659,0.331049427547597,0.329366646883034,0.327697216665919,0.326041042748588,0.324398031792315,0.32276809112765,0.321151128629661,0.319547052607208,0.317955771705365,0.316377194820124,0.314811231024537,0.313257789505465,0.311716779510133,0.31018811030171,0.308671691123186,0.307167431168825,0.305675239562522,0.304195025342422,0.302726697451206,0.301270164731457,0.299825335925587,0.298392119679819,0.296970424551754,0.295560159021092,0.294161231503109,0.292773550364505,0.291397023941294,0.290031560558409,0.288677068550741,0.287333456285338,0.286000632184534,0.284678504749776,0.283366982585964,0.282065974426113,0.280775389156187,0.279495135839951,0.278225123743719,0.276965262360883,0.275715461436125,0.274475630989213,0.273245681338324,0.272025523122808,0.270815067325351,0.269614225293479,0.268422908760374,0.267241029864957,0.266068501171225,0.264905235686812,0.263751146880765,0.262606148700524,0.261470155588099,0.260343082495449,0.259224844899052,0.258115358813684,0.257014540805411,0.2559223080038,0.254838578113367,0.253763269424262,0.252696300822233,0.251637591797857,0.250587062455078,0.249544633519046,0.248510226343307,0.247483762916338,0.246465165867458,0.245454358472141,0.244451264656733,0.243455809002619,0.242467916749834,0.241487513800164,0.240514526719737,0.239548882741142,0,0.214236500319233,0.220364816499326,0.226750914056495,0.233442378058464,0.240467844704123,0.247846061774558,0.255589754494371,0.263708177194042,0.272208543198718,0.281096447615835,0.290375486439722,0.300046266896928,0.310104964118174,0.320541546532168,0.331337783795996,0.342465173831172,0.353882978241009,0.365536626427925,0.377356814293727,0.389259648323894,0.401148132137882,0.412915137047493,0.424447752278954,0.435632628997335,0.446361699449333,0.456537548465728,0.466077777861025,0.474917913480846,0.483012689255024,0.490335816229049,0.496878540408827,0.502647384017428,0.507661461027518,0.511949692322305,0.515548154908254,0.518497710743746,0.52084198852996,0.522625740030049,0.523893558725476,0.524688928359787,0.525053557960677,0.525026955252624,0.524646190047623,0.52394580197979,0.522957811887471,0.521711802411944,0.520235040210199,0.518552618908823,0.516687608048475,0.514661198457567,0.51249283860221,0.510200359488238,0.507800087747021,0.505306947786387,0.50273455451944,0.50009529837819,0.497400424232525,0.494660105592231,0.491883515161684,0.489078892504571,0.486253609296246,0.483414232412337,0.480566584929651,0.477715804996608,0.474866402458494,0.472022313088723,0.46918695027195,0.466363253999737,0.463553737067453,0.460760528396242,0.457985413441906,0.455229871690105,0.452495111272205,0.4497821007671,0.447091598280505,0.444424177914486,0.441780253756279,0.439160101527102,0.436563878039169,0.433991638612844,0.431443352606558,0.428918917210103,0.426418169647875,0.423940897932939,0.42148685030594,0.419055743485141,0.416647269845699,0.414261103637842,0.4118969063451,0.40955433127547,0.4072330274703,0.404932643008025,0.402652827772628,0.400393235749938,0.39815352690862,0.395933368716905,0.393732437340872,0.39155041856525,0.389387008473365,0.387241913918903,0.385114852818612,0.383005554291867,0.380913758670112,0.378839217396661,0.376781692834967,0.374740958001408,0.37271679623675,0.37070900082879,0.368717374597126,0.366741729449689,0.364781885919395,0.362837672688229,0.360908926105035,0.358995489702427,0.357097213717416,0.355213954619654,0.353345574650528,0.351491941375776,0.349652927253795,0.347828409221336,0.346018268297892,0.344222389209728,0.342440660034196,0.34067297186469,0.338919218496379,0.337179296132655,0.335453103112032,0.333740539655139,0.332041507631273,0.330355910343915,0.328683652334532,0.327024639203905,0.3253787774502,0.323745974322951,0.322126137692118,0.320519175931348,0.318924997814604,0.317343512425293,0.315774629077064,0.314218257245457,0.312674306509602,0.311142686503198,0.309623306874032,0.308116077251332,0.306620907220258,0.305137706302914,0.303666383945235,0.302206849509217,0.300759012269898,0.29932278141663,0.297898066058124,0.296484775230864,0.295082817910442,0.293692103025463,0.292312539473646,0.29094403613981,0.289586501915435,0.288239845719537,0.286903976520596,0.285578803359312,0.284264235371994,0.282960181814375,0.2816665520857,0.280383255752933,0.279110202574944,0.277847302526559,0.276594465822364,0.275351602940171,0.274118624644065,0.272895442006957,0.271681966432587,0.270478109676918,0.269283783868882,0.268098901530442,0.266923375595935,0.265757119430677,0.264600046848815,0.263452072130405,0.26231311003771,0.261183075830726,0.260061885281915,0.258949454690164,0.257845700893969,0.256750541283854,0.255663893814029,0.254585677013314,0.253515809995324,0.252454212467947,0.251400804742114,0.250355507739902,0.249318243001961,0.248288932694312,0.247267499614503,0.246253867197174,0.245247959519035,0.244249701303273,0.243259017923427,0.242275835406725,0.24130008043693,0.240331680356686,0,0.208904895054961,0.214918193304081,0.221177628573638,0.227733285026079,0.234617490074757,0.241852916087082,0.249455862841424,0.257438554510771,0.265810621850738,0.274579735256,0.283751477942542,0.293328591957185,0.303309722587935,0.313687769803123,0.324447951065942,0.3355657004015,0.347004577586371,0.358714432478084,0.370630144121202,0.38267130054231,0.394743163727846,0.406739143371007,0.418544779135148,0.430042944060205,0.441119709514548,0.451670143703672,0.461603311616537,0.470845907480415,0.479344225846011,0.487064477080936,0.493991696287428,0.500127635157799,0.505488059795788,0.510099830557923,0.513998050614292,0.5172234718061,0.519820260727276,0.521834163422486,0.523311063648402,0.524295903197617,0.524831918496031,0.524960141578288,0.524719112856831,0.524144756014146,0.523270370615595,0.522126704698134,0.520742076832222,0.519142524309622,0.517351960664431,0.515392331349994,0.513283760905698,0.511044688338838,0.508691989811247,0.506241089218153,0.503706058065334,0.501099706375964,0.498433666355419,0.495718470344763,0.49296362430252,0.490177677739657,0.487368290738439,0.484542298435939,0.481705773157173,0.478864084241218,0.476021955510893,0.47318352028457,0.470352373808487,0.467531622991068,0.464723933339678,0.461931573028808,0.45915645406201,0.456400170524373,0.453664033955425,0.450949105902357,0.448256227739407,0.44558604786068,0.442939046370481,0.4403155574076,0.437715789248233,0.435139842336835,0.432587725395603,0.430059369762072,0.427554642100893,0.425073355630763,0.42261528000109,0.420180149945655,0.41776767283266,0.415377535222321,0.413009408534871,0.410662953923591,0.408337826439508,0.406033678566712,0.403750163199989,0.401486936129619,0.39924365809187,0.397019996437857,0.394815626468041,0.392630232474748,0.390463508530629,0.388315159056927,0.386184899201767,0.384072455055402,0.381977563726362,0.379899973299814,0.377839442697017,0.375795741452631,0.373768649424664,0.371757956450158,0.369763461958092,0.367784974549614,0.365822311554433,0.363875298571063,0.361943768997592,0.36002756355872,0.358126529833992,0.356240521791395,0.354369399329842,0.352513027833445,0.350671277739962,0.348844024125342,0.347031146305823,0.34523252745874,0.343448054262801,0.341677616558353,0.33992110702789,0.338178420896837,0.336449455654483,0.334734110794751,0.333032287576377,0.331343888801974,0.329668818615337,0.328006982316313,0.326358286192473,0.324722637366819,0.323099943660687,0.321490113471042,0.319893055661312,0.318308679464945,0.316736894400847,0.3151776101999,0.313630736741776,0.312096184001272,0.310573862003423,0.309063680786693,0.307565550373552,0.306079380747807,0.304605081838044,0.303142563506631,0.301691735543711,0.300252507665672,0.298824789517629,0.297408490679435,0.296003520674829,0.294609788983323,0.293227205054451,0.291855678324071,0.290495118232396,0.289145434243473,0.287806535865864,0.286478332674271,0.285160734331921,0.283853650613481,0.282556991428362,0.281270666844223,0.279994587110561,0.27872866268223,0.277472804242812,0.276226922727703,0.274990929346853,0.273764735607076,0.272548253333859,0.271341394692613,0.270144072209329,0.268956198790584,0.267777687742871,0.266608452791223,0.265448408097119,0.264297468275635,0.263155548411855,0.262022564076517,0.260898431340896,0.259783066790926,0.258676387540563,0.257578311244398,0.256488756109522,0.255407640906655,0.254334884980563,0.253270408259762,0.252214131265525,0.251165975120221,0.250125861554989,0.249093712916773,0.248069452174735,0.247053002926064,0.2460442894012,0.245043236468491,0.244049769638304,0.243063815066616,0.242085299558093,0.241114150568687,0,0.203617866204298,0.209499327416061,0.215623214906652,0.222036509340815,0.228773097675259,0.235858534161151,0.243312261322726,0.251149411491454,0.259382157325462,0.26802042912868,0.277071969132351,0.286541780559493,0.296431054903346,0.306735662519743,0.317444294971182,0.328536368421746,0.339979843692476,0.35172918900858,0.363723792651505,0.375887197236574,0.388127536510526,0.400339471518965,0.41240772881207,0.42421206223785,0.435633159307542,0.446558785256236,0.456889381640806,0.466542440560239,0.475455225473604,0.483585723482351,0.490912000501716,0.497430324595894,0.503152501669178,0.508102847996539,0.512315142734948,0.515829799276799,0.518691395447432,0.520946623748973,0.522642667621304,0.523825975144728,0.524541382616966,0.52483153209959,0.524736525617881,0.524293761670652,0.523537905367494,0.522500950671597,0.52121234098994,0.519699122020387,0.517986107815152,0.516096047106285,0.514049781885903,0.511866394013307,0.509563338316285,0.507156562419185,0.504660614553407,0.502088741077326,0.499452975525142,0.496764220861561,0.494032326352224,0.491266160147571,0.488473678372,0.485661991240939,0.482837426509757,0.48000559039365,0.477171425983253,0.474339269109716,0.471512901576813,0.468695601667913,0.465890191844511,0.463099083574045,0.460324319252575,0.457567611218648,0.454830377885342,0.45211377704611,0.449418736435379,0.446745981646226,0.444096061524527,0.441469371171907,0.438866172698721,0.436286613873629,0.433730744818507,0.431198532896872,0.428689875941292,0.426204613960669,0.423742539462419,0.421303406517653,0.418886938689911,0.416492835940014,0.414120780611499,0.411770442592958,0.4094414837457,0.407133561677484,0.404846332935793,0.402579455687248,0.400332591943362,0.398105409386895,0.395897582847584,0.39370879547106,0.391538739620147,0.389387117543654,0.387253641843972,0.385138035771452,0.38304003337043,0.380959379499094,0.37889582974284,0.376849150238599,0.374819117425593,0.372805517736184,0.370808147238878,0.36882681124407,0.366861323881837,0.364911507659875,0.362977193008648,0.361058217819848,0.3591544269834,0.357265671927503,0.355391810165471,0.353532704852556,0.351688224355348,0.349858241835879,0.348042634852107,0.34624128497607,0.344454077430655,0.342680900745633,0.340921646433349,0.339176208684208,0.33744448408194,0.335726371338421,0.334021771047712,0.332330585458849,0.330652718266822,0.328988074421112,0.327336559951072,0.325698081807422,0.324072547719076,0.322459866064486,0.320859945756724,0.319272696141454,0.317698026907009,0.31613584800577,0.314586069586053,0.313048601933764,0.311523355423066,0.310010240475362,0.308509167525896,0.307020046997345,0.305542789279758,0.30407730471627,0.302623503594032,0.301181296139833,0.299750592519923,0.298331302843585,0.296923337170017,0.295526605518129,0.294141017878892,0.292766484229883,0.291402914551728,0.29005021884613,0.288708307155239,0.287377089582102,0.286056476311975,0.284746377634309,0.283446703965196,0.282157365870148,0.280878274087023,0.279609339548997,0.278350473407432,0.277101587054566,0.275862592145907,0.274633400622254,0.273413924731289,0.272204077048658,0.271003770498501,0.269812918373374,0.268631434353549,0.267459232525627,0.266296227400475,0.265142333930437,0.263997467525828,0.262861544070689,0.2617344799378,0.260616192002952,0.259506597658474,0.25840561482602,0.257313161968632,0.256229158102073,0.255153522805453,0.254086176231148,0.253027039114038,0.251976032780078,0.250933079154204,0.249898100767609,0.248871020764396,0.247851762907622,0.246840251584769,0.245836411812643,0.244840169241731,0.243851450160022,0.242870181496332,0.241896290823128,0,0.198387355346527,0.204118406578669,0.210096176921712,0.21635950176033,0.222941659689515,0.229869880808229,0.237166122776423,0.24484819049325,0.252930797051987,0.261426242177694,0.270344565585898,0.279693153605659,0.289475832018327,0.299691498741032,0.310332362870689,0.321381879775007,0.332812516572483,0.344583551508235,0.356639196273738,0.368907409848134,0.381299809724223,0.393713039990743,0.406031797328728,0.418133451977501,0.429893884243377,0.44119387767765,0.451925260247351,0.461996019074773,0.471333822842506,0.479887699599087,0.487627940223947,0.494544546231811,0.500644672324281,0.505949531109245,0.510491161988392,0.514309360339045,0.517448952259851,0.519957505991127,0.521883501978601,0.523274938730785,0.524178326228146,0.524638006994412,0.524695742261686,0.524390503512272,0.52375841575806,0.522832806691319,0.521644324251308,0.520221093440204,0.518588890850391,0.51677132198274,0.51478999186179,0.512664663654074,0.510413403047523,0.508052708204408,0.505597626346254,0.503061858662209,0.50045785543337,0.497796903188068,0.495089205467806,0.492343958479007,0.489569422591677,0.48677299035914,0.483961251492034,0.481140055031567,0.478314568830274,0.475489336357427,0.472668330793057,0.469855006350675,0.4670523467666,0.464262910906267,0.461488875459464,0.458732074722725,0.455994037494796,0.453276021137835,0.450579042881376,0.447903908467029,0.445251238249094,0.442621490879496,0.440014984714949,0.437431917090191,0.434872381603991,0.432336383564774,0.429823853740535,0.427334660553788,0.424868620856855,0.422425509416321,0.420005067228249,0.417607008778048,0.415231028350949,0.412876805491056,0.41054400969912,0.40823230445152,0.405941350615684,0.403670809330281,0.401420344412021,0.399189624344937,0.396978323902442,0.394786125447355,0.392612719950457,0.390457807763881,0.388321099181815,0.386202314817495,0.384101185822376,0.382017453970477,0.379950871628421,0.377901201629336,0.375868217066768,0.373851701022891,0.3718514462436,0.369867254771635,0.36789893754747,0.36594631398651,0.36400921154007,0.362087465246564,0.360180917278507,0.358289416490089,0.356412817969402,0.354550982598712,0.352703776625654,0.350871071247653,0.349052742211458,0.347248669429261,0.3454587366125,0.343682830924154,0.341920842650029,0.340172664889339,0.338438193264617,0.336717325650884,0.33500996192378,0.333316003726301,0.331635354253617,0.329967918055418,0.328313600855123,0.326672309385258,0.325043951238257,0.323428434731929,0.32182566878879,0.320235562828484,0.318658026672498,0.317092970460372,0.315540304576657,0.313999939587853,0.312471786188584,0.310955755156332,0.309451757314017,0.307959703499787,0.3064795045434,0.305011071248586,0.303554314380855,0.302109144660201,0.300675472758213,0.299253209299131,0.297842264864399,0.296442550000322,0.295053975228433,0.293676451058238,0.292309888001997,0.290954196591249,0.289609287394815,0.288275071038011,0.286951458222849,0.285638359749023,0.284335686535469,0.283043349642355,0.281761260293314,0.280489329897806,0.279227470073468,0.277975592668352,0.276733609782933,0.275501433791826,0.274278977365113,0.273066153489223,0.271862875487312,0.270669057039079,0.269484612199995,0.268309455419894,0.267143501560913,0.265986665914742,0.264838864219182,0.263700012673991,0.262570027956009,0.261448827233561,0.260336328180132,0.25923244898733,0.258137108377114,0.257050225613325,0.255971720512509,0.254901513454049,0.25383952538962,0.252785677851978,0.251739892963094,0.25070209344166,0.249672202609979,0.248650144400243,0.24763584336024,0.24662922465849,0.245630214088832,0.244638738074488,0.243654723671617,0.242678098572376,0,0.193221159413416,0.198784495282276,0.204604706368677,0.210709677320771,0.217130205612202,0.223893967455743,0.231024684779658,0.238542455739802,0.246464409554943,0.25480523849739,0.263577368352088,0.272790669775955,0.282451689782102,0.292562420278512,0.303118643421509,0.314107920191315,0.325507332389789,0.337281155775864,0.349378729993943,0.361732882286892,0.374259324289601,0.386857431906834,0.399412700096422,0.411800927657216,0.423893867927364,0.43556576089104,0.446699941122484,0.457194671868327,0.466967506736839,0.475957777081006,0.484127150794762,0.491458509445392,0.497953581224733,0.503629830741564,0.508517066516925,0.512654125790042,0.516085875856964,0.518860661189847,0.521028240505409,0.522638200458769,0.523738798804591,0.524376173508539,0.524593849565258,0.524432477689942,0.523929745506996,0.523120410341769,0.5220364119178,0.520707032304765,0.519159078776292,0.517417072465278,0.515503431667262,0.513438643305293,0.511241419509548,0.50892883863357,0.506516471518188,0.504018494625656,0.501447791989648,0.498816047924977,0.496133832245283,0.493410679445661,0.490655162988497,0.487874965528091,0.485076945647164,0.482267201466601,0.47945113132995,0.476633491652094,0.473818451950017,0.471009647034522,0.46821022632733,0.465422900270894,0.462649983812709,0.459893436966894,0.457154902479939,0.454435740651846,0.451737061386852,0.449059753568176,0.44640451186822,0.443771861119086,0.44116217837811,0.438575712829657,0.436012603667814,0.433472896105385,0.430956555653051,0.428463480809117,0.425993514295342,0.423546452968282,0.421122056528681,0.418720055144011,0.416340156091537,0.413982049521456,0.411645413431898,0.409329917940008,0.40703522892604,0.404761011120502,0.402506930697856,0.400272657434214,0.398057866480842,0.395862239800111,0.393685467305758,0.391527247745036,0.389387289356355,0.387265310332483,0.38516103911613,0.383074214551859,0.381004585915605,0.378951912840777,0.376915965157735,0.374896522661569,0.372893374821358,0.370906320442544,0.368935167292668,0.36697973169944,0.365039838129005,0.363115318751234,0.361206012997954,0.359311767119201,0.357432433741855,0.35556787143433,0.353717944280401,0.351882521464733,0.350061476872165,0.348254688702428,0.34646203910155,0.344683413810904,0.342918701834563,0.341167795125341,0.339430588289727,0.337706978311682,0.335996864295141,0.334300147224899,0.332616729745474,0.330946515957411,0.329289411230449,0.327645322032876,0.326014155776402,0.32439582067578,0.322790225622452,0.321197280071427,0.319616893940642,0.318048977522009,0.31649344140342,0.314950196400936,0.313419153500456,0.311900223808142,0.310393318508938,0.308898348832517,0.307415226026032,0.305943861333086,0.30448416597835,0.303036051157283,0.301599428030481,0.30017420772214,0.298760301322233,0.297357619891947,0.295966074472023,0.294585576093626,0.293216035791412,0.291857364618495,0.29050947366302,0.289172274066087,0.287845677040791,0.28652959389215,0.285223936037742,0.283928615028844,0.282643542571939,0.281368630550424,0.280103791046395,0.278848936362397,0.277603979043014,0.27636883189624,0.27514340801451,0.273927620795353,0.272721383961584,0.271524611580991,0.270337218085467,0.269159118289555,0.267990227408361,0.266830461074832,0.26567973535635,0.264537966770653,0.26340507230105,0.262280969410947,0.261165576057652,0.260058810705486,0.258960592338181,0.257870840470591,0.256789475159697,0.255716417014945,0.2546515872079,0.253594907481253,0.252546300157175,0.251505688145047,0.250472994948565,0.249448144672261,0.24843106202743,0.247421672337501,0.246419901542858,0.245425676205134,0.244438923510993,0.243459571275415,0,0.188123440593288,0.193504957962838,0.199156224246047,0.205094102507482,0.211345595746744,0.217937709052532,0.224895136085947,0.23223978856269,0.239990980077285,0.24816572997374,0.256778877572693,0.265842844189971,0.275366970450064,0.285356407149834,0.29581056961294,0.306721195843577,0.318070092107927,0.32982671503899,0.341945827914912,0.354365568733211,0.367006351465753,0.379771047917759,0.392546822404555,0.405208790833486,0.417625367259752,0.42966481254145,0.441202213374956,0.452125992454037,0.462343129479227,0.47178253389753,0.480396368593609,0.488159472361882,0.495067282284608,0.501132776845644,0.506382956330413,0.510855288452858,0.514594421252253,0.517649339964447,0.520071041796553,0.521910729800903,0.523218482368244,0.524042332019079,0.524427679327084,0.524416969276115,0.524049564056794,0.523361755569152,0.522386871027175,0.521155435012868,0.519695360460111,0.518032148990183,0.516189087595068,0.514187433843761,0.512046585653762,0.509784234382056,0.507416501745284,0.5049580620868,0.502422251968017,0.499821169146553,0.497165762856175,0.494465917031439,0.49173052780041,0.488967576252588,0.486184197206076,0.483386744462648,0.480580852855914,0.477771497263588,0.474963048663927,0.472159327260952,0.469363652675176,0.466578891188899,0.463807500041424,0.461051568784546,0.458312857728449,0.455592833529551,0.452892701992948,0.450213438181267,0.447555813938267,0.444920422948903,0.442307703467642,0.439717958853752,0.437151376056207,0.434608042192152,0.432087959361887,0.429591057840402,0.427117207781037,0.424666229561203,0.422237902893519,0.419831974818595,0.417448166688178,0.415086180239699,0.41274570285561,0.4104264120934,0.408127979564909,0.405850074236651,0.403592365216276,0.401354524084229,0.399136226823892,0.396937155398303,0.394756999016664,0.392595455129445,0.39045223018689,0.388327040192037,0.386219611076097,0.384129678921014,0.382056990051371,0.380001301015327,0.377962378472131,0.37593999900174,0.373933948850334,0.371944023623877,0.369970027940485,0.368011775051004,0.366069086436086,0.364141791386961,0.362229726576167,0.360332735623661,0.358450668662922,0.356583381911029,0.354730737246019,0.352892601794314,0.351068847530494,0.349259350891262,0.347463992405042,0.345682656338317,0.3439152303595,0.34216160522088,0.340421674458917,0.338695334113004,0.336982482462604,0.335283019782544,0.333596848116101,0.331923871065454,0.330263993598934,0.328617121874489,0.326983163078695,0.325362025280623,0.323753617299828,0.322157848587729,0.320574629121624,0.319003869310581,0.317445479912476,0.315899371961423,0.314365456704895,0.31284364554982,0.311333850016987,0.309835981703097,0.308349952249853,0.306875673319464,0.305413056576017,0.303962013672173,0.302522456240665,0.301094295890132,0.299677444204843,0.29827181274786,0.296877313067289,0.295493856705213,0.294121355208992,0.292759720144608,0.291408863111753,0.290068695760417,0.288739129808701,0.287420077061655,0.286111449430917,0.284813158954985,0.283525117819928,0.282247238380407,0.280979433180858,0.279721614976703,0.278473696755499,0.277235591757914,0.276007213498441,0.27478847578578,0.273579292742826,0.272379578826183,0.271189248845187,0.270008217980366,0.268836401801323,0.267673716283993,0.266520077827271,0.265375403268983,0.26423960990118,0.263112615484751,0.261994338263363,0.260884696976695,0.259783610872998,0.25869099972096,0.257606783820898,0.256530884015278,0.255463221698571,0.254403718826459,0.253352297924398,0.252308882095563,0.251273395028179,0.250245761002256,0.249225904895746,0.248213752190136,0.247209228975494,0.246212261954986,0.245222778448893,0.244240706398114,0,0.183095441257875,0.188285081801329,0.193756970897075,0.199519178288189,0.205594294084523,0.212007759706557,0.218784486726959,0.225947671066126,0.233518496687144,0.24151616241024,0.249957882352509,0.25885864912252,0.268230642357905,0.278082223602703,0.288416496711337,0.299229446395688,0.310507710278032,0.322226102717014,0.334345096171605,0.346808571377999,0.359542248935124,0.372453273427345,0.385431389988926,0.398351995825117,0.411081064325341,0.423481577595517,0.435420761273004,0.44677720347197,0.457446933819854,0.467347744917448,0.476421389821212,0.484633675685667,0.491972790708467,0.498446386188896,0.504077978740745,0.508903171671838,0.512966069005836,0.516316116602432,0.519005483094981,0.521087002758411,0.522612644149509,0.523632436849548,0.524193776254407,0.524341026141038,0.52411534543129,0.523554675631353,0.522693836632616,0.521564689598039,0.520196335771246,0.5186153288296,0.51684588568403,0.514910086392522,0.512828058197453,0.510618141788203,0.508297039938567,0.505879949893383,0.503380681490549,0.500811763188662,0.498184538079784,0.495509251720256,0.492795133296197,0.490050471312831,0.487282684694124,0.484498389920283,0.481703464622912,0.478903107900405,0.476101897504574,0.473303843976371,0.470512441766029,0.467730717353596,0.464961274382942,0.462206335830491,0.459467783244606,0.456747193109493,0.454045870406166,0.451364879460774,0.448705072186284,0.446067113836622,0.443451506402481,0.440858609785192,0.438288660889389,0.435741790776991,0.433218040024488,0.430717372423134,0.428239687157608,0.425784829593463,0.423352600797489,0.42094276590822,0.418555061466579,0.416189201809106,0.413844884618721,0.411521795720502,0.409219613202776,0.406938010936846,0.404676661562157,0.402435238997469,0.400213420532897,0.398010888552311,0.395827331930656,0.393662447146309,0.391515939144399,0.389387521983345,0.387276919293441,0.385183864573248,0.383108101346794,0.381049383202086,0.379007473729146,0.3769821463738,0.374973184221576,0.372980379724445,0.371003534381626,0.369042458384365,0.367096970233358,0.36516689633643,0.363252070593082,0.361352333971636,0.359467534083928,0.357597524761757,0.355742165638696,0.353901321740246,0.352074863084851,0.350262664297789,0.348464604239573,0.346680565650129,0.344910434809678,0.343154101217009,0.341411457285531,0.339682398057336,0.337966820935261,0.336264625432841,0.334575712941849,0.332899986517063,0.33123735067777,0.329587711225448,0.327950975077037,0.326327050113113,0.32471584504029,0.323117269267135,0.321531232792866,0.319957646108094,0.318396420106894,0.316847466009462,0.315310695294667,0.313786019641782,0.312273350880747,0.310772600950282,0.309283681863256,0.307806505678688,0.306340984479816,0.304887030357699,0.303444555399825,0.302013471683247,0.30059369127179,0.299185126216895,0.297787688561703,0.296401290348008,0.295025843625723,0.293661260464544,0.292307452967513,0.290964333286193,0.289631813637223,0.288309806319999,0.286998223735284,0.285696978404541,0.284405982989827,0.283125150314073,0.281854393381617,0.280593625398854,0.279342759794893,0.278101710242103,0.276870390676481,0.275648715317734,0.274436598689016,0.273233955636264,0.272040701347067,0.270856751369024,0.269682021627563,0.26851642844317,0.267359888548024,0.266212319101987,0.265073637707968,0.263943762426615,0.262822611790353,0.261710104816744,0.260606161021178,0.259510700428898,0.258423643586354,0.2573449115719,0.256274426005829,0.255212109059781,0.254157883465508,0.253111672523022,0.252073400108136,0.251042990679417,0.250020369284554,0.24900546156618,0.247998193767135,0.246998492735206,0.246006285927359,0.245021501413469,0,0.178135741783409,0.183127909020671,0.188411685307109,0.193990350609757,0.19988214085614,0.206110338670778,0.212699428038927,0.219673361902322,0.227054829768415,0.234864994047473,0.243123339851506,0.251847399433468,0.261052199574436,0.270749340206202,0.280945654002203,0.291641431728731,0.302828239726495,0.314486415541428,0.326582412554552,0.339066272501336,0.35186961952475,0.364904656688409,0.378064657969425,0.391226339817988,0.404254247093888,0.417006928784084,0.429344294386585,0.441135248701846,0.45226460249656,0.462638388914225,0.472187038935882,0.480866279712468,0.488655997478299,0.495557563503068,0.501590224462601,0.50678712702214,0.511191429290653,0.514852802400877,0.517824484293666,0.520160936759635,0.521916081846568,0.523142050906404,0.523888360788504,0.524201428741879,0.524124343831071,0.523696823464282,0.522955296048315,0.521933063105535,0.520660505474231,0.519165308000692,0.51747268524189,0.515605597134999,0.513584948471647,0.511429769529197,0.509157377583646,0.506783520493622,0.504322504326037,0.501787307289615,0.499189682218079,0.496540249630117,0.493848583084531,0.491123288212802,0.488372076490065,0.485601834523204,0.482818689402118,0.480028070478949,0.477234767806629,0.474442987375974,0.471656403232091,0.468878206518623,0.466111151485248,0.463357598494234,0.460619554070659,0.457898708054702,0.455196467930143,0.452513990419091,0.449852210447532,0.447211867598803,0.444593530182046,0.44199761705,0.439424417305094,0.436874108034981,0.43434677021857,0.43184240294165,0.42936093605761,0.426902241423879,0.424466142838877,0.422052424797656,0.419660840177383,0.417291116956491,0.414942964063908,0.412616076447433,0.410310139443146,0.408024832520819,0.405759832473706,0.403514816114878,0.401289462536437,0.399083454982555,0.396896482382269,0.394728240583395,0.39257843332471,0.390446772979751,0.388332981102081,0.386236788798732,0.3841579369557,0.382096176336775,0.380051267574673,0.378022981071351,0.376011096822478,0.374015404179367,0.372035701560088,0.370071796120156,0.368123503391892,0.366190646900464,0.364273057763585,0.362370574280929,0.360483041518531,0.358610310892651,0.356752239756964,0.354908690996309,0.353079532629712,0.351264637424915,0.349463882526216,0.347677149097044,0.345904321978379,0.344145289363795,0.342399942491681,0.340668175354948,0.338949884428342,0.337244968413312,0.335553328000245,0.333874865647746,0.332209485378556,0.330557092591602,0.328917593889627,0.327290896921769,0.325676910240442,0.324075543171835,0.322486705699326,0.320910308359095,0.319346262147228,0.3177944784376,0.316254868909835,0.314727345486656,0.313211820279962,0.311708205544974,0.310216413641836,0.308736357004059,0.307267948113242,0.305811099479531,0.304365723627269,0.302931733085386,0.301509040382029,0.300097558043024,0.298697198593743,0.297307874564014,0.295929498495694,0.294561982952607,0.293205240532508,0.291859183880811,0.290523725705821,0.289198778795213,0.287884256033558,0.286580070420686,0.285286135090695,0.284002363331465,0.282728668604492,0.281464964564937,0.28021116508175,0.278967184257765,0.277732936449668,0.276508336287753,0.275293298695394,0.274087738908147,0.272891572492452,0.271704715363866,0.270527083804787,0.269358594481636,0.268199164461465,0.267048711227972,0.265907152696891,0.264774407230756,0.263650393653017,0.262535031261514,0.261428239841288,0.260329939676742,0.259240051563149,0.258158496817511,0.257085197288781,0.256020075367441,0.254963053994463,0.253914056669655,0.25287300745941,0.25183983100386,0.250814452523464,0.249796797825032,0.248786793307209,0.24778436596543,0.246789443396367,0.245801953801878,0,0.173241876380147,0.178034260828115,0.183123401017308,0.188511877059323,0.194214146168654,0.200251060691942,0.206646191201104,0.213423769595153,0.220607608968229,0.228220570212236,0.236284247318073,0.244818626227414,0.25384154438964,0.263367833691964,0.273408070422876,0.283966890633748,0.2950408686575,0.306616012055194,0.31866500684992,0.331144454579899,0.343992466641869,0.357127092937432,0.370446114992808,0.383828676377687,0.397139020000526,0.41023226099667,0.422961712881535,0.435186918410748,0.44678133657257,0.457638677743327,0.467677151581894,0.476841308116262,0.485101583740753,0.492451997080209,0.498906614365521,0.504495420478464,0.509260133582227,0.513250346816673,0.516520220610822,0.519125815478668,0.52112306020658,0.522566293034618,0.523507285944407,0.523994655069464,0.524073565359742,0.523785648985707,0.523169070687481,0.522258687085308,0.521086259651355,0.519680692028459,0.518068271474202,0.516272901431096,0.514316317722773,0.512218284868513,0.509996771743254,0.507668107542114,0.505247119978242,0.502747258064091,0.500180701877922,0.497558461541575,0.494890467338852,0.492185652561539,0.489452030331551,0.486696765342096,0.483926241202623,0.481146123866005,0.478361421459805,0.475576540730993,0.472795340237796,0.470021180375876,0.467256970301694,0.464505211807397,0.461768040203795,0.459047262276812,0.456344391395096,0.453660679859963,0.450997148601917,0.448354614339628,0.445733714326803,0.4431349288196,0.440558601402009,0.438004957309063,0.435474119888049,0.432966125336297,0.430480935850933,0.428018451321485,0.4255785196907,0.423160946102638,0.42076550095029,0.418391926927819,0.416039945185289,0.413709260676439,0.411399566782979,0.409110549291945,0.406841889796107,0.404593268581105,0.402364367057185,0.400154869787884,0.397964466162998,0.395792851758438,0.393639729421365,0.391504810115055,0.38938781355437,0.387288468659546,0.38520651385301,0.383141697221351,0.381093776562152,0.379062519333236,0.377047702519953,0.375049112434347,0.373066544458491,0.371099802742835,0.369148699869123,0.36721305648629,0.365292700926677,0.363387468808991,0.361497202633553,0.359621751374643,0.357760970074042,0.355914719439246,0.35408286544931,0.352265278970737,0.350461835385409,0.348672414232168,0.346896898863285,0.345135176116761,0.343387136005133,0.3416526714212,0.339931677860912,0.338224053163448,0.33652969726838,0.334848511989689,0.333180400806275,0.331525268668525,0.329883021820426,0.32825356763665,0.326636814473992,0.325032671536512,0.323441048753708,0.321861856671021,0.320295006351992,0.318740409291364,0.317197977338444,0.315667622630051,0.314149257532377,0.312642794591135,0.311148146489351,0.309665226012208,0.308193946018375,0.306734219417256,0.305285959151652,0.303849078185329,0.302423489495029,0.301009106066485,0.299605840894021,0.298213606983354,0.296832317357229,0.295461885063563,0.294102223185766,0.292753244854964,0.291414863263854,0.29008699168194,0.288769543471917,0.287462432107015,0.286165571189094,0.284878874467326,0.283602255857307,0.282335629460457,0.281078909583571,0.279832010758429,0.278594847761334,0.277367335632508,0.276149389695252,0.274940925574808,0.273741859216858,0.272552106905595,0.27137158528134,0.270200211357647,0.269037902537872,0.267884576631173,0.266740151867926,0.265604546914533,0.264477680887604,0.263359473367523,0.262249844411364,0.261148714565182,0.26005600487566,0.258971636901118,0.257895532721896,0.256827614950113,0.255767806738806,0.254716031790467,0.253672214364987,0.252636279287005,0.251608151952705,0.250587758336047,0.24957502499446,0.24856987907401,0.247572248314051,0.246582061051393,0,0.168410745208125,0.173002879427872,0.177893371235593,0.183086672233552,0.188594324737218,0.194434785555248,0.200630414377468,0.207205330250973,0.214184102724222,0.221590998597428,0.22944951145655,0.237781943029589,0.246608856470328,0.255948267414618,0.265814475488254,0.276216471035794,0.287155887744281,0.298624522181041,0.310601516071433,0.323050401681881,0.335916339524553,0.349124008334561,0.362576697791852,0.376157149651184,0.389730544132776,0.403149721858382,0.416262312417111,0.428919014117203,0.440981969464484,0.452332114579504,0.462874578121682,0.472541603323846,0.481292938368787,0.489114050573773,0.496012777333351,0.502015106510899,0.50716071278527,0.51149872488155,0.515084022270107,0.517974201944485,0.520227237436559,0.521899776787805,0.52304598706334,0.523716839846477,0.523959735151142,0.523818372758199,0.523332795040408,0.522539540850724,0.521471864385828,0.520159985356687,0.518631347062906,0.516910867116565,0.515021171778108,0.512982809406546,0.510814441670783,0.508533013200207,0.506153901533483,0.50369104978696,0.501157084602724,0.498563421806711,0.49592036192728,0.493237177378844,0.490522192760482,0.487782859390644,0.485025824914892,0.482256998591063,0.479481612675182,0.476704280197176,0.473929049321012,0.471159454421981,0.468398563976856,0.465649025344364,0.462913106507995,0.460192734856363,0.457489533084472,0.454804852309902,0.452139802509001,0.44949528038868,0.446871994818225,0.444270489952552,0.441691166183029,0.43913429905466,0.43660005628896,0.434088513050634,0.4315996655933,0.42913344341536,0.426689720051901,0.424268322622488,0.421869040248138,0.419491631443799,0.417135830585557,0.414801353544604,0.412487902572969,0.410195170519124,0.40792284444498,0.405670608709538,0.403438147578506,0.401225147413707,0.39903129849095,0.396856296490281,0.394699843698218,0.392561649957521,0.390441433396493,0.388338920966414,0.386253848812788,0.384185962503322,0.382135017133108,0.380100777325266,0.378083017143307,0.376081519929653,0.374096078083126,0.372126492786752,0.370172573695895,0.368234138595523,0.366311013034361,0.364403029942668,0.362510029239538,0.360631857434802,0.358768367229914,0.35691941712155,0.35508487101109,0.353264597822618,0.351458471131635,0.349666368806244,0.347888172662234,0.346123768133127,0.344373043956005,0.342635891873661,0.340912206353392,0.339201884322596,0.337504824921134,0.335820929270302,0.334150100258127,0.332492242340619,0.330847261358503,0.329215064368922,0.327595559491517,0.325988655768288,0.324394263036565,0.322812291814453,0.321242653198049,0.319685258769775,0.31814002051714,0.316606850761267,0.315085662094524,0.313576367326637,0.312078879438636,0.310593111544069,0.309118976856881,0.307656388665419,0.30620526031204,0.304765505177817,0.303337036671873,0.301919768224891,0.300513613286394,0.299118485325386,0.297734297833989,0.296360964333741,0.294998398384221,0.293646513593714,0.292305223631642,0.290974442242491,0.289654083261025,0.288344060628557,0.287044288410073,0.285754680812059,0.284475152200831,0.283205617121254,0.281945990315688,0.280696186743064,0.279456121597961,0.278225710329612,0.277004868660724,0.275793512606062,0.274591558490715,0.273398922967991,0.272215523036894,0.271041276059123,0.269876099775588,0.268719912322373,0.267572632246155,0.266434178519036,0.26530447055278,0.264183428212448,0.263070971829415,0.261967022213761,0.260871500666051,0.259784328988483,0.258705429495428,0.257634725023344,0.256572138940091,0.255517595153649,0.254471018120244,0.2534323328519,0.252401464923423,0.251378340478838,0.250362886237277,0.249355029498357,0.24835469814704,0.247361820658004,0,0.163638170415148,0.168030656155227,0.172721123163387,0.177716246001812,0.183025588019055,0.188665500771287,0.194657028990262,0.201023897314799,0.207791106247705,0.214984030265075,0.222627820048924,0.23074690938465,0.239364453356826,0.248501556409608,0.258176178241396,0.268401632734196,0.27918462610888,0.290522824575825,0.302402009303911,0.314792975342757,0.327648460693187,0.340900536176304,0.354459009658149,0.368211444661015,0.382025305001625,0.395752479378082,0.409236032372074,0.422318558834755,0.434851124221075,0.446701589256294,0.457761215313273,0.467948799753638,0.477212083272327,0.485526653777856,0.492892920372706,0.499331889951523,0.504880460733545,0.509586809279759,0.513506259346482,0.516697838082452,0.519221579706917,0.521136539073047,0.522499423164664,0.523363726889717,0.523779259017448,0.523791955311653,0.523443892244398,0.522773432078158,0.521815446379077,0.520601579157847,0.519160522505211,0.517518286842134,0.515698454966446,0.513722414252348,0.511609564972634,0.509377505083684,0.50704219323165,0.504618092459563,0.502118297332529,0.499554647122431,0.496937827435014,0.494277462315681,0.491582198500588,0.488859783127706,0.486117135911466,0.483360416524713,0.480595087724685,0.477825974602068,0.4750573202176,0.472292837811755,0.4695357597223,0.466788883115144,0.464054612619942,0.461334999958611,0.458631780658258,0.455946407947167,0.453280083941293,0.450633788237521,0.448008304037937,0.445404241935759,0.442822061498198,0.440262090784138,0.43772454393531,0.435209536978618,0.432717101974768,0.430247199644468,0.427799730598562,0.425374545292728,0.422971452820969,0.420590228655432,0.41823062143304,0.415892358882434,0.413575152977695,0.411278704398482,0.409002706369653,0.40674684794713,0.404510816810831,0.402294301619891,0.400096993980243,0.397918590069753,0.395758791961745,0.393617308683617,0.391493857043581,0.389388162255159,0.387299958385998,0.385228988654768,0.383175005597404,0.381137771121651,0.379117056466819,0.377112642083801,0.3751243174487,0.373151880821924,0.371195138963217,0.369253906811873,0.367328007140244,0.365417270187673,0.363521533281056,0.361640640447418,0.359774442023166,0.357922794264007,0.356085558958918,0.354262603051041,0.352453798267864,0.350659020762664,0.348878150768764,0.347111072267851,0.345357672673283,0.343617842529061,0.341891475224908,0.340178466727691,0.33847871532926,0.33679212141062,0.335118587222225,0.33345801668008,0.331810315177252,0.330175389410303,0.328553147220122,0.326943497446571,0.325346349796329,0.323761614723297,0.322189203320924,0.320629027225779,0.319080998531706,0.317545029713932,0.316021033562448,0.314508923124059,0.313008611652464,0.311520012565786,0.310043039410973,0.308577605834513,0.307123625558934,0.305681012364604,0.304249680076328,0.302829542554312,0.301420513689059,0.300022507399797,0.298635437636067,0.29725921838212,0.295893763663794,0.294538987557569,0.293194804201515,0.291861127807878,0.290537872677061,0.289224953212773,0.287922283938156,0.286629779512689,0.285347354749716,0.284074924634427,0.282812404342168,0.281559709256947,0.280316754990017,0.279083457398448,0.277859732603587,0.276645497009327,0.275440667320115,0.274245160558642,0.273058894083151,0.271881785604318,0.270713753201677,0.269554715339534,0.268404590882367,0.26726329910966,0.266130759730185,0.265006892895681,0.263891619213954,0.26278485976137,0.261686536094738,0.260596570262594,0.259514884815872,0.25844140281798,0.257376047854272,0.256318744040941,0.255269416033318,0.254227989033609,0.253194388798068,0.252168541643627,0.251150374453989,0.250139814685196,0.249136790370694,0.248141230125902,0,0.158918201352089,0.163112926516824,0.167604630902273,0.172400739452025,0.177509704589281,0.182946248868015,0.188730174925597,0.194884651104503,0.201434844146246,0.208406951771639,0.215827521052242,0.223722897190631,0.232118647610642,0.241038821973785,0.250504928216636,0.260534525116996,0.271139356612832,0.282322989844182,0.294077977840388,0.306382658487681,0.319197827648467,0.332463676779975,0.346097534639398,0.359993047021509,0.374021403731915,0.388035025697181,0.401873749858229,0.415373058383953,0.428373421971908,0.440729519818811,0.452318075210112,0.463043322905561,0.472839612650302,0.481671196494225,0.489529693076123,0.496429976061401,0.502405282260085,0.507502225501823,0.511776209792062,0.515287528593731,0.518098261738528,0.52026995685898,0.521862008334621,0.522930613331954,0.523528178556505,0.523703061278235,0.52349954558001,0.522957974230992,0.522114975105119,0.521003737238896,0.51965430498273,0.518093869278389,0.516347043162588,0.514436114517317,0.512381273244559,0.5102008128012,0.507911307717816,0.505527769625898,0.503063784667658,0.500531635149041,0.497942408064561,0.495306092777885,0.492631669758398,0.489927191898719,0.487199859599457,0.484456090518837,0.481701584650295,0.47894138520841,0.47617993566715,0.473421133196904,0.470668378680819,0.467924623449311,0.465192412848073,0.46247392674414,0.459771017072373,0.45708524252784,0.454417900515403,0.45177005647476,0.449142570705817,0.446536122824986,0.443951233987202,0.441388287010996,0.438847544544782,0.436329165411723,0.43383321926822,0.431359699707497,0.428908535935112,0.426479603137684,0.42407273166006,0.421687715099498,0.419324317418676,0.416982279172357,0.414661322935639,0.412361158014937,0.410081484516258,0.407821996839037,0.405582386657812,0.403362345448432,0.401161566610166,0.398979747230284,0.396816589533114,0.394671802051469,0.392545100554537,0.390436208762872,0.388344858877972,0.386270791951072,0.384213758113194,0.382173516686142,0.380149836192026,0.378142494276948,0.3761512775628,0.374175981439518,0.372216409808744,0.370272374788567,0.368343696387876,0.366430202157791,0.364531726826735,0.362648111924828,0.360779205402563,0.35892486124799,0.357084939106066,0.355259303903228,0.353447825479787,0.351650378232269,0.349866840767453,0.34809709556948,0.346341028681134,0.344598529400052,0.342869489990472,0.341153805410815,0.339451373057296,0.337762092523551,0.336085865376148,0.334422594945736,0.332772186133486,0.331134545232398,0.329509579762986,0.327897198322804,0.32629731044922,0.324709826494855,0.323134657515031,0.321571715166602,0.320020911617536,0.318482159466575,0.316955371672368,0.315440461491436,0.313937342424356,0.312445928169584,0.310966132584332,0.309497869651946,0.30804105345527,0.306595598155477,0.305161417975888,0.303738427190332,0.302326540115612,0.300925671107667,0.299535734561054,0.298156644911397,0.296788316640457,0.295430664283529,0.294083602438863,0.29274704577885,0.291420909062726,0.290105107150558,0.288799555018315,0.287504167773824,0.286218860673435,0.284943549139239,0.283678148776697,0.282422575392535,0.281176745012805,0.279940573900988,0.278713978576057,0.277496875830403,0.276289182747561,0.275090816719662,0.273901695464545,0.272721737042501,0.271550859872577,0.270388982748429,0.26923602485367,0.268091905776702,0.266956545525004,0.265829864538861,0.26471178370452,0.263602224366762,0.262501108340889,0.261408357924121,0.260323895906397,0.25924764558059,0.25817953075213,0.257119475748057,0.256067405425492,0.25502324517955,0.253986920950696,0.252958359231558,0.251937487073207,0.250924232090921,0.249918522469448,0.248920286967771,0,0.154242522533205,0.158243840739913,0.162540588895361,0.167139054040369,0.17204733308631,0.177279106984814,0.182853152633779,0.188792035117935,0.19512089362982,0.201866493747224,0.209056514400653,0.216718965212941,0.224881606292187,0.233571241400388,0.242812763487709,0.252627843727426,0.26303317250381,0.274038189303327,0.285642287658224,0.297831561820075,0.3105752809969,0.323822431741572,0.337498837761912,0.351505503256379,0.365718865030314,0.379993513569778,0.394167620075721,0.408070818280648,0.421533749367988,0.434398050242671,0.44652540191281,0.457804424217276,0.468154654336767,0.47752743131595,0.485904049863199,0.493291910096354,0.499719525492501,0.505231188619488,0.509881908561281,0.513733006847103,0.51684855116891,0.51929264982643,0.521127531296925,0.522412284140054,0.52320211843743,0.523548017312877,0.523496665084376,0.523090560178769,0.522368242017853,0.521364579673459,0.520111085480488,0.518636228974547,0.516965735796057,0.515122863010748,0.513128647091622,0.511002124015379,0.508760522923041,0.506419435899825,0.50399296690639,0.501493862951575,0.498933630396522,0.496322638939934,0.493670215437332,0.490984729308348,0.488273670918586,0.485543724003656,0.482800832939126,0.480050265450523,0.477296671197428,0.474544136548002,0.471796235777591,0.469056078869758,0.46632635606377,0.463609379273421,0.460907120493488,0.458221247308467,0.455553155620676,0.452903999719269,0.45027471981678,0.447666067184456,0.445078627021256,0.442512839193659,0.439969016984201,0.437447363985922,0.434947989277771,0.432470921012672,0.430016118545517,0.427583483223078,0.425172867951922,0.422784085654002,0.420416916712933,0.418071115507122,0.415746416119093,0.413442537303614,0.411159186790677,0.408896064993069,0.406652868182291,0.40442929119091,0.40222502969411,0.400039782118294,0.397873251219982,0.395725145374067,0.393595179606608,0.391483076403807,0.389388566325601,0.387311388449369,0.385251290666589,0.383208029852888,0.381181371929726,0.379171091834001,0.377176973410068,0.375198809237065,0.373236400402968,0.371289556235498,0.369358093998808,0.367441838563812,0.36554062205903,0.363654283507989,0.361782668458381,0.359925628607517,0.358083021427944,0.356254709796533,0.354440561629821,0.352640449527943,0.350854250429053,0.349081845275798,0.347323118695042,0.345577958691791,0.343846256357983,0.342127905596595,0.340422802861331,0.338730846911975,0.337051938585356,0.335385980581747,0.333732877266406,0.332092534485907,0.330464859398795,0.32884976032009,0.327247146579078,0.325656928389826,0.324079016733808,0.322513323254031,0.320959760160034,0.319418240143131,0.317888676301277,0.316370982072932,0.314865071179338,0.313370857574592,0.311888255402973,0.310417178962954,0.308957542677369,0.307509261069241,0.306072248742777,0.304646420369072,0.303231690676093,0.301827974442525,0.300435186495102,0.299053241709042,0.297682055011278,0.296321541386131,0.294971615883162,0.293632193626906,0.292303189828253,0.290984519797225,0.289676098956947,0.288377842858605,0.287089667197216,0.285811487828038,0.284543220783474,0.283284782290331,0.28203608878731,0.280797056942615,0.279567603671585,0.278347646154246,0.277137101852723,0.275935888528425,0.274743924258948,0.273561127454635,0.272387416874761,0.271222711643278,0.270066931264109,0.268919995635946,0.267781825066537,0.266652340286437,0.265531462462205,0.26441911320905,0.263315214602901,0.262219689191899,0.261132460007318,0.260053450573912,0.258982584919677,0.257919787585056,0.256864983631567,0.255818098649885,0.254779058767369,0.253747790655054,0.252724221534123,0.251708279181851,0.250699891937056,0.249698988705056,0,0.149600855834772,0.153416814478071,0.157524762024345,0.161929061246191,0.166638125301179,0.171665221885693,0.177028417341246,0.182749724596819,0.188854133423403,0.195368760764698,0.202322161405629,0.209743747039895,0.217663218500178,0.226109898897991,0.235111851695173,0.244694670814627,0.254879839068231,0.265682570772226,0.27710909298683,0.289153388436099,0.301793531870975,0.314987903079287,0.328671740416696,0.342754670835925,0.357119952591905,0.371626119295597,0.386111460951269,0.400401318867502,0.414317592088206,0.427689314696333,0.440362848229207,0.452210263678185,0.463134863697864,0.473073393313038,0.481995115177696,0.489898408910073,0.496805798760579,0.502758320533979,0.507809975749952,0.512022780254052,0.515462674084004,0.518196366494611,0.520289060971077,0.521802935058973,0.52279622431971,0.523322762554014,0.523431848296485,0.523168331243671,0.522572836219677,0.5216820637086,0.520529123813144,0.519143874612495,0.517553246629424,0.515781542991093,0.513850710422102,0.511780579944251,0.509589078512469,0.507292414156601,0.504905237821379,0.502440785237083,0.499911001990539,0.497326654633109,0.49469743025286,0.492032026515074,0.489338233777538,0.48662301053599,0.483892553159906,0.481152360640221,0.478407294884767,0.475661636957512,0.472919139556472,0.470183075954848,0.467456285583523,0.464741216404435,0.462039964208513,0.459354308964674,0.4566857483448,0.454035528551183,0.451404672575953,0.44879400602531,0.446204180644185,0.443635695678736,0.441088917214645,0.438564095628446,0.436061381287055,0.433580838627474,0.431122458744426,0.428686170608572,0.42627185103227,0.423879333493571,0.421508415922645,0.419158867548107,0.416830434893951,0.414522847011134,0.412235820021318,0.409969061043975,0.40772227157206,0.40549515035573,0.403287395848267,0.401098708263329,0.398928791288053,0.396777353492205,0.394644109469678,0.392528780745001,0.390431096474248,0.388350793966716,0.386287619051056,0.384241326307004,0.382211679181695,0.380198450007442,0.378201419936096,0.376220378803381,0.374255124935146,0.372305464906103,0.370371213260391,0.368452192202204,0.366548231263741,0.364659166956789,0.362784842413488,0.360925107021057,0.359079816054608,0.357248830311597,0.355432015750889,0.353629243138974,0.35184038770542,0.350065328809269,0.348303949617745,0.346556136798336,0.344821780225054,0.34310077269943,0.341393009686603,0.339698389066692,0.338016810901459,0.336348177216171,0.33469239179644,0.333049359999717,0.331418988581063,0.329801185532735,0.328195859937078,0.32660292183219,0.325022282089775,0.323453852304599,0.32189754469493,0.320353272013375,0.318820947467475,0.317300484649471,0.315791797474637,0.3142948001276,0.312809407016077,0.311335532731478,0.309873092015853,0.30842199973467,0.306982170854932,0.305553520428192,0.304135963577996,0.30272941549137,0.301333791413942,0.299949006648328,0.298574976555455,0.297211616558477,0.295858842148997,0.294516568895309,0.293184712452404,0.291863188573494,0.290551913122836,0.289250802089656,0.287959771602972,0.286678737947161,0.285407617578101,0.284146327139751,0.282894783481041,0.281652903672948,0.280420605025663,0.279197805105746,0.277984421753185,0.276780373098295,0.275585577578374,0.274399953954069,0.2732234213254,0.272055899147391,0.27089730724528,0.269747565829267,0.268606595508775,0.26747431730621,0.266350652670191,0.265235523488236,0.264128852098907,0.263030561303392,0.261940574376534,0.260858815077281,0.259785207658594,0.258719676876777,0.257662148000268,0.256612546817874,0.255570799646466,0.254536833338141,0.253510575286864,0.2524919534346,0.251480896276944,0.25047733286827,0,0.144982739396841,0.14862505432867,0.152552384457748,0.156767873570991,0.161280890758188,0.166104898660587,0.171257617249057,0.176760630685836,0.182638722143885,0.188919186405201,0.195631215951774,0.20280535722161,0.210472976412431,0.218665643764812,0.22741433042951,0.236748305982688,0.246693625400042,0.257271104675521,0.268493711671992,0.280363354209037,0.292867142783409,0.305973348210017,0.319627459414004,0.333748945286056,0.348229479866081,0.362933422502881,0.377701176659668,0.392355648619543,0.406711439868363,0.420585778489844,0.433809725394717,0.44623805428729,0.45775646314464,0.468285347237178,0.477780059097053,0.486228188849708,0.493644773609634,0.500066447111578,0.505545421804401,0.510143952455537,0.513929658795823,0.516971850977562,0.519338835435899,0.521096081749701,0.522305089544724,0.523022790114235,0.52330133393415,0.523188140735896,0.522726115867012,0.52195396139254,0.520906531138425,0.519615195339277,0.518108193068216,0.516410959794524,0.514546423881757,0.512535270202974,0.510396171825735,0.508145992332475,0.505799962132439,0.503371832355884,0.500874009802117,0.498317676089587,0.495712893734594,0.49306870143682,0.490393200420187,0.487693633292176,0.484976456555753,0.482247407638179,0.479511567087208,0.476773416421361,0.474036891999427,0.47130543518736,0.46858203904081,0.46586929168231,0.463169416527966,0.460484309505097,0.457815573395881,0.455164549440263,0.452532346331908,0.449919866742649,0.447327831512515,0.444756801643586,0.44220719823609,0.43967932050424,0.437173362007303,0.434689425228246,0.432227534628221,0.429787648300253,0.427369668339926,0.424973450044783,0.422598810047787,0.420245533483546,0.417913380279401,0.415602090656775,0.413311389921756,0.411040992617554,0.408790606105454,0.406559933635177,0.404348676960124,0.402156538547981,0.3999832234324,0.39782844074718,0.395691904980318,0.393573336981644,0.391472464754394,0.389389024057991,0.387322758846523,0.38527342156487,0.383240773322125,0.381224583959878,0.379224632031048,0.377240704703221,0.37527259759894,0.373320114583966,0.371383067513289,0.369461275943521,0.36755456681926,0.365662774140112,0.363785738614179,0.361923307303102,0.360075333263029,0.35824167518529,0.356422197039987,0.354616767725221,0.352825260724226,0.351047553772292,0.349283528534982,0.347533070298863,0.345796067675666,0.34407241232055,0.342361998664942,0.340664723664218,0.338980486560336,0.337309188659393,0.335650733123947,0.334005024779864,0.332371969937334,0.330751476225659,0.32914345244135,0.327547808409014,0.325964454854496,0.324393303289701,0.322834265908525,0.32128725549328,0.319752185331038,0.31822896913929,0.316717521000328,0.315217755303786,0.313729586696761,0.31225293004099,0.310787700376522,0.309333812891416,0.307891182896946,0.306459725807859,0.30503935712726,0.30362999243567,0.302231547383903,0.300843937689345,0.299467079135331,0.298100887573244,0.296745278927067,0.295400169200082,0.294065474483454,0.292741110966459,0.291426994948116,0.290123042850028,0.288829171230225,0.287545296797844,0.286271336428468,0.285007207179993,0.283752826308879,0.282508111286662,0.281272979816622,0.280047349850504,0.278831139605209,0.277624267579359,0.276426652569696,0.275238213687219,0.274058870373026,0.27288854241381,0.271727149956956,0.270574613525226,0.269430854030979,0.268295792789909,0.267169351534293,0.266051452425716,0.264942018067265,0.263840971515189,0.262748236290008,0.261663736387086,0.260587396286642,0.259519140963222,0.258458895894622,0.257406587070273,0.256362140999093,0.255325484716816,0.254296545792801,0.253275252336342,0.252261533002466,0.251255316997268,0,0.140378896178834,0.143862115696371,0.147618575909741,0.151652153427971,0.15597380907222,0.160597736813889,0.165541674030076,0.170826940963782,0.17647810809812,0.182522516108789,0.188989780647662,0.195911319486701,0.203319874629645,0.211248961554528,0.219732153436204,0.228802093671072,0.238489122586174,0.248819405461937,0.259812465104349,0.271478063623957,0.283812457895571,0.296794182843536,0.310379698276927,0.324499450483166,0.339055101558568,0.353918789617224,0.368935210617658,0.383926991834129,0.398703265806852,0.413070664673784,0.42684533948943,0.439864284346527,0.451994343137941,0.463137775972447,0.473233993692248,0.482257796509936,0.490214977016129,0.497136375542833,0.503071428223091,0.508082019618546,0.512237154670633,0.515608687126075,0.51826813127835,0.520284452467641,0.521722668361771,0.522643077770194,0.523100947039673,0.523146510829739,0.522825174424272,0.522177833243296,0.521241249441726,0.520048444788859,0.518629083710247,0.517009831122131,0.51521467726506,0.513265226863883,0.511180953218549,0.508979419764124,0.506676472624533,0.504286408028289,0.501822118386259,0.499295220520411,0.496716169098534,0.494094357854784,0.491438210711831,0.488755264498003,0.486052244587292,0.483335134486147,0.480609240146752,0.47787924959616,0.475149288326811,0.472422970788405,0.469703448246236,0.466993453219827,0.464295340682257,0.461611126179885,0.458942521020384,0.456290964671124,0.453657654507561,0.451043573050874,0.448449512834315,0.445876099037999,0.443323810031439,0.440792995961989,0.438283895525143,0.435796651049605,0.433331322025956,0.430887897203031,0.428466305370651,0.426066424941438,0.423688092438174,0.421331109986669,0.418995251907509,0.416680270493514,0.414385901053238,0.412111866294615,0.409857880116763,0.407623650872264,0.405408884156755,0.403213285177589,0.401036560748556,0.398878420953251,0.396738580515582,0.394616759912179,0.392512686258031,0.390426093993526,0.388356725398235,0.386304330954156,0.384268669578798,0.382249508746315,0.380246624513001,0.37825980146166,0.376288832577798,0.374333519069153,0.372393670138752,0.370469102720547,0.368559641185571,0.366665117025644,0.364785368520757,0.362920240395492,0.361069583469121,0.359233254303403,0.357411114851519,0.35560303211105,0.353808877783478,0.352028527942245,0.350261862711044,0.348508765953691,0.346769124976636,0.345042830244908,0.343329775112047,0.341629855564425,0.33994296998012,0.33826901890241,0.336607904827799,0.334959532008382,0.33332380626827,0.331700634833713,0.330089926176498,0.328491589870153,0.326905536458444,0.325331677335619,0.323769924637854,0.322220191145307,0.320682390194214,0.319156435598441,0.317642241579915,0.316139722707364,0.314648793842811,0.313169370095281,0.311701366781185,0.310244699390891,0.308799283560971,0.307365035051683,0.305941869729224,0.30452970355234,0.303128452562892,0.301738032879996,0.30035836069739,0.298989352283681,0.297630923985177,0.296282992230993,0.294945473540171,0.29361828453056,0.29230134192922,0.290994562584133,0.289697863477027,0.288411161737123,0.287134374655637,0.285867419700899,0.284610214533919,0.283362677024313,0.282124725266431,0.280896277595616,0.279677252604486,0.278467569159163,0.277267146415357,0.276075903834266,0.274893761198209,0.273720638625957,0.272556456587711,0.271401135919685,0.270254597838267,0.269116763953737,0.267987556283496,0.266866897264818,0.265754709767077,0.264650917103473,0.263555443042221,0.262468211817207,0.261389148138111,0.260318177199998,0.259255224692369,0.258200216807694,0.257153080249405,0.256113742239378,0.255082130524911,0.254058173385188,0.253041799637262,0.252032938641559,0,0.135782264074013,0.139122447215659,0.142718742579024,0.146578434596082,0.150714672921143,0.155142803623146,0.159880900539414,0.164950194412153,0.170375070385215,0.17618281878751,0.182403289768694,0.189068519795773,0.196212331667216,0.203869863266575,0.212076948785838,0.220869254392798,0.230281055421286,0.240343534792854,0.251082487491999,0.262515343091207,0.274647481010926,0.287467925737798,0.30094468024467,0.315020177777073,0.329607569191439,0.344588744322524,0.359815014017786,0.375111162202398,0.390283078727069,0.405128472813838,0.419449427707103,0.433065034993779,0.445822243385811,0.457603427489628,0.468329904015293,0.477961451939812,0.48649257814814,0.493946653680176,0.500369102871021,0.505820638295858,0.510371222611148,0.514095116410874,0.517067109826939,0.519359861142561,0.521042173004858,0.522178005635388,0.522826033811115,0.523039581374519,0.52286680067504,0.522350997121504,0.521531027356261,0.520441722313805,0.519114303774743,0.517576775716923,0.515854280702932,0.513969417585435,0.511942520694118,0.509791902984908,0.507534066848937,0.505183886750316,0.502754767853004,0.500258784501002,0.497706801969479,0.495108584400271,0.492472891333799,0.489807564786722,0.487119608419217,0.484415259994631,0.481700058056528,0.478978903528799,0.476256116775904,0.473535490534278,0.470820339034286,0.468113543567486,0.465417594709876,0.462734631382944,0.460066476916271,0.45741467226483,0.454780506528329,0.452165044916971,0.449569154306545,0.446993526524779,0.444438699509767,0.4419050764796,0.439392943250014,0.436902483833589,0.434433794450102,0.431986896072906,0.429561745630888,0.427158245979731,0.424776254750077,0.422415592173746,0.420076047982706,0.417757387468953,0.415459356787048,0.41318168757479,0.410924100961475,0.408686311027414,0.406468027772907,0.40426895964973,0.402088815703384,0.399927307369862,0.397784149966562,0.395659063913168,0.393551775714789,0.391462018736483,0.38938953379533,0.387334069593581,0.38529538301398,0.383273239296161,0.381267412111025,0.3792776835482,0.377303844030061,0.375345692164286,0.373403034545605,0.371475685516187,0.369563466892988,0.367666207669434,0.36578374369788,0.363915917358506,0.362062577219545,0.360223577693134,0.358398778690417,0.356588045279062,0.354791247345814,0.353008259266336,0.351238959584138,0.349483230700126,0.34774095857392,0.346012032437897,0.344296344524601,0.342593789808024,0.340904265759017,0.339227672114982,0.33756391066382,0.335912885042012,0.334274500546619,0.332648663960873,0.331035283393004,0.32943426812785,0.327845528490786,0.326268975723455,0.324704521870767,0.323152079678617,0.321611562501751,0.32008288422122,0.318565959170854,0.317060702072196,0.315567027977351,0.314084852219196,0.312614090368453,0.311154658197092,0.309706471647597,0.308269446807617,0.306843499889557,0.305428547214687,0.304024505201362,0.302631290356965,0.30124881927323,0.299877008624586,0.298515775169215,0.297165035752529,0.295824707312776,0.294494706888531,0.293174951627822,0.291865358798676,0.290565845800873,0.28927633017873,0.287996729634723,0.286726962043814,0.285466945468313,0.284216598173161,0.282975838641502,0.281744585590443,0.280522757986901,0.279310275063449,0.278107056334084,0.276913021609844,0.27572809101422,0.27455218499829,0.273385224355553,0.272227130236401,0.2710778241622,0.269937228038952,0.268805264170508,0.267681855271316,0.26656692447868,0.265460395364528,0.264362191946658,0.263272238699481,0.26219046056424,0.261116782958708,0.260051131786358,0.25899343344502,0.257943614835019,0.256901603366809,0.255867326968093,0.254840714090461,0.253821693715526,0.252810195360596,0,0.131188809645817,0.1344018454438,0.137848930687623,0.141543431475357,0.145501142868267,0.149738831939416,0.154275147766506,0.159131386303236,0.16433178903728,0.169903526405564,0.175876519313044,0.182283185636718,0.189158136221559,0.196537796563813,0.204459894429753,0.212962726397323,0.222084095119407,0.231859794027606,0.242321511049504,0.253494036150054,0.265391702285017,0.278014081786244,0.291341114265188,0.305328060092739,0.319900932799915,0.334953305177914,0.35034551122172,0.36590716816605,0.381443542022042,0.396745592459812,0.411602705763273,0.425816410885061,0.439213035463897,0.451653441364229,0.463038631792245,0.473310917755595,0.482451178068297,0.490473315193186,0.497417210200042,0.503341362747799,0.508316093735721,0.512417825538669,0.515724636258483,0.518313057172223,0.520255951414312,0.521621258137795,0.522471383947429,0.522863048918421,0.522847431148783,0.522470491276113,0.521773391534284,0.520792950834904,0.519562097967226,0.518110300099015,0.516463954379955,0.514646737626406,0.512679913687921,0.510582600876425,0.50837200333196,0.506063610821979,0.503671371532601,0.501207842132468,0.498684318929699,0.496110953406403,0.49349685487264,0.490850182474567,0.48817822834216,0.485487493279742,0.48278375608799,0.480072137354581,0.47735715835471,0.474642795553852,0.471932531094837,0.469229399571645,0.466536031336283,0.463854692546974,0.461187322140585,0.458535565896227,0.455900807747054,0.45328419849137,0.450686682050578,0.448109019419013,0.4455518104486,0.443015513608995,0.4405004638611,0.43800688877847,0.435534923047059,0.43308462146906,0.430655970591357,0.428248899073329,0.425863286902735,0.423498973562041,0.421155765241166,0.418833441186131,0.416531759266746,0.414250460840197,0.41198927498137,0.409747922144958,0.407526117318901,0.405323572723502,0.40314000010573,0.400975112673643,0.398828626711713,0.396700262913904,0.394589747467823,0.392496812919975,0.390421198849172,0.388362652372409,0.386320928505062,0.384295790394974,0.382287009447992,0.380294365360621,0.378317646073811,0.376356647660353,0.37441117415699,0.372481037351096,0.370566056530648,0.368666058205204,0.366780875804653,0.364910349361701,0.363054325183269,0.361212655515325,0.359385198205037,0.357571816363605,0.355772378032603,0.353986755856242,0.35221482676155,0.350456471648116,0.348711575088721,0.346980025041899,0.345261712577224,0.343556531613894,0.34186437867299,0.340185152643634,0.338518754563094,0.336865087410793,0.335224055916055,0.333595566379322,0.331979526506531,0.330375845256238,0.328784432699063,0.327205199888981,0.325638058745925,0.3240829219492,0.322539702841151,0.321008315340529,0.319488673865013,0.317980693262337,0.316484288749468,0.314999375859323,0.313525870394479,0.312063688387402,0.310612746066684,0.309172959828831,0.307744246215153,0.30632652189333,0.30491970364324,0.303523708346665,0.302138452980525,0.300763854613265,0.29939983040411,0.29804629760485,0.296703173563898,0.295370375732348,0.294047821671775,0.292735429063574,0.29143311571961,0.290140799593988,0.288858398795766,0.287585831602448,0.286323016474105,0.285069872067984,0.283826317253488,0.282592271127403,0.281367653029285,0.280152382556892,0.278946379581606,0.277749564263743,0.276561857067714,0.275383178776947,0.274213450508553,0.273052593727654,0.271900530261375,0.270757182312433,0.269622472472307,0.268496323733975,0.267378659504179,0.26626940361522,0.265168480336265,0.264075814384149,0.262991330933674,0.261914955627407,0.260846614584958,0.259786234411765,0.258733742207352,0.257689065573107,0.256652132619541,0.255622871973083,0.254601212782373,0.253587084724093,0,0.126598265116187,0.12969775062701,0.133006105494925,0.136544314248567,0.140330995517943,0.144384428190976,0.14872397094975,0.153371096289323,0.158349939915228,0.163687498952166,0.169413622899168,0.175560891488276,0.18216441943853,0.189261581733354,0.196891615489375,0.205095023725959,0.213912680348662,0.223384514116455,0.233547635086947,0.244433767192461,0.256065877479903,0.268453962971845,0.281590087964523,0.295442968804281,0.309952670732122,0.325026268223832,0.340535538774222,0.35631778976251,0.372180645694995,0.387911008001544,0.403287534018723,0.418095101007152,0.432139129872161,0.445257579709439,0.457328934675746,0.468275412378937,0.47806161481445,0.486689617335156,0.494191878502138,0.500623350504507,0.506053892975042,0.510561699520642,0.514228067053172,0.51713354763554,0.51935534179371,0.520965707076066,0.522031137865851,0.522612093836721,0.522763093312536,0.522533030290193,0.521965612599395,0.52109985057611,0.519970550230571,0.518608782948713,0.517042316475869,0.515296000518763,0.513392105837751,0.511350619050696,0.509189497198666,0.506924886929278,0.504571313298994,0.502141842940315,0.499648225865019,0.497101019602959,0.494509698787413,0.491882752741276,0.489227773120299,0.486551533241875,0.483860060372451,0.481158701959493,0.478452186567558,0.475744680103834,0.473039837787288,0.470340852219046,0.467650497842172,0.464971172030232,0.462304933010629,0.459653534806347,0.457018459365159,0.454400946035944,0.451802018545592,0.449222509625719,0.446663083435027,0.444124255920039,0.441606413253633,0.439109828487113,0.436634676547344,0.434181047705722,0.431748959640496,0.429338368208305,0.426949177034758,0.424581246027654,0.422234398910083,0.419908429864214,0.417603109370281,0.415318189318966,0.413053407469446,0.410808491319467,0.408583161448358,0.406377134388627,0.404190125076876,0.402021848930201,0.399872023589951,0.397740370370803,0.395626615449456,0.393530490823938,0.391451735071418,0.389390093929697,0.387345320724937,0.385317176665939,0.383305431023131,0.381309861208565,0.379330252771457,0.377366399322261,0.375418102396849,0.373485171271057,0.371567422734746,0.369664680833413,0.367776776584485,0.365903547674535,0.364044838142906,0.362200498056491,0.360370383179832,0.358554354644072,0.356752278617829,0.354964025982563,0.353189472014617,0.351428496075722,0.349680981313429,0.347946814372658,0.346225885119255,0.344518086376251,0.342823313673286,0.341141465009517,0.339472440630135,0.337816142816517,0.336172475689907,0.334541345028422,0.332922658097117,0.331316323490735,0.329722250988776,0.3281403514224,0.326570536552717,0.325012718959935,0.323466811942854,0.321932729428175,0.320410385889074,0.318899696272519,0.317400575934782,0.315912940584627,0.314436706233659,0.312971789153338,0.311518105838157,0.310075572974542,0.308644107414997,0.307223626157089,0.305814046326842,0.304415285166167,0.303027260023955,0.301649888350479,0.300283087694778,0.298926775704733,0.297580870129515,0.296245288824162,0.29491994975603,0.293604771012871,0.292299670812335,0.291004567512695,0.289719379624606,0.288444025823728,0.287178424964073,0.285922496091902,0.284676158460079,0.283439331542741,0.282211935050178,0.28099388894384,0.279785113451371,0.278585529081597,0.2773950566394,0.276213617240413,0.27504113232548,0.273877523674847,0.272722713422017,0.271576624067255,0.270439178490702,0.269310299965078,0.268189912167943,0.267077939193504,0.265974305563954,0.264878936240331,0.263791756632894,0.262712692610996,0.261641670512468,0.260578617152501,0.25952345983204,0.258476126345679,0.257436544989072,0.256404644565856,0.255380354394108,0.254363604312321,0,0.122013693333068,0.125009331620227,0.128188337271554,0.131578932830486,0.135202348392787,0.139078276279586,0.143226803609599,0.147669631359862,0.152430808380075,0.157537110606362,0.163018190692918,0.168906588884791,0.175237652932193,0.182049373655268,0.189382106285144,0.197278115541874,0.20578085328391,0.214933851051635,0.224779087880955,0.235354682194184,0.246691766351967,0.258810450114606,0.271714885075825,0.285387624010607,0.299783730803605,0.314825411345598,0.330398230969325,0.34635014031457,0.362494410458414,0.378617083836987,0.394488703903231,0.409879083620636,0.424573030958602,0.438384590694796,0.451167649037131,0.462821591293621,0.473291801472287,0.482565782170993,0.490666289052416,0.4976430364561,0.50356432486216,0.508509535820093,0.512563000801531,0.515809386984815,0.518330499507201,0.520203271883324,0.521498675585491,0.522281292984534,0.522609337496589,0.522534952354746,0.522104664478744,0.521359907776228,0.520337559700204,0.519070456628496,0.517587868952973,0.515915927118659,0.514077996531363,0.512095003309301,0.509985715097793,0.507766982195529,0.505453944488914,0.503060209463843,0.500598006073392,0.498078318628145,0.495511004235344,0.492904896700632,0.490267899253315,0.487607067977489,0.484928687430265,0.482238339601419,0.479540967108486,0.476840931318727,0.474142065934839,0.471447726465792,0.468760835919562,0.466083926993814,0.463419180997778,0.460768463709111,0.458133358349421,0.455515195848661,0.452915082559408,0.450333925575601,0.44777245580537,0.445231248943423,0.442710744484438,0.44021126291478,0.437733021215382,0.435276146803735,0.432840690037671,0.43042663539791,0.428033911460394,0.425662399763241,0.423311942666818,0.420982350299075,0.418673406671976,0.416384875048631,0.414116502634712,0.411868024661925,0.409639167925741,0.407429653834346,0.405239201020788,0.403067527565688,0.400914352873529,0.398779399241551,0.396662393156591,0.394563066351767,0.392481156651854,0.390416408633283,0.388368574122129,0.386337412551096,0.384322691194318,0.382324185296865,0.380341678114064,0.378374960874131,0.376423832676151,0.37448810033411,0.372567578176525,0.370662087810075,0.368771457854701,0.366895523656732,0.365034126985809,0.363187115720613,0.361354343527814,0.359535669537986,0.357730958021771,0.355940078069058,0.354162903273507,0.352399311424393,0.350649184207373,0.348912406915477,0.347188868171372,0.345478459661658,0.34378107588381,0.342096613906126,0.340424973140922,0.338766055131058,0.337119763349754,0.33548600301356,0.333864680908252,0.332255705227345,0.330658985422873,0.329074432068007,0.327501956731088,0.32594147186056,0.324392890680342,0.322856127095093,0.321331095604858,0.319817711228584,0.318315889435952,0.31682554608704,0.315346597379284,0.313878959801256,0.312422550092762,0.310977285210813,0.309543082300998,0.308119858673846,0.306707531785754,0.305306019224092,0.303915238696121,0.302535108021354,0.301165545127048,0.299806468046503,0.29845779491987,0.297119443997215,0.295791333643553,0.294473382345641,0.293165508720291,0.291867631524006,0.290579669663744,0.289301542208647,0.288033168402558,0.286774467677188,0.285525359665806,0.28428576421731,0.283055601410587,0.281834791569051,0.280623255275269,0.279420913385591,0.278227687044725,0.277043497700166,0.275868267116446,0.27470191738914,0.273544370958582,0.272395550623268,0.271255379552887,0.270123781300974,0.269000679817148,0.267885999458922,0.266779665003061,0.265681601656482,0.264591735066683,0.263509991331691,0.262436297009536,0.261370579127232,0.260312765189282,0.25926278318569,0.258220561599499,0.257186029413858,0.256159116118611,0.255139751716437,0,0.117440335123523,0.120337370741589,0.123394887886654,0.126645978591194,0.130113848129353,0.133819324212763,0.137783128084999,0.142027174435132,0.146575414538572,0.151454351563917,0.156693327192061,0.16232465812123,0.16838367085119,0.174908649536664,0.181940678602813,0.189523330232055,0.197702116302813,0.20652359451431,0.216033990508546,0.22627717626297,0.237291839203554,0.249107701791145,0.261740728878898,0.275187412803446,0.289418468907361,0.304372597790368,0.319951322423078,0.336016180484163,0.352389594234059,0.368860409168998,0.385194337622224,0.401148483637197,0.416488061409681,0.43100273498869,0.444519989326579,0.456913626660465,0.468106621278107,0.478068757517724,0.486810355907496,0.494373778151783,0.50082431991967,0.506241715421923,0.510712987012254,0.514326928624355,0.517170191063233,0.519324752480005,0.520866483398174,0.521864514722414,0.522381155056131,0.522472155927669,0.522187175625972,0.521570337248687,0.520660812015399,0.519493385210763,0.518098980718985,0.516505132687156,0.514736400974172,0.512814731989234,0.510759769287377,0.508589119598151,0.50631858033965,0.503962334479105,0.501533118093442,0.499042365325514,0.496500334732004,0.493916220343076,0.491298250139098,0.488653774113657,0.485989343639736,0.483310783484232,0.480623257517713,0.477931328931842,0.475239015596079,0.472549841048521,0.469866881513971,0.467192809268052,0.464529932612808,0.46188023269146,0.459245397343663,0.45662685218433,0.454025789076356,0.45144319215854,0.448879861583173,0.446336435112275,0.443813407716534,0.441311149316254,0.438829920798782,0.436369888441756,0.433931136866117,0.431513680637126,0.429117474625616,0.426742423235587,0.424388388597929,0.422055197823734,0.419742649404384,0.417450518839374,0.415178563566815,0.412926527265738,0.410694143593731,0.408481139418154,0.406287237594176,0.404112159338177,0.401955626240702,0.39981736195905,0.397697093625884,0.395594553006713,0.393509477435979,0.391441610558538,0.389390702900668,0.387356512292322,0.385338804160127,0.383337351708625,0.381351936005434,0.379382345984345,0.377428378378872,0.375489837597428,0.373566535550024,0.371658291435338,0.36976493149592,0.367886288748427,0.366022202694948,0.364172519020706,0.362337089282783,0.360515770593864,0.358708425304478,0.356914920686693,0.355135128621797,0.353368925294064,0.351616190892396,0.349876809321253,0.348150667922042,0.346437657205873,0.344737670598348,0.343050604196869,0.341376356540793,0.339714828394568,0.338065922543902,0.33642954360488,0.334805597845852,0.333193993021839,0.33159463822114,0.330007443723765,0.328432320871271,0.326869181947563,0.325317940070169,0.323778509091499,0.322250803509596,0.320734738387842,0.319230229283132,0.31773719218199,0.316255543444139,0.314785199753018,0.313326078072781,0.311878095611309,0.310441169788779,0.30901521821137,0.307600158649684,0.306195909021492,0.30480238737843,0.30341951189629,0.302047200868565,0.300685372702933,0.299333945920393,0.297992839156751,0.296661971166222,0.295341260826881,0.294030627147748,0.2927299892773,0.291439266513206,0.290158378313109,0.288887244306294,0.287625784306085,0.286373918322828,0.285131566577348,0.283898649514745,0.282675087818435,0.281460802424344,0.280255714535156,0.279059745634549,0.277872817501349,0.276694852223537,0.275525772212052,0.274365500214352,0.27321395932768,0.272071073012006,0.270936765102609,0.269810959822281,0.268693581793112,0.267584556047859,0.26648380804087,0.26539126365856,0.264306849229424,0.263230491533575,0.262162117811823,0.261101655774272,0.260049033608452,0.259004179986976,0.257967024074733,0.256937495535613,0.255915524538785,0,0.112884091039554,0.115683993275743,0.118626204222842,0.121745079461049,0.125064812636648,0.12860694246982,0.132392631927045,0.136443929234394,0.140784642215156,0.145440939079347,0.150441742628288,0.155818977451047,0.16160771297489,0.167846220717394,0.174575936137892,0.181841286208799,0.189689313536355,0.198168996336884,0.207330131495345,0.217221618475771,0.227888962523789,0.239370820014775,0.251694457532601,0.264870114996131,0.27888447560427,0.293693758878455,0.309217337623138,0.325333147708734,0.341876362966489,0.35864267071329,0.375396882811518,0.391886581715433,0.40785927321626,0.423080505551358,0.437350021303739,0.450513422501552,0.462467911446054,0.473162020813441,0.482590410536198,0.49078547859147,0.497807642014444,0.503735827379049,0.508659187447296,0.512670532184139,0.515861549120008,0.518319629246021,0.520125993654156,0.521354792473837,0.522072879699427,0.522340023376873,0.522209370287252,0.521728037385427,0.520937744930095,0.51987543822204,0.518573867578946,0.517062111566617,0.515366038456536,0.513508706959214,0.511510710706905,0.509390472622471,0.507164495850642,0.504847577785262,0.502452993200898,0.499992651787279,0.497477234617043,0.494916313328675,0.492318455120843,0.489691316052982,0.48704172463633,0.484375757277531,0.481698806795653,0.479015644963097,0.476330479810544,0.47364700827521,0.470968464650617,0.468297665206436,0.4656370492815,0.462988717105906,0.460354464574574,0.457735815170822,0.455134049221667,0.452550230654435,0.449985231415172,0.447439753702265,0.444914350162605,0.442409442192103,0.439925336477002,0.437462239906991,0.43502027298553,0.432599481856964,0.430199849064015,0.427821303143018,0.425463727158041,0.423126966268672,0.420810834420004,0.418515120237144,0.416239592200539,0.413984003172596,0.411748094340437,0.409531598634344,0.407334243676363,0.405155754308838,0.402995854748189,0.400854270405129,0.398730729408712,0.396624963868054,0.394536710902358,0.392465713466875,0.390411720999729,0.388374489912055,0.386353783941617,0.384349374388047,0.382361040245933,0.380388568250339,0.37843175284773,0.376490396103951,0.374564307559574,0.372653304041818,0.370757209441192,0.368875854460072,0.367009076339553,0.365156718570168,0.363318630591349,0.361494667483881,0.359684689659026,0.357888562547477,0.356106156290862,0.354337345438057,0.35258200864825,0.350840028402317,0.349111290723806,0.347395684910541,0.345693103277634,0.34400344091249,0.342326595442195,0.340662466813533,0.339010957085726,0.337371970235895,0.335745411977111,0.334131189588836,0.332529211759488,0.330939388440776,0.329361630713446,0.327795850663993,0.326241961271909,0.324699876306973,0.323169510236121,0.321650778139379,0.320143595634367,0.318647878808882,0.317163544161054,0.315690508546601,0.314228689132701,0.312778003358018,0.311338368898445,0.309909703638116,0.308491925645287,0.307084953152688,0.305688704541963,0.304303098331835,0.302928053169677,0.301563487826146,0.300209321192583,0.298865472280906,0.29753186022572,0.296208404288393,0.294895023862878,0.293591638483053,0.292298167831391,0.291014531748768,0.289740650245235,0.288476443511608,0.287221831931729,0.285976736095254,0.284741076810864,0.283514775119789,0.282297752309523,0.281089929927672,0.279891229795829,0.278701574023424,0.277520885021461,0.276349085516102,0.275186098562044,0.274031847555638,0.272886256247716,0.271749248756089,0.270620749577686,0.269500683600317,0.268388976114029,0.267285552822045,0.266190339851262,0.265103263762318,0.264024251559197,0.262953230698383,0.261890129097549,0.260834875143787,0.259787397701376,0.258747626119096,0.257715490237083,0.256690920393237,0,0.108350616079137,0.1110523244794,0.113883835902793,0.116876830308154,0.12005532224127,0.123441045951378,0.127055341071646,0.13092025266577,0.135059363770879,0.139498430844439,0.144265852057572,0.149393004740831,0.154914484738384,0.160868265564546,0.167295773571766,0.174241849710905,0.181754539847994,0.18988462396995,0.198684760205478,0.208208084416697,0.218506075810524,0.229625484932383,0.241604141403621,0.254465541226513,0.268212287040158,0.282818740759125,0.298223639494416,0.314323861791844,0.330970880367483,0.347971509956491,0.365094170038571,0.382080961606246,0.398664553223646,0.414587568050062,0.429621348912898,0.443581009306916,0.45633457608251,0.467805457791681,0.477968912708697,0.486844197998019,0.494484460206649,0.500966244864428,0.506379984793567,0.510822219850429,0.514389781630198,0.517175823698478,0.51926739206783,0.520744172149529,0.521678068217629,0.522133328642078,0.522166997517384,0.521829535856722,0.521165506904885,0.5202142591177,0.519010568243314,0.517585218910535,0.515965518420663,0.514175742971949,0.512237520819367,0.510170158993126,0.507990920951512,0.505715262467709,0.503357032508891,0.500928645096536,0.498441227290182,0.495904747604047,0.493328128398752,0.490719345113986,0.488085514630908,0.485432974573469,0.482767354967899,0.480093643368534,0.477416244314364,0.474739033792558,0.472065409242311,0.469398335525198,0.466740387209036,0.464093787454364,0.461460443750755,0.458841980720035,0.456239770181809,0.453654958660937,0.451088492504902,0.448541140769908,0.446013516027117,0.443506093233945,0.441019226809241,0.438553166045367,0.436108068984235,0.433684014878437,0.431281015352437,0.4288990243726,0.426537947128549,0.424197647921981,0.421877957152856,0.419578677486619,0.417299589280143,0.415040455338168,0.412801025066444,0.410581038082384,0.408380227338976,0.406198321812918,0.40403504880343,0.401890135884063,0.399763312545907,0.397654311567043,0.395562870139754,0.393488730784028,0.391431642073033,0.389391359193793,0.387367644363897,0.385360267123017,0.383369004516078,0.381393641183161,0.379433969369665,0.37748978886878,0.375560906907066,0.373647137982699,0.371748303664902,0.369864232362112,0.367994759065527,0.3661397250739,0.364298977704728,0.362472369996309,0.360659760404582,0.358861012498106,0.357075994654071,0.355304579757798,0.353546644907798,0.351802071128121,0.350070743089395,0.348352548839717,0.346647379546265,0.344955129248342,0.343275694622299,0.341608974758704,0.339954870951892,0.338313286501977,0.336684126529241,0.335067297800778,0.333462708569133,0.331870268422667,0.330289888147292,0.328721479599179,0.32716495558803,0.325620229770458,0.324087216552997,0.322565831004287,0.321055988775926,0.319557606031514,0.318070599383404,0.31659488583667,0.315130382739842,0.31367700774193,0.3122346787553,0.310803313923977,0.309382831596952,0.307973150306097,0.306574188748309,0.305185865771535,0.303808100364306,0.302440811648482,0.301083918874894,0.299737341421589,0.298400998794409,0.29707481062966,0.29575869669862,0.294452576913684,0.29315637133592,0.291870000183863,0.29059338384337,0.289326442878358,0.288069098042307,0.286821270290356,0.285582880791898,0.284353850943537,0.283134102382326,0.281923556999165,0.280722136952302,0.27952976468084,0.278346362918191,0.27717185470542,0.276006163404412,0.27484921271082,0.273700926666762,0.272561229673215,0.271430046502081,0.2703073023079,0.269192922639178,0.268086833449325,0.266988961107179,0.2658992324071,0.264817574578629,0.263743915295705,0.262678182685437,0.261620305336427,0.260570212306642,0.259527833130833,0.258493097827516,0.257465936905501,0,0.103844583341541,0.106446152010296,0.109170301409646,0.112042765592898,0.115086259068364,0.118322174577937,0.12177172287671,0.125456767239211,0.12940055345432,0.133628333904681,0.138167875949379,0.143049866018855,0.148308229309674,0.153980379436223,0.160107397424954,0.166734118347974,0.173909078095795,0.181684242432621,0.190114405472823,0.199256106055878,0.209165871992852,0.219897572661156,0.231498656209739,0.24400509389849,0.257434983373548,0.271781006932714,0.28700231400523,0.303016868318194,0.319695766311263,0.336861310606148,0.354290485616224,0.371724765777907,0.388885917740436,0.405495941436896,0.421298053855003,0.436075167266267,0.449662877685936,0.461955358147993,0.472904218451987,0.482511773311193,0.490820893413458,0.497903653355612,0.503850534422481,0.508761274974041,0.51273782749635,0.515879412453275,0.51827938589684,0.520023527799618,0.521189356010562,0.521846125257121,0.522055245100577,0.521870923828873,0.521340907033215,0.520507227253391,0.519406915474572,0.518072648787753,0.516533323826508,0.514814555004128,0.512939101952689,0.51092723328444,0.50879703483056,0.506564670530623,0.504244603592966,0.501849784709926,0.499391813174084,0.496881075811022,0.494326867782249,0.49173749854891,0.489120385633379,0.486482138270337,0.48382863259335,0.481165079645581,0.47849608722137,0.475825716326394,0.473157532876256,0.470494655126424,0.467839797231532,0.465195309261927,0.462563213953928,0.45994524043279,0.457342855120124,0.454757290017553,0.452189568543513,0.449640529088742,0.447110846446824,0.444601051268487,0.442111547681429,0.439642629211006,0.43719449313084,0.434767253366139,0.432360952066315,0.429975569957108,0.427611035576125,0.425267233489353,0.422944011579896,0.420641187494028,0.418358554323558,0.416095885597662,0.413852939651701,0.411629463435125,0.40942519581546,0.407239870430544,0.40507321813665,0.402924969095877,0.400794854542294,0.398682608262634,0.396587967824026,0.394510675578097,0.39245047946801,0.390407133662349,0.388380399037432,0.386370043527451,0.384375842359877,0.382397578191782,0.380435041161094,0.378488028865323,0.37655634627897,0.374639805619597,0.372738226171439,0.370851434074432,0.368979262085639,0.367121549319217,0.365278140970331,0.363448888027752,0.361633646979254,0.3598322795134,0.358044652220781,0.356270636297343,0.354510107252051,0.35276294462073,0.351029031687671,0.349308255216231,0.347600505189459,0.345905674561514,0.344223659020467,0.342554356762884,0.340897668280444,0.339253496158718,0.337621744888097,0.336002320686787,0.334395131335681,0.332800086024868,0.331217095211455,0.329646070488362,0.328086924463683,0.326539570650196,0.325003923364575,0.323479897635839,0.321967409122573,0.320466374038448,0.318976709085554,0.317498331395091,0.316031158474939,0.314575108163668,0.313130098590531,0.31169604814102,0.310272875427569,0.308860499265008,0.307458838650382,0.306067812746771,0.304687340870781,0.303317342483351,0.30195773718359,0.300608444705341,0.299269384916193,0.297940477818698,0.296621643553536,0.29531280240441,0.294013874804468,0.292724781344042,0.291445442779539,0.290175780043313,0.288915714254357,0.287665166729688,0.286424058996285,0.285192312803465,0.283969850135591,0.282756593225015,0.281552464565164,0.280357386923689,0.279171283355609,0.277994077216384,0.276825692174857,0.275666052226016,0.274515081703536,0.273372705292045,0.272238848039106,0.271113435366858,0.269996393083312,0.26888764739327,0.267787124908845,0.266694752659581,0.265610458102157,0.264534169129655,0.263465814080405,0.262405321746383,0.261352621381176,0.260307642707508,0.259270315924329,0.258240571713467,0,0.0993693386564332,0.101869669202311,0.104488928130147,0.107245284696577,0.110159297578735,0.113251530858818,0.116542754633074,0.120054447755747,0.123809383056455,0.127832202885357,0.132149936265652,0.136792445222034,0.141792806422766,0.147187636977546,0.153017364793493,0.159326427761555,0.166163363870022,0.173580726386731,0.181634724180653,0.190384447209443,0.199890493337253,0.210212771270803,0.221407228635682,0.233521266559834,0.246587685188682,0.260617196805373,0.2755898757908,0.291446386305535,0.308080372438992,0.325333853182377,0.342997596510242,0.360818009711588,0.378510971760077,0.395781424583072,0.412345921267533,0.427954329828133,0.442406965319944,0.455564581976775,0.467350447551571,0.477745473904687,0.486778543181883,0.49451453578504,0.501042256950363,0.506463776575131,0.510885950564854,0.514414286036317,0.517148925181604,0.519182338720567,0.520598281795538,0.521471610229193,0.521868634848069,0.521847775985811,0.521460354242589,0.520751411807251,0.519760501220962,0.518522407808715,0.517067791188364,0.515423743122396,0.513614265801794,0.511660678161402,0.509581959241634,0.50739503776526,0.50511503654258,0.502755479408353,0.500328467350681,0.497844829447421,0.495314253253279,0.492745398416926,0.490145996565267,0.48752293987051,0.484882360206072,0.482229700386876,0.479569778664208,0.476906847390917,0.474244646576513,0.471586452902149,0.468935124652712,0.466293142939061,0.463662649521122,0.461045481496687,0.458443203087019,0.455857134725547,0.45328837963735,0.450737848083025,0.448206279429367,0.445694262200118,0.443202252252105,0.440730589214887,0.438279511325255,0.435849168781343,0.433439635734637,0.431050921031696,0.428682977810991,0.426335712053858,0.42400899018226,0.421702645789802,0.419416485586419,0.417150294631205,0.414903840922245,0.412676879406846,0.410469155470411,0.408280407957338,0.406110371772737,0.403958780109467,0.401825366341011,0.399709865617006,0.397612016194812,0.395531560537377,0.39346824620474,0.391421826563872,0.389392061339133,0.387378717023403,0.385381567167941,0.383400392567166,0.381434981352919,0.379485129011214,0.377550638333122,0.375631319310191,0.373726988983642,0.371837471255577,0.369962596669491,0.368102202166522,0.366256130823128,0.364424231575167,0.362606358932734,0.360802372689545,0.35901213763014,0.35723552323772,0.355472403405004,0.353722656150149,0.351986163339403,0.35026281041789,0.348552486149648,0.346855082367805,0.34517049373558,0.343498617518582,0.341839353368762,0.34019260312018,0.338558270596679,0.336936261431413,0.335326482898097,0.333728843753791,0.332143254092921,0.330569625212249,0.329007869486402,0.327457900253574,0.325919631710973,0.324392978819585,0.322877857217778,0.321374183143308,0.319881873363251,0.318400845111399,0.316931016032673,0.31547230413409,0.314024627741858,0.312587905464164,0.311162056159247,0.309746998908353,0.308342652993196,0.306948937877556,0.305565773192669,0.30419307872607,0.302830774413586,0.30147878033418,0.300137016707362,0.298805403892909,0.297483862392647,0.296172312854076,0.294870676075598,0.293578873013179,0.292296824788242,0.291024452696627,0.289761678218454,0.28850842302875,0.28726460900871,0.286030158257454,0.284804993104188,0.283589036120647,0.282382210133756,0.281184438238382,0.279995643810154,0.278815750518239,0.277644682338037,0.276482363563734,0.275328718820663,0.274183673077445,0.273047151657846,0.271919080252344,0.270799384929367,0.269687992146176,0.268584828759382,0.267489822035077,0.266402899658552,0.265323989743621,0.264253020841512,0.26318992194935,0.262134622518197,0.261087052460675,0.260047142158156,0.259014822467525,0,0.0949274001411353,0.0973273276736952,0.0998436873772435,0.102487541760853,0.105276852030382,0.108230975769248,0.111369955801043,0.114714678597104,0.118287295135216,0.122111722295662,0.126214142613994,0.130623469705413,0.135371772624599,0.140494661651378,0.146031635366592,0.152026377687758,0.158526975422249,0.165586002166414,0.173260382507189,0.181610910936,0.190701253385063,0.200596209734516,0.211358972756191,0.223047101508873,0.235706965420555,0.249366550084236,0.26402679034078,0.279652035414801,0.296160827299575,0.313418769226447,0.331235650254048,0.349368883931358,0.367534484379815,0.385425254237527,0.402733972436401,0.419177816853614,0.434519703961372,0.448582962762032,0.461257506915177,0.472497734679143,0.482314039632515,0.490760625921087,0.497922272792947,0.503902064645265,0.508811263652208,0.512761743198176,0.515860867990464,0.51820841995076,0.519895074693767,0.521001958247131,0.52160089490493,0.521755052974258,0.521519783195205,0.520943515713757,0.520068634290658,0.518932283201771,0.517567086491857,0.516001774294693,0.514261719665676,0.512369393939644,0.51034475056131,0.508205547687012,0.505967619316629,0.50364510372583,0.501250636804708,0.498795516731037,0.49628984530443,0.493742650285822,0.491161992241077,0.488555058677643,0.485928247679513,0.483287242774071,0.480637080388887,0.477982210961737,0.475326554538283,0.472673551516474,0.470026209063436,0.467387143630406,0.464758619916414,0.46214258657584,0.459540708923818,0.456954398862925,0.454384842231734,0.451833023758499,0.449299749789638,0.446785668951791,0.444291290897006,0.441817003272495,0.439363087048963,0.436929730334536,0.434517040794472,0.432125056790234,0.429753757344908,0.42740307103551,0.425072883906306,0.422763046491054,0.42047338002594,0.418203681929083,0.415953730616769,0.413723289721127,0.411512111768751,0.409319941374853,0.407146518002925,0.404991578335506,0.402854858297645,0.400736094770873,0.398635027032011,0.396551397947968,0.394484954954674,0.392435450845653,0.390402644393206,0.388386300822949,0.386386192160358,0.384402097466114,0.382433802975302,0.380481102153994,0.378543795685288,0.376621691395622,0.374714604131008,0.372822355591748,0.370944774133263,0.369081694539776,0.367232957776802,0.365398410727679,0.363577905918743,0.36177130123713,0.359978459644703,0.358199248891073,0.356433541228305,0.35468121312947,0.352942145012877,0.351216220973515,0.349503328522929,0.347803358338546,0.346116204023214,0.344441761875528,0.342779930671387,0.341130611457002,0.33949370735352,0.337869123373274,0.336256766247577,0.334656544265914,0.333068367126288,0.331492145796461,0.329927792385731,0.328375220026894,0.326834342767986,0.325305075473389,0.323787333733858,0.322281033785029,0.320786092433954,0.319302426993214,0.317829955222159,0.316368595274828,0.31491826565413,0.313478885171838,0.31205037291401,0.310632648211419,0.309225630614626,0.307829239873318,0.306443395919566,0.305068018854669,0.303703028939269,0.302348346586435,0.30100389235743,0.299669586959907,0.298345351248273,0.297031106225985,0.295726773049576,0.294432273034189,0.293147527660437,0.291872458582421,0.290606987636727,0.289351036852272,0.288104528460843,0.286867384908217,0.285639528865737,0.284420883242238,0.283211371196241,0.282010916148302,0.280819441793467,0.279636872113734,0.278463131390477,0.277298144216774,0.276141835509569,0.274994130521651,0.273854954853387,0.272724234464191,0.271601895683688,0.270487865222553,0.269382070182997,0.268284438068894,0.267194896795521,0.266113374698907,0.265039800544776,0.263974103537085,0.262916213326138,0.261866060016295,0.260823574173253,0.259788686830918,0,0.0905215166355307,0.0928237921152898,0.0952390377506677,0.0977733115763461,0.100441988543781,0.10326298683919,0.106255384763415,0.109439280139163,0.112836050832297,0.116468769003418,0.120362664004546,0.124545586695493,0.129048457908505,0.133905697410051,0.13915563177899,0.14484087296109,0.151008645313632,0.157711017958685,0.16500497054542,0.172952183040947,0.181618393480264,0.191072113457517,0.201382435946804,0.212615628235848,0.224830200400165,0.23807021645469,0.252356820702837,0.26767833089952,0.283979812827312,0.301153729236763,0.319033863336459,0.337394952246358,0.355960004268652,0.374415951594779,0.392436304294675,0.409707436724509,0.425953871403233,0.440958023545431,0.454571341490917,0.466716023389966,0.477378638811783,0.486598350649202,0.494452785571897,0.501044133807125,0.50648717488968,0.510900010750823,0.514397579378263,0.517087596657219,0.519068395500143,0.52042811946176,0.521244803671227,0.521586982066436,0.521514563666843,0.521079807175457,0.520328288746379,0.519299803989137,0.51802917599514,0.51654696041512,0.514880049883388,0.513052186072347,0.511084390309821,0.508995324331771,0.506801592249788,0.504517993744192,0.50215773719205,0.499732620106189,0.497253183007111,0.494728841728979,0.492168002193795,0.489578160874688,0.486965993499259,0.48433743400118,0.4816977452949,0.479051583106725,0.476403053829413,0.473755767162183,0.47111288414135,0.468477161048085,0.465850989590581,0.463236433691188,0.460635263159304,0.45804898449373,0.455478869030334,0.452925978629754,0.450391189083513,0.447875211403882,0.445378611152097,0.442901825950304,0.440445181314385,0.438008904937248,0.435593139544961,0.433197954441216,0.43082335584885,0.428469296150551,0.426135682124439,0.423822382263859,0.421529233264599,0.419256045756794,0.417002609353015,0.414768697078558,0.412554069244716,0.410358476820838,0.408181664356307,0.406023372499187,0.403883340154157,0.401761306318592,0.399657011632041,0.397570199671166,0.39550061801913,0.393448019135698,0.391412161051784,0.389392807909832,0.387389730369338,0.385402705894875,0.383431518942214,0.381475961056565,0.379535830895483,0.377610934187666,0.375701083637683,0.37380609878557,0.371925805829238,0.370060037416747,0.368208632414692,0.366371435658183,0.364548297687265,0.362739074473991,0.360943627143837,0.359161821694629,0.357393528715734,0.355638623109843,0.353896983819325,0.352168493558808,0.350453038555343,0.348750508297275,0.347060795292679,0.345383794838047,0.343719404797718,0.342067525394397,0.340428059010951,0.338800910003574,0.337185984526301,0.335583190366755,0.33399243679295,0.332413634410903,0.330846695032755,0.329291531555068,0.327748057846916,0.326216188647386,0.324695839472058,0.323186926528039,0.321689366637119,0.320203077166604,0.318727975967383,0.317263981318799,0.315811011879891,0.314368986646589,0.312937824914452,0.311517446246553,0.310107770446133,0.308708717533648,0.307320207727868,0.305942161430683,0.304574499215302,0.303217141817548,0.301870010129943,0.300533025198343,0.299206108220839,0.297889180548709,0.296582163689184,0.295284979309828,0.293997549244334,0.292719795499561,0.291451640263634,0.290193005914972,0.288943815032088,0.287703990404024,0.286473455041322,0.285252132187409,0.284039945330293,0.282836818214479,0.281642674853041,0.280457439539745,0.279281036861183,0.278113391708843,0.276954429291061,0.275804075144821,0.274662255147343,0.273528895527435,0.272403922876561,0.271287264159629,0.270178846725433,0.269078598316761,0.267986447080138,0.26690232157519,0.265826150783626,0.264757864117822,0.26369739142901,0.262644663015047,0.261599609627793,0.260562162480068,0,0.0861553564509454,0.08836394864935,0.090679781051353,0.0931068415295071,0.0956583104577299,0.0983505843402433,0.101201603135635,0.104230504956562,0.107457751168292,0.110905452503374,0.114597782947078,0.118561426780464,0.122826034340154,0.127424677759791,0.13239430336987,0.13777617462801,0.143616289478432,0.149965738984547,0.156880949143253,0.164423713580295,0.172660880010095,0.181663497886983,0.191505171956475,0.202259306436106,0.213994888069683,0.226770478682997,0.240626219727311,0.255573950434865,0.271586049215122,0.288584307670439,0.306430909325153,0.324924138202305,0.343801410173955,0.362751280242191,0.381434204347029,0.399509476653202,0.416663783325723,0.432636090065464,0.44723449995668,0.460342917539028,0.471917926755726,0.481978295031832,0.490590429931202,0.49785295761584,0.503882750462068,0.508803678867439,0.512738452675576,0.51580331140059,0.518105022360501,0.519739572625506,0.520791998696243,0.521336910816169,0.521439389378016,0.521156035697474,0.520536040729031,0.519622193559063,0.518451790656353,0.517057431617914,0.515467701791896,0.513707750069289,0.511799773774573,0.509763423648016,0.507616141517209,0.505373442112991,0.503049149029869,0.500655593317203,0.498203781754135,0.495703540576555,0.493163639314061,0.490591898460115,0.487995283927412,0.485379990614794,0.482751516911325,0.480114731567436,0.477473934053613,0.474832909287623,0.472194977427419,0.469563039287008,0.466939617826739,0.464326896089882,0.461726751897732,0.459140789570721,0.456570368909395,0.454016631643598,0.451480525538503,0.44896282633068,0.446464157654778,0.443985009110851,0.441525752613173,0.439086657153071,0.436667902100679,0.434269589163197,0.431891753110281,0.429534371370436,0.427197372595674,0.424880644285319,0.422584039553637,0.420307383119932,0.418050476594002,0.415813103124276,0.413595031470688,0.411396019559323,0.409215817571161,0.407054170612761,0.404910821012627,0.402785510283081,0.400677980783903,0.398587977120657,0.396515247307585,0.394459543722098,0.392420623875337,0.390398251020897,0.388392194621636,0.386402230692534,0.384428142035754,0.382469718382413,0.38052675645408,0.37859905995568,0.376686439510222,0.374788712544645,0.372905703135107,0.371037241819038,0.369183165380521,0.367343316614739,0.365517544076583,0.363705701817851,0.361907649116953,0.36012325020447,0.358352373987498,0.35659489377527,0.354850687008191,0.353119634992064,0.351401622639001,0.34969653821625,0.348004273103907,0.346324721562291,0.344657780509565,0.34300334931001,0.341361329573243,0.339731624964508,0.338114141026084,0.336508785009749,0.334915465720176,0.333334093369034,0.33176457943955,0.330206836561222,0.32866077839433,0.327126319523874,0.325603375362558,0.324091862062375,0.322591696434407,0.321102795876384,0.319625078307585,0.318158462110654,0.316702866079895,0.315258209375654,0.313824411484353,0.312401392183812,0.310989071513451,0.309587369749024,0.308196207381522,0.306815505099915,0.305445183777401,0.30408516446087,0.302735368363282,0.301395716858697,0.300066131479686,0.298746533916892,0.297436846020512,0.296136989803484,0.294846887446181,0.293566461302437,0.292295633906723,0.291034327982315,0.289782466450324,0.288539972439427,0.287306769296201,0.286082780595927,0.28486793015377,0.283662142036245,0.282465340572865,0.281277450367913,0.280098396312253,0.278928103595134,0.277766497715904,0.276613504495609,0.275469050088418,0.274333060992843,0.273205464062704,0.272086186517835,0.270975155954469,0.269872300355317,0.268777548099301,0.267690827970924,0.266612069169276,0.265541201316656,0.264478154466808,0.263422859112763,0.262375246194289,0.261335247104939,0,0.0818341002168464,0.0839529154708656,0.0861709279670262,0.0884926975829857,0.0909298259133233,0.0934972328010442,0.0962116124959608,0.0990910064124899,0.102154832518508,0.105424132206607,0.10892192998708,0.112673651652225,0.116707573168093,0.121055288107853,0.125752188771835,0.13083795633678,0.136357048955576,0.142359163553715,0.148899626232551,0.156039636077794,0.163846245835012,0.172391908940466,0.181753356584652,0.192009496670677,0.203237963715619,0.215509924059613,0.228882801197765,0.243390794553211,0.25903348546002,0.275763485802513,0.293474925559141,0.311995383358811,0.331084265570441,0.350440199769204,0.369718468587493,0.38855706771216,0.406607390055377,0.423563884595581,0.439187115595806,0.453316486329414,0.46587170663756,0.47684474184646,0.486285612077746,0.494285753492119,0.500961991482712,0.506443042699233,0.510859341021558,0.514336151775055,0.516989469336608,0.518924023684191,0.520232742407589,0.52099712723687,0.521288141252064,0.521167328810911,0.52068799082426,0.519896311483354,0.518832382596602,0.517531103710657,0.51602295534892,0.514334653222106,0.512489696279745,0.510508823151925,0.50841039131507,0.506210692117661,0.503924213179277,0.501563857954246,0.499141130607289,0.496666292869791,0.494148498265321,0.491595908014361,0.489015792037816,0.48641461775562,0.483798128797282,0.481171415282305,0.47853897696874,0.475904780288815,0.473272310075473,0.470644616619206,0.468024358569646,0.46541384210196,0.462815056696965,0.460229707830344,0.457659246825984,0.455104898097789,0.452567683980808,0.45004844733409,0.44754787208295,0.445066501856164,0.442604756863229,0.440162949147688,0.43774129634424,0.435339934059622,0.432958926989982,0.430598278880451,0.428257941425902,0.425937822205376,0.423637791736337,0.421357689728866,0.419097330614064,0.41685650841533,0.41463500102584,0.412432573950536,0.410248983566096,0.408083979947902,0.405937309308804,0.40380871609054,0.40169794474505,0.399604741239497,0.397528854315752,0.39547003653217,0.393428045112866,0.391402642627304,0.389393597520752,0.38740068451417,0.385423684890249,0.383462386680611,0.381516584767682,0.379586080913335,0.377670683725136,0.375770208569884,0.373884477443062,0.372013318801911,0.370156567368916,0.368314063911768,0.36648565500511,0.364671192778767,0.362870534656532,0.36108354308912,0.359310085284346,0.357550032937219,0.355803261962222,0.354069652229712,0.352349087308052,0.35064145421282,0.34894664316419,0.347264547353341,0.345595062718577,0.343938087731649,0.34229352319463,0.340661272047554,0.339041239186913,0.337433331295011,0.335837456680088,0.334253525127043,0.33268144775854,0.331121136906226,0.329572505991733,0.328035469417125,0.326509942464413,0.324995841203743,0.323493082409851,0.322001583486376,0.320521262397597,0.319052037607189,0.317593828023579,0.31614655295149,0.314710132049264,0.313284485291593,0.311869532937255,0.310465195501501,0.30907139373274,0.307688048593178,0.306315081243093,0.30495241302843,0.303599965471442,0.302257660264075,0.300925419263858,0.299603164492042,0.298290818133753,0.296988302539962,0.295695540231038,0.294412453901733,0.293138966427394,0.291875000871251,0.290620480492637,0.289375328755991,0.288139469340518,0.286912826150392,0.2856953233254,0.284486885251906,0.283287436574077,0.282096902205268,0.280915207339496,0.27974227746294,0.278578038365407,0.277422416151716,0.276275337252936,0.275136728437448,0.274006516821801,0.272884629881309,0.271770995460382,0.270665541782551,0.269568197460174,0.268478891503801,0.26739755333119,0.266324112775963,0.26525850009588,0.26420064598074,0.263150481559892,0.262107938409364,0,0.0775640571191416,0.0795960010418767,0.0817175669473542,0.0839356103857183,0.0862608063025824,0.0887067257962762,0.0912887697072738,0.0940237838088984,0.0969300386027287,0.100027412527284,0.103337698182793,0.106884984549573,0.110696087967543,0.11480101814472,0.119233473383866,0.124031361502656,0.129237339480791,0.134899355297157,0.141071158720433,0.147812722261944,0.155190476768885,0.163277215845247,0.172151458204314,0.18189597939025,0.192595143466965,0.204330603129254,0.21717493328951,0.231182879682214,0.246380216245703,0.262750778309211,0.280223076162212,0.298658864716238,0.317846828999347,0.33750466153529,0.357291801006537,0.37683286448724,0.395748856343424,0.413690672315635,0.430368409804397,0.445571092804325,0.459174169836534,0.471135360295033,0.481481889287738,0.490293210134687,0.497683029237635,0.50378334371468,0.508731887119493,0.512663284649466,0.515703524509278,0.517967037990269,0.519555634764997,0.520558638514943,0.521053718840514,0.521108064678466,0.52077966833693,0.520118581862851,0.519168071584593,0.517965638243897,0.516543895334133,0.514931312342075,0.513152836523477,0.511230409424315,0.509183394450388,0.507028930572695,0.504782225457779,0.502456799352631,0.500064689162895,0.497616620454618,0.49512215362797,0.492589809261839,0.490027176596397,0.487441008282233,0.484837303852422,0.482221383840901,0.479597956052034,0.476971175160629,0.474344696570102,0.47172172526362,0.469105060235957,0.466497134982203,0.46390005443506,0.461315628678735,0.458745403719246,0.456190689554336,0.45365258575816,0.451132004774071,0.448629693091548,0.446146250469226,0.443682147354223,0.441237740637752,0.438813287878002,0.43640896011298,0.434024853378328,0.431660999037892,0.429317373027814,0.426993904108337,0.424690481211056,0.422406959963209,0.420143168464697,0.417898912387849,0.415673979464608,0.413468143420629,0.411281167411026,0.409112807007888,0.406962812785475,0.404830932544978,0.402716913217053,0.400620502476902,0.398541450103462,0.396479509111407,0.394434436681884,0.39240599491552,0.390393951428919,0.388398079813809,0.386418159976129,0.384453978370606,0.38250532814479,0.380572009205113,0.378653828216219,0.376750598543619,0.374862140148673,0.372988279443896,0.371128849115721,0.369283687921029,0.367452640463024,0.365635556951376,0.363832292950962,0.362042709122943,0.360266670961507,0.358504048529069,0.356754716192391,0.355018552361692,0.353295439234487,0.351585262545635,0.349887911324778,0.348203277662152,0.346531256483532,0.344871745334893,0.343224644177203,0.341589855191637,0.339967282595373,0.338356832468002,0.336758412588547,0.335171932282935,0.333597302281765,0.332034434588126,0.330483242355169,0.328943639773129,0.327415541965428,0.325898864893502,0.324393525269947,0.322899440479597,0.321416528508116,0.319944707877701,0.31848389758949,0.317034017072262,0.315594986137041,0.314166724937215,0.312749153933783,0.311342193865375,0.309945765722691,0.308559790727009,0.30718419031245,0.305818886111685,0.30446379994479,0.303118853810969,0.301783969882876,0.300459070503301,0.299144078183972,0.297838915606255,0.296543505623547,0.295257771265183,0.293981635741649,0.292715022450963,0.291457854986055,0.290210057143003,0.288971552930004,0.28774226657694,0.286522122545451,0.285311045539395,0.284108960515604,0.282915792694868,0.281731467573042,0.280555910932235,0.279389048852,0.27823080772047,0.277081114245403,0.275939895465075,0.274807078758994,0.273682591858389,0.27256636285645,0.271458320218297,0.270358392790646,0.269266509811159,0.268182600917457,0.26710659615579,0.266038425989342,0.264978021306179,0.263925313426816,0.262880234111419,0,0.0733522165250054,0.0752985891176871,0.0773247305911201,0.0794403263752728,0.0816556435714999,0.0839830620952497,0.0864366877620293,0.0890321094203106,0.0917863726560562,0.0947181179195336,0.0978478383585877,0.101198223098335,0.104794562502374,0.108665202018206,0.11284203861904,0.11736105735502,0.122262904416527,0.127593486717902,0.133404575254201,0.139754368617691,0.146707941598884,0.15433745875841,0.162721971546564,0.171946539265614,0.182100323337199,0.193273215453949,0.205550504395302,0.219005117594462,0.233687169775103,0.249611000083331,0.266740639349825,0.284975677465411,0.304140568319369,0.323981062790996,0.344171121284459,0.364331919748465,0.384061585262297,0.402971003092993,0.420718821184391,0.437038746491578,0.451754477807164,0.464781146696918,0.476115458740703,0.485818716652101,0.493997253613259,0.500783909295858,0.50632274062712,0.510757782514092,0.514225692504948,0.516851592199089,0.518747260870838,0.520010898453267,0.520727832142399,0.5209717145655,0.520805912898108,0.520284904767141,0.519455578991467,0.518358393335407,0.517028374748461,0.515495966502036,0.51378773624786,0.511926962914821,0.509934120951391,0.507827279257151,0.50562243017578,0.503333761695687,0.500973883825928,0.498554018134456,0.49608415771371,0.493573203385232,0.491029080754686,0.488458841753327,0.48586875351984,0.483264376856044,0.480650636002445,0.478031881099597,0.475411944407234,0.472794191127038,0.470181565502114,0.467576632734635,0.464981617163377,0.462398437067226,0.45982873640351,0.457273913746456,0.454735148657732,0.452213425695254,0.449709556246114,0.447224198353161,0.444757874691332,0.442310988838383,0.439883839974719,0.437476636138114,0.435089506150922,0.432722510329752,0.430375650080413,0.428048876474066,0.425742097893982,0.423455186836053,0.421187985940187,0.418940313324034,0.416711967284978,0.414502730431239,0.412312373297957,0.4101406574996,0.407987338465653,0.405852167802557,0.403734895321084,0.401635270764835,0.399553045272336,0.397487972602216,0.395439810148196,0.393408319768112,0.391393268448875,0.389394428827147,0.387411579583591,0.385444505726781,0.383492998781236,0.381556856892605,0.379635884861653,0.377729894117513,0.37583870263955,0.373962134836188,0.372100021388102,0.370252199062413,0.368418510503692,0.366598804006954,0.364792933277183,0.363000757179354,0.361222139482436,0.359456948600371,0.357705057332646,0.355966342606662,0.354240685223788,0.352527969610705,0.35082808357732,0.349140918082362,0.347466367007483,0.345804326940559,0.344154696968682,0.342517378481188,0.340892274982956,0.33927929191808,0.337678336503926,0.336089317575514,0.334512145440061,0.332946731741503,0.331392989334731,0.329850832169253,0.328320175181952,0.326800934198591,0.325293025843689,0.323796367458393,0.322310877025934,0.320836473104295,0.319373074765662,0.317920601542287,0.316478973378354,0.315048110587475,0.313627933815434,0.312218364007815,0.310819322382166,0.309430730404356,0.3080525097688,0.306684582382245,0.30532687035081,0.303979295970011,0.302641781717491,0.301314250248212,0.29999662439187,0.298688827152304,0.297390781708688,0.296102411418324,0.294823639820837,0.293554390643604,0.292294587808271,0.291044155438194,0.289803017866685,0.288571099645919,0.287348325556414,0.286134620616942,0.284929910094813,0.283734119516418,0.282547174677959,0.281369001656291,0.280199526819817,0.279038676839374,0.277886378699048,0.276742559706882,0.27560714750543,0.274480070082126,0.27336125577942,0.272250633304677,0.27114813173978,0.270053680550453,0.268967209595262,0.267888649134287,0.266817929837454,0.265754982792512,0.264699739512651,0.263652131943759,0,0.0692055760937446,0.0710659471219091,0.0729972578514949,0.0750114682757635,0.0771187135321414,0.0793303209053915,0.0816591293022573,0.0841194434042762,0.0867270344067395,0.0894992511276394,0.092455237136125,0.0956162354070093,0.0990059631149707,0.102651045116251,0.106581500778611,0.11083128277981,0.115438867063538,0.120447889403043,0.125907814846845,0.131874610003011,0.138411362172719,0.145588750515133,0.153485219096635,0.162186627009554,0.171785057067998,0.182376359642734,0.194055913594557,0.206912045460868,0.221016632604958,0.236412722588315,0.253099626386036,0.271016924284817,0.290030043222596,0.309921160760951,0.330389560307441,0.35106456659006,0.37153157830468,0.391368040545149,0.410182840483523,0.427651141788163,0.443537905620015,0.457706752016985,0.470114856933568,0.480797657042823,0.489848405791914,0.49739719814469,0.503592656291135,0.5085878277945,0.512530524900577,0.515557529726853,0.517791759244109,0.51934147168969,0.520300744205707,0.520750647663678,0.520760727652168,0.520390546430923,0.519691145982175,0.518706362858901,0.517473969656003,0.516026643499054,0.514392775306489,0.512597139373178,0.510661444204369,0.508604784533671,0.506444012336402,0.504194042131531,0.501868103354492,0.499477950281339,0.497034037976311,0.494545671037893,0.492021130516604,0.489467783239007,0.486892176859525,0.484300123237516,0.481696772167839,0.479086677049188,0.476473853730513,0.473861833510967,0.471253711065906,0.468652187916632,0.46605961194387,0.463478013355574,0.460909137451843,0.458354474478108,0.455815286818279,0.453292633749069,0.450787393952885,0.448300285967702,0.445831886736888,0.44338264840905,0.440952913526922,0.438542928734577,0.43615285712347,0.433782789329792,0.431432753488055,0.429102724138803,0.42679263018158,0.424502361957919,0.422231777543015,0.419980708318914,0.41774896389657,0.415536336448845,0.413342604511598,0.411167536305342,0.40901089262557,0.406872429345755,0.404751899573201,0.402649055494406,0.400563649943267,0.398495437722455,0.39644417670547,0.394409628744324,0.392391560405425,0.390389743554078,0.388403955806051,0.386433980862808,0.384479608745419,0.382540635940586,0.380616865470911,0.378708106900239,0.3768141762838,0.374934896071838,0.373070094974444,0.371219607794513,0.369383275234912,0.367560943685265,0.365752464993148,0.363957696223851,0.362176499412386,0.360408741310937,0.358654293134491,0.356913030307047,0.355184832210411,0.353469581937297,0.351767166050164,0.350077474346965,0.348400399634774,0.346735837512044,0.345083686160064,0.343443846144069,0.341816220224263,0.340200713176944,0.338597231625788,0.337005683883273,0.335425979802142,0.333858030636737,0.332301748913996,0.33075704831383,0.329223843558605,0.327702050311376,0.326191585082539,0.324692365144514,0.323204308454109,0.32172733358214,0.320261359649952,0.318806306272431,0.317362093507137,0.315928641809155,0.314505871991325,0.313093705189459,0.311692062832207,0.310300866615242,0.308920038479413,0.307549500592581,0.306189175334821,0.304838985286709,0.303498853220432,0.30216870209346,0.300848455044534,0.299538035391749,0.298237366632523,0.29694637244524,0.295664976692389,0.29439310342502,0.293130676888362,0.291877621528442,0.290633861999574,0.289399323172586,0.288173930143668,0.286957608243725,0.285750283048152,0.284551880386912,0.283362326354867,0.282181547322259,0.281009469945283,0.279846021176695,0.278691128276386,0.277544718821888,0.276406720718752,0.275277062210775,0.274155671890016,0.273042478706603,0.271937411978278,0.27084040139967,0.26975137705127,0.268670269408099,0.267597009348038,0.266531528159842,0.26547375755079,0.264423629653992,0,0.0651303234901141,0.0669029908260975,0.0687396565251791,0.0706534095498844,0.0726542513999796,0.0747525431957573,0.0769598996937733,0.0792893427703126,0.0817553470298122,0.0843739386927667,0.0871628806666869,0.0901419412740283,0.0933332364837195,0.0967616373066236,0.100455238404306,0.104445887792442,0.108769779166845,0.113468106742885,0.11858777642697,0.124182155021054,0.130311818633241,0.137045229257234,0.144459220518542,0.15263910563841,0.161678130000606,0.171675879394654,0.182735135635255,0.194956575209112,0.208430693464259,0.223226499688743,0.239376983803369,0.256862201824995,0.275592058931892,0.295392257644559,0.31599789206725,0.337059053022424,0.358160939195992,0.378857394060661,0.398712583514561,0.417342504002443,0.434447713947892,0.449831363951217,0.463401008151571,0.475156866265785,0.485171690107685,0.493567773702165,0.50049547320105,0.506115783258427,0.510587821321323,0.514060901601627,0.516670293940915,0.51853562024862,0.519760952694721,0.52043588891919,0.520637096806201,0.520430002732385,0.519870431845379,0.51900610095963,0.517877923233465,0.516521118402103,0.514966140937124,0.513239447040511,0.511364123987439,0.509360404694171,0.507246088167118,0.505036883662983,0.502746693499589,0.500387846777817,0.497971293925628,0.495506769986189,0.493002932928503,0.49046748192425,0.487907259465128,0.485328340347149,0.482736109882063,0.480135333176307,0.477530216915006,0.474924464778032,0.472321327376858,0.469723647418945,0.467133900667722,0.464554233160724,0.461986495068376,0.459432271514809,0.456892910635507,0.454369549110611,0.451863135384795,0.449374450762501,0.446904128549559,0.444452671397535,0.44202046699483,0.439607802237806,0.437214876005754,0.43484181065492,0.432488662338929,0.430155430255521,0.427842064912658,0.425548475500424,0.423274536448983,0.421020093246892,0.418784967588518,0.416568961913945,0.414371863399773,0.412193447454469,0.410033480767502,0.407891723957332,0.405767933859454,0.403661865492078,0.401573273733709,0.399501914743777,0.397447547154611,0.39540993306046,0.393388838826801,0.391384035741004,0.389395300523382,0.387422415715798,0.385465169963322,0.383523358202882,0.381596781771444,0.379685248444972,0.377788572418275,0.375906574234742,0.374039080674051,0.372185924605012,0.370346944809944,0.368521985786235,0.366710897530087,0.36491353530685,0.363129759411801,0.36135943492475,0.359602431461388,0.357858622923917,0.356127887253113,0.354410106183693,0.352705165004498,0.351012952324824,0.349333359847921,0.347666282152534,0.34601161648314,0.344369262549386,0.34273912233508,0.341121099916972,0.339515101293452,0.337921034223177,0.336338808073588,0.334768333679185,0.333209523209374,0.331662290045665,0.33012654866793,0.328602214549441,0.327089204060328,0.325587434379131,0.324096823412072,0.322617289719667,0.321148752450314,0.319691131280465,0.318244346361012,0.316808318269498,0.315382967967811,0.313968216764976,0.31256398628471,0.311170198437397,0.309786775396159,0.308413639576707,0.307050713620676,0.305697920382152,0.304355182917125,0.303022424475607,0.301699568496167,0.300386538602662,0.299083258602936,0.297789652489294,0.296505644440549,0.295231158825477,0.293966120207506,0.29271045335048,0.291464083225368,0.290226935017779,0.288998934136155,0.287780006220534,0.286570077151794,0.28536907306125,0.284176920340553,0.282993545651784,0.281818875937696,0.280652838432013,0.279495360669758,0.278346370497519,0.277205796083648,0.276073565928315,0.274949608873407,0.273833854112223,0.272726231198934,0.2716266700578,0.270535100992103,0.269451454692803,0.268375662246863,0.267307655145277,0.266247365290747,0.265194725005028,0,0.0611313137870114,0.0628140433380773,0.0645559758324439,0.0663701676970058,0.0682662447437467,0.070253625026592,0.0723427458411913,0.0745453703309699,0.0768746793689454,0.0793453681770549,0.0819738076152114,0.0847782811330653,0.0877792944543998,0.0909999534106529,0.0944664079214059,0.0982083634295328,0.102259663313398,0.10665894572308,0.111450374787528,0.116684437733781,0.122418783986929,0.128719056679645,0.135659627042852,0.143324082917637,0.151805239339417,0.161204329537064,0.171628903590069,0.183188828890923,0.195989696104832,0.210122966871432,0.225652473671576,0.242597533679104,0.260914054148679,0.28047650676133,0.30106514736151,0.322363620456081,0.34397123772519,0.365431269040582,0.386272054474333,0.406053323915219,0.424407915213753,0.44107033917491,0.455887801749193,0.46881438541448,0.479892993159168,0.489231250230672,0.4969769881878,0.50329712206413,0.508361684934482,0.512333173004241,0.51536041113765,0.51757579519346,0.519094796009444,0.520016818290795,0.520426758511219,0.520396829054339,0.519988387271411,0.51925362803618,0.518237076179688,0.516976862097764,0.515505789716738,0.513852218493159,0.512040785597362,0.510092994449316,0.508027693560614,0.505861466504152,0.503608950517673,0.50128309812786,0.498895393427049,0.496456032295711,0.493974073929393,0.491457569458257,0.488913672189916,0.486348733010062,0.483768383693112,0.481177610265044,0.478580818087797,0.475981889970073,0.473384238329511,0.470790852217156,0.468204339851932,0.465626967188506,0.463060692947401,0.460507200464176,0.457967926659457,0.455444088389308,0.452936706402654,0.450446627106679,0.447974542320623,0.44552100718164,0.443086456352491,0.440671218668958,0.438275530354537,0.435899546920729,0.433543353862876,0.431206976253765,0.428890387330024,0.426593516159579,0.424316254472059,0.422058462728019,0.419819975497115,0.417600606210006,0.415400151343647,0.413218394094834,0.41105510759239,0.408910057694123,0.406783005410802,0.404673708995687,0.402581925734776,0.400507413469782,0.398449931882939,0.396409243570062,0.394385114925822,0.392377316862944,0.390385625384955,0.388409822030229,0.386449694203322,0.38450503540803,0.382575645395159,0.38066133023666,0.378761902336612,0.376877180388423,0.375006989286642,0.373151160000859,0.371309529418354,0.369481940161421,0.367668240384585,0.365868283556346,0.364081928229519,0.362309037803702,0.360549480283004,0.358803128031699,0.357069857530118,0.35534954913277,0.353642086830353,0.351947358017059,0.35026525326434,0.348595666102075,0.346938492807885,0.345293632205175,0.343660985470344,0.342040455949441,0.340431948984462,0.338835371749356,0.337250633095746,0.335677643408264,0.334116314469373,0.33256655933346,0.33102829220997,0.329501428355293,0.327985883973098,0.326481576122781,0.324988422635683,0.323506342038717,0.322035253485036,0.320575076691367,0.319125731881656,0.317687139736635,0.316259221348968,0.314841898183601,0.313435092042993,0.312038725036861,0.31065271955614,0.309276998250831,0.307911484011439,0.306556099953709,0.305210769406397,0.3038754159018,0.302549963168813,0.301234335128272,0.299928455890352,0.298632249753845,0.297345641207086,0.29606855493037,0.294800915799684,0.293542648891592,0.292293679489137,0.291053933088604,0.289823335407042,0.288601812390416,0.28738929022228,0.286185695332877,0.284990954408582,0.283804994401592,0.282627742539806,0.281459126336805,0.280299073601895,0.279147512450141,0.278004371312348,0.276869578944945,0.275743064439728,0.274624757233432,0.273514587117108,0.272412484245259,0.271318379144727,0.270232202723307,0.269153886278069,0.268083361503378,0.267020560498595,0.265965415775459,0,0.0572121184152636,0.0588026358924303,0.0604497024130932,0.0621653213237214,0.0639583478843818,0.0658372275280285,0.0678112659095587,0.06989100891774,0.0720883684537111,0.074416721621974,0.0768910552571779,0.079528175868001,0.0823469883051354,0.0853688424556988,0.0886179482387812,0.092121861755716,0.0959120478340774,0.100024525202295,0.104500599064448,0.109387680585254,0.114740181834467,0.120620455273881,0.127099714948526,0.134258827016,0.142188784197473,0.150990576932979,0.160774042245174,0.171655118562055,0.183750790213107,0.197170931341171,0.21200636220083,0.228312859075134,0.246091762423446,0.265269260535063,0.285678189889685,0.307047694492555,0.32900636767337,0.351102633737113,0.37284193842635,0.393734983361582,0.413347070017799,0.431337794917764,0.44748341813636,0.461679702188904,0.473928342224285,0.484313288877134,0.492973756814839,0.500079221396708,0.505809419621506,0.510340275412375,0.513835258482337,0.51644101315821,0.518285966555237,0.519480797199546,0.520119921822884,0.520283427854068,0.520039096011884,0.519444313283167,0.518547779856591,0.51739097716903,0.516009400252254,0.514433575722349,0.51268989404106,0.510801285816442,0.508787769884975,0.506666897512529,0.504454113272409,0.502163049530894,0.499805768236642,0.497392960952291,0.494934115781728,0.49243765799133,0.489911069639051,0.487360992350444,0.484793316459033,0.48221325901032,0.479625432572512,0.477033906368228,0.474442260912319,0.471853637089041,0.469270780409653,0.466696081045078,0.46413161011681,0.461579152644339,0.459040237482478,0.456516164532275,0.454008029470654,0.451516746213971,0.449043067306812,0.446587602408229,0.444150835031858,0.441733137683105,0.439334785525214,0.436955968696045,0.43459680338844,0.432257341798878,0.429937581041641,0.427637471118691,0.425356922028883,0.423095810093997,0.420853983573216,0.418631267632199,0.416427468727729,0.41424237846403,0.412075776972286,0.409927435860633,0.407797120777842,0.405684593630275,0.403589614488143,0.401511943213972,0.399451340843172,0.397407570743895,0.395380399580851,0.393369598105445,0.391374941792472,0.389396211341691,0.387433193060801,0.385485679144732,0.383553467864699,0.381636363679094,0.379734177277078,0.377846725564613,0.37597383160165,0.37411532449826,0.372271039276659,0.370440816705293,0.36862450311047,0.366821950170387,0.365033014695808,0.363257558401153,0.361495447669268,0.359746553312727,0.358010750334119,0.35628791768745,0.354577938042445,0.35288069755327,0.351196085632951,0.34952399473452,0.347864320139723,0.346216959755969,0.344581813921996,0.342958785222643,0.341347778312942,0.339748699751691,0.338161457844524,0.336585962496453,0.335022125073773,0.333469858275161,0.331929076011763,0.330399693296007,0.328881626138867,0.327374791455255,0.325879106977226,0.324394491174636,0.322920863182916,0.321458142737581,0.320006250115133,0.318565106079982,0.317134631837042,0.315714748989627,0.314305379502335,0.312906445668557,0.311517870082296,0.310139575613994,0.30877148539004,0.307413522775699,0.306065611361162,0.304727674950472,0.303399637553059,0.302081423377671,0.300772956828449,0.299474162502967,0.298184965192009,0.296905289880926,0.295635061752378,0.294374206190307,0.293122648785002,0.291880315339097,0.290647131874387,0.289423024639332,0.288207920117151,0.287001745034395,0.285804426369909,0.284615891364096,0.283436067528409,0.282264882655001,0.281102264826466,0.279948142425602,0.278802444145177,0.277665098997607,0.276536036324545,0.275415185806317,0.274302477471179,0.27319784170437,0.272101209256935,0.271012511254298,0.269931679204556,0.268858645006493,0.267793340957287,0.266735699759907,0,0.0533749359249006,0.0548713807273769,0.0564236928405801,0.0580419552248747,0.0597338204691387,0.0615067067447639,0.0633688338708463,0.0653295852067757,0.0673996467440182,0.0695911094829045,0.0719176025499623,0.0743944808566463,0.0770390752175741,0.0798710078177083,0.0829125756674847,0.0861892064815414,0.0897299936931097,0.09356831897363,0.0977425706837972,0.102296963979879,0.107282461202238,0.112757777244278,0.118790430272893,0.125457758498901,0.132847762376118,0.141059541696507,0.150202973079137,0.160397115954933,0.171766659476894,0.184435571437386,0.198517068929008,0.214099238261912,0.23122626790668,0.24987647725123,0.269940113862936,0.291201880275602,0.313334481172748,0.335908984463189,0.358424619158081,0.380355151976695,0.401203178704888,0.420550355045248,0.438092653124996,0.453654714790497,0.467183789663853,0.478728766171673,0.488411886496998,0.496400041523275,0.502880264131295,0.50804148606952,0.512062643997225,0.5151060945731,0.517314910440896,0.518812704808198,0.519704913799056,0.520080783073576,0.520015576629495,0.519572727567666,0.518805787537964,0.517760117703058,0.516474314116073,0.514981386635279,0.513309721974241,0.51148386445099,0.509525146471848,0.507452197196179,0.505281353563248,0.503026993656307,0.500701808581361,0.498317025779125,0.495882593981625,0.493407337825393,0.490899088374026,0.488364794412058,0.485810618282175,0.483242019189664,0.480663826241626,0.478080302982951,0.475495204803112,0.472911830291072,0.470333067389165,0.467761435024225,0.465199120762895,0.462648014937942,0.460109741616054,0.45758568671902,0.455077023565154,0.452584736062655,0.450109639759099,0.447652400929109,0.445213553864406,0.442793516515536,0.44039260462196,0.438011044456315,0.43564898429899,0.43330650475049,0.4309836279812,0.428680326010802,0.42639652810288,0.424132127353841,0.421886986549353,0.419660943355886,0.417453814909669,0.415265401860422,0.413095491922591,0.410943862982445,0.408810285805348,0.406694526383732,0.404596347962773,0.402515512777522,0.400451783532216,0.398404924649735,0.396374703316561,0.394360890346297,0.3923632608826,0.390381594960409,0.388415677942549,0.386465300847112,0.384530260579519,0.382610360081783,0.380705408410206,0.378815220751633,0.376939618387314,0.375078428612466,0.373231484618783,0.371398625346326,0.369579695310524,0.367774544409359,0.365983027715213,0.36420500525532,0.362440341784275,0.360688906551623,0.358950573067124,0.357225218865971,0.355512725275871,0.353812977187631,0.352125862830634,0.350451273554326,0.348789103616661,0.347139249980236,0.345501612116704,0.343876091819876,0.342262593027846,0.340661021654296,0.339071285429096,0.33749329374819,0.335926957532717,0.334372189097217,0.332828902026765,0.331297011062791,0.329776431997332,0.328267081575426,0.326768877405341,0.325281737876302,0.323805582083386,0.322340329759223,0.320885901212169,0.319442217270581,0.318009199232852,0.316586768822858,0.315174848150475,0.313773359676832,0.312382226183981,0.311001370748667,0.309630716719901,0.308270187700036,0.30691970752909,0.305579200272018,0.304248590208719,0.30292780182651,0.301616759814856,0.300315389062138,0.299023614654261,0.297741361874906,0.296468556207265,0.295205123337075,0.293950989156814,0.292706079770904,0.291470321501794,0.2902436408968,0.28902596473559,0.287817220038199,0.286617334073492,0.285426234367983,0.284243848714919,0.283070105183568,0.281904932128637,0.28074825819977,0.27960001235105,0.27846012385048,0.27732852228938,0.276205137591673,0.275089900023022,0.273982740199781,0.272883589097739,0.271792378060636,0.270709038808415,0.26963350344522,0.2685657044671,0.267505574769418,0,0.049620738991982,0.0510219431724362,0.0524801524739186,0.0540026361416609,0.0555954914723425,0.0572650650734957,0.0590185414232001,0.0608642063632093,0.0628115776866774,0.0648715087308704,0.067056313762526,0.0693799375640136,0.0718581798947557,0.0745089807118637,0.0773527710243509,0.0804128953339445,0.0837161136124683,0.0872931927556051,0.0911795985817564,0.0954162987303304,0.100050682895151,0.105137597661687,0.110740475720931,0.11693250892864,0.123797765439129,0.131432075341667,0.13994339885099,0.149451240793137,0.160084488573143,0.171976852021366,0.185258933376347,0.20004597011904,0.216420650613404,0.234411312928772,0.253967440269998,0.274936536324218,0.297048584385066,0.319915200782025,0.343048963417746,0.365903669540025,0.387929608227074,0.40863218782242,0.427620495435037,0.444635703971108,0.459555972536569,0.47238129625133,0.483205931111117,0.492186740709214,0.499513973517431,0.50538812213758,0.510003911486463,0.513540737889282,0.516158089389293,0.517994363202693,0.519167739586052,0.519778127837102,0.519909533898053,0.519632458745968,0.519006117878362,0.518080388679201,0.516897461837545,0.515493210651522,0.513898309696771,0.512139140196162,0.510238518895662,0.50821628365444,0.506089764216655,0.503874161782367,0.501582856540692,0.499227658473169,0.496819013519873,0.494366174584338,0.491877344760678,0.489359798513171,0.486819985244803,0.484263618685821,0.481695754756297,0.47912085995892,0.476542871899908,0.473965253185612,0.471391039675131,0.468822883865722,0.466263094032885,0.463713669628981,0.461176333354333,0.458652560245873,0.456143604075495,0.453650521309284,0.451174192846674,0.448715343733177,0.446274561019839,0.44385230992578,0.441448948446122,0.439064740535608,0.436699867987764,0.434354441120167,0.432028508368016,0.42972206488057,0.42743506020794,0.425167405159188,0.422918977906546,0.420689629404836,0.418479188189796,0.41628746461397,0.414114254574085,0.411959342779431,0.409822505606621,0.407703513582253,0.405602133531447,0.40351813042686,0.401451268969775,0.399401314931974,0.397368036284502,0.395351204137046,0.393350593509414,0.391365983954589,0.389397160050978,0.387443911779769,0.38550603480176,0.383583330646624,0.381675606826238,0.379782676882585,0.377904360379593,0.376040482847369,0.374190875686319,0.372355376037909,0.370533826627999,0.368726075588103,0.366931976259234,0.365151386982488,0.363384170880009,0.361630195629514,0.359889333235138,0.358161459797019,0.356446455281658,0.354744203294833,0.353054590858546,0.351377508193233,0.349712848506289,0.348060507787701,0.346420384613474,0.344792379957338,0.3431763970111,0.341572341013898,0.339980119090499,0.338399640098685,0.336830814485714,0.335273554153761,0.333727772334194,0.332193383470478,0.330670303109496,0.329158447800997,0.327657735004896,0.326168083006106,0.324689410836583,0.323221638204238,0.321764685428391,0.320318473381402,0.318882923436155,0.317457957419036,0.316043497568083,0.314639466495971,0.313245787157508,0.311862382821336,0.310489177045541,0.309126093656862,0.307773056733244,0.306429990589453,0.305096819765507,0.303773469017677,0.302459863311836,0.301155927818937,0.299861587912405,0.29857676916728,0.297301397360895,0.296035398474954,0.294778698698827,0.293531224433932,0.292292902299066,0.291063659136544,0.289843422019051,0.288632118257086,0.287429675406897,0.286236021278823,0.285051083945959,0.28387479175306,0.282707073325623,0.281547857579077,0.280397073728029,0.279254651295511,0.278120520122184,0.276994610375455,0.275876852558471,0.274767177518956,0.27366551645786,0.272571800937812,0.271485962891321,0.270407934628742,0.269337648845962,0.268275038631814,0,0.0459491296068948,0.047255114779601,0.0486206640813276,0.0500494194967281,0.0515457482883106,0.0531149245474435,0.0547631584383142,0.0564977114801417,0.0583270021612127,0.0602607080573445,0.0623098857433168,0.0644871257348465,0.0668067542049086,0.0692850896172609,0.0719407610886547,0.0747950957848098,0.0778725842942542,0.0812014350066105,0.0848142303441766,0.0887486984507506,0.0930486125303918,0.0977648247941423,0.102956430357811,0.108692034575733,0.115051059615761,0.12212496505149,0.130018163727731,0.13884827907059,0.148745208674064,0.15984823986039,0.17230024253866,0.186237828562712,0.201776469434004,0.218990129127103,0.237886231990722,0.258378840204632,0.280265455825887,0.303214951025931,0.32677427438619,0.350398432796707,0.37350181089097,0.395521353251651,0.415977173388386,0.434516624765214,0.45093365974377,0.465163359446964,0.477258057542876,0.487354319557412,0.495639283592629,0.502322048825885,0.507612612746332,0.511708402812646,0.514787077304956,0.517003826638663,0.518491534610005,0.519362528642421,0.519711046760348,0.519615879438628,0.519142883113322,0.518347219384206,0.517275269867287,0.515966230410915,0.514453415033946,0.512765310276328,0.510926421904248,0.508957952628026,0.506878344344201,0.504703712868636,0.502448197917791,0.500124246534625,0.497742844329461,0.495313705784639,0.492845432373525,0.490345645272078,0.487821097899208,0.485277772325704,0.482720962668276,0.480155347875937,0.477585055773011,0.475013719808331,0.472444529644284,0.469880276478835,0.467323393810744,0.464775994219053,0.462239902621819,0.459716686398142,0.457207682695324,0.454714023195066,0.45223665657521,0.449776368874126,0.447333801941342,0.444909470138946,0.442503775442504,0.440117021076974,0.437749423811629,0.435401125028031,0.433072200666125,0.430762670145517,0.428472504351567,0.426201632769168,0.423949949840748,0.421717320619129,0.419503585780401,0.417308566056799,0.415132066144746,0.412973878138754,0.410833784537638,0.408711560865599,0.406606977947102,0.404519803871058,0.402449805676757,0.400396750791026,0.398360408243491,0.396340549684328,0.394336950226645,0.392349389133556,0.390377650368131,0.388421523022638,0.38648080164193,0.384555286454375,0.382644783522374,0.380749104823339,0.378868068270873,0.377001497684907,0.375149222718606,0.373311078749055,0.371486906737951,0.369676553067839,0.367879869358817,0.366096712270049,0.364326943289903,0.362570428518086,0.360827038442688,0.359096647714695,0.357379134922153,0.355674382365876,0.353982275838295,0.352302704406795,0.350635560202658,0.348980738216529,0.347338136101143,0.345707653981889,0.344089194275631,0.342482661518115,0.340887962200146,0.339305004612634,0.337733698700549,0.336173955925704,0.334625689138286,0.333088812456941,0.331563241157228,0.330048891568195,0.328545680976794,0.327053527539868,0.325572350203368,0.324102068628509,0.322642603124512,0.321193874587609,0.319755804445969,0.318328314610213,0.316911327429189,0.315504765650667,0.314108552386662,0.312722611083044,0.311346865493156,0.309981239655142,0.30862565787271,0.307280044699054,0.305944324923689,0.304618423561956,0.303302265846956,0.301995777223705,0.300698883345302,0.299411510070909,0.298133583465367,0.296865029800271,0.295605775556354,0.294355747427013,0.293114872322855,0.291883077377123,0.290660289951887,0.289446437644883,0.288241448296903,0.287045249999647,0.285857771103934,0.284678940228205,0.283508686267244,0.282346938401055,0.281193626103823,0.280048679152912,0.278912027637856,0.277783601969292,0.276663332887797,0.275551151472598,0.274446989150122,0.27335077770235,0.27226244927497,0.271181936385289,0.2701091719299,0.269044089192088,0,0.0423583633699695,0.0435709828150808,0.0448462624000555,0.0461838846283587,0.0475865489987905,0.0490585208502887,0.050605111769166,0.0522326385564625,0.0539484973162677,0.0557612622402978,0.057680801241705,0.0597184187804629,0.061887037473757,0.0642014281499418,0.0666784966837133,0.0693376360174445,0.0722011530465327,0.0752947820630438,0.0786482986673903,0.0822962498340235,0.0862788162947384,0.0906428212845104,0.0954428929367655,0.100742773027149,0.106616737531257,0.113151047678214,0.120445274659043,0.128613226031936,0.137783037119375,0.148095773158935,0.159701633297364,0.17275260976402,0.187390352850989,0.203728227335163,0.221827392268018,0.24166844156478,0.26312270590119,0.285930167230273,0.309692737642256,0.333890611380846,0.357924357297234,0.381177284474057,0.403084781507051,0.423194015131199,0.441200648771988,0.456957368137068,0.470457732527266,0.481804449675782,0.491172334323627,0.498774022548839,0.504832965716366,0.509564976773556,0.513167461376367,0.515814506000894,0.517655883770117,0.518818365413055,0.519408176515335,0.519513854683293,0.519209072483912,0.518555203769825,0.517603543287318,0.516397165764325,0.514972450313957,0.51336031310903,0.511587195534403,0.509675852598206,0.507645981001302,0.505514720008155,0.503297052199653,0.501006125799575,0.498653515709377,0.49624943665345,0.493802918845179,0.491321954221999,0.488813619452866,0.486284180492012,0.483739182351693,0.481183526922058,0.478621541020753,0.476057036362669,0.473493362765697,0.470933455623583,0.468379878460667,0.465834861218845,0.46330033480198,0.460777962307589,0.458269167302561,0.455775159443453,0.453296957698314,0.450835411392857,0.448391219276724,0.445964946783855,0.44355704164316,0.441167847980859,0.438797619043309,0.436446528658195,0.434114681542428,0.431802122556521,0.429508844997431,0.42723479801479,0.424979893228892,0.42274401062273,0.420527003774721,0.418328704493515,0.416148926911324,0.413987471087651,0.411844126170999,0.409718673162162,0.407610887318982,0.405520540239036,0.403447401653506,0.401391240962551,0.399351828539793,0.397328936830996,0.39532234126973,0.393331821030706,0.391357159639505,0.389398145455655,0.387454572044392,0.385526238450946,0.383612949389822,0.381714515360335,0.379830752698487,0.377961483574285,0.376106535942612,0.374265743454943,0.372438945338398,0.370625986247914,0.368826716096679,0.367040989869371,0.365268667422226,0.363509613273469,0.361763696387181,0.360030789953332,0.358310771166271,0.356603521003722,0.354908924007983,0.353226868070781,0.35155724422302,0.349899946430398,0.348254871395746,0.346621918368709,0.345000988963291,0.343391986983625,0.341794818258218,0.340209390482839,0.338635613072103,0.337073397019739,0.335522654767481,0.333983300082435,0.332455247942751,0.330938414431389,0.329432716637718,0.327938072566689,0.326454401055279,0.3249816216959,0.323519654766464,0.322068421166763,0.320627842360852,0.3191978403251,0.317778337501576,0.316369256756468,0.314970521343193,0.313582054869918,0.312203781271168,0.310835624783249,0.309477509923193,0.308129361470974,0.306791104454718,0.305462664138678,0.304143966013737,0.302834935790215,0.301535499392771,0.300245582957207,0.298965112828986,0.297694015563284,0.296432217926429,0.295179646898546,0.2939362296773,0.292701893682575,0.291476566561975,0.29026017619705,0.28905265071011,0.287853918471555,0.28666390810762,0.285482548508456,0.284309768836476,0.283145498534884,0.281989667336337,0.280842205271685,0.279703042678727,0.278572110210945,0.277449338846169,0.276334659895141,0.275228005009943,0.274129306192265,0.273038495801477,0.271955506562487,0.270880271573374,0.269812724312767,0,0.0388458247996921,0.0399691655678609,0.0411575435438757,0.0424071933626479,0.043719454471366,0.0450977157498947,0.0465464810747217,0.04807120661258,0.0496783482421841,0.0513754568116412,0.0531712899450959,0.0550759443759517,0.0571010196418931,0.0592598236608364,0.0615676295825149,0.0640419931037013,0.0667031403818508,0.069574438542981,0.0726829631650524,0.076060179546313,0.0797427563922968,0.0837735307968145,0.088202640480843,0.0930888306598248,0.0985009246650474,0.104519413571359,0.11123806207733,0.11876533459387,0.127225304162969,0.136757506690446,0.147514943716449,0.159659144763426,0.173350953314257,0.188735659459322,0.20592152850039,0.224951993124529,0.245774021205346,0.268208275424453,0.29192970713209,0.316468374213088,0.341237550242329,0.36558896028226,0.388885404773271,0.410573735943631,0.430240388260269,0.447638073438939,0.462682269418386,0.475424723533119,0.486015187813719,0.494661926444068,0.501598105524054,0.507057204709685,0.511257516899591,0.514394095987151,0.516635977985656,0.518126682342254,0.518986475019257,0.519315373685115,0.519196278851029,0.518697898727829,0.517877317580008,0.516782165134965,0.515452402855098,0.513921770128687,0.512218942523334,0.510368453568905,0.508391426259637,0.506306153546511,0.504128560091207,0.501872571203221,0.499550409454824,0.497172834998439,0.494749342018515,0.49228832091162,0.489797193572861,0.487282527451994,0.484750132723937,0.48220514590883,0.479652102506609,0.477095000624859,0.474537357133338,0.471982257540563,0.469432400531348,0.466890137909614,0.464357510542867,0.461836280792208,0.459327961825731,0.456833844147187,0.454355019620817,0.451892403233569,0.449446752804641,0.447018686827357,0.444608700608203,0.442217180851192,0.439844418821798,0.437490622212759,0.43515592582371,0.432840401157415,0.430544065027205,0.428266887262747,0.426008797594462,0.423769691790659,0.421549437115586,0.419347877171233,0.417164836180666,0.415000122765987,0.412853533269655,0.410724854663822,0.408613867088593,0.406520346056569,0.404444064357832,0.402384793696486,0.400342306087135,0.398316375037077,0.396306776537686,0.394313289886267,0.39233569835768,0.390373789743233,0.38842735677266,0.386496197433482,0.384580115200664,0.382678919188193,0.380792424233049,0.378920450921,0.377062825562641,0.375219380127258,0.373389952141288,0.37157438455738,0.369772525599453,0.367984228588493,0.366209351753311,0.364447758029964,0.362699314853115,0.360963893942153,0.359241371084584,0.3575316259188,0.35583454171809,0.354150005177437,0.352477906204438,0.350818137715435,0.349170595437761,0.347535177718833,0.345911785342665,0.344300321354228,0.342700690891974,0.341112801028732,0.339536560621084,0.337971880167263,0.336418671673514,0.334876848528854,0.333346325388048,0.331827018062642,0.330318843419807,0.328821719288754,0.327335564374438,0.325860298178263,0.324395840925486,0.322942113498991,0.321499037379141,0.320066534589359,0.318644527647143,0.317232939520179,0.315831693587254,0.314440713603652,0.313059923670751,0.311689248209511,0.310328611937597,0.308977939849847,0.307637157201843,0.30630618949634,0.304984962472296,0.30367340209631,0.302371434556239,0.301078986256792,0.299795983816921,0.298522354068834,0.297258024058449,0.296002921047147,0.294756972514669,0.293520106163035,0.292292249921336,0.291073331951303,0.289863280653536,0.288662024674289,0.28746949291273,0.28628561452857,0.285110318950011,0.283943535881922,0.28278519531418,0.281635227530128,0.280493563115076,0.279360132964825,0.278234868294143,0.277117700645177,0.276008561895739,0.274907384267469,0.273814100333814,0.272728643027823,0.271650945649731,0.270580941874308,0,0.0354088729833065,0.0364490787063191,0.037554793316194,0.0387201647316041,0.0399456758370223,0.0412340246983819,0.0425890093507654,0.0440153115547263,0.0455185319658576,0.0471052832842794,0.0487832981232784,0.0505615516432049,0.0524504090013793,0.0544618084740962,0.0566094902196816,0.0589092802981931,0.0613794402528474,0.0640410942295832,0.0669187480130276,0.0700409171479586,0.0734408840319349,0.0771576058014865,0.0812367948343287,0.0857321898310568,0.0907070245894953,0.0962356788184541,0.102405453263881,0.109318339608459,0.117092540602106,0.125863322856813,0.135782542670797,0.147015878563362,0.159736474274635,0.174113453559061,0.190293828754752,0.208377019260178,0.22838289448603,0.250217135270179,0.27364134110143,0.298258276849593,0.323522665081483,0.348783008161236,0.373350367313236,0.396579575991366,0.417942650122867,0.437076761334641,0.45379866877294,0.468088663850188,0.480054659906558,0.489889012017268,0.497828167037637,0.50412087603545,0.509006628073315,0.512703270177143,0.515401573939552,0.517264379516529,0.518428368113265,0.519007085997357,0.519094353327368,0.518767568813347,0.518090670911543,0.517116667950486,0.515889734351774,0.514446912264769,0.512819474580657,0.511034007769525,0.509113268420024,0.507076859948482,0.504941767959483,0.50272278529401,0.500432851346872,0.498083324877919,0.495684205219082,0.493244313358525,0.490771441712732,0.488272479332553,0.485753517703677,0.483219941090466,0.480676504449508,0.478127401238585,0.475576322915385,0.47302651151774,0.470480806412379,0.46794168606818,0.465411305534817,0.462891530174589,0.460383966093825,0.457889987642661,0.455410762292261,0.452947273152255,0.450500339354939,0.448070634504068,0.445658703363069,0.443264976938698,0.440889786100602,0.43853337386412,0.43619590645233,0.43387748324353,0.431578145701561,0.429297885378552,0.427036651072516,0.424794355215718,0.422570879563696,0.42036608024928,0.418179792260753,0.416011833398557,0.413862007760403,0.411730108800598,0.409615922005446,0.407519227223101,0.405439800682861,0.403377416735895,0.401331849346515,0.399302873360527,0.397290265574787,0.395293805629874,0.393313276745765,0.391348466318551,0.389399166394504,0.387465174036272,0.38554629159453,0.383642326897133,0.381753093366597,0.379878410075686,0.378018101749845,0.376171998724367,0.374339936863295,0.372521757446379,0.370717307029654,0.368926437284648,0.3671490048206,0.365384870993606,0.363633901706114,0.361895967199775,0.360170941844265,0.358458703924362,0.356759135427234,0.35507212183161,0.353397551900268,0.351735317477029,0.35008531328924,0.348447436756575,0.346821587806768,0.345207668698808,0.343605583853946,0.342015239694795,0.340436544492662,0.338869408223208,0.337313742430433,0.335769460098916,0.334236475534204,0.332714704251191,0.33120406287027,0.329704469021056,0.328215841253388,0.326738098955376,0.325271162278157,0.323814952067103,0.322369389799137,0.320934397525866,0.319509897822215,0.318095813740241,0.316692068767829,0.315298586791973,0.313915292066323,0.312542109182743,0.311178963046575,0.309825778855353,0.30848248208071,0.307148998453222,0.305825253949963,0.304511174784536,0.303206687399378,0.301911718460122,0.300626194851842,0.299350043676982,0.298083192254817,0.296825568122276,0.295577099035982,0.29433771297537,0.29310733814675,0.291885902988207,0.290673336175211,0.289469566626834,0.2882745235125,0.287088136259158,0.285910334558798,0.284741048376256,0.283580207957213,0.282427743836355,0.281283586845612,0.280147668122445,0.279019919118122,0.277900271605949,0.276788657689416,0.275685009810233,0.274589260756215,0.273501343668992,0.272421192051537,0.271348739775467,0,0.032045483547996,0.0330101824691106,0.0340381163932534,0.0351233576573522,0.0362661322281529,0.0374686556970534,0.0387341251374348,0.0400665336174037,0.0414707124509233,0.0429524244158668,0.0445184670478443,0.0461767856534566,0.0479366056812438,0.0498085952441887,0.0518050678711283,0.0539402351622328,0.0562305195384158,0.0586949387621155,0.0613555762303061,0.0642381539791101,0.0673727285840781,0.0707945332118782,0.0745449911684966,0.0786729260005989,0.0832359881754077,0.0883023047141739,0.0939523297906096,0.100280822118008,0.107398786193726,0.115435073015655,0.124537124738046,0.134870056386599,0.146612908134818,0.159950536557252,0.175059397072283,0.192085687105184,0.211115378927377,0.232137973479917,0.25500940382657,0.279423597591997,0.304904752741647,0.330830666715898,0.356489857169446,0.381163454265218,0.404212418471408,0.425147670874125,0.443667263172319,0.459656944216537,0.473161792918289,0.48434234297608,0.49342828931005,0.500678789288233,0.506353436894469,0.510694109698705,0.513915719110208,0.51620321011002,0.517712384265306,0.518572717825772,0.51889096890629,0.518754862892403,0.51823648603407,0.517395230074456,0.516280253233068,0.514932486750251,0.513386244379618,0.511670500003512,0.509809895721496,0.507825535225078,0.505735608330936,0.503555883879905,0.501300100554299,0.498980278747625,0.496606971413127,0.494189467685069,0.491735959837684,0.489253681651121,0.486749024339759,0.484227634738286,0.481694499331493,0.479154016872856,0.476610061700684,0.474066039379638,0.471524935931871,0.46898936164725,0.466461590254107,0.463943594074254,0.461437075666196,0.458943496368914,0.456464102088544,0.453999946616049,0.451551912721906,0.449120731240615,0.446706998331494,0.444311191080883,0.441933681593391,0.439574749705232,0.437234594440307,0.434913344318986,0.432611066620168,0.430327775688871,0.428063440374066,0.425817990674684,0.423591323665457,0.421383308768529,0.419193792431427,0.417022602267101,0.41486955070714,0.412734438215057,0.410617056102594,0.408517188988351,0.406434616934677,0.404369117295613,0.40232046630583,0.400288440437807,0.398272817552056,0.396273377862952,0.39428990474065,0.39232218536765,0.390370011266874,0.388433178716461,0.386511489065084,0.384604748960212,0.382712770500552,0.380835371322769,0.378972374631566,0.3771236091813,0.375288909216435,0.373468114377369,0.371661069577487,0.369867624856622,0.368087635215541,0.366320960435553,0.364567464886822,0.362827017328561,0.361099490703882,0.359384761931699,0.357682711697781,0.355993224246742,0.354316187176502,0.352651491236511,0.350999030130809,0.349358700326828,0.34773040087063,0.346114033209173,0.344509501020035,0.342916710048895,0.341335567955007,0.339765984164786,0.338207869733526,0.336661137215263,0.335125700540667,0.333601474902854,0.332088376650929,0.330586323191067,0.329095232894881,0.327615025014827,0.326145619606378,0.324686937456656,0.323238900019255,0.321801429354924,0.320374448077825,0.318957879307054,0.317551646623115,0.316155674029063,0.314769885916015,0.313394207032739,0.312028562459058,0.310672877582781,0.309327078079928,0.307991089897973,0.306664839241888,0.305348252562754,0.304041256548724,0.302743778118132,0.301455744414553,0.300177082803642,0.298907720871566,0.297647586424871,0.296396607491637,0.295154712323782,0.293921829400366,0.292697887431792,0.291482815364776,0.290276542387987,0.289078997938257,0.287890111707261,0.286709813648606,0.28553803398523,0.284374703217052,0.283219752128805,0.282073111797997,0.280934713602947,0.279804489230842,0.278682370685784,0.277568290296772,0.276462180725599,0.275363974974619,0.274273606394374,0.273191008691045,0.272116115933703,0,0.0287548711624283,0.029652170657405,0.0306075502153301,0.0316171536651156,0.032681513487952,0.0338025551918923,0.0349829729240402,0.0362261536701274,0.037536244681049,0.0389182483549305,0.0403781197301118,0.0419228693925335,0.0435606815153191,0.0453010574437013,0.0471549945798908,0.0491352099458461,0.0512564182274267,0.0535356754395692,0.055992801548432,0.0586508983225646,0.061536982178779,0.0646827555427596,0.0681255437318325,0.0719094266299415,0.0760865937613187,0.0807189448653388,0.0858799409406883,0.0916566754389682,0.0981520706497119,0.1054869948238,0.113801922019309,0.123257499885711,0.134033041892241,0.146321543173372,0.160319425794283,0.17620906159411,0.194132568552839,0.214156921699544,0.236233460492128,0.260159240981304,0.285552026321167,0.311852324913941,0.338361773026501,0.364316529774058,0.388980866591171,0.411736946322203,0.4321477015211,0.449980379572928,0.465192426038918,0.477891749374416,0.488286711217816,0.496638561011037,0.503223723692252,0.508308237403114,0.512133202538524,0.514908543042989,0.516812192697193,0.517992338744054,0.518571069418067,0.518648404410423,0.51830614795336,0.517611301912866,0.516618952382668,0.515374638691695,0.513916259214744,0.512275584703991,0.51047945042109,0.508550691386051,0.506508875334214,0.504370878007311,0.502151336370276,0.499863007666715,0.497517055948977,0.495123282717442,0.492690314388749,0.490225756286174,0.487736320526127,0.485227933408274,0.482705826577092,0.480174615209398,0.477638365717475,0.475100654880446,0.472564621881551,0.470033014400815,0.46750822966485,0.464992351168147,0.462487181638101,0.459994272707954,0.457514951679198,0.455050345691498,0.45260140356897,0.450168915573251,0.447753531263352,0.445355775638023,0.442976063716525,0.440614713697452,0.438271958821503,0.435947958052468,0.433642805680502,0.431356539942919,0.42908915074971,0.426840586593903,0.424610760720315,0.422399556620321,0.420206832914755,0.418032427682029,0.415876162283835,0.413737844736489,0.411617272671935,0.409514235928716,0.407428518809769,0.405359902040706,0.403308164459314,0.401273084464267,0.399254441248571,0.397252015840924,0.395265591976078,0.393294956813353,0.391339901520633,0.389400221739587,0.387475717946331,0.385566195720377,0.383671465933499,0.381791344868954,0.379925654280481,0.37807422139956,0.376236878898496,0.374413464816165,0.372603822452467,0.370807800236935,0.369025251576307,0.367256034685335,0.365500012404623,0.363757052008811,0.362027025008035,0.360309806945202,0.358605277191312,0.356913318740719,0.355233818007986,0.353566664627718,0.351911751258548,0.350268973392249,0.348638229168764,0.347019419197805,0.345412446387503,0.343817215780503,0.342233634397746,0.340661611090138,0.339101056398165,0.337551882419482,0.336014002684428,0.334487332039366,0.332971786537692,0.331467283338345,0.329973740611592,0.328491077451852,0.327019213797298,0.325558070355975,0.324107568538121,0.322667630394433,0.32123817855995,0.319819136203282,0.318410426980864,0.317011974995958,0.315623704762105,0.314245541170751,0.312877409462758,0.311519235203551,0.310170944261626,0.30883246279018,0.307503717211623,0.306184634204739,0.304875140694288,0.303575163842834,0.302284631044605,0.301003469921202,0.299731608318984,0.298468974307958,0.297215496182024,0.29597110246043,0.294735721890306,0.293509283450134,0.292291716354068,0.291082950056954,0.289882914259988,0.288691538916898,0.287508754240562,0.286334490709995,0.285168679077618,0.284011250376762,0.282862135929328,0.281721267353555,0.280588576571841,0.279463995818586,0.278347457647999,0.27723889494184,0.276138240917074,0.27504542913338,0.273960393500525,0.272883068285544,0,0.0255376961829159,0.0263750661033824,0.027263152103805,0.0282018330269706,0.029192342857777,0.0302364567369005,0.0313364480898858,0.0324951753797919,0.0337161855186298,0.0350038100645154,0.0363632550334901,0.0378006928340609,0.0393233664403252,0.0409397155400925,0.0426595337023095,0.0444941653195648,0.046456751499694,0.048562535311797,0.0508292388459252,0.0532775273824982,0.055931579506241,0.0588197860863707,0.0619756053727278,0.0654386054182156,0.0692557274770014,0.0734828028608666,0.0781863473720073,0.0834456359605984,0.0893550164140385,0.0960263409522167,0.103591259789608,0.112202908332308,0.122036208646297,0.133285591116842,0.146158463932595,0.160862349516843,0.177583554411636,0.196456014028049,0.217521128617272,0.240683322256232,0.265671185511604,0.292018354556425,0.31907830397925,0.346080029328611,0.372217840307157,0.396754161456568,0.419107732662793,0.438905312697587,0.455989454615286,0.470389740876493,0.482273239890381,0.491890419041067,0.499528062534671,0.505474645731691,0.509998694634623,0.513337847489655,0.515695409460883,0.517241443017313,0.518116174640976,0.518434272367021,0.518289159823781,0.517756946022689,0.516899802457978,0.515768760233654,0.514405971097501,0.512846505899369,0.511119770495238,0.509250613931485,0.507260193654685,0.505166651238262,0.502985641537278,0.500730749023616,0.498413817491633,0.496045213265244,0.493634037280707,0.491188297738067,0.48871505219387,0.486220525822118,0.483710210945966,0.481188951716643,0.478661016892671,0.4761301629776,0.473599689451933,0.471072487441627,0.468551082869447,0.466037674912007,0.463534170416408,0.461042214802246,0.458563219877157,0.456098388919358,0.453648739323003,0.451215123057439,0.448798245156278,0.446398680424318,0.444016888527828,0.441653227615433,0.439307966601509,0.436981296231218,0.434673339035246,0.432384158272724,0.430113765952349,0.427862130014147,0.425629180747507,0.423414816514896,0.421218908844998,0.419041306953784,0.416881841747212,0.414740329354813,0.412616574239286,0.410510371923437,0.408421511372264,0.406349777064729,0.404294950786775,0.402256813174339,0.400235145032587,0.398229728455217,0.396240347765533,0.394266790298992,0.392308847045108,0.390366313164925,0.388438988398737,0.386526677377335,0.384629189848779,0.382746340831514,0.38087795070359,0.379023845236754,0.377183855583313,0.375357818222811,0.373545574874876,0.371746972383866,0.369961862580352,0.368190102123916,0.366431552331212,0.364686078992807,0.36295355218185,0.361233846057285,0.359526838663951,0.357832411731584,0.356150450474496,0.354480843393416,0.352823482080746,0.351178261030323,0.349545077452528,0.347923831095479,0.34631442407286,0.344716760698827,0.343130747330304,0.341556292216899,0.339993305358561,0.338441698371039,0.33690138435913,0.335372277797642,0.333854294419962,0.332347351114068,0.330851365825787,0.329366257469094,0.327891945843189,0.326428351556114,0.324975395954621,0.323533001060018,0.322101089509705,0.320679584504104,0.319268409758702,0.317867489460903,0.316476748231422,0.315096111089924,0.313725503424644,0.31236485096572,0.311014079761977,0.30967311616092,0.308341886791689,0.307020318550758,0.305708338590143,0.30440587430793,0.303112853340907,0.301829203559129,0.30055485306222,0.299289730177268,0.29803376345813,0.296786881686025,0.295549013871261,0.294320089255963,0.293100037317704,0.291888787773906,0.29068627058691,0.289492415969634,0.288307154391708,0.287130416586028,0.285962133555636,0.28480223658086,0.283650657226656,0.282507327350096,0.281372179107944,0.280245144964272,0.279126157698082,0.278015150410881,0.276912056534187,0.275816809836932,0.274729344432732,0.273649594787002,0,0.0223959452498566,0.0231792184963379,0.0240050551916835,0.0248776398204247,0.0257990353027435,0.0267709284000388,0.0277952327883352,0.0288743501671839,0.0300113088691137,0.0312098581621435,0.0324745478869514,0.0338108083878212,0.0352250411688343,0.0367247290127474,0.038318573558414,0.0400166681943119,0.0418307146104795,0.043774292528304,0.0458631940454853,0.0481158367149876,0.0505537729200961,0.0532023172680859,0.05609131846238,0.0592561070876115,0.0627386552317831,0.0665889864704786,0.0708668728912614,0.0756438451214684,0.0810055144636432,0.0870541518548939,0.0939113696880575,0.101720586901611,0.110648698594066,0.120885996293645,0.132642895412653,0.14614148664122,0.161599526371729,0.17920459837978,0.199077404437714,0.221226112785799,0.245498604925377,0.271545255040183,0.298808630143174,0.326554130163295,0.353944681857013,0.38014599093447,0.404435013408136,0.426281999954338,0.445387479283044,0.461672986358528,0.475238521502057,0.486305229789042,0.495159361526686,0.502107239451051,0.507444550718653,0.511438855533393,0.514322124884491,0.516289803229534,0.517503506056766,0.518095344552921,0.518172654995949,0.517822477477136,0.517115488313754,0.516109298102364,0.514851136547676,0.513379995182565,0.511728315405702,0.509923307810188,0.507987979143489,0.505941930885847,0.503801981193412,0.501582651083758,0.499296546646125,0.496954661716445,0.494566619669005,0.492140868487841,0.489684839840316,0.48720508025946,0.484707360563999,0.482196768155332,0.47967778571125,0.477154358955935,0.474629955555381,0.472107616714309,0.469590002695284,0.467079433213427,0.464577923458558,0.462087216344184,0.459608811467078,0.457143991172947,0.454693844055971,0.452259286167672,0.449841080169731,0.447439852633191,0.445056109660808,0.442690250988493,0.440342582704767,0.43801332871285,0.435702641047971,0.433410609152053,0.431137268198856,0.428882606554629,0.426646572452114,0.424429079949262,0.422230014238103,0.420049236363819,0.417886587409083,0.415741892194179,0.413614962539176,0.411505600130536,0.409413599030939,0.407338747867765,0.405280831732638,0.403239633821539,0.401214936842459,0.399206524215099,0.397214181084937,0.395237695171959,0.393276857472464,0.391331462830655,0.389401310395169,0.387486203974242,0.385585952301905,0.383700369226414,0.381829273831003,0.379972490496052,0.378129848910846,0.376301184042279,0.374486336067054,0.3726851502733,0.370897476936811,0.369123171176617,0.367362092794011,0.365614106098699,0.36387907972532,0.36215688644316,0.360447402961553,0.358750509733117,0.357066090756695,0.355394033381602,0.353734228114537,0.352086568430314,0.350450950587363,0.348827273448793,0.347215438309645,0.345615348730837,0.344026910380167,0.342450030880663,0.340884619666435,0.339330587846142,0.337787848074097,0.336256314428964,0.33473590229997,0.333226528280503,0.331728110068911,0.330240566376323,0.328763816841258,0.327297781950771,0.325842382967898,0.324397541865107,0.322963181263493,0.321539224377432,0.320125594964399,0.318722217279685,0.317329016035719,0.315945916365715,0.314572843791388,0.313209724194461,0.311856483791708,0.310513049113286,0.309179346984126,0.307855304508135,0.306540849054999,0.305235908249382,0.303940409962311,0.302654282304565,0.301377453621883,0.300109852491828,0.298851407722139,0.29760204835043,0.296361703645085,0.295130303107233,0.293907776473663,0.29269405372057,0.291489065068033,0.29029274098512,0.289105012195532,0.287925809683686,0.286755064701188,0.285592708773605,0.284438673707467,0.28329289159746,0.282155294833729,0.281025816109263,0.279904388427305,0.278790945108757,0.27768541979953,0.276587746477816,0.275497859461251,0.27441569341394,0,0.0193322481050732,0.0200652177098458,0.0208334957635125,0.0216448336628365,0.0225019479884597,0.0234064153329697,0.0243598294694627,0.0253642020644906,0.0264221227300748,0.0275368452491571,0.0287123541605693,0.0299534317454675,0.0312657355801668,0.0326558940258662,0.0341316263217565,0.0357018940278212,0.0373770911771562,0.0391692816674812,0.0410924942208785,0.0431630877401958,0.0454002031482619,0.0478263218478239,0.0504679557678135,0.0533564994239137,0.0565292801243022,0.0600308475240733,0.0639145464583691,0.068244414224008,0.0730974297976561,0.0785661089327279,0.0847613717104619,0.0918154875209257,0.0998846994282334,0.109150814686581,0.119820597964848,0.132121230769875,0.146289503073581,0.162552042446332,0.18109426055873,0.202017526330352,0.225288025689517,0.250686759300618,0.277776360331319,0.305902952542224,0.334245609491253,0.361910953011721,0.38805171557424,0.411976418465064,0.43322057969157,0.451566116481646,0.46701472121655,0.479733159956512,0.489990501847157,0.498102173333851,0.504388279267354,0.509147366175188,0.51264310320182,0.515100047640899,0.516704890733226,0.517610468125109,0.517940777643871,0.517796005810559,0.517257072589443,0.516389507701737,0.515246637393357,0.513872141346073,0.512302071327311,0.510566428512503,0.508690388673423,0.506695251470317,0.504599176186661,0.502417753454622,0.500164451616326,0.497850967475303,0.495487504143485,0.493082993205668,0.490645274214564,0.488181241329698,0.48569696449659,0.483197790745222,0.48068842982391,0.47817302736421,0.475655228008847,0.473138230363114,0.470624835202097,0.468117488044951,0.465618316966062,0.463129166330962,0.460651627007264,0.458187063496274,0.455736638351067,0.453301334185356,0.450881973529847,0.448479236755476,0.446093678253361,0.443725741037678,0.441375769918347,0.439044023374552,0.436730684246785,0.43443586935372,0.432159638130451,0.429902000375987,0.427662923190304,0.425442337174401,0.423240141960656,0.421056211135121,0.418890396608306,0.416742532486252,0.414612438489365,0.412499922962489,0.410404785515992,0.408326819334253,0.406265813184772,0.404221553158263,0.402193824167383,0.400182411229315,0.39818710055517,0.39620768046707,0.394243942161885,0.392295680338848,0.390362693706657,0.388444785384216,0.386541763207803,0.38465343995625,0.382779633504574,0.380920166915461,0.379074868477105,0.377243571694998,0.375426115244515,0.373622342890416,0.371832103378723,0.370055250305868,0.368291641969416,0.366541141204238,0.364803615207496,0.363078935355461,0.361366977014745,0.359667619350273,0.357980745131937,0.356306240541674,0.354643994982404,0.352993900890084,0.351355853549918,0.349729750917569,0.348115493446099,0.346512983919184,0.344922127291036,0.343342830533364,0.341775002489596,0.340218553736502,0.338673396453277,0.337139444298088,0.335616612292038,0.334104816710415,0.332603974981125,0.331114005590086,0.329634827993412,0.328166362536149,0.326708530377309,0.325261253420965,0.323824454253119,0.322398056084086,0.320981982696106,0.319576158395919,0.31818050797201,0.31679495665627,0.315419430089787,0.314053854292518,0.312698155636576,0.311352260822894,0.310016096861016,0.308689591051795,0.307372670972765,0.306065264465994,0.304767299628193,0.303478704802913,0.30219940857463,0.300929339764558,0.299668427428021,0.29841660085324,0.297173789561376,0.295939923307716,0.294714932083856,0.29349874612078,0.292291295892714,0.291092512121663,0.289902325782527,0.288720668108718,0.287547470598203,0.286382665019873,0.285226183420202,0.284077958130115,0.282937921772017,0.281806007266923,0.280682147841654,0.279566277036035,0.278458328710089,0.27735823705116,0.276265936580958,0.275181362162489,0,0.0163490729764637,0.017033766114163,0.01774882047716,0.0185037278201288,0.019301420305958,0.020143274517803,0.0210305892054486,0.0219650499384045,0.0229488859383978,0.0239849399097042,0.0250767187529575,0.0262284470334346,0.0274451320796155,0.0287326463216408,0.0300978319960384,0.0315486337128838,0.0330942651712108,0.0347454175079785,0.0365145184672185,0.0384160538854721,0.0404669660095935,0.0426871469862698,0.0451000505563911,0.0477334505509252,0.0506203810623594,0.053800299686704,0.0573205209363212,0.0612379697137782,0.0656213007589566,0.0705534125640866,0.0761343424237779,0.0824844459813696,0.0897476150782864,0.0980940394873791,0.107721636135691,0.118854732104191,0.131737923687738,0.146622388862171,0.163741661047603,0.183274619739819,0.205296072022521,0.229720417819248,0.25625097666857,0.284353819723552,0.313275396659069,0.342113388400998,0.369931014932383,0.395885502860113,0.419333831807683,0.439888697312747,0.457418403725964,0.472003563675073,0.483872438936189,0.493335160895623,0.50072972623956,0.506384673703412,0.510597608094734,0.513625907999147,0.515685393599636,0.516953415244708,0.517573897864292,0.51766285194445,0.517313566215219,0.516601138624028,0.515586251402831,0.514318223501442,0.512837429882749,0.511177193979959,0.509365256119058,0.507424908141151,0.505375869130291,0.503234962294498,0.501016640052051,0.498733393631042,0.496396074905896,0.494014151487768,0.491595910926172,0.489148625953511,0.486678689740211,0.484191727902223,0.481692692336463,0.479185940715051,0.476675304540134,0.474164147967609,0.471655419090133,0.469151694982409,0.466655221521465,0.464167948776562,0.461691562598947,0.459227512917265,0.45677703914977,0.454341193072037,0.451920859423024,0.449516774488876,0.447129542869727,0.444759652607601,0.442407488831653,0.440073346059117,0.437757439275476,0.435459913904936,0.433180854771541,0.430920294142057,0.428678218933591,0.426454577161691,0.424249283698192,0.422062225402204,0.419893265682302,0.417742248543114,0.415609002165028,0.41349334206161,0.411395073855567,0.409313995710575,0.407249900453107,0.405202577415387,0.403171814027927,0.401157397187532,0.399159114424394,0.397176754889744,0.395210110183588,0.393258975040275,0.391323147887974,0.389402431296668,0.387496632327872,0.385605562798021,0.383729039466342,0.38186688415694,0.380018923823888,0.378184990567216,0.376364921606899,0.374558559221209,0.372765750655111,0.370986348003799,0.369220208075902,0.367467192240357,0.365727166260533,0.364000000118732,0.362285567833834,0.360583747274486,0.35889441996996,0.357217470920475,0.355552788408563,0.353900263812806,0.352259791425064,0.350631268272156,0.349014593942737,0.347409670420032,0.345816401920888,0.344234694741554,0.342664457110435,0.341105599048025,0.339558032234109,0.338021669882285,0.336496426621766,0.334982218386397,0.333478962310774,0.331986576633291,0.330504980605959,0.329034094410758,0.327573839082321,0.326124136436681,0.324684909005847,0.323256079977929,0.321837573142554,0.320429312841302,0.319031223922879,0.317643231702778,0.316265261927151,0.314897240740626,0.313539094657831,0.312190750538366,0.31085213556499,0.309523177224784,0.308203803293085,0.306893941819956,0.305593521119016,0.304302469758406,0.30302071655374,0.301748190562841,0.300484821082109,0.299230537644372,0.297985270018056,0.296748948207562,0.295521502454696,0.294302863241051,0.293092961291223,0.291891727576754,0.290699093320712,0.289514990002814,0.288339349365006,0.287172103417435,0.286013184444737,0.284862525012568,0.283720057974335,0.282585716478055,0.281459433973316,0.280341144218279,0.279230781286677,0.278128279574794,0.277033573808371,0.27594659904942,0,0.0134479961627804,0.0140855547221041,0.0147514844939484,0.0154547145420189,0.0161978016232152,0.0169817993841758,0.0178077325903605,0.0186770250515537,0.0195916228132535,0.020554038810823,0.0215673855631854,0.0226354151911002,0.0237625730888471,0.0249540687353923,0.0262159671085734,0.0275553048915876,0.0289802366554197,0.0305002174527489,0.0321262298793698,0.0338710657814104,0.0357496755437365,0.0377796014179215,0.0399815157604926,0.0423798904472917,0.0450038301167891,0.0478881090911805,0.0510744592589934,0.0546131625836785,0.0585650046595096,0.0630036401484005,0.0680183988212581,0.0737175088633416,0.0802316112656815,0.0877172555716867,0.0963597645900811,0.106374394608509,0.118004080431044,0.131511294445628,0.147160876118836,0.165190581395604,0.185767371058842,0.20893108007038,0.23453357272435,0.262189569231573,0.291261014394869,0.320894157692486,0.35011366188097,0.377955117571937,0.403598832348759,0.426466180507246,0.446256552983749,0.462926900124377,0.47663332741781,0.487659074808022,0.496348113445855,0.503054645137248,0.50811082164792,0.511810083989494,0.514401621987796,0.516091573583724,0.517047619579063,0.517404806978447,0.517271380283584,0.516734032277696,0.515862358402274,0.514712497134448,0.513330032684566,0.511752271738259,0.510010010410566,0.50812889713792,0.506130481086629,0.504033018740648,0.501852095984465,0.499601110062911,0.497291645356787,0.494933768705785,0.492536263675138,0.490106818334612,0.487652177472267,0.485178267429072,0.482690299695355,0.480192857885416,0.477689971571354,0.475185179612037,0.472681584983736,0.470181902649619,0.4676885016547,0.465203442370315,0.46272850961502,0.460265242230105,0.45781495957532,0.455378785324576,0.452957668875613,0.450552404636759,0.448163649414203,0.445791938091888,0.443437697771169,0.441101260517102,0.438782874841659,0.436482716040308,0.434200895486705,0.43193746898017,0.429692444231934,0.427465787568384,0.425257429922753,0.423067272180491,0.420895189938057,0.418741037729741,0.416604652772582,0.414485858275128,0.41238446635198,0.410300280582396,0.40823309824801,0.406182712281636,0.404148912956369,0.402131489341595,0.400130230550192,0.398144926798994,0.396175370302637,0.394221356019028,0.392282682263038,0.390359151203461,0.388450569256872,0.386556747390716,0.384677501346814,0.382812651795337,0.380962024428364,0.379125450001189,0.37730276432876,0.375493808243851,0.37369842752288,0.371916472784684,0.370147799366966,0.368392267184605,0.366649740573578,0.364920088123765,0.363203182503562,0.361498900278832,0.359807121728425,0.358127730658202,0.356460614215224,0.354805662703541,0.353162769402786,0.351531830390613,0.349912744369805,0.348305412500765,0.346709738239938,0.345125627184598,0.343552986924325,0.341991726899407,0.340441758266311,0.33890299377029,0.337375347625153,0.335858735400135,0.334353073913783,0.332858281134742,0.331374276089248,0.329900978775169,0.328438310082357,0.3269861917191,0.325544546144419,0.324113296505956,0.322692366583211,0.321281680735834,0.319881163856746,0.318490741329789,0.317110338991668,0.315739883097918,0.314379300292643,0.313028517581791,0.311687462309712,0.310356062138781,0.30903424503186,0.307721939237387,0.306419073276876,0.305125575934663,0.303841376249681,0.302566403509098,0.30130058724367,0.300043857224623,0.298796143461936,0.297557376203875,0.296327485937661,0.295106403391128,0.293894059535281,0.292690385587625,0.291495313016185,0.290308773544113,0.289130699154808,0.287961022097451,0.286799674892901,0.285646590339885,0.284501701521405,0.28336494181133,0.282236244881091,0.281115544706465,0.280002775574383,0.278897872089729,0.277800769182115,0.276711402112565,0,0.0106294937373272,0.0112211920012142,0.0118420508121015,0.0124982786732682,0.0131914655536243,0.0139222327162283,0.0146913616905344,0.0155000825502416,0.0163501343853024,0.0172437776937837,0.0181838082471504,0.0191735846000699,0.0202170718351229,0.0213189026546689,0.0224844576055062,0.0237199673481676,0.0250326410876288,0.0264308265925887,0.0279242087800869,0.0295240557840617,0.0312435239134798,0.0330980360920004,0.0351057524140422,0.0372881565034854,0.0396707875375087,0.0422841551122622,0.0451648823568397,0.048357131151099,0.0519143703906512,0.0559015508254742,0.0603977422996841,0.0654992612313144,0.0713232514802493,0.078011555037402,0.085734484196083,0.0946937389607392,0.105123159367299,0.117285252224748,0.131460574331564,0.147926386061255,0.166921142688135,0.188593368516663,0.212938326699058,0.239733839578817,0.268495433111281,0.298475222354683,0.328721933047439,0.358199092668589,0.385932814216904,0.4111453573436,0.433336704074653,0.452299685039506,0.468079468108721,0.480902359878262,0.491099205204701,0.499040547528931,0.505090857379444,0.509581678828176,0.512799642863516,0.514984313790814,0.51633153116157,0.516999192068782,0.517113627289285,0.516775607168252,0.516065563529508,0.515047919521762,0.513774571737746,0.51228763401013,0.510621570407286,0.508804839488931,0.506861156133815,0.504810458575639,0.502669650420229,0.500453171949572,0.498173442345965,0.495841204428934,0.493465795711948,0.491055363637567,0.488617038352412,0.486157073008639,0.483680959058901,0.481193522136604,0.47869900272003,0.476201124744423,0.473703154557835,0.471207952045339,0.468718015320879,0.466235520068637,0.46376235437817,0.461300149739151,0.458850308726916,0.456414029807939,0.453992329616477,0.451586062993754,0.449195941034686,0.44682254735078,0.44446635272912,0.442127728344277,0.439806957661226,0.437504247151948,0.435219735935409,0.432953504439668,0.430705582175417,0.428475954701975,0.426264569859538,0.424071343334959,0.42189616362253,0.419738896435982,0.417599388623084,0.415477471629892,0.413372964557653,0.411285676851719,0.409215410658417,0.407161962882734,0.405125126976806,0.403104694486567,0.401100456381505,0.399112204190236,0.397139730962585,0.395182832076963,0.393241305910136,0.391314954384887,0.38940358340963,0.387507003222735,0.385625028653061,0.383757479307152,0.381904179692475,0.380064959285209,0.378239652550186,0.376428098919881,0.374630142738573,0.372845633177215,0.371074424123915,0.369316374054422,0.367571345886523,0.36583920682179,0.364119828177734,0.362413085213059,0.360718856948339,0.359037025984194,0.35736747831872,0.35571010316571,0.354064792774961,0.352431442255783,0.350809949404631,0.34920021453761,0.347602140328499,0.34601563165276,0.344440595437928,0.342876940520652,0.341324577510577,0.339783418661186,0.338253377747638,0.336734369951599,0.335226311752997,0.333729120828596,0.332242715957258,0.330767016931702,0.329301944476592,0.327847420172713,0.326403366387027,0.324969706208345,0.323546363388394,0.322133262287995,0.320730327828109,0.319337485445498,0.317954661052731,0.316581781002286,0.315218772054507,0.313865561349155,0.31252207638034,0.311188244974575,0.309863995271758,0.308549255708846,0.307243955006035,0.305948022155234,0.304661386410653,0.303383977281338,0.302115724525464,0.30085655814624,0.299606408389276,0.298365205741264,0.297132880929847,0.295909364924543,0.294694588938616,0.29348848443178,0.292290983113636,0.291102016947744,0.289921518156252,0.288749419224986,0.28758565290895,0.286430152238137,0.28528285052361,0.284143681363789,0.283012578650888,0.281889476577455,0.280774309642981,0.279667012660515,0.278567520763272,0.277475769411189,0,0.00789304106209859,0.00844120812595514,0.00902119664037143,0.00963499991503466,0.0102828099878937,0.0109647670183288,0.0116814622843524,0.01243400614388,0.0132240054590007,0.0140535404723759,0.0149251609561757,0.0158419031710398,0.0168073256848577,0.017825562735762,0.0189013953554585,0.020040342001807,0.0212487718452175,0.0225340452108691,0.0239046871580848,0.0253706019463235,0.0269433383577432,0.0286364186844534,0.0304657478183682,0.0324501234865937,0.0346118744356877,0.0369776604218417,0.0395794762229011,0.0424559112768514,0.0456537261167193,0.0492298145812239,0.0532536229922272,0.05781008704233,0.0630031118016606,0.0689595400220377,0.0758333980865371,0.0838099343807359,0.093108519144979,0.103982812357523,0.116715730508016,0.131605793296622,0.148940817735634,0.168955471497473,0.19177210955784,0.217330684064,0.245322994848403,0.275155633556924,0.305967662348076,0.336716542036364,0.366319902108989,0.393814219104377,0.418481973036492,0.439913590441193,0.457999118466529,0.472869031771742,0.484813074771345,0.49420185144755,0.501425433027816,0.506853185570711,0.510812456708047,0.513580970178233,0.515387639994612,0.516417669890606,0.516819232068678,0.516710201041973,0.516184214269557,0.515315797095017,0.514164532875035,0.512778371435253,0.51119620977826,0.509449883011917,0.507565690247201,0.505565560555288,0.503467943734931,0.501288492340737,0.49904058611714,0.496735737717846,0.494383909019924,0.491993760003241,0.489572846607418,0.487127779804618,0.484664355011625,0.482187658649363,0.479702156941112,0.477211770768929,0.474719939465643,0.472229675721553,0.469743613266548,0.467264048602801,0.464792977775616,0.462332128954818,0.459882991437406,0.457446841560169,0.455024765918269,0.452617682215047,0.450226358013686,0.447851427619056,0.445493407284663,0.443152708913257,0.440829652398294,0.438524476736069,0.436237350023982,0.433968378448264,0.43171761435423,0.4294850634832,0.427270691452482,0.425074429547913,0.422896179892349,0.420735820047951,0.418593207105158,0.416468181306676,0.414360569250679,0.412270186713635,0.410196841129683,0.408140333760295,0.406100461585042,0.404077018941562,0.402069798940374,0.400078594677893,0.39810320026892,0.396143411717964,0.394199027646971,0.392269849895466,0.390355684007582,0.388456339619137,0.386571630756662,0.384701376059136,0.38284539893218,0.381003527643462,0.379175595367257,0.377361440185243,0.375560905049958,0.373773837716628,0.372000090648503,0.370239520900267,0.368491989983602,0.366757363718526,0.365035512073691,0.363326308998474,0.361629632249331,0.359945363212582,0.358273386725517,0.356613590897432,0.354965866932016,0.353330108952254,0.351706213828874,0.350094081013145,0.348493612374744,0.346904712045204,0.345327286267417,0.34376124325149,0.3422064930372,0.340662947363199,0.339130519543062,0.337609124348172,0.336098677897442,0.334599097553768,0.333110301827114,0.331632210284068,0.330164743463695,0.328707822799494,0.327261370547235,0.325825309718453,0.324399564019352,0.322984057794882,0.321578715977734,0.320183464041998,0.318798227961238,0.31742293417073,0.31605750953362,0.314701881310758,0.313355977133966,0.312019724982533,0.310693053162686,0.309375890289844,0.308068165273439,0.306769807304119,0.305480745843129,0.304200910613703,0.30293023159429,0.301668639013462,0.30041606334634,0.299172435312398,0.297937685874516,0.296711746239149,0.295494547857493,0.294286022427536,0.293086101896893,0.291894718466332,0.29071180459389,0.289537292999506,0.288371116670083,0.287213208864926,0.286063503121475,0.284921933261275,0.283788433396133,0.282662937934409,0.281545381587391,0.280435699375727,0.279333826635854,0.278239699026414,0,0.00523759833846335,0.00574614078270408,0.00628972638557318,0.00686554294413225,0.00747224252150319,0.0081095322738518,0.00877789641443652,0.00947840593625587,0.0102126073299432,0.0109824661047023,0.0117903485877993,0.012639031318482,0.0135317313951424,0.0144721542372742,0.0154645576465096,0.0165138329449058,0.0176256055083963,0.0188063583898898,0.0200635841266379,0.0214059714250344,0.0228436353792197,0.0243884023747437,0.0260541640330798,0.0278573186628283,0.0298173239110186,0.0319573908628225,0.0343053578792093,0.0368947919951922,0.0397663763825759,0.0429696531634333,0.0465651993818418,0.0506273155107368,0.0552472918677588,0.0605372738258133,0.0666346473926525,0.0737066755041798,0.0819547808735234,0.0916173332679979,0.102969011410228,0.11631379753402,0.13196763455796,0.150226289651636,0.171315072530914,0.195321169848609,0.222117466688783,0.251297667983595,0.282151150564606,0.313703768261108,0.344831766991289,0.374425079010726,0.401551229495449,0.425569719351337,0.446170391409341,0.463341314330035,0.477293202648132,0.488371426694758,0.49697838177418,0.503517057613554,0.508356989630338,0.511818370335831,0.514168424447315,0.515624748748557,0.516361803870917,0.516518231491788,0.516203781744773,0.515505332511016,0.514491865725043,0.513218453286025,0.511729383061272,0.510060576209105,0.508241439857198,0.506296280046476,0.504245377445891,0.502105807044276,0.499892064685391,0.497616548378469,0.49528993056002,0.492921448423473,0.490519132552084,0.488089988916628,0.485640145437109,0.483174971439061,0.480699176210914,0.478216891298649,0.475731740013824,0.47324689677338,0.470765138254951,0.468288887880846,0.465820254794082,0.463361068229179,0.460912907985288,0.458477131562594,0.456054898412198,0.453647191665382,0.451254837643763,0.448878523401983,0.44651881251582,0.444176159297999,0.441850921599601,0.439543372335263,0.43725370985421,0.434982067265753,0.432728520816567,0.430493097407404,0.428275781328511,0.426076520285724,0.423895230782668,0.421731802918744,0.419586104657343,0.417457985614008,0.415347280409994,0.41325381163273,0.411177392441136,0.409117828850453,0.407074921728229,0.405048468530349,0.403038264803459,0.401044105477799,0.399065785972319,0.397103103132007,0.395155856015516,0.393223846549577,0.391306880065126,0.38940476572871,0.387517316881454,0.385644351296723,0.383785691366521,0.381941164225725,0.38011060182234,0.37829384094116,0.376490723187457,0.374701094936669,0.372924807255415,0.371161715798594,0.369411680686838,0.367674566368089,0.365950241466654,0.364238578622701,0.362539454324804,0.360852748737817,0.359178345528094,0.357516131687748,0.355865997359475,0.354227835663204,0.352601542525652,0.350987016513705,0.349384158672367,0.347792872367894,0.3462130631366,0.34464463853972,0.3430875080246,0.341541582792418,0.340006775672561,0.33848300100369,0.336970174521524,0.33546821325326,0.333977035418555,0.332496560336943,0.331026708341511,0.329567400698679,0.328118559533856,0.32668010776278,0.325251969028289,0.323834067642314,0.322426328532823,0.321028677195494,0.319641039649856,0.31826334239966,0.316895512397236,0.315537477011592,0.314189164000029,0.31285050148304,0.311521417922266,0.310201842101315,0.30889170310921,0.307590930326292,0.306299453412378,0.305017202296996,0.303744107171523,0.302480098483066,0.301225106929934,0.299979063458544,0.298741899261639,0.297513545777674,0.296293934691259,0.295082997934544,0.293880667689431,0.292686876390526,0.291501556728729,0.290324641655385,0.289156064386912,0.287995758409832,0.286843657486135,0.285699695658924,0.284563807258274,0.283435926907255,0.28231598952808,0.281203930348319,0.280099684907147,0.279003189061597,0,0.00266214345724222,0.00313667481890129,0.00364858387873801,0.00419063345878112,0.00476015135009591,0.00535657181357768,0.0059803860461404,0.0066327100375968,0.00731509652995063,0.00802945334178551,0.00877801641062331,0.00956335549104589,0.0103884018112823,0.0112564924127382,0.0121714290827218,0.0131375519433254,0.0141598293718509,0.0152439672821818,0.0163965421003419,0.0176251631971933,0.0189386722587695,0.0203473892413467,0.0218634173467786,0.0235010230583218,0.0252771119196391,0.0272118266636138,0.0293293017449793,0.031658617481605,0.0342350078571973,0.0371013881523217,0.0403102806654775,0.0439262259758332,0.0480287677618043,0.052716080616409,0.0581092544368793,0.0643571262882755,0.0716413165083825,0.0801807195117692,0.0902340531305575,0.102098139841461,0.116098436870292,0.132567252919332,0.151804832263992,0.174020365448828,0.199255600909435,0.227303792650075,0.25764886850581,0.289456818112568,0.321643700694484,0.353018382322693,0.382463643056439,0.40909864852115,0.432374482405218,0.452086217705668,0.468317946423669,0.481353808423686,0.491586359072121,0.49944199621929,0.505330608437483,0.509617860344944,0.512614432797527,0.514575911224465,0.515708211076679,0.516175127668718,0.51610606923867,0.515603043192748,0.514746559073368,0.513600418564663,0.512215501473026,0.510632705742402,0.508885204055879,0.507000163614337,0.505000052213986,0.502903629554103,0.500726701004935,0.498482692989182,0.496183094719588,0.493837799853041,0.491455373094823,0.489043260361489,0.486607956310106,0.484155139476158,0.481689782624933,0.479216243974823,0.476738343515942,0.474259427589474,0.471782424112435,0.469309890255483,0.466844053954063,0.464386850315643,0.46193995374926,0.459504806466469,0.457082643869623,0.454674517242758,0.452281314083584,0.449903776356381,0.447542516899973,0.445198034189436,0.442870725622048,0.440560899475451,0.438268785667782,0.43599454543448,0.43373828002398,0.431500038503894,0.429279824760229,0.427077603764289,0.424893307175005,0.422726838338324,0.420578076739775,0.418446881961443,0.416333097190084,0.41423655231909,0.412157066683284,0.410094451462185,0.408048511784238,0.406019048561711,0.404005860083341,0.4020087433894,0.400027495451704,0.398061914179046,0.396111799266692,0.39417695290689,0.39225718037581,0.390352290510868,0.388462096091131,0.386586414132284,0.384725066106537,0.382877878096891,0.381044680894223,0.379225310044847,0.377419605855422,0.375627413361408,0.373848582264594,0.372082966844683,0.370330425849353,0.368590822366749,0.366864023683921,0.365149901134296,0.363448329936949,0.361759189030064,0.360082360900704,0.358417731412718,0.356765189634383,0.355124627667136,0.353495940476571,0.351879025726677,0.350273783618142,0.348680116731397,0.347097929874954,0.345527129939455,0.343967625757779,0.34241932797143,0.340882148903377,0.339356002437425,0.33784080390416,0.336336469973435,0.334842918553329,0.333360068695489,0.331887840506694,0.330426155066503,0.328974934350773,0.327534101160873,0.326103579058359,0.324683292304888,0.323273165807136,0.321873125066489,0.320483096133259,0.319103005565183,0.317732780389979,0.316372348071706,0.315021636480707,0.313680573866912,0.312349088836267,0.311027110330089,0.309714567607134,0.308411390228186,0.307117508042969,0.305832851179203,0.304557350033637,0.30329093526489,0.302033537787938,0.300785088770105,0.299545519628426,0.298314762028235,0.297092747882861,0.295879409354323,0.294674678854901,0.2934784890495,0.2922907728587,0.291111463462397,0.289940494303978,0.288777799094925,0.287623311819814,0.286476966741601,0.285338698407177,0.284208441653107,0.283086131611522,0.281971703716114,0.28086509370819,0.27976623764275,0,0.000166303422709763,0.000613797211346828,0.00109885151352193,0.00161101768119223,0.00214686232247557,0.0027058078059258,0.00328848934839537,0.00389615118872191,0.00453041046044239,0.0051931638439735,0.00588655922584386,0.00661300215037142,0.00737518369664603,0.00817612350437752,0.0090192253362143,0.00990834482210728,0.0108478706257771,0.0118428215537152,0.0128989633118816,0.014022949873982,0.015222495909256,0.0165065885767191,0.0178857493877364,0.0193723599535294,0.0209810694846342,0.0227293071471027,0.0246379290848948,0.0267320383664667,0.0290420265072434,0.0316048975329233,0.0344659492406637,0.0376808998076621,0.0413185576662969,0.0454641316383487,0.0502232539063838,0.0557267184429795,0.0621357863082123,0.0696476232815205,0.0784999433721245,0.0889731581367187,0.101387240552637,0.116089209358728,0.133426054068058,0.153698030797396,0.177090173663869,0.203587308056913,0.232889990499008,0.26436165170575,0.297041481504141,0.329743086246364,0.361225322974127,0.390385895282662,0.416415154682997,0.438867474980319,0.457645727898502,0.472925538142646,0.48505635967924,0.494469252286747,0.501607248628515,0.50688180531257,0.510651363799311,0.51321529253171,0.514816789826885,0.515649975532389,0.515868202010942,0.515592015772495,0.514916094680854,0.513914977920541,0.512647643707616,0.511161086710831,0.50949307262221,0.507674238886737,0.505729687972731,0.503680193055497,0.501543110786964,0.499333074154959,0.497062520847104,0.494742098749501,0.492380979640909,0.489987104154129,0.487567375097387,0.485127811785316,0.482673674743769,0.480209567730888,0.477739522234749,0.475267068297007,0.472795294547243,0.470326899621855,0.46786423661649,0.465409351832611,0.462964018790335,0.460529768264748,0.458107914942007,0.45569958117038,0.453305718189744,0.450927125153117,0.448564466200064,0.446218285800125,0.443889022551748,0.441577021596258,0.439282545785628,0.437005785725827,0.43474686880361,0.432505867292849,0.430282805626656,0.428077666912963,0.425890398763856,0.423720918502421,0.421569117805072,0.419434866832179,0.417318017895145,0.415218408703858,0.413135865234639,0.411070204255299,0.40902123554073,0.406988763809539,0.404972590409575,0.402972514777718,0.40098833569708,0.39901985237269,0.397066865344851,0.39512917725763,0.393206593498332,0.391298922722379,0.389405977276661,0.38752757353322,0.385663532143996,0.38381367822634,0.381977841488083,0.380155856300063,0.378347561723251,0.376552801496892,0.37477142399342,0.373003282145316,0.371248233348525,0.369506139346554,0.367776866098927,0.366060283637225,0.36435626591163,0.362664690630468,0.360985439095,0.359318396031402,0.357663449421609,0.356020490334497,0.35438941275864,0.352770113437704,0.351162491709381,0.34956644934859,0.34798189041556,0.346408721109277,0.344846849626679,0.343296186027876,0.341756642107594,0.340228131272983,0.33871056842783,0.337203869863214,0.335707953154527,0.334222737064811,0.332748141454279,0.331284087195876,0.329830496096714,0.328387290825194,0.326954394843606,0.325531732345995,0.324119228201071,0.322716807899924,0.321324397508322,0.319941923623347,0.318569313334141,0.317206494186528,0.315853394151278,0.3145099415958,0.313176065259033,0.311851694229327,0.310536757925119,0.309231186078179,0.307934908719264,0.306647856165988,0.305369959012719,0.304101148122357,0.302841354619827,0.301590509887136,0.300348545559852,0.299115393524876,0.297890985919375,0.296675255130765,0.295468133797632,0.294269554811476,0.293079451319195,0.29189775672622,0.290724404700208,0.289559329175215,0.288402464356285,0.287253744724388,0.286113105041635,0.284980480356732,0.283855806010606,0.28273901764216,0.281630051194119,0.280528842918919,0,-0.00224927027510402,-0.00182108805563308,-0.00135827805301314,-0.000872596680314336,-0.000367416291414929,0.000156998671667602,0.000701571749219754,0.00126775012762087,0.00185726116688181,0.00247202446611769,0.00311413047254644,0.00378585228087402,0.0044896765238287,0.0052283469812669,0.00600491827507096,0.00682281919175851,0.00768592665029677,0.00859865248443056,0.00956604624928828,0.0105939183459763,0.011688989020498,0.0128590703682116,0.0141132905068993,0.0154623717377836,0.0169189779953601,0.0184981514363683,0.0202178639223064,0.022099716728482,0.0241698313810144,0.0264599863034807,0.0290090678931322,0.0318649200638322,0.0350866912511338,0.0387477880752987,0.0429395418116793,0.0477756619791062,0.0533974639924143,0.0599796718843404,0.0677362488340613,0.0769251148079114,0.0878496898499213,0.100853932598394,0.116306100352805,0.134565432890855,0.155926619945655,0.180541174756262,0.20832443085065,0.23887108588809,0.271414956894329,0.304868385221525,0.337953958297723,0.369400932489438,0.398144590295562,0.423464077690654,0.445025492860804,0.462838936466205,0.477164995665384,0.488409486959634,0.497033393559087,0.503489616159463,0.50818658742855,0.511472834000737,0.513635108933545,0.514903808062143,0.515461342112135,0.515450952052372,0.514984745482671,0.514150500741703,0.513017182709368,0.511639291781545,0.510060229702333,0.508314872320391,0.506431520844702,0.504433375646908,0.502339648177792,0.500166400972866,0.497927184415694,0.495633521986366,0.493295282629159,0.49092096893333,0.488517942363676,0.486092601228931,0.483650522972126,0.481196579343842,0.478735030797641,0.476269604815999,0.473803561677789,0.471339750298535,0.468880656127174,0.466428442605381,0.463984987342227,0.4615519138946,0.459130619848359,0.456722301748728,0.454327977318167,0.451948505316345,0.449584603332985,0.447236863755176,0.444905768112492,0.442591699973196,0.440294956540897,0.438015759081749,0.435754262296566,0.433510562739201,0.431284706371592,0.429076695336612,0.426886494021818,0.424714034480249,0.422559221268256,0.420421935754904,0.418302039952607,0.416199379914251,0.414113788738081,0.412045089218036,0.4099930961739,0.407957618492626,0.405938460909481,0.403935425555086,0.401948313292163,0.39997692486367,0.398021061872061,0.39608052760764,0.394155127742361,0.392244670903906,0.390348969143526,0.388467838309884,0.386601098339973,0.384748573477139,0.382910092425296,0.381085488447509,0.379274599416346,0.377477267822656,0.375693340748741,0.373922669811308,0.372165111079,0.370420524968803,0.368688776125164,0.366969733285214,0.365263269133131,0.363569260146289,0.361887586435542,0.360218131581711,0.35856078247004,0.356915429124184,0.355281964541071,0.353660284527762,0.352050287541288,0.350451874532264,0.348864948792952,0.34728941581031,0.345725183124464,0.344172160192924,0.342630258260793,0.341099390237129,0.339579470577564,0.338070415173213,0.336572141245857,0.335084567249359,0.333607612777197,0.332141198476008,0.330685245964983,0.329239677760935,0.327804417208865,0.326379388417801,0.324964516201715,0.323559726025287,0.322164943954288,0.320780096610356,0.31940511112994,0.318039915127174,0.316684436660462,0.315338604202552,0.314002346613876,0.312675593118954,0.311358273285642,0.310050317007046,0.308751654485895,0.307462216221189,0.30618193299696,0.304910735872971,0.303648556177184,0.302395325499867,0.301150975689171,0.299915438848071,0.298688647332512,0.297470533750663,0.296261030963156,0.295060072084209,0.293867590483532,0.292683519788915,0.291507793889431,0.290340346939157,0.289181113361353,0.288030027853017,0.286887025389765,0.285752041230966,0.284625010925091,0.283505870315216,0.282394555544646,0.281291003062611,0,-0.00458259016206333,-0.00416612929033058,-0.00372156954204664,-0.00325961834222704,-0.00278265864986632,-0.00229030852981654,-0.00178122557052673,-0.00125370220694732,-0.000705871221399784,-0.000135770276015079,0.000458651853891295,0.00107955665168563,0.00172925216850692,0.00241023875389607,0.00312526205396754,0.00387737301569088,0.0046699958925577,0.00550700621765282,0.00639282158245674,0.00733250896529875,0.00833191340666761,0.00939781414388519,0.0105381160206833,0.0117620862256776,0.0130806493679713,0.0145067577916478,0.0160558591383229,0.0177464898151409,0.0196010315795369,0.0216466792686841,0.0239166810223609,0.0264519280787013,0.0293029885104766,0.0325326957363563,0.0362194130452543,0.040461089391112,0.0453801804909191,0.0511294004679499,0.0578980412133246,0.0659181737310345,0.0754693326846554,0.0868791957875239,0.10051630811817,0.116769335929781,0.136006469969894,0.158510034477926,0.184387326169045,0.213470752480435,0.245236402784943,0.27878164547897,0.312895789079635,0.346225857572472,0.377494224935718,0.405695972833858,0.430213956513043,0.450830958621472,0.467660873642998,0.48104107339411,0.491424375974783,0.499293484587773,0.505105122072646,0.509260852760808,0.512097209628361,0.513887461305575,0.514849060398368,0.515152951730926,0.514932675436644,0.514292354851051,0.513313304040608,0.51205930116991,0.51058069997073,0.508917585284092,0.507102169895357,0.505160603748083,0.503114335660194,0.50098113808006,0.498775879915002,0.496511111764729,0.494197511706155,0.491844227409743,0.489459141057518,0.487049076592531,0.484619963691641,0.482176969068596,0.479724602935379,0.477266806412797,0.47480702418909,0.472348265631674,0.469893156754462,0.467443984853092,0.465002737185316,0.462571134752119,0.460150661996305,0.457742593057265,0.455348015087206,0.452967849033516,0.450602868215586,0.448253714966015,0.445920915561008,0.443604893629653,0.441305982204052,0.439024434550186,0.436760433901525,0.434514102202786,0.432285507959059,0.430074673275362,0.427881580162886,0.425706176180759,0.42354837947551,0.421408083274684,0.41928515988589,0.417179464247953,0.415090837076711,0.413019107644234,0.410964096226838,0.408925616254144,0.406903476188648,0.404897481162608,0.402907434396753,0.400933138423096,0.398974396132181,0.397031011663251,0.395102791154167,0.393189543366372,0.391291080198797,0.389407217103326,0.38753777341325,0.38568257259508,0.383841442433088,0.382014215155063,0.380200727506919,0.378400820783066,0.376614340818741,0.374841137949887,0.373081066945561,0.37133398691738,0.369599761209962,0.367878257275952,0.366169346538774,0.364472904245911,0.362788809315177,0.361116944176149,0.35945719460865,0.357809449579932,0.356173601081978,0.354549543970148,0.352937175804211,0.351336396692634,0.349747109140863,0.34816921790419,0.3466026298457,0.345047253799655,0.343503000440623,0.341969782158542,0.340447512939857,0.338936108254804,0.33743548495085,0.335945561152259,0.334466256165731,0.332997490391975,0.331539185243119,0.330091263065779,0.328653647069613,0.327226261261171,0.325809030382844,0.324401879856685,0.323004735732897,0.321617524642756,0.320240173755751,0.318872610740717,0.31751476373073,0.316166561291562,0.314827932393459,0.313498806386048,0.312179112976168,0.310868782208416,0.309567744448223,0.308275930367283,0.306993270931147,0.305719697388819,0.304455141264197,0.303199534349197,0.301952808698424,0.300714896625243,0.299485730699135,0.298265243744196,0.297053368838688,0.295850039315504,0.294655188763479,0.293468751029425,0.292290660220828,0.291120850709096,0.289959257133303,0.288805814404354,0.287660457709506,0.286523122517179,0.285393744582012,0.284272259950105,0.283158604964401,0.28205271627017,0,-0.00683031766024825,-0.00641911870522932,-0.00598985786708806,-0.00554966687793959,-0.00509909188875796,-0.00463682706062529,-0.00416101673436173,-0.0036696613354307,-0.00316074372739727,-0.00263225444499604,-0.00208217585348161,-0.00150844787043153,-0.000908924480257728,-0.000281324836131469,0.000376819813896562,0.0010682235697192,0.00179590883505804,0.00256327667635067,0.00337418715970866,0.00423305296683185,0.00514495044737492,0.00611575334578376,0.00715229585036814,0.00826257347783005,0.00945599278496753,0.0107436841898339,0.0121388965385735,0.0136574977831943,0.0153186136120167,0.0171454455133547,0.0191663219556451,0.021416051392348,0.0239376634969798,0.0267846443326897,0.0300237891428322,0.0337388067277989,0.0380347994166435,0.0430436896151052,0.0489305288429503,0.0559003461987796,0.0642046813247723,0.0741460939247364,0.0860776609061081,0.100392807552478,0.117499166285377,0.137769586902996,0.161465922704884,0.18863928394698,0.219025167754275,0.251969312463844,0.286428756208365,0.321077794644474,0.354507038280626,0.385456094910956,0.413000633851322,0.436638872135554,0.456271776218292,0.472111133291281,0.484561804928956,0.494114223344043,0.50126519769692,0.506470013827075,0.510120247235329,0.512538910039895,0.51398528618969,0.514663965352487,0.514734787999305,0.514322057784755,0.513522384775561,0.512411050322133,0.511047020234816,0.509476816018541,0.507737464683945,0.505858727142562,0.503864773436294,0.501775439855111,0.499607172991718,0.497373740729503,0.495086770239081,0.492756157694381,0.490390382792987,0.487996752474207,0.485581591784447,0.483150395089866,0.480707947349574,0.478258422609766,0.475805465012133,0.473352256244518,0.470901572362511,0.468455832177975,0.466017138872296,0.463587316095472,0.461167939518946,0.458760364592401,0.456365751092336,0.453985084928528,0.451619197582535,0.449268783482587,0.446934415565656,0.444616559236124,0.442315584898095,0.440031779212834,0.437765355212395,0.435516461383867,0.433285189825117,0.431071583561498,0.428875643103508,0.426697332317121,0.424536583671521,0.422393302922735,0.42026737328624,0.418158659146752,0.416067009349076,0.413992260109971,0.41193423758745,0.40989276014073,0.4078676403111,0.405858686551343,0.403865704728859,0.401888499425459,0.399926875054721,0.397980636815949,0.396049591502057,0.394133548177134,0.392232318738018,0.390345718372867,0.388473565928552,0.386615684197546,0.384771900134013,0.382942045007855,0.381125954504635,0.379323468778519,0.377534432464676,0.37575869465693,0.37399610885585,0.372246532891944,0.370509828828128,0.368785862845165,0.367074505113403,0.365375629653723,0.363689114190294,0.362014839997416,0.360352691742453,0.358702557326594,0.357064327724957,0.35543789682735,0.353823161280791,0.352220020334747,0.350628375689879,0.349048131350955,0.347479193484467,0.345921470281373,0.344374871825305,0.342839309966485,0.341314698201507,0.339800951559115,0.338297986491994,0.336805720774592,0.335324073406917,0.333852964524233,0.332392315312527,0.330942047929622,0.329502085431775,0.328072351705563,0.326652771404884,0.325243269892869,0.323843773188476,0.322454207917579,0.321074501268307,0.319704580950435,0.318344375158594,0.316993812539093,0.315652822160138,0.314321333485231,0.312999276349562,0.311686580939184,0.310383177772781,0.309088997685852,0.307803971817125,0.306528031597043,0.305261108738144,0.304003135227195,0.302754043318931,0.30151376553125,0.300282234641748,0.29905938368545,0.297845145953646,0.296639454993693,0.295442244609712,0.29425344886405,0.29307300207944,0.291900838841769,0.290736894003382,0.28958110268683,0.28843340028902,0.287293722485688,0.286162005236137,0.28503818478821,0.283922197683417,0.282813980762204,0,-0.00898785484792691,-0.00857771370305596,-0.00816220272921206,-0.00774267806208453,-0.00731726724881038,-0.00688357668185027,-0.00643919861981851,-0.00598184243212582,-0.00550935279001588,-0.00501968452725865,-0.00451086014688606,-0.00398092064501546,-0.003427873951375,-0.00284964241317709,-0.00224400931651039,-0.00160856360716699,-0.000940641390136526,-0.000237262295940732,0.000504941684884241,0.00128980784633032,0.00212173851159844,0.00300581536950406,0.00394793804591592,0.00495499409164221,0.00603506962650482,0.00719771263038677,0.00845426453837142,0.00981828066271498,0.011306066383286,0.0129373644433716,0.0147362395292008,0.0167322200478229,0.0189617739203435,0.0214702150486827,0.024314158552025,0.02756466232386,0.0313112021589324,0.0356666124476326,0.0407730566457096,0.0468089245555737,0.0539962132239901,0.0626073309399699,0.0729692482828333,0.0854614251201543,0.10050207121411,0.118515615275237,0.13987416294442,0.164809632991288,0.193303836125082,0.224981241022498,0.259047158835219,0.294317982309977,0.329365348477698,0.362745717757384,0.393240415689936,0.420024156758731,0.442718562774883,0.461341027852915,0.476193345342471,0.487737928419243,0.496493729639281,0.502964786548262,0.507600495540061,0.51077999932471,0.512811745335648,0.513940838335854,0.514359258300113,0.51421618848949,0.513627193631607,0.512681845709982,0.511449814527943,0.509985611357112,0.508332221863526,0.506523857124549,0.504588022111566,0.50254706529945,0.500419338602589,0.498220066948767,0.495962002471977,0.493655919278871,0.491310990235333,0.488935076329449,0.486534951074819,0.484116476446446,0.481684742456242,0.479244179265795,0.476798648389715,0.47435151783169,0.471905724745745,0.469463828301688,0.467028054764466,0.464600336305818,0.462182344704593,0.459775520824522,0.457381100559515,0.455000137788262,0.452633524768647,0.450282010318383,0.44794621606428,0.445626650993418,0.443323724501447,0.441037758103367,0.438768995948565,0.436517614262894,0.434283729825172,0.432067407572842,0.429868667420861,0.427687490369011,0.425523823965081,0.423377587184788,0.421248674783448,0.419136961169276,0.417042303843658,0.414964546449597,0.412903521465876,0.410859052581148,0.408830956779103,0.406819046163155,0.404823129546532,0.402843013831391,0.400878505198462,0.398929410126817,0.396995536261605,0.39507669314597,0.393172692831911,0.391283350383498,0.389408484284608,0.38754791676222,0.385701474035279,0.383868986498186,0.382050288847107,0.380245220156484,0.378453623912436,0.376675348009049,0.374910244712943,0.373158170600985,0.371418986475452,0.369692557260553,0.367978751883737,0.366277443144862,0.364588507575947,0.362911825293902,0.361247279848335,0.359594758066297,0.35795414989556,0.356325348247816,0.354708248843009,0.353102750055791,0.351508752764999,0.349926160206833,0.348354877832364,0.346794813169818,0.34524587569204,0.343707976689401,0.342181029148383,0.34066494763595,0.339159648189814,0.337665048214598,0.336181066383882,0.334707622548078,0.333244637648033,0.331792033634234,0.330349733391483,0.328917660668865,0.327495740014835,0.326083896717229,0.324682056747997,0.32329014671246,0.321908093802862,0.320535825756021,0.319173270814854,0.317820357693567,0.3164770155463,0.315143173939021,0.313818762824465,0.312503712519925,0.311197953687699,0.309901417318017,0.308614034714261,0.307335737480313,0.306066457509871,0.304806126977575,0.303554678331784,0.302312044288888,0.301078157828994,0.299852952192886,0.298636360880116,0.297428317648133,0.29622875651233,0.295037611746933,0.293854817886609,0.292680309728739,0.291514022336244,0.290355891040919,0.289205851447187,0.288063839436221,0.286929791170368,0.285803643097815,0.284685331957466,0.283574794783961,0,-0.0110498610672579,-0.0106397753621291,-0.0102380718349531,-0.00983901137428619,-0.00943812573020364,-0.00903192274202408,-0.00861747162002666,-0.00819222787663343,-0.00775393205786856,-0.00730052990853944,-0.0068301017273405,-0.00634079795451845,-0.00583077963821071,-0.00529816250261092,-0.00474096319583339,-0.0041570461296534,-0.00354406913894645,-0.00289942596419901,-0.00222018327286619,-0.00150300955654406,-0.000744092733690027,6.09573974745536e-05,0.000917226639004759,0.00183063984451706,0.0028081380737579,0.00385789946098927,0.00498961686313382,0.00621484943642039,0.00754747072184647,0.00900424300150912,0.0106055570991195,0.0123763889684018,0.0143475398401734,0.0165572456597619,0.0190532637104323,0.0218955680041571,0.0251598058404918,0.0289416764374317,0.0333623703357579,0.0385751221210206,0.0447727227785793,0.0521954243876561,0.0611379282643783,0.0719529451087122,0.0850470851558716,0.100862765586867,0.119838196096498,0.142338117661565,0.168553686882405,0.198383375563037,0.231326885005319,0.266441381057774,0.30240636094605,0.337707375511577,0.370891305113182,0.400804976322018,0.426737540912506,0.448438341854418,0.466036548944842,0.479914606979026,0.490582329721932,0.498578641073046,0.504408753577013,0.508512511727146,0.511254794962368,0.512928855296643,0.513765670941824,0.513944996381329,0.51360586311166,0.512855611182197,0.511777244543668,0.510435227396905,0.508879955589297,0.507151156653905,0.505280450627465,0.503293267764836,0.50121028095629,0.499048475699106,0.496821951111904,0.49454252206351,0.492220174426764,0.489863411825607,0.487479522073022,0.485074783978424,0.482654629676771,0.480223773586633,0.477786316151707,0.475345828367731,0.472905421528101,0.470467805477307,0.468035337825591,0.465610065966495,0.46319376328983,0.460787960651949,0.458393973920586,0.456012928229965,0.453645779446196,0.451293333241133,0.448956262095793,0.446635120495694,0.444330358535295,0.442042334113659,0.439771323875886,0.437517533033044,0.435281104175687,0.433062125181737,0.430860636307695,0.428676636542191,0.426510089292544,0.424360927467764,0.422229058015211,0.420114365962633,0.41801671801247,0.415935965731039,0.413871948371294,0.411824495364445,0.409793428512528,0.407778563911193,0.405779713629371,0.403796687170125,0.401829292734814,0.399877338310743,0.397940632600667,0.396018985810849,0.394112210312882,0.392220121193085,0.390342536702036,0.388479278615613,0.3866301725179,0.384795048015279,0.382973738890223,0.38116608320239,0.379371923343977,0.377591106055524,0.375823482407787,0.374068907754722,0.372327241662067,0.370598347815591,0.368882093912588,0.367178351539835,0.365486996040864,0.363807906375053,0.362140964970768,0.36048605757449,0.358843073097648,0.357211903462608,0.355592443449121,0.353984590542304,0.352388244783092,0.350803308621941,0.349229686776434,0.347667286093307,0.346116015415341,0.344575785453435,0.343046508664115,0.341528099132646,0.340020472461873,0.338523545666828,0.337037237075114,0.335561466233037,0.334096153817402,0.332641221552875,0.331196592134782,0.329762189157198,0.328337937046145,0.326923760997743,0.325519586921092,0.324125341385712,0.322740951573326,0.321366345233769,0.320001450644836,0.318646196575834,0.317300512254658,0.315964327338166,0.314637571885657,0.313320176335272,0.312012071483109,0.310713188464868,0.309423458739872,0.30814281407727,0.306871186544255,0.30560850849617,0.304354712568316,0.303109731669354,0.301873498976132,0.300645947929842,0.29942701223336,0.298216625849678,0.297014723001301,0.295821238170525,0.294636106100482,0.293459261796893,0.292290640530421,0.291130177839561,0.289977809533993,0.288833471698328,0.287697100696194,0.286568633174603,0.285448006068543,0.284335156605756,0,-0.0130110001817887,-0.0126037756302388,-0.0122175308765542,-0.011839548588556,-0.0114630517981228,-0.0110836040281048,-0.0106978509527981,-0.0103030673091927,-0.00989694449662903,-0.00947745922246063,-0.00904277659468355,-0.00859117191077891,-0.00812096428737669,-0.00763045817058408,-0.00711788988537757,-0.00658137687598942,-0.00601886749648547,-0.00542808924486909,-0.00480649323553367,-0.00415119248219542,-0.00345889120452963,-0.00272580184737775,-0.00194754576512982,-0.00111903250973142,-0.000234311278521387,0.00071361379374138,0.00173301533823492,0.00283373568194989,0.00402755977689412,0.00532869295664565,0.00675437637102666,0.00832568348125363,0.0100685546323481,0.0120151440040751,0.0142055744490847,0.0166902203893337,0.0195326649550167,0.0228134995414038,0.0266351404547391,0.0311278061053339,0.0364566893174656,0.042830105788225,0.0505078986529063,0.0598084920202103,0.0711115707271933,0.0848513790912922,0.101493383206291,0.121485594415657,0.145177466786949,0.172707255710262,0.203875439130007,0.238044188713069,0.274117844095789,0.310647150789834,0.346051986290443,0.378895547698209,0.408112222690945,0.433117405043011,0.453788848090555,0.470360417976224,0.483284902488428,0.493109521071695,0.500385346362767,0.505613573264451,0.509221577824327,0.511558687350112,0.51290267227438,0.513470631264641,0.513430572651384,0.512911917623271,0.512014299569332,0.510814612371725,0.50937250201797,0.507734568105793,0.505937538958339,0.504010651920503,0.501977429732586,0.499857004065191,0.497665102453922,0.495414786338097,0.493117005532758,0.490781017402103,0.488414706218125,0.486024828711704,0.483617204848309,0.481196867751644,0.478768182969572,0.476334944560523,0.47390045350204,0.471467582484485,0.469038830104713,0.466616366709398,0.464202073577848,0.461797576723328,0.45940427628932,0.457023372293393,0.454655887305086,0.452302686519949,0.449964495598489,0.447641916568013,0.445335442031366,0.443045467884936,0.440772304715973,0.438516188023749,0.436277287388854,0.43405571469857,0.431851531522886,0.429664755724727,0.427495367378636,0.425343314064337,0.423208515594817,0.421090868232706,0.418990248443574,0.416906516230227,0.414839518088012,0.412789089617508,0.410755057827728,0.408737243159951,0.406735461259666,0.40474952452164,0.402779243430897,0.400824427720373,0.398884887364153,0.396960433423499,0.395050878761331,0.393156038639392,0.39127573121104,0.389409777921421,0.38755800382568,0.385720237834871,0.383896312898318,0.382086066130358,0.380289338888587,0.378505976810097,0.376735829811483,0.374978752057877,0.373234601905677,0.371503241823192,0.369784538292947,0.368078361699011,0.366384586202317,0.364703089606617,0.363033753217409,0.361376461695876,0.359731102909649,0.358097567781956,0.356475750140502,0.354865546567278,0.353266856250262,0.351679580837894,0.350103624297,0.348538892774777,0.346985294465288,0.345442739480869,0.343911139728713,0.342390408792856,0.340880461821712,0.339381215421224,0.337892587553687,0.336414497442212,0.334946865480786,0.333489613149854,0.332042662937293,0.330605938264658,0.329179363418544,0.327762863486887,0.326356364300032,0.324959792376371,0.323573074872364,0.322196139536722,0.320828914668579,0.31947132907941,0.318123312058532,0.316784793341954,0.3154557030844,0.314135971834293,0.312825530511533,0.311524310387863,0.310232243069659,0.308949260482971,0.307675294860646,0.306410278731385,0.305154144910572,0.303906826492736,0.302668256845515,0.301438369604992,0.300217098672265,0.299004378211162,0.297800142646965,0.296604326666066,0.295416865216444,0.294237693508868,0.293066747018765,0.291903961488644,0.290749272931031,0.289602617631839,0.288463932154097,0.287333153341998,0.286210218325202,0.28509506452335,0,-0.0148671059480359,-0.0144692103627589,-0.0141014135325811,-0.0137457714976738,-0.0133939089092327,-0.0130407457600542,-0.0126826663000697,-0.0123168688164403,-0.0119410679815621,-0.0115533221122378,-0.0111519151048488,-0.0107352675509478,-0.0103018656405389,-0.00985020157191213,-0.00937872137060161,-0.00888577709117511,-0.00836958093165363,-0.00782815905551623,-0.00725930298559069,-0.006660516348068,-0.00602895451347241,-0.00536135429315895,-0.00465395027454207,-0.00390237356638312,-0.00310152760554308,-0.0022454341494377,-0.00132704050893803,-0.00033797628275864,0.000731755905889864,0.00189417621489202,0.00316383721598298,0.00455848358725092,0.0060999098616952,0.00781507947070414,0.0097375876386314,0.0119095743313935,0.0143842207897846,0.01722899155823,0.0205298067812076,0.0243963329747254,0.0289685377138884,0.0344245168093834,0.0409892919720359,0.0489436721904927,0.0586312158373184,0.0704596749914996,0.0848910520941306,0.102412015659146,0.123475321837939,0.1484058611091,0.177275660476073,0.209772340749609,0.245109417297337,0.282037375635296,0.318990860103079,0.354347697044663,0.386713542588617,0.415129783368274,0.43914598662204,0.458765662346587,0.474318396107495,0.486316536390574,0.49533516745281,0.501930531278017,0.506595468145633,0.509742652195917,0.511705036277051,0.512744903525222,0.513065868206587,0.512824737078744,0.512141880655485,0.511109737563232,0.509799532497015,0.508266459937735,0.506553621939001,0.504694988048899,0.502717605388676,0.500643243142113,0.498489615268448,0.496271290978386,0.494000375023586,0.491687018594813,0.48933980557134,0.48696604691588,0.48457200719583,0.482163080748772,0.47974393029078,0.477318597329443,0.474890591245053,0.472462962087831,0.470038360819007,0.467619089762494,0.465207145332767,0.462804254591667,0.46041190681055,0.458031380936996,0.455663769660254,0.453310000617146,0.450970855166153,0.448646985071617,0.446338927374932,0.444047117679876,0.441771902040843,0.439513547612834,0.437272252198458,0.435048152808407,0.43284133333663,0.430651831439001,0.428479644693959,0.426324736114902,0.424187039076759,0.422066461712807,0.419962890832276,0.417876195404451,0.415806229650684,0.413752835781902,0.411715846415807,0.409695086704824,0.407690376203116,0.405701530498441,0.4037283626323,0.401770684329781,0.399828307058553,0.397901042934728,0.395988705491742,0.394091110326895,0.392208075638925,0.390339422668697,0.388484976054029,0.386644564108632,0.384818019034188,0.383005177073773,0.381205878614004,0.379419968242608,0.377647294767426,0.375887711202291,0.374141074724639,0.372407246609236,0.370686092141941,0.36897748051698,0.367281284720875,0.365597381405762,0.363925650754574,0.36226597634022,0.360618244980686,0.358982346591695,0.357358174038371,0.355745622987167,0.354144591759115,0.35255498118531,0.350976694465406,0.349409637029749,0.347853716405691,0.346308842088483,0.344774925417106,0.343251879455258,0.341739618877713,0.340238059862131,0.338747119986407,0.337266718131557,0.335796774390127,0.334337209980041,0.332887947163818,0.331448909173026,0.330020020137831,0.3286012050215,0.327192389559667,0.325793500204197,0.324404464071458,0.323025208894792,0.321655662981011,0.320295755170692,0.318945414802097,0.317604571678504,0.316273156038752,0.314951098530822,0.313638330188256,0.312334782409229,0.311040386938106,0.309755075849305,0.308478781533307,0.307211436684649,0.305952974291753,0.304703327628449,0.303462430247046,0.302230215972826,0.301006618899834,0.299791573387857,0.298585014060469,0.297386875804037,0.296197093767603,0.295015603363543,0.293842340268912,0.292677240427411,0.291520240051883,0.290371275627271,0.289230283913995,0.288097201951656,0.286971967063042,0.285854516858367,0,-0.0166163044144552,-0.0162369374900402,-0.0158914444317765,-0.0155598077134618,-0.0152330516174347,-0.014905855004034,-0.0145745483110251,-0.0142363804768081,-0.0138891740140976,-0.0135311262950477,-0.0131606780364142,-0.0127764182709783,-0.0123770114424116,-0.0119611386598468,-0.0115274480642832,-0.0110745107651387,-0.0106007796365249,-0.0101045487143781,-0.0095839111418245,-0.00903671363598468,-0.00846050532250997,-0.0078524785075004,-0.00720939851333319,-0.00652751906006901,-0.0058024787720255,-0.00502917315011631,-0.00420159466399855,-0.00331263133284732,-0.00235381107567084,-0.00131497494905936,-0.000183856793748716,0.00105446068026252,0.00241825330293403,0.00393007939619135,0.00561799032085478,0.00751711920418281,0.00967176571444214,0.0121381248938272,0.0149878387927197,0.0183125729426807,0.0222298187345099,0.0268900653343785,0.0324853136506107,0.0392585258665774,0.0475128770470288,0.0576184241290286,0.0700118855603591,0.0851827021596389,0.103636100133677,0.12582334444613,0.152034120939281,0.182259917042404,0.216060924563376,0.252493198857453,0.290156494594843,0.327386376961721,0.362544602078095,0.394304572614106,0.421830776725473,0.444810963234432,0.463368827710982,0.477919347574781,0.489023598712625,0.497275667921409,0.503230890219172,0.507370232984077,0.510090044019795,0.51170647185669,0.512466528981612,0.51256084897808,0.512135622409514,0.511302732957487,0.51014792291136,0.508737168163549,0.50712155653135,0.505340970769659,0.503426844177821,0.501404211038319,0.499293228518523,0.497110306281565,0.494868946696566,0.492580372240888,0.490253996590445,0.487897780838256,0.485518505138243,0.483121977885737,0.4807131985632,0.478296486021817,0.475875580802712,0.473453727802755,0.471033743921395,0.468618074112886,0.466208838386293,0.463807871652464,0.461416757846799,0.459036859411435,0.456669342966209,0.454315201809552,0.451975275750501,0.449650268668208,0.447340764116439,0.4450472392306,0.442770077148966,0.44050957812434,0.438265969474631,0.436039414499035,0.433830020468926,0.431637845788481,0.429462906408376,0.427305181566289,0.425164618919793,0.423041139130287,0.420934639950694,0.418844999864411,0.416772081318474,0.414715733589854,0.412675795320191,0.410652096751077,0.408644461689053,0.406652709226912,0.404676655245463,0.402716113717812,0.400770897836173,0.398840820979501,0.396925697538534,0.395025343613386,0.393139577597406,0.391268220659837,0.389411097138585,0.387568034853419,0.385738865348928,0.383923424075702,0.382121550517378,0.380333088270483,0.378557885083302,0.376795792859407,0.375046667630908,0.373310369505965,0.37158676259465,0.369875714916786,0.368177098295028,0.366490788236079,0.364816663802594,0.363154607478054,0.361504505026603,0.359866245349602,0.358239720340418,0.356624824738794,0.355021455985926,0.353429514081236,0.351848901441668,0.350279522764204,0.348721284892173,0.347174096685837,0.345637868897605,0.344112514052189,0.342597946331903,0.341094081467249,0.339600836632901,0.338118130349104,0.336645882388497,0.335184013688317,0.333732446267904,0.332291103151417,0.33085990829562,0.32943878652261,0.328027663457323,0.326626465469643,0.325235119620939,0.323853553614844,0.322481695752079,0.321119474889135,0.319766820400611,0.318423662145018,0.31708993043386,0.31576555600379,0.314450469991665,0.31314460391232,0.311847889638874,0.310560259385406,0.309281645691834,0.308011981410836,0.306751199696665,0.305499233995706,0.30425601803864,0.303021485834094,0.301795571663624,0.300578210077944,0.299369335894258,0.298168884194626,0.296976790325226,0.295792989896449,0.294617418783713,0.293450013128942,0.292290709342607,0.291139444106284,0.289996154375642,0.288860777383804,0.287733250645033,0.286613511958677,0,-0.0182599820133945,-0.0179093741566352,-0.0175902932448313,-0.0172844361443605,-0.016983310696794,-0.0166817969838951,-0.0163764014070009,-0.0160645621789193,-0.0157442997131901,-0.0154140101933922,-0.015072329978853,-0.0147180399229304,-0.0143499941374526,-0.0139670643673083,-0.0135680943822896,-0.0131518605527598,-0.012717035786596,-0.0122621545854644,-0.0117855772832238,-0.0112854516382426,-0.0107596699044862,-0.0102058193171476,-0.00962112359119055,-0.00900237252161862,-0.00834583605053341,-0.00764715816494471,-0.00690122462131809,-0.00610199663407868,-0.00524230014652802,-0.00431355689511714,-0.00330543887607893,-0.00220542162461271,-0.000998203402954423,0.000335053680548647,0.00181771919441329,0.00347900404856859,0.00535568573972386,0.0074943797243166,0.0099545205560533,0.0128122494216592,0.0161654278298403,0.0201399901345329,0.0248977716895517,0.0306457366126346,0.0376460684865421,0.0462257171442099,0.0567825206946231,0.0697828085254296,0.0857426050878309,0.10518214106159,0.1285436931518,0.15606978121776,0.187656349877043,0.222722461138434,0.260160903369264,0.298428303623561,0.335782146433072,0.370595443542648,0.401632741057539,0.428193909671646,0.450105128453165,0.467602308118054,0.481174666763071,0.491421475703249,0.498947794967278,0.504302891862859,0.507953101709415,0.510277351493317,0.511574878032549,0.512077810982289,0.511964382412875,0.511370773288677,0.510400937831539,0.509134401677497,0.50763228965029,0.505941905431126,0.50410017066775,0.502136187804985,0.500073141466085,0.497929706767535,0.49572109314783,0.493459820101685,0.491156296195575,0.488819253811289,0.486456077978661,0.484073057283373,0.481675577241234,0.479268270994647,0.476855138163805,0.474439639766326,0.472024775003185,0.469613144174414,0.467207000874141,0.464808295804404,0.462418713956404,0.460039706475956,0.45767251821279,0.455318211719775,0.452977688295148,0.450651706532046,0.448340898743225,0.44604578555608,0.443766788917813,0.441504243708201,0.439258408124593,0.4370294729781,0.434817570019594,0.432622779397888,0.430445136339236,0.428284637126434,0.426141244446796,0.424014892170623,0.421905489615317,0.419812925344659,0.417737070547925,0.415677782039182,0.413634904913335,0.411608274892105,0.40959772039007,0.407603064328176,0.405624125719659,0.40366072105107,0.401712665479055,0.399779773861721,0.397861861641674,0.395958745596337,0.394070244469698,0.392196179498367,0.390336374843665,0.388490657940345,0.386658859771608,0.384840815079138,0.383036362516073,0.381245344750071,0.37946760852293,0.377703004672603,0.375951388122844,0.374212617845235,0.372486556797798,0.370773071844024,0.369072033655683,0.367383316602454,0.365706798631055,0.364042361136255,0.362389888825876,0.360749269581616,0.359120394317327,0.357503156836147,0.355897453687706,0.354303184026461,0.35272024947204,0.351148553972364,0.349588003670172,0.348038506773464,0.346499973430291,0.344972315608212,0.343455446978675,0.341949282806512,0.340453739844647,0.338968736234114,0.337494191409382,0.336030026008975,0.334576161791345,0.33313252155589,0.331699029069032,0.330275608995213,0.328862186832663,0.327458688853783,0.326065042049979,0.324681174080749,0.323307013226859,0.32194248834741,0.320587528840603,0.319242064608023,0.317906026022234,0.316579343897524,0.315261949463587,0.313953774341978,0.312654750525172,0.311364810358034,0.310083886521557,0.308811912018694,0.307548820162144,0.306294544563932,0.305049019126658,0.303812178036266,0.302583955756218,0.301364287022949,0.300153106842496,0.298950350488171,0.297755953499207,0.296569851680261,0.295391981101696,0.29422227810055,0.293060679282119,0.291907121522079,0.290761541969076,0.289623878047733,0.288494067462003,0.287372048198815,0,-0.0198031408300661,-0.0194905033878727,-0.0192015473039431,-0.0189230477969272,-0.0186479499222365,-0.0183717521890943,-0.0180913633189677,-0.0178045483427707,-0.017509613751204,-0.0172052117690616,-0.0168902106132472,-0.0165636040735838,-0.0162244456818048,-0.0158717986217081,-0.0155046956966127,-0.0151221054880774,-0.0147229019239927,-0.0143058351192085,-0.0138695017122956,-0.0134123130831667,-0.0129324598442583,-0.0124278708732909,-0.0118961648996387,-0.0113345922539788,-0.0107399638108684,-0.0101085633467868,-0.00943603843020085,-0.00871726345486834,-0.0079461663841586,-0.00711550800341218,-0.00621659872326198,-0.00523893289709676,-0.00416971375975665,-0.00299323288212276,-0.0016900557469209,-0.000235948840387454,0.00139953736451098,0.00325494169799596,0.00537936614173476,0.00783573065086497,0.0107050244485299,0.0140917914281158,0.0181310720071938,0.0229969248792527,0.0289123888127274,0.0361601870983768,0.0450924405205864,0.0561359287481007,0.0697869141870411,0.0865865185340477,0.107065409700332,0.131648064704976,0.160516664452414,0.193456297461288,0.229732704195079,0.268073207721825,0.306803506796677,0.344127337285877,0.378456533496768,0.408667394336285,0.434203389461346,0.455025957620795,0.47147341749576,0.484097732208963,0.493526414222315,0.500368391710676,0.505162594360362,0.508358651379247,0.510317425106148,0.511321391728499,0.511588313006694,0.511284646942134,0.510537177352037,0.509442471961176,0.50807429710616,0.506489300458887,0.504731301875095,0.502834500723441,0.500825857760148,0.498726857841257,0.496554813261211,0.494323828684564,0.49204551778651,0.489729538030766,0.487383992237838,0.485015732444972,0.482630591910643,0.480233564075341,0.477828942170091,0.475420429449742,0.473011227337146,0.470604106815641,0.468201466995189,0.465805383752901,0.463417650603615,0.461039813413034,0.458673200168668,0.456318946732225,0.453978019282111,0.451651233995453,0.449339274400413,0.447042706740637,0.444761993626525,0.442497506196933,0.440249534975637,0.438018299576531,0.435803957387627,0.433606611345058,0.43142631689311,0.429263088213952,0.427116903800626,0.424987711438347,0.422875432652058,0.420779966672052,0.418701193964229,0.416638979366946,0.414593174872393,0.412563622086847,0.410550154400956,0.408552598898373,0.406570778028461,0.404604511066477,0.40265361538253,0.400717907538706,0.398797204231985,0.396891323099024,0.395000083397385,0.393123306576511,0.391260816750501,0.38941244108366,0.387578010098766,0.385757357917084,0.383950322438308,0.382156745467817,0.380376472797957,0.378609354249378,0.376855243677873,0.375113998951632,0.373385481903301,0.371669558260816,0.369966097560535,0.368274973045824,0.366596061553912,0.364929243393513,0.363274402215408,0.361631424877952,0.360000201309187,0.358380624367082,0.356772589699177,0.355175995602749,0.353590742886477,0.352016734734397,0.350453876572851,0.348902075940994,0.347361242365323,0.345831287238597,0.344312123703451,0.342803666540904,0.341305832063931,0.339818538016183,0.338341703475906,0.336875248765066,0.335419095363636,0.333973165828998,0.332537383720349,0.33111167352801,0.329695960607495,0.328290171118199,0.326894231966543,0.325508070753398,0.324131615725622,0.322764795731522,0.321407540180052,0.320059779003574,0.318721442623986,0.317392461922024,0.316072768209585,0.314762293204858,0.313460969010111,0.312168728091958,0.310885503263934,0.309611227671239,0.308345834777469,0.30708925835321,0.305841432466348,0.304602291473958,0.303371770015643,0.302149803008207,0.300936325641541,0.299731273375616,0.298534581938487,0.297346187325194,0.296166025797483,0.294994033884256,0.293830148382677,0.29267430635985,0.291526445155006,0.290386502382129,0.289254415932965,0.288130123980354,0,-0.0212540531536551,-0.0209856856454827,-0.0207296021233362,-0.0204795623489022,-0.020230595619426,-0.0199791556813428,-0.0197227527911988,-0.0194596028693447,-0.0191883773922351,-0.0189080345350601,-0.018617704686773,-0.0183166110707462,-0.0180040129844872,-0.0176791635967918,-0.01734127697736,-0.0169895007273568,-0.0166228916312999,-0.0162403923943359,-0.0158408079012385,-0.0154227796154173,-0.0149847567745591,-0.0145249629575452,-0.0140413564008581,-0.0135315821229255,-0.0129929134487571,-0.0124221798763441,-0.0118156773335672,-0.0111690556588368,-0.0104771764878227,-0.00973393248759011,-0.00893201583695689,-0.00806261972208022,-0.0071150510167499,-0.00607622474417414,-0.00493000072396829,-0.00365630919297018,-0.00222999421847203,-0.000619280434250358,0.00121626070772728,0.0033284042842789,0.00578382318017073,0.00866873250989933,0.0120948824828719,0.0162071288971356,0.0211926830723824,0.0272918189845172,0.0348091435076854,0.0441233066687218,0.0556910211097619,0.0700384070541447,0.0877294657227333,0.109299625976872,0.135145424273253,0.165374500162851,0.199645930771644,0.237062117955805,0.27618682930283,0.315231505390932,0.352372943357734,0.386088495879064,0.415383336142115,0.439848677700435,0.45957509877818,0.474992246681417,0.486703402190237,0.495355143740188,0.501554124289077,0.50582550467301,0.508600737466079,0.510222351187235,0.510956414073989,0.511006924950493,0.510529221615941,0.509641297278852,0.508432856025794,0.506972337666201,0.505312262412185,0.50349324489094,0.501546982540743,0.499498468344282,0.497367624922068,0.495170511054747,0.49292021415166,0.49062751277824,0.488301371008602,0.485949309717731,0.48357768766635,0.481191916267016,0.478796625394688,0.476395792869293,0.473992846807752,0.471590747560838,0.469192054154308,0.466798978853053,0.46441343252351,0.4620370627836,0.459671286429324,0.457317317261354,0.454976190166296,0.452648782109179,0.4503358305469,0.448037949662814,0.445755644740561,0.443489324933093,0.441239314635589,0.439005863634537,0.436789156177055,0.434589319082317,0.432406428999349,0.430240518901332,0.428091583894966,0.425959586414021,0.423844460858191,0.421746117731723,0.419664447330524,0.417599323021506,0.41555060415361,0.413518138636155,0.411501765216776,0.409501315488228,0.407516615650635,0.405547488053344,0.403593752538351,0.401655227605288,0.399731731416155,0.397823082656347,0.395929101267026,0.394049609062531,0.392184430245277,0.390333391829441,0.388496323983718,0.386673060302457,0.38486343801363,0.383067298131282,0.381284485559392,0.379514849153393,0.377758241745003,0.376014520135453,0.374283545061687,0.372565181139644,0.370859296788306,0.369165764137798,0.367484458924486,0.365815260375673,0.364158051086216,0.362512716889103,0.360879146721798,0.35925723248992,0.357646868929635,0.356047953469965,0.354460386096015,0.352884069214018,0.351318907518928,0.349764807865184,0.348221679141167,0.346689432147744,0.345167979481259,0.343657235421201,0.342157115822741,0.340667538014269,0.339188420700001,0.337719683867681,0.336261248701375,0.334813037499298,0.333374973596614,0.331946981293099,0.330528985785555,0.329120913104833,0.327722690057312,0.326334244170687,0.324955503643878,0.323586397300902,0.322226854548512,0.320876805337442,0.319536180127051,0.318204909853214,0.316882925899252,0.315570160069744,0.314266544567038,0.3129720119703,0.311686495216922,0.310409927586152,0.309142242684767,0.307883374434674,0.306633257062257,0.305391825089369,0.304159013325826,0.302934756863279,0.301718991070354,0.300511651588939,0.299312674331522,0.298121995479483,0.296939551482242,0.295765279057182,0.294599115190249,0.293440997137179,0.292290862425258,0.291148648855558,0.290014294505593,0.288887737732324,0,-0.0226230367873906,-0.0224013035798371,-0.0221794807993566,-0.0219583057116236,-0.0217351425366439,-0.0215076214498803,-0.0212740078163291,-0.0210330682673752,-0.0207839022123307,-0.0205258120037586,-0.0202582116667536,-0.0199805636769524,-0.0196923345531121,-0.0193929626281119,-0.0190818334309753,-0.0187582595318099,-0.0184214626269716,-0.0180705562227672,-0.0177045276186159,-0.0173222180637814,-0.0169223000076604,-0.0165032503047115,-0.0160633180790352,-0.0156004856953224,-0.0151124209053999,-0.0145964177130291,-0.014049322778743,-0.0134674432065306,-0.0128464302244185,-0.0121811314659525,-0.0114654021068373,-0.0106918617752784,-0.00985157961739332,-0.00893366373428194,-0.0079247228540584,-0.00680815684041743,-0.00556321758067686,-0.00416376191545637,-0.002576592532195,-0.000759250415046653,0.00134291620442832,0.00380062374838297,0.00670572163360464,0.0101777293249258,0.0143720742502704,0.0194901003853115,0.025790520582862,0.0336011798716837,0.0433285478023047,0.0554600394035304,0.0705510795370459,0.0891855003258876,0.111896628496564,0.139041622372336,0.170638610087207,0.20620620284566,0.244676276356382,0.284455399757161,0.323661520030466,0.36047277155853,0.393456810118867,0.421760848446994,0.44512411989326,0.463757821435913,0.478171109911226,0.489007561412995,0.496924556431123,0.502521285124802,0.506306476243329,0.50869245507058,0.510003451477885,0.510489630678576,0.510341892924993,0.509705118891643,0.508689103026857,0.507377184651177,0.505832884029916,0.504104919545926,0.502230958271666,0.500240398591639,0.498156425389429,0.495997525135519,0.493778603267451,0.491511810175794,0.489207154209875,0.486872959098656,0.484516207612113,0.482142801870063,0.479757762381149,0.477365381848594,0.474969345398804,0.47257282572012,0.470178559308164,0.467788908357705,0.465405911641663,0.463031326848078,0.460666666213488,0.458313226830036,0.455972116666262,0.453644277093672,0.451330502528312,0.449031457660895,0.446747692647832,0.444479656559507,0.44222770932461,0.439992132365489,0.437773138085685,0.435570878344566,0.433385452033304,0.431216911850044,0.429065270358847,0.426930505406252,0.424812564960365,0.422711371429954,0.420626825514732,0.418558809632621,0.416507190965127,0.414471824157892,0.412452553709917,0.410449216081778,0.40846164155033,0.406489655834851,0.404533081517331,0.402591739277497,0.400665448961365,0.398754030500349,0.396857304696477,0.394975093887812,0.393107222506921,0.39125351754406,0.38941380892567,0.387587929817804,0.385775716863211,0.383977010359996,0.382191654388993,0.380419496896356,0.378660389737194,0.376914188685536,0.375180753415374,0.373459947457056,0.371751638132858,0.370055696475166,0.36837199713034,0.366700418250974,0.365040841378994,0.363393151321734,0.361757236022876,0.360132986429934,0.358520296359728,0.356919062363111,0.355329183590053,0.353750561656015,0.352183100510418,0.350626706307873,0.349081287282745,0.347546753627507,0.346023017375251,0.344509992286651,0.3430075937416,0.341515738635671,0.340034345281505,0.338563333315188,0.337102623607609,0.335652138180802,0.33421180012918,0.332781533545616,0.331361263452231,0.32995091573579,0.328550417087558,0.327159694947456,0.325778677452377,0.324407293388468,0.323045472147234,0.321693143685258,0.320350238487384,0.319016687533176,0.317692422266465,0.316377374567836,0.315071476729855,0.313774661434887,0.312486861735335,0.311208011036142,0.3099380430794,0.308676891930925,0.307424491968647,0.306180777872689,0.304945684616996,0.303719147462394,0.302501101950958,0.30129148390159,0.300090229406679,0.298897274829767,0.297712556804102,0.296536012232009,0.295367578284991,0.294207192404479,0.293054792303158,0.291910315966801,0.290773701656551,0.289644887911584,0,-0.0239210354269906,-0.0237443084436081,-0.0235566027202014,-0.023363857820259,-0.0231656417170549,-0.0229608559188781,-0.0227486175507101,-0.022528311409008,-0.0222995064050662,-0.0220618720345397,-0.0218151161838781,-0.0215589420976605,-0.0212930189472431,-0.0210169612187297,-0.0207303134225451,-0.0204325376683322,-0.0201230023728907,-0.0198009708353251,-0.0194655886904229,-0.0191158693897206,-0.0187506768931688,-0.0183687047015333,-0.0179684502276104,-0.0175481832897886,-0.0171059072014868,-0.0166393105011377,-0.0161457067837774,-0.0156219593052317,-0.0150643859606712,-0.0144686387899173,-0.0138295501929171,-0.0131409353587711,-0.0123953367591843,-0.0115836915782143,-0.0106948961709168,-0.00971523244075219,-0.00862760860109196,-0.00741055015916958,-0.00603685501102008,-0.00447179815788812,-0.00267073604324396,-0.000575918394570857,0.00188772983311668,0.00481813280043339,0.00834318236754919,0.0126296808899276,0.0178941332360052,0.0244149298742887,0.032544501017818,0.0427183229146127,0.0554550012858094,0.07133814931316,0.0909674550576669,0.114866040234984,0.143339040430584,0.176299677881077,0.213112942386016,0.252536425670559,0.29283044153497,0.332043687069413,0.368384278697965,0.400532152014571,0.427785543717322,0.450028484943198,0.467582451712715,0.481024027155564,0.491026723862879,0.498251443248018,0.503285641763621,0.506619639204658,0.508646121127659,0.509671295055993,0.509930038439766,0.509600851956516,0.50881881818931,0.507686103662886,0.506280155371925,0.504659954825205,0.502870720726952,0.500947410330547,0.498917309447043,0.496801941307227,0.494618471756231,0.492380744664293,0.49010004696532,0.487785676360768,0.485445365003368,0.483085597937677,0.480711854449436,0.47832879274856,0.475940392808454,0.473550068131154,0.471160754278792,0.468774979896022,0.466394924418577,0.46402246555622,0.461659218835446,0.459306570903604,0.456965707870298,0.454637639650349,0.452323221043536,0.450023170117275,0.44773808433283,0.445468454761966,0.443214678670476,0.440977070691663,0.438755872772091,0.436551263040518,0.434363363726442,0.43219224823545,0.43003794747319,0.42790045549745,0.425779734567709,0.423675719653169,0.421588322453311,0.419517434979098,0.417462932737844,0.415424677560458,0.413402520105856,0.411396302074057,0.409405858156413,0.407431017748828,0.405471606451394,0.403527447375748,0.401598362279503,0.399684172545356,0.397784700020899,0.395899767733661,0.394029200494651,0.392172825402428,0.390330472258616,0.388501973904825,0.386687166489964,0.384885889676129,0.383097986790474,0.381323304929748,0.37956169502358,0.377813011861952,0.376077114091811,0.374353864187239,0.372643128397177,0.37094477667427,0.369258682588027,0.36758472322515,0.365922779079575,0.364272733934462,0.362634474738139,0.361007891475746,0.35939287703812,0.35778932708926,0.35619713993354,0.354616216383674,0.35304645963029,0.351487775113848,0.34994007039951,0.348403255055465,0.346877240535134,0.345361940063571,0.343857268528324,0.342363142374933,0.340879479507218,0.339406199192398,0.337943221971125,0.336490469572379,0.335047864833224,0.33361533162334,0.332192794774248,0.330780180013111,0.329377413900987,0.327984423775405,0.32660113769708,0.32522748440065,0.323863393249233,0.322508794192647,0.321163617729126,0.319827794870353,0.31850125710963,0.317183936393023,0.315875765093309,0.314576675986557,0.313286602231183,0.312005477349318,0.310733235210335,0.309469810016402,0.308215136289888,0.306969148862515,0.305731782866114,0.304502973724852,0.303282657148828,0.302070769128907,0.300867245932697,0.299672024101563,0.298485040448584,0.297306232057366,0.29613553628161,0.294972890745378,0.293818233343968,0.292671502245329,0.291532635891962,0.290401573003234,0,-0.0251581766482425,-0.0250217443367398,-0.0248665269745617,-0.0247008826050854,-0.0245261776293531,-0.0243425656550082,-0.0241500516305589,-0.0239486687106231,-0.023738471778302,-0.0235195026558391,-0.0232917604271777,-0.0230551812458436,-0.022809625632361,-0.0225548705354434,-0.0222906039335933,-0.0220164203642807,-0.0217318162397158,-0.0214361841212888,-0.0211288053075806,-0.0208088401737485,-0.0204753157049763,-0.0201271096062461,-0.0197629302493767,-0.0193812915330258,-0.0189804814716217,-0.0185585229762332,-0.0181131248155552,-0.0176416201071904,-0.0171408888301503,-0.0166072596881102,-0.0160363850774671,-0.0154230807702465,-0.0147611189972053,-0.0140429596212959,-0.0132593986333209,-0.0123991057546436,-0.0114480128057153,-0.0103885008115786,-0.00919831548860751,-0.00784911657371784,-0.00630453525326993,-0.00451757507692138,-0.00242714607216857,4.65263182677367e-05,0.00300791477209988,0.00659392770959386,0.0109835921538707,0.0164096464458949,0.0231714221432058,0.0316472522490561,0.0423026635660432,0.0556875949966179,0.0724120809752874,0.0930866776940892,0.118214938977403,0.148036280215272,0.182343620248015,0.22033709785756,0.260600192402499,0.301262403561272,0.340330080743362,0.376069231606755,0.40729053993338,0.433448078339994,0.454564447522323,0.471059817291416,0.483566253376537,0.492777693265059,0.499352282053472,0.503862325508151,0.506778357609609,0.508473273225882,0.5092357194989,0.509285976828994,0.508790860300812,0.507876299449229,0.506637378358385,0.505146096382518,0.503457251061742,0.501612840970088,0.49964533244607,0.497580069914323,0.495437049163776,0.493232221223851,0.490978452476356,0.488686233851612,0.486364207099161,0.484019557650438,0.481658310031645,0.479285551903275,0.476905605630706,0.47452216109845,0.472138379728661,0.469756976955374,0.467380288449961,0.465010323979774,0.462648811759026,0.460297235408954,0.457956865104728,0.455628784092861,0.453313911474599,0.451013021938827,0.448726762971352,0.446455669951154,0.444200179457205,0.44196064104407,0.439737327694899,0.437530445122491,0.435340140059839,0.433166507658769,0.431009598097255,0.42886942248168,0.42674595811872,0.424639153222034,0.422548931111156,0.420475193953369,0.418417826093823,0.416376697014353,0.414351663957362,0.412342574247508,0.410349267340772,0.408371576627677,0.40640933101492,0.404462356307435,0.402530476410875,0.400613514372703,0.398711293278394,0.396823637017788,0.394950370935237,0.393091322375979,0.391246321140005,0.389415199853686,0.387597794268456,0.385793943494992,0.384003490180552,0.382226280636391,0.380462164921531,0.378710996888545,0.376972634196471,0.375246938295446,0.37353377438722,0.371833011365251,0.370144521737719,0.368468181536429,0.366803870214261,0.365151470533524,0.363510868447294,0.3618819529756,0.36026461607806,0.358658752524397,0.357064259764075,0.355481037796115,0.353908989040028,0.352348018208632,0.350798032183429,0.349258939893096,0.34773065219554,0.34621308176389,0.344706142976716,0.343209751812691,0.341723825749873,0.340248283669687,0.338783045765685,0.337328033457104,0.335883169307189,0.334448376946239,0.333023580999315,0.33160870701849,0.330203681419542,0.328808431422956,0.327422884999097,0.326046970817386,0.324680618199343,0.323323757075317,0.321976317944739,0.320638231839729,0.319309430291892,0.317989845302125,0.316679409313274,0.31537805518547,0.314085716173997,0.312802325909516,0.311527818380507,0.310262127917767,0.309005189180842,0.307756937146231,0.306517307097257,0.305286234615447,0.304063655573333,0.302849506128542,0.301643722719068,0.300446242059632,0.299257001139012,0.298075937218278,0.296902987829831,0.295738090777161,0.294581184135264,0.293432206251628,0.29229109574773,0.291157791520985,0,-0.0263428855623707,-0.0262403274777006,-0.0261146963237837,-0.0259739532625723,-0.0258207427074962,-0.0256563648786848,-0.0254816909229788,-0.0252973936944967,-0.0251040036132352,-0.0249019209458278,-0.0246914196304231,-0.0244726510441774,-0.0242456487776996,-0.0240103337423929,-0.0237665187527675,-0.0235139118997948,-0.0232521182260561,-0.0229806393494096,-0.0226988707519431,-0.0224060964638808,-0.0221014808368035,-0.0217840570222252,-0.0214527116508736,-0.0211061650408087,-0.0207429460393854,-0.0203613603094969,-0.019959450481361,-0.0195349460742338,-0.0190852004014805,-0.0186071107428291,-0.0180970168100033,-0.0175505708225534,-0.0169625701789845,-0.0163267405196373,-0.0156354526115546,-0.0148793505071987,-0.0140468602569163,-0.0131235373264991,-0.0120911958142322,-0.0109267423971587,-0.00960061135127929,-0.00807466277399072,-0.00629936374217469,-0.00421002287774193,-0.0017217981945945,0.00127683968336545,0.00493250129977442,0.00943733307228856,0.0150414183577548,0.0220663051423262,0.0309174916471803,0.0420914104682225,0.0561690608740565,0.0737843933104646,0.0955527594459653,0.121947542931881,0.153127912562504,0.188751573333486,0.227845130986589,0.268822409481424,0.309701709414744,0.348475619819084,0.383494177979871,0.413713304394502,0.438743759785361,0.458738042868293,0.474202720282542,0.485813861210955,0.494277279816433,0.500243072747889,0.504265754010729,0.506795208611353,0.5081846812464,0.508705858698777,0.508565162005779,0.507918434374432,0.506883076119334,0.505547606244635,0.503978992933194,0.502228179180998,0.500334201455134,0.49832723642449,0.496230844120553,0.494063615823411,0.491840384640827,0.489573116499349,0.487271568192733,0.484943775759226,0.482596419181567,0.480235096766323,0.477864533371016,0.475488739990144,0.473111137397953,0.470734653070642,0.468361798102961,0.465994729024219,0.463635298110965,0.46128509484712,0.458945480495674,0.456617617246574,0.454302493040809,0.452000942903638,0.449713667423357,0.447441248866697,0.445184165313995,0.442942803116413,0.440717467916717,0.438508394428878,0.436315755136488,0.434139668042587,0.431980203582265,0.4298373907925,0.427711222820309,0.425601661839394,0.423508643436618,0.42143208052223,0.419371866811644,0.41732787992131,0.415299984116734,0.413288032746821,0.411291870395333,0.409311334777256,0.407346258405227,0.405396470048813,0.403461796007325,0.401542061214942,0.399637090195209,0.397746707880413,0.39587074030993,0.39400901522037,0.392161362539151,0.390327614792091,0.388507607434616,0.386701179115328,0.384908171879807,0.38312843132184,0.381361806688554,0.379608150945318,0.377867320805701,0.376139176731289,0.374423582905625,0.372720407186166,0.371029521037711,0.369350799450397,0.367684120845048,0.366029366968331,0.364386422779909,0.362755176333547,0.361135518653849,0.359527343610158,0.357930547788901,0.356345030365544,0.35477069297712,0.353207439596182,0.351655176406896,0.350113811683887,0.348583255674312,0.347063420483606,0.345554219965194,0.344055569614448,0.342567386467071,0.341089589002042,0.339622097049207,0.338164831701557,0.336717715232197,0.335280671015975,0.333853623455715,0.332436497912962,0.331029220643154,0.329631718735095,0.328243920054584,0.326865753192078,0.32549714741423,0.324138032619132,0.322788339295124,0.321447998482981,0.320116941741331,0.318795101115124,0.317482409107,0.31617879865138,0.314884203091129,0.313598556156638,0.312321791947157,0.311053844914253,0.309794649847235,0.308544141860406,0.307302256382027,0.30606892914485,0.304844096178112,0.303627693800854,0.30241965861648,0.301219927508438,0.300028437636927,0.298845126436541,0.297669931614748,0.29650279115114,0.295343643297367,0.294192426577677,0.29304907979001,0.291913542007568,0,-0.0274814908397534,-0.0274061257835428,-0.027306203594008,-0.0271873855955742,-0.0270531176144022,-0.0269056885106986,-0.0267467637775594,-0.0265776098484063,-0.0263991954791042,-0.0262122464610211,-0.0260172816908416,-0.0258146404708461,-0.0256045044532631,-0.0253869154395799,-0.025161789526375,-0.0249289278592991,-0.0246880241738218,-0.0244386692522282,-0.024180352375129,-0.0239124597811313,-0.0236342700661072,-0.023344946350801,-0.0230435249184542,-0.0227288998667026,-0.0223998031210198,-0.0220547789070523,-0.0216921514572164,-0.0213099843061861,-0.0209060289732994,-0.0204776600860105,-0.0200217929961931,-0.0195347785818311,-0.0190122680741983,-0.0184490382168763,-0.0178387635890431,-0.0171737181572885,-0.0164443815777788,-0.0156389168121197,-0.0147424734050618,-0.0137362542337614,-0.0125962613924851,-0.0112916077179483,-0.00978224305021051,-0.00801589826768576,-0.00592399730742509,-0.00341623472561958,-0.000373481062906106,0.00336130314410002,0.00799432098146109,0.0137941442459178,0.0211058089332668,0.0303631559496828,0.042094140118825,0.0569100599090655,0.0754654543886879,0.0983732618330313,0.126064922988337,0.158604300190449,0.195500003854215,0.235599550532579,0.277156026691239,0.31809977202776,0.356438827265606,0.390630727706281,0.419786906197152,0.443672079852003,0.462558119056137,0.477025450910062,0.487783379780115,0.495542069859478,0.500939213754699,0.504509582222046,0.506681979082978,0.507790368604162,0.508090175220024,0.507774722458603,0.506989583543569,0.505844227157076,0.504421094922107,0.502782512288384,0.500975872716928,0.499037488266815,0.49699543071955,0.494871619586861,0.492683354206897,0.490444438493513,0.488166008509508,0.485857143674899,0.483525320484488,0.481176751466215,0.478816640339132,0.476449375787107,0.474078680083206,0.471707724335258,0.469339218902076,0.466975485206462,0.464618513494641,0.462270009880359,0.459931435135053,0.457604037049162,0.455288877726545,0.452986856835881,0.450698731594947,0.448425134081286,0.446166586327662,0.443923513560324,0.441696255862858,0.439485078491738,0.43729018102662,0.435111705505425,0.43294974366874,0.430804343418086,0.428675514576897,0.426563234030394,0.424467450310393,0.422388087682709,0.420325049787908,0.418278222880361,0.416247478705602,0.414232677051806,0.412233668007502,0.410250293954482,0.408282391322016,0.406329792126028,0.404392325314633,0.402469817939467,0.40056209617044,0.39866898616994,0.396790314841025,0.394925910462854,0.393075603225361,0.391239225674105,0.389416613075208,0.387607603709401,0.38581203910334,0.384029764205593,0.382260627514029,0.380504481160658,0.378761180959423,0.377030586421887,0.37531256074529,0.373606970776971,0.371913686958789,0.370232583254746,0.368563537064725,0.36690642912691,0.365261143411178,0.36362756700551,0.362005589997202,0.360395105350467,0.358796008781814,0.357208198634403,0.355631575752441,0.354066043356502,0.352511506920556,0.350967874051355,0.349435054370718,0.347912959401178,0.346401502455347,0.344900598529287,0.343410164200127,0.341930117528064,0.340460377962886,0.339000866255055,0.337551504371394,0.336112215415359,0.334682923551855,0.333263553936533,0.331854032649473,0.330454286633157,0.329064243634603,0.327683832151522,0.326312981382373,0.324951621180141,0.323599682009704,0.32225709490861,0.320923791451123,0.319599703715359,0.318284764253352,0.316978906063904,0.315682062568043,0.314394167586944,0.313115155322161,0.311844960338017,0.310583517546016,0.309330762191145,0.308086629839911,0.306851056370011,0.305623977961495,0.304405331089322,0.303195052517187,0.301993079292508,0.300799348742491,0.299613798471162,0.298436366357287,0.297266990553093,0.29610560948371,0.294952161847259,0.293806586615518,0.292668823035093,0,-0.0285784721028565,-0.0285243577078936,-0.0284455960125575,-0.0283450906400529,-0.0282267650304221,-0.0280937161905332,-0.0279482915930479,-0.0277922714653144,-0.0276270008800083,-0.0274534805078489,-0.0272724317916208,-0.0270843459101278,-0.0268895215592295,-0.0266880943719688,-0.0264800597113875,-0.0262652899944863,-0.026043547365627,-0.025814492310295,-0.0255776886293937,-0.0253326050516175,-0.0250786136305845,-0.0248149849435559,-0.0245408799711961,-0.0242553383847162,-0.0239572627883367,-0.0236453982492445,-0.0233183061779691,-0.0229743312776039,-0.0226115598307091,-0.0222277669971229,-0.0218203499977941,-0.021386242981005,-0.0209218078998272,-0.0204226937235454,-0.0198836535540221,-0.0192983054353941,-0.018658817441777,-0.0179554904737622,-0.0171762023837461,-0.0163056636590275,-0.0153244167540982,-0.0142074868885604,-0.0129225602221573,-0.011427524542094,-0.00966715777355602,-0.0075686933370373,-0.00503593727976399,-0.00194158101597409,0.00188261106887258,0.00665787498839321,0.0126724373140499,0.0202960713006115,0.0299920191756768,0.0423200809870115,0.0579205299352754,0.0774642675387229,0.101553449352807,0.130564753695636,0.164451507743486,0.202560949019797,0.243559569325794,0.285553066562705,0.326409932928732,0.364182422709551,0.397455655122164,0.425502632361661,0.448236204066594,0.466035806760732,0.479543350265592,0.48949148934026,0.496588243863819,0.501455414069986,0.504606676514642,0.506449675749719,0.507299640415446,0.507396495506299,0.506921235165122,0.506009844206426,0.504764427755545,0.503261807496352,0.501560027212523,0.49970321258158,0.497725169895886,0.495652035556948,0.493504220343077,0.491297834711009,0.489045734639688,0.486758291035705,0.484443958046464,0.482109695068651,0.479761282168193,0.477403557663146,0.475040598677277,0.47267585973083,0.470312280291537,0.467952369221033,0.465598271897307,0.463251824239122,0.460914596734916,0.458587930765216,0.456272968917095,0.453970680559221,0.451681883631935,0.44940726337637,0.44714738855687,0.444902725605292,0.442673651022191,0.440460462299762,0.438263387578542,0.436082594209589,0.43391819636306,0.431770261800174,0.429638817906874,0.427523857072705,0.425425341486621,0.423343207411822,0.4212773689939,0.419227721650055,0.417194145081658,0.41517650594782,0.413174660233638,0.411188455343336,0.409217731945513,0.407262325595078,0.405322068154054,0.403396789031408,0.401486316260128,0.399590477428125,0.39770910047799,0.395842014389277,0.393989049755724,0.392150039268686,0.390324818117039,0.388513224312847,0.38671509895123,0.384930286412109,0.383158634510749,0.381399994603393,0.379654221653661,0.377921174264857,0.3762007146828,0.374492708773368,0.372797025978478,0.371113539253893,0.369442124991854,0.367782662931225,0.366135036057566,0.364499130495248,0.362874835393503,0.361262042808082,0.359660647579965,0.358070547212429,0.356491641747555,0.354923833643175,0.353367027651048,0.351821130696997,0.350286051763587,0.348761701775845,0.347247993490421,0.345744841388521,0.344252161572872,0.342769871668897,0.34129789073026,0.339836139148849,0.338384538569254,0.336943011807753,0.335511482775774,0.334089876407782,0.332678118593535,0.331276136114586,0.329883856584951,0.328501208395794,0.327128120664018,0.325764523184587,0.324410346386474,0.323065521292035,0.321729979479687,0.320403653049706,0.319086474593012,0.317778377162756,0.316479294248578,0.315189159753359,0.313907907972343,0.312635473574455,0.311371791585697,0.310116797374466,0.30887042663867,0.307632615394518,0.306403299966856,0.305182416980923,0.303969903355434,0.302765696296871,0.301569733294887,0.300381952118721,0.299202290814542,0.298030687703619,0.296867081381261,0.295711410716436,0.294563614851997,0.29342363320546,0,-0.0296370637144073,-0.0295992911536466,-0.0295367257403112,-0.0294504554708133,-0.0293447436923643,-0.0292233120237137,-0.0290890470003441,-0.0289441347293709,-0.0287902132674964,-0.0286284922701779,-0.0284598426693383,-0.0282848641824161,-0.028103936671155,-0.0279172594554281,-0.0277248813790598,-0.027526723576992,-0.027322596332743,-0.0271122110293836,-0.0268951879180802,-0.0266710602136905,-0.0264392748503099,-0.0261991900733375,-0.0259500698958109,-0.0256910752949709,-0.0254212518601319,-0.0251395134136451,-0.0248446208991471,-0.0245351555473633,-0.0242094849654048,-0.0238657203180851,-0.0235016621345167,-0.0231147314183639,-0.0227018815801337,-0.022259485126218,-0.0217831868676312,-0.0212677124239678,-0.0207066166813436,-0.0200919511875585,-0.0194138216515526,-0.0186597959812268,-0.0178141086325593,-0.0168565871838229,-0.0157612004930959,-0.0144940929752153,-0.0130109252340384,-0.0112532876290694,-0.00914389381171815,-0.00658020655266374,-0.0034261233889301,0.00049859358316158,0.00543122372673895,0.0116808266048812,0.0196431179806992,0.0298116433136457,0.0427780190551128,0.0592095306399616,0.0797882522168119,0.105096036222855,0.135441115060283,0.170651309591914,0.209902383159894,0.25168186053579,0.293965585071414,0.33458829088528,0.371673738935897,0.403950840945709,0.43085620051486,0.452442443614713,0.469184021478639,0.481772426402601,0.490954769280908,0.497431437350969,0.501805635242567,0.504569107333892,0.506108545494146,0.506721116405702,0.506632046604028,0.506010761508304,0.504984312763243,0.503647978602659,0.502073388072916,0.500314637983372,0.498412846009777,0.496399513550114,0.494298997016232,0.492130319133887,0.4899084958368,0.487645509605116,0.485351025525718,0.483032920318129,0.480697675323812,0.478350670391875,0.475996405382235,0.473638668618493,0.471280666287342,0.468925122933038,0.466574360421402,0.464230360747718,0.461894816619491,0.459569172701818,0.457254659657418,0.454952322564573,0.452663044896388,0.450387568952542,0.448126513420107,0.445880388581919,0.443649609573731,0.441434508004088,0.439235342185353,0.437052306174862,0.434885537787536,0.432735125712392,0.430601115842968,0.428483516914166,0.426382305524117,0.424297430608542,0.422228817426104,0.420176371105825,0.418139979801531,0.416119517493113,0.414114846470056,0.412125819528892,0.410152281913019,0.40819407302048,0.406251027902782,0.404322978575653,0.40240975516063,0.400511186874633,0.398627102883076,0.396757333030638,0.394901708462528,0.393060062147881,0.391232229315891,0.389418047814266,0.387617358398748,0.385830004961609,0.384055834706284,0.382294698274666,0.38054644983292,0.378810947121148,0.377088051471709,0.375377627800504,0.373679544575141,0.371993673763471,0.370319890765625,0.368658074332383,0.367008106472351,0.365369872350206,0.363743260177961,0.362128161101023,0.360524469080573,0.358932080773623,0.35735089541193,0.355780814680802,0.354221742598665,0.352673585398153,0.351136251409372,0.349609650945866,0.348093696193734,0.346588301104266,0.345093381290382,0.343608853927103,0.342134637656215,0.340670652495247,0.339216819750822,0.337773061936429,0.336339302694588,0.3349154667234,0.333501479707399,0.332097268252643,0.330702759825945,0.329317882698111,0.327942565891091,0.326576739128877,0.32522033279203,0.323873277875671,0.322535505950791,0.321206949128733,0.319887540028675,0.318577211747972,0.317275897835194,0.315983532265728,0.314700049419761,0.31342538406253,0.312159471326683,0.31090224669662,0.30965364599467,0.308413605368983,0.307182061283021,0.305958950506519,0.304744210107811,0.303537777447401,0.3023395901727,0.3011495862138,0.299967703780228,0.29879388135857,0.297628057710885,0.296470171873848,0.295320163158519,0.294177971150707,0,-0.0306599560925093,-0.0306342115175121,-0.0305826490156115,-0.0305062584549515,-0.0304096479269858,-0.0302969838207758,-0.0301715272272592,-0.0300357407456055,-0.0298914555054829,-0.0297400124531444,-0.0295823708899526,-0.0294191904110042,-0.0292508928152769,-0.0290777090351842,-0.0288997147174305,-0.0287168570435399,-0.0285289746461728,-0.0283358119635734,-0.0281370290058619,-0.0279322072321253,-0.0277208520219503,-0.0275023920459801,-0.0272761756810989,-0.0270414644645674,-0.0267974234271265,-0.0265431079769456,-0.0262774468120552,-0.0259992201034556,-0.0257070318948458,-0.0253992752817294,-0.0250740884270376,-0.0247292987936371,-0.0243623520588207,-0.023970220928719,-0.0235492873617275,-0.0230951893592853,-0.0226026202399176,-0.0220650638338979,-0.0214744428495459,-0.0208206491294753,-0.020090912785744,-0.0192689511729101,-0.0183338169504638,-0.0172583354964991,-0.0160069840291656,-0.0145330168304708,-0.012774583465812,-0.0106495244134752,-0.00804847424958857,-0.00482588659925098,-0.000788678584411145,0.00431751087288866,0.0108237511859167,0.019152837026341,0.0298293205605806,0.043476192886543,0.0607850792324768,0.0824430246874533,0.109000956207503,0.140684356636628,0.177181302364674,0.217488702530958,0.259921383587807,0.302346597533812,0.342594393642791,0.378884964389807,0.410103078310137,0.435847301441045,0.456299731684189,0.472017008480967,0.483729024835978,0.492189495470162,0.498086639117951,0.502003058020111,0.504408156311486,0.505668103047216,0.506062766803358,0.505803493372189,0.505048882384555,0.503917677194089,0.502498833559273,0.500859185689432,0.499049192958892,0.497107204210887,0.495062600330686,0.492938100125579,0.490751448768269,0.488516654073339,0.486244893230749,0.483945179943439,0.481624857461878,0.479289965004903,0.47694551193376,0.474595684533885,0.472244003383429,0.469893444326097,0.467546532488806,0.465205416206669,0.462871925858957,0.460547621278049,0.458233830423307,0.455931681308823,0.45364212866316,0.451365976426863,0.449103896921113,0.446856447320823,0.444624083917885,0.442407174550772,0.440206009495108,0.438020811048491,0.435851741996597,0.433698913112254,0.431562389812099,0.429442198074389,0.427338329705038,0.425250747025914,0.423179387048962,0.421124165191211,0.419084978578794,0.4170617089823,0.415054225420941,0.413062386468864,0.41108604229345,0.409125036452315,0.407179207473104,0.40524839023779,0.4033324171911,0.401431119390854,0.399544327416305,0.39767187214912,0.395813585440233,0.393969300674648,0.3921388532451,0.39032208094452,0.388518824286313,0.386728926760643,0.384952235034114,0.383188599099614,0.381437872382362,0.379699911807714,0.377974577835659,0.37626173446653,0.374561249221952,0.372872993104682,0.371196840540587,0.369532669305713,0.367880360441039,0.366239798157257,0.364610869731652,0.362993465398917,0.361387478237531,0.359792804053118,0.358209341260047,0.356636990762352,0.355075655834927,0.353525242005791,0.35198565694013,0.350456810326692,0.348938613767023,0.347430980667952,0.345933826137642,0.344447066885471,0.342970621125931,0.34150440848669,0.340048349920909,0.338602367623867,0.337166384953909,0.335740326357699,0.33432411729974,0.332917684196086,0.331520954352171,0.33013385590464,0.328756317767084,0.327388269579528,0.326029641661564,0.324680364968965,0.323340371053648,0.322009592026826,0.320687960525209,0.319375409680097,0.318071873089204,0.316777284791083,0.31549157924199,0.314214691295052,0.312946556181587,0.311687109494446,0.310436287173248,0.309194025491373,0.307960261044593,0.30673493074122,0.305517971793656,0.304309321711244,0.303108918294315,0.301916699629327,0.300732604085005,0.299556570309396,0.298388537227754,0.297228444041182,0.296076230225948,0.294931835533417,0,-0.0316495378355418,-0.0316314182647683,-0.0315855724305758,-0.0315146226559555,-0.0314235761936171,-0.0313168643648402,-0.0311979443058062,-0.0310694115267308,-0.0309331793510019,-0.0307906347021183,-0.0306427591889578,-0.0304902206475775,-0.030333442009473,-0.0301726531579564,-0.030007929981001,-0.0298392236633315,-0.0296663824115302,-0.0294891672018258,-0.0293072627070408,-0.0291202842403594,-0.0289277813097695,-0.028729238181447,-0.0285240716844848,-0.0283116263395435,-0.0280911667490866,-0.027861867036446,-0.0276227969540814,-0.0273729040851971,-0.0271109913213114,-0.0268356884904554,-0.0265454166082451,-0.0262383426887596,-0.0259123223310558,-0.0255648263169666,-0.0251928461146261,-0.0247927713380403,-0.0243602296686128,-0.0238898762261223,-0.0233751145065083,-0.0228077242649462,-0.0221773624157903,-0.0214708902171079,-0.0206714625057961,-0.019757291063135,-0.0186999626135059,-0.0174621508125356,-0.0159945098464506,-0.0142314759724708,-0.0120856383769775,-0.00944028824571526,-0.0061397509412409,-0.00197722267025321,0.00331979792299984,0.0101055500258996,0.0188309467320822,0.0300520068191649,0.044422178808862,0.0626539792954576,0.085432184278839,0.113265164927842,0.146281034021728,0.184015124881395,0.225281313540817,0.268232246572841,0.310650933869413,0.350391776316022,0.385793222707772,0.415903770334568,0.440479106919337,0.459819121344371,0.474549936652531,0.485429552067579,0.493211482029008,0.498568121171419,0.502060068894457,0.504134334362635,0.505137163781302,0.505331949836557,0.504916975399223,0.504040732100682,0.502814247063704,0.501320625701195,0.499622276696861,0.497766307742127,0.495788518784981,0.493716339333548,0.491570981025996,0.489369012663636,0.48712351308265,0.484844916710824,0.482541635832404,0.480220520639811,0.477887201317958,0.475546344163981,0.473201844881779,0.470856975789369,0.468514499060026,0.466176754790307,0.463845730289712,0.461523115257225,0.459210346261262,0.456908643036317,0.45461903845465,0.45234240355523,0.450079468664767,0.447830841391441,0.445597022085016,0.443378417219045,0.441175351048422,0.438988075819133,0.436816780749587,0.434661599959479,0.432522619489027,0.43039988352592,0.428293399937554,0.426203145190611,0.424129068727748,0.422071096861287,0.4200291362358,0.418003076904941,0.41599279506236,0.413998155462036,0.41201901355939,0.410055217401262,0.408106609289917,0.406173027243713,0.404254306274877,0.402350279502821,0.400460779119723,0.398585637223501,0.39672468653191,0.394877760990214,0.393044696283761,0.391225330265693,0.38941950330915,0.387627058592395,0.385847842324538,0.384081703918829,0.382328496119806,0.380588075089993,0.378860300461337,0.377145035355995,0.375442146380707,0.373751503598517,0.372072980481238,0.370406453845725,0.368751803776663,0.367108913538324,0.365477669477452,0.363857960919216,0.362249680057914,0.360652721843956,0.359066983868434,0.357492366246429,0.355928771500072,0.354376104442209,0.352834272061427,0.351303183409059,0.349782749488715,0.348272883148765,0.346773498978144,0.345284513205766,0.343805843603771,0.342337409394772,0.34087913116323,0.339430930771012,0.337992731277189,0.336564456862062,0.335146032755394,0.333737385168794,0.332338441232192,0.330949128934287,0.329569377066897,0.328199115173068,0.326838273498823,0.325486782948419,0.324144575042971,0.322811581882289,0.321487736109798,0.320172970880375,0.318867219830971,0.317570417053861,0.316282497072375,0.315003394818973,0.313733045615527,0.312471385155658,0.311218349489019,0.309973875007371,0.308737898432341,0.307510356804753,0.306291187475398,0.305080328097143,0.303877716618279,0.302683291276998,0.301496990596919,0.300318753383563,0.299148518721697,0.297986225973465,0.29683181477723,0.295685225047057,0,-0.032607851796279,-0.0325922288253762,-0.0325468436534555,-0.0324770088119978,-0.0323881303169312,-0.0322847158808924,-0.0321702327723037,-0.0320472591964451,-0.031917674948392,-0.0317828246298802,-0.03164364461133,-0.0315007589388372,-0.0313545512274619,-0.0312052185081559,-0.0310528115413636,-0.0308972648908223,-0.0307384191432589,-0.0305760370071587,-0.0304098145546381,-0.0302393885266021,-0.0300643403615059,-0.0298841974038881,-0.0296984315808289,-0.029506455688414,-0.0293076172949126,-0.0291011901327828,-0.0288863627078908,-0.0286622236904597,-0.0284277434550177,-0.0281817508890547,-0.0279229042699047,-0.0276496545863254,-0.0273601991138795,-0.0270524222842123,-0.026723819837909,-0.0263714008076356,-0.0259915598877296,-0.0255799099924024,-0.0251310609876449,-0.0246383252882909,-0.0240933236758042,-0.02348545455026,-0.0228011758697186,-0.0220230299499684,-0.0211283155003558,-0.0200872769553,-0.0188606366279949,-0.0173962396297561,-0.0156245165488936,-0.0134524020826427,-0.0107552987814939,-0.00736668666418042,-0.00306513614952163,0.00244106376745454,0.009530447039876,0.0186829566730717,0.0304862464171694,0.0456227672670089,0.0648216460444414,0.0887571116875921,0.117882484014061,0.152213925782025,0.191122783324907,0.233239304109829,0.276568570699067,0.318835993414466,0.357948339909108,0.392380507245655,0.421348547346497,0.444757766273664,0.463013317471145,0.476798543952558,0.486890249012891,0.494035962174326,0.498889395074267,0.501988262340414,0.503757407847816,0.504523879766495,0.504535449763339,0.50397814305302,0.502991030784359,0.501677981849437,0.50011669171457,0.498365485626521,0.496468383001214,0.494458836966332,0.492362480737041,0.490199138261326,0.487984294634959,0.48573017223004,0.483446520060534,0.4811411948795,0.478820590992666,0.476489960038564,0.474153650561221,0.471815288939138,0.469477917270462,0.467144099514233,0.464816004088543,0.462495468892798,0.460184053110145,0.45788307898241,0.455593665907658,0.453316758599475,0.451053150602523,0.448803504134381,0.446568366986023,0.444348187038319,0.442143324822798,0.439954064458859,0.437780623227932,0.435623159991175,0.433481782616457,0.431356554549259,0.429247500638095,0.42715461230649,0.425077852148873,0.42301715801619,0.420972446647701,0.418943616897913,0.41693055260135,0.414933125112757,0.412951195555981,0.410984616811097,0.409033235266205,0.407096892357586,0.405175425919526,0.403268671363023,0.401376462700723,0.399498633433808,0.397635017315045,0.395785449000908,0.393949764604464,0.392127802159657,0.390319402006605,0.388524407106685,0.386742663295304,0.384974019479592,0.383218327787494,0.381475443674204,0.37974522599125,0.37802753702308,0.376322242495489,0.374629211559824,0.37294831675649,0.371279433960934,0.369622442314959,0.367977224145885,0.366343664875863,0.364721652923326,0.363111079598387,0.361511838993758,0.35992382787259,0.358346945554441,0.356781093800455,0.355226176698654,0.353682100550158,0.352148773757002,0.350626106712126,0.349114011692019,0.347612402752424,0.346121195627413,0.344640307632102,0.343169657569193,0.341709165639485,0.34025875335647,0.338818343465039,0.337387859864357,0.335967227534857,0.334556372469361,0.333155221608218,0.331763702778434,0.330381744636654,0.329009276615915,0.327646228876044,0.326292532257568,0.324948118239011,0.32361291889743,0.322286866872054,0.320969895330886,0.319661937940102,0.318362928836137,0.317072802600273,0.315791494235635,0.314518939146408,0.313255073119171,0.311999832306214,0.31075315321069,0.309514972673504,0.308285227861801,0.307063856258937,0.305850795655847,0.304645984143679,0.303449360107604,0.302260862221713,0.30108042944489,0.299908001017605,0.298743516459519,0.297586915567845,0.296438138416382,0,-0.0335361571558317,-0.0335169818521313,-0.0334669841481076,-0.0333942473585297,-0.0333044452664721,-0.0332019574700139,-0.0330900744617026,-0.0329712078933032,-0.0328470897612532,-0.0327189358612213,-0.0325875718741658,-0.0324535282871867,-0.0323171112769749,-0.032178455539028,-0.0320375636088875,-0.0318943350105284,-0.0317485876578523,-0.0316000732773503,-0.0314484881448745,-0.0312934800808462,-0.0311346523858743,-0.0309715651949734,-0.0308037345640791,-0.0306306294634217,-0.0304516667276283,-0.0302662038928556,-0.0300735297278833,-0.0298728521294614,-0.0296632828912991,-0.0294438186572651,-0.0292133171148833,-0.028970467151293,-0.0287137512480759,-0.0284413977889864,-0.0281513201334926,-0.0278410381824156,-0.0275075766087154,-0.0271473317773671,-0.0267558963974683,-0.0263278268096601,-0.025856332060722,-0.0253328559371368,-0.0247465120879062,-0.0240833171647802,-0.0233251461395569,-0.0224483059162175,-0.0214215861536136,-0.0202035981664385,-0.0187391533080383,-0.016954363859928,-0.0147500816246013,-0.011993245860092,-0.00850574370572735,-0.00405059143992759,0.00168420063974334,0.00910253085760757,0.0187141215654326,0.0311380883095883,0.0470838319036591,0.0672919318996852,0.092416786323573,0.122843495927266,0.158462136079345,0.198471074478047,0.241320173549863,0.284885323367139,0.326862377045796,0.36523657256097,0.398633493177346,0.426436830645619,0.448691910813683,0.46589625103847,0.478778834535317,0.488127010064003,0.494677502690686,0.499063189846676,0.501798455119225,0.503286430393733,0.503835777636065,0.503679514625935,0.502992192254936,0.501904115132992,0.500512517547018,0.498890094666928,0.497091404596689,0.495157621009712,0.493120035760207,0.491002627937432,0.488823943249337,0.486598467977494,0.484337634502244,0.48205055905023,0.479744585011129,0.477425685016347,0.475098760265524,0.472767864923326,0.470436375702796,0.468107121191322,0.465782481466894,0.463464465663416,0.461154773061202,0.458854841776055,0.456565888034315,0.454288938234894,0.452024855428334,0.44977436142729,0.447538055459172,0.445316430049037,0.443109884656935,0.440918737472674,0.438743235680863,0.436583564441687,0.434439854782192,0.432312190554436,0.430200614587491,0.42810513413772,0.42602572572416,0.423962339422036,0.421914902676509,0.419883323689927,0.417867494428755,0.415867293290473,0.413882587465859,0.411913235028012,0.409959086775957,0.408019987857723,0.406095779195203,0.404186298730849,0.402291382514262,0.400410865645034,0.398544583086578,0.396692370364338,0.394854064160498,0.393029502816172,0.391218526751062,0.389420978809624,0.387636704541951,0.385865552426819,0.384107374043635,0.382362024199413,0.380629361016298,0.378909245984643,0.377201543986163,0.375506123291226,0.373822855533973,0.372151615668548,0.370492281909408,0.368844735658361,0.367208861420712,0.365584546712611,0.363971681961499,0.362370160401297,0.360779877963819,0.359200733167683,0.357632627005862,0.356075462832851,0.354529146252292,0.352993585005797,0.351468688863585,0.34995436951745,0.348450540476516,0.346957116966111,0.345474015830065,0.344001155436661,0.34253845558839,0.341085837435654,0.339643223394479,0.33821053706829,0.336787703173749,0.335374647470635,0.333971296695733,0.332577578500648,0.331193421393473,0.329818754684215,0.328453508433854,0.327097613406936,0.325751001027555,0.324413603338597,0.323085352964116,0.321766183074686,0.320456027355604,0.319154819977795,0.317862495571273,0.316578989201027,0.315304236345191,0.314038172875366,0.312780735038958,0.3115318594434,0.310291483042154,0.309059543122349,0.307835977293964,0.306620723480419,0.305413719910489,0.304214905111436,0.303024217903254,0.301841597393952,0.300666982975766,0.299500314322245,0.298341531386097,0.297190574397762,0,-0.0344345435862244,-0.0344050580169675,-0.0343457625469404,-0.0342666072827644,-0.034173247609313,-0.0340697139025941,-0.0339589389774515,-0.0338430271117451,-0.0337234558215227,-0.0336012321079552,-0.0334770110881165,-0.0333511847524653,-0.03322394793671,-0.0330953472283802,-0.0329653171276928,-0.0328337066375521,-0.0327002986014035,-0.032564823485698,-0.03242696885168,-0.0322863854277623,-0.0321426904424843,-0.0319954686837782,-0.0318442715953423,-0.0316886145923746,-0.0315279726666514,-0.031361774246374,-0.0311893931714183,-0.0310101385314742,-0.0308232419839295,-0.0306278420091983,-0.0304229643594358,-0.0302074976935356,-0.0299801630416769,-0.0297394752716397,-0.0294836940883218,-0.0292107612199577,-0.0289182192351632,-0.0286031057621639,-0.0282618145608353,-0.0278899116720608,-0.0274818903798647,-0.0270308424767627,-0.0265280146486899,-0.0259622067876636,-0.025318952507805,-0.0245793995714842,-0.0237187775128412,-0.0227042995185583,-0.0214922939572686,-0.0200242976245259,-0.0182217713037515,-0.0159790304290067,-0.013153947994249,-0.00955604331007165,-0.00493183334981749,0.00105200606351583,0.00882572896246883,0.0189293878380039,0.0320129943557494,0.0488101934458131,0.0700669568908515,0.0964076299424963,0.128135497217145,0.165001284950399,0.20602409500528,0.249480593549776,0.293139089641276,0.3346943827217,0.372233623795992,0.404543252082427,0.431171367098199,0.452292180986766,0.468482700496647,0.480506825559859,0.489155242882718,0.495149946772905,0.499101447086131,0.501500709577097,0.502729778426102,0.503079797132831,0.502769893132382,0.501963897699889,0.500783967403341,0.499321191552759,0.49764364519974,0.495802411324144,0.493836040977112,0.491773835039842,0.489638248793011,0.487446649987455,0.485212603889767,0.482946813853845,0.480657811641258,0.478352466052464,0.476036359553366,0.473714068833512,0.471389375274753,0.469065424116933,0.466744845919005,0.464429850173863,0.46212229823928,0.459823760803118,0.457535563697617,0.455258824862636,0.452994484522436,0.450743330106281,0.448506017053882,0.446283086362082,0.444074979520385,0.441882051329008,0.439704580979273,0.437542781691369,0.435396809141137,0.433266768859706,0.431152722753677,0.429054694865776,0.42697267647464,0.424906630615748,0.422856496092491,0.420822191036012,0.418803616064135,0.416800657082947,0.414813187769052,0.412841071765919,0.410884164623858,0.408942315509881,0.407015368710913,0.40510316495132,0.403205542543669,0.401322338389718,0.399453388846983,0.397598530474792,0.395757600672382,0.393930438220434,0.392116883736384,0.390316780052866,0.388529972527784,0.386756309293719,0.384995641453658,0.383247823229367,0.381512712068133,0.379790168713074,0.378080057241685,0.376382245076862,0.374696602974199,0.373023004989012,0.37136132842615,0.369711453775368,0.368073264634737,0.366446647624289,0.364831492291877,0.363227691012972,0.361635138885967,0.360053733624316,0.358483375446732,0.356923966966458,0.355375413080532,0.35383762085982,0.352310499440483,0.350793959917449,0.34928791524036,0.347792280112392,0.346306970892272,0.344831905499736,0.343367003324644,0.341912185139878,0.340467373018145,0.339032490252725,0.337607461282211,0.336192211619226,0.334786667783082,0.333390757236342,0.33200440832521,0.330627550223647,0.329260112881134,0.32790202697396,0.326553223859905,0.325213635536214,0.323883194600706,0.322561834215904,0.321249488076026,0.319946090376721,0.318651575787394,0.317365879425998,0.316088936836139,0.314820683966375,0.313561057151578,0.312309993096219,0.311067428859474,0.309833301842006,0.308607549774327,0.307390110706623,0.306180922999935,0.304979925318597,0.303787056623831,0.302602256168404,0.301425463492263,0.30025661841907,0.29909566105355,0.297942531779577,0,-0.0353015752322375,-0.0352549402263655,-0.03518230758518,-0.0350938980565537,-0.0349949391884874,-0.0348888829135617,-0.0347781374896083,-0.0346643745435597,-0.0345487236915444,-0.0344319139424862,-0.0343143787297892,-0.0341963337713823,-0.0340778345803907,-0.0339588188115696,-0.0338391372981958,-0.0337185766108773,-0.0335968752157952,-0.0334737347607651,-0.0333488276146288,-0.0332218014853263,-0.0330922817143602,-0.0329598716692985,-0.0328241515164621,-0.0326846755417473,-0.0325409680896673,-0.0323925181015999,-0.0322387721469315,-0.0320791257484088,-0.0319129126979914,-0.0317393919329496,-0.0315577313827193,-0.0313669879904685,-0.0311660828397343,-0.0309537699488341,-0.0307285967965638,-0.0304888539597411,-0.0302325103033124,-0.0299571288645328,-0.0296597567704735,-0.0293367800217023,-0.0289837304837626,-0.0285950275623675,-0.0281636302610487,-0.027680565899551,-0.0271342887262195,-0.0265098037034949,-0.0257874662629984,-0.0249413358989523,-0.0239369180874737,-0.0227280736534981,-0.021252807607596,-0.0194275753938034,-0.0171396779843961,-0.0142372924362996,-0.0105167717433484,-0.00570717955659046,0.000547170476210057,0.00870377595740261,0.01933333301438,0.0331157406247618,0.0508054809990821,0.0731469489277299,0.1007233837557,0.133742516391467,0.171803784508266,0.213743820463183,0.25767717182446,0.301288756847524,0.342300358896637,0.378921247911977,0.410104894298754,0.435557755390088,0.455570786921736,0.470787962014759,0.481998340322136,0.489989763767308,0.495466380338754,0.499015329525011,0.501104363389328,0.502095188865239,0.502262329479349,0.501811870239909,0.500897644347132,0.499634242603105,0.498107065852936,0.496379921204556,0.494500685813081,0.492505493241461,0.490421809669953,0.48827068603574,0.486068404044544,0.483827679281285,0.48155854202037,0.479268983956732,0.476965434978792,0.474653116424632,0.47233630440719,0.470018527490863,0.467702716284378,0.465391317669459,0.463086382891518,0.460789636219856,0.458502529067786,0.456226283150585,0.453961925309544,0.451710315941751,0.449472172474492,0.447248088958081,0.445038552583718,0.44284395773679,0.440664618051301,0.438500776823949,0.436352616066482,0.434220264415222,0.432103804071552,0.430003276912972,0.427918689888158,0.425850019789317,0.423797217479378,0.421760211639251,0.419738912090574,0.417733212741477,0.415742994196517,0.413768126066668,0.411808469010912,0.409863876537286,0.407934196588136,0.40601927293169,0.404118946379726,0.402233055849104,0.4003614392832,0.398503934447666,0.396660379613602,0.394830614139945,0.393014478965794,0.391211817022375,0.38942247357344,0.387646296492077,0.38588313648117,0.384132847244049,0.382395285611274,0.38067031162892,0.378957788613222,0.377257583175958,0.375569565224547,0.373893607940397,0.372229587738747,0.37057738421284,0.368936880065046,0.36730796102721,0.365690515772299,0.364084435819164,0.362489615432049,0.360905951516263,0.359333343511288,0.357771693282417,0.356220905011886,0.354680885090323,0.353151542009248,0.351632786255214,0.350124530206116,0.348626688030105,0.347139175587442,0.345661910335602,0.34419481123784,0.342737798675392,0.341290794363442,0.339853721270937,0.338426503544283,0.337009066434961,0.335601336231014,0.334203240192405,0.332814706490153,0.331435664149192,0.330066042994855,0.32870577360288,0.327354787252822,0.326013015884764,0.324680392059178,0.32335684891983,0.322042320159577,0.320736739988936,0.31944004310727,0.318152164676481,0.31687304029705,0.315602605986317,0.314340798158856,0.313087553608813,0.3118428094941,0.310606503322325,0.309378572938327,0.308158956513218,0.306947592534819,0.305744419799392,0.304549377404566,0.303362404743372,0.30218344149929,0.30101242764222,0.299849303425307,0.298694009382541,0,-0.036134133427869,-0.0360643403743637,-0.0359752587087027,-0.0358755994156771,-0.035769701214232,-0.0356602170765653,-0.0355488867316536,-0.0354368459243841,-0.035324801141922,-0.0352131486649158,-0.0351020605704031,-0.0349915476464621,-0.0348815054360734,-0.0347717477964018,-0.0346620311566178,-0.0345520718081735,-0.0344415579513481,-0.0343301577759108,-0.0342175245214086,-0.034103299210793,-0.0339871115577874,-0.0338685793981197,-0.033747306875953,-0.0336228815204508,-0.033494870265935,-0.0333628143960684,-0.0332262233220389,-0.0330845670310773,-0.0329372669586338,-0.0327836849380742,-0.0326231097570283,-0.0324547406881171,-0.032277667148394,-0.0320908433555449,-0.0318930564607339,-0.031682886107596,-0.0314586526377434,-0.0312183501559439,-0.0309595592714944,-0.0306793323898975,-0.0303740417218439,-0.0300391763991164,-0.0296690698153093,-0.0292565309595044,-0.0287923432894054,-0.0282645805358939,-0.0276576693619699,-0.0269511022890347,-0.0261176687413955,-0.0251210254110936,-0.0239123680410425,-0.0224258960117196,-0.0205726850466102,-0.0182325197390038,-0.0152432270162417,-0.0113871763033576,-0.00637502437033488,0.000172260272031349,0.00874017584224247,0.0199300982389478,0.0344503130644595,0.0530719938495144,0.0765300993336124,0.105355025789532,0.139645400494674,0.178839195506664,0.221590734313578,0.26586719075769,0.309296093228762,0.349652917945092,0.385285636515976,0.415317163084097,0.439603980901547,0.458541109341116,0.472827568078779,0.483268843466089,0.490644723477763,0.495639117374182,0.498815239793506,0.500618063669115,0.501389797774942,0.501389254937148,0.500810301150512,0.499797457085459,0.498458293889583,0.496872948573932,0.495101286055416,0.493188225797611,0.491167672396187,0.489065400721551,0.4869011669071,0.484690250887698,0.482444584007087,0.480173574834363,0.477884715818654,0.475584030786326,0.473276406725613,0.470965841278037,0.468655628657957,0.466348500442373,0.464046733143657,0.46175223121155,0.459466591754909,0.457191155573092,0.454927047857901,0.452675211037022,0.450436431584085,0.448211362150477,0.446000540031047,0.443804402724606,0.441623301165494,0.439457511066177,0.437307242709757,0.43517264945598,0.433053835167806,0.430950860723076,0.428863749743413,0.426792493647769,0.424737056118906,0.422697377056217,0.42067337607662,0.418664955615916,0.416672003675571,0.414694396253808,0.412731999494913,0.41078467158651,0.408852264431125,0.406934625115366,0.405031597197569,0.40314302183253,0.401268738750102,0.399408587102705,0.397562406195365,0.39573003611057,0.393911318239057,0.39210609572661,0.390314213845967,0.388535520302128,0.386769865478533,0.38501710263091,0.383277088034934,0.381549681093272,0.379834744407034,0.37813214381619,0.376441748413069,0.37476343053262,0.373097065722789,0.371442532698002,0.369799713278436,0.368168492317501,0.366548757619655,0.36494039985049,0.36334331244078,0.361757391485987,0.360182535642567,0.358618646022227,0.357065626085159,0.355523381533136,0.353991820203234,0.352470851962824,0.350960388606423,0.349460343754829,0.347970632756977,0.346491172594791,0.345021881791324,0.343562680322361,0.342113489531646,0.340674232049828,0.339244831717206,0.33782521351029,0.336415303472186,0.335015028646781,0.333624317016687,0.332243097444868,0.330871299619874,0.329508854004599,0.328155691788442,0.326811744842763,0.32547694567952,0.324151227412958,0.322834523724219,0.321526768828738,0.320227897446307,0.318937844773663,0.317656546459469,0.316383938581555,0.315119957626307,0.313864540470059,0.312617624362373,0.311379146911096,0.310149046069057,0.30892726012232,0.307713727679869,0.306508387664624,0.305311179305694,0.304122042131765,0.30294091596554,0.30176774091915,0.300602457390442,0.299445006060079,0,-0.0369275128362408,-0.0368304010763346,-0.0367229499420415,-0.0366110123115541,-0.0364976128461056,-0.0363844155072663,-0.0362723794745764,-0.0361620289780061,-0.0360535942678098,-0.035947101472738,-0.0358424351467605,-0.0357393830841172,-0.0356376685897175,-0.0355369735486025,-0.035436954640936,-0.0353372544219695,-0.0352375085523036,-0.0351373501428455,-0.0350364119324575,-0.0349343268239771,-0.0348307271535099,-0.0347252429494374,-0.0346174993438064,-0.034507113223085,-0.0343936891418423,-0.0342768144665473,-0.0341560536625883,-0.0340309415811073,-0.0339009755384128,-0.0337656059039682,-0.0336242248163947,-0.0334761525217261,-0.0333206206624908,-0.0331567516239351,-0.0329835327425333,-0.0327997837707412,-0.0326041154271709,-0.0323948760818149,-0.0321700825455689,-0.0319273294311196,-0.0316636694583192,-0.0313754541533543,-0.0310581203051068,-0.0307059018333705,-0.0303114387588244,-0.0298652438847845,-0.0293549724618607,-0.0287644190281865,-0.0280721369680529,-0.0272495380161485,-0.0262582789236407,-0.0250466796622534,-0.0235448434680475,-0.0216580717680503,-0.0192581082184467,-0.0161717537068767,-0.0121665638049981,-0.00693384600152197,-7.03039171897207e-05,0.00893815833339011,0.0207233145382456,0.0360197992598139,0.0556105673194954,0.0802124392091624,0.110290734467571,0.145821972010866,0.18607465499876,0.22952448495633,0.274009295818423,0.317126208419332,0.356729018228012,0.391317162195925,0.420182002256435,0.443319972265843,0.461217344669963,0.474617052259391,0.484333313572928,0.491133558650627,0.49567970038804,0.49851084667523,0.500049803771649,0.500620179039334,0.500465979099714,0.499769643535595,0.498667028536585,0.49725919621247,0.495621413962269,0.493809905476513,0.491866861015313,0.489824129421937,0.487705925840514,0.485530812072189,0.483313143590423,0.481064127568929,0.478792598078662,0.476505585881,0.474208739008285,0.471906634809522,0.469603012883897,0.467300950186855,0.465002993718762,0.462711261967718,0.460427523220625,0.458153256650329,0.455889700493158,0.453637890478689,0.451398690838431,0.449172819613484,0.446960869539469,0.444763325464226,0.442580579017253,0.440412941075748,0.438260652443545,0.436123893063797,0.434002790015032,0.43189742448682,0.429807837890951,0.427734037233404,0.425675999848879,0.42363367758158,0.421607000481787,0.41959588007668,0.417600212265007,0.415619879878154,0.413654754944356,0.411704700688128,0.409769573293005,0.407849223452435,0.405943497730855,0.404052239754592,0.402175291250164,0.400312492945765,0.39846368535013,0.396628709421584,0.394807407138842,0.392999621984017,0.391205199347306,0.389423986861918,0.387655834677022,0.385900595675734,0.384158125644534,0.38242828339986,0.380710930877118,0.379005933186819,0.377313158642099,0.375632478761482,0.373963768250345,0.372306904964197,0.370661769856578,0.369028246914086,0.367406223080777,0.365795588173932,0.364196234792985,0.362608058223181,0.361030956335361,0.359464829483112,0.35790958039835,0.356365114086276,0.354831337720535,0.353308160539252,0.351795493742578,0.350293250392231,0.348801345313466,0.347319694999831,0.34584821752098,0.344386832433792,0.342935460696944,0.341494024589086,0.340062447630695,0.33864065450966,0.337228571010615,0.335826123948014,0.334433241102915,0.333049851163419,0.331675883668697,0.330311268956512,0.328955938114159,0.327609822932692,0.326272855864349,0.324944969983031,0.323626098947735,0.322316176968796,0.321015138776822,0.319722919594174,0.318439455108889,0.317164681450893,0.315898535170395,0.314640953218315,0.31339187292865,0.31215123200265,0.310918968494682,0.309695020799675,0.308479327642041,0.307271828065963,0.306072461426964,0.304881167384644,0.303697885896512,0.302522557212811,0.301355121872261,0.300195520698651,0,-0.0376760579571548,-0.0375499703617985,-0.037423619373621,-0.0372994230488405,-0.0371787775418955,-0.0370622200993747,-0.03694985738644,-0.0368415583083573,-0.0367370486142012,-0.0366359660534444,-0.0365378963154816,-0.0364423976459969,-0.0363490178464187,-0.0362573057539451,-0.0361668185984537,-0.036077126267756,-0.0359878132749646,-0.0358984790381116,-0.0358087369302619,-0.0357182124321985,-0.0356265406168348,-0.0355333631120257,-0.0354383246228112,-0.0353410690412526,-0.0352412351278682,-0.0351384517093215,-0.0350323322987982,-0.0349224690047939,-0.0348084255470347,-0.03468972914066,-0.0345658609363428,-0.0344362446079408,-0.0343002325514835,-0.034157088987445,-0.0340059690251799,-0.033845892430217,-0.0336757103983215,-0.0334940630377576,-0.03329932442676,-0.0330895309535136,-0.0328622870295822,-0.032614640010126,-0.0323429129967438,-0.0320424797806868,-0.0317074600058256,-0.0313303040066687,-0.0309012247795109,-0.0304074179449734,-0.0298319877771905,-0.0291524664754406,-0.028338772675322,-0.0273504017527521,-0.026132573952229,-0.0246109892902543,-0.0226847607361063,-0.0202170454193104,-0.0170229240305175,-0.0128543017052329,-0.00738221750890497,-0.000178273796189732,0.00930062942227003,0.0217160236846819,0.0378262783918914,0.0584204465892028,0.0841877421356029,0.11551590320785,0.152247254947939,0.193475362498354,0.237504547860294,0.282064112375919,0.32474789037188,0.363509928438024,0.397010055624038,0.424704115900554,0.446717189004158,0.463614195617634,0.476171756818903,0.485206148294046,0.491468964313588,0.495598912579278,0.498111116617872,0.499406961477954,0.499792382376533,0.49949746760681,0.498693987888705,0.497509745005092,0.496039768260372,0.494354820873594,0.492507763127056,0.490538266388763,0.48847628289207,0.486344588829534,0.484160643863219,0.48193794996595,0.479687045320508,0.477416232909036,0.47513211638658,0.472839995900491,0.470544161978828,0.4682481150701,0.465954730696802,0.463666384683566,0.461385048950507,0.459112365497028,0.456849704132603,0.454598208015851,0.452358829981069,0.450132361846418,0.447919458327448,0.445720656763594,0.443536393561196,0.441367018033389,0.439212804152874,0.437073960612065,0.434950639494823,0.432842943796551,0.430750933978864,0.428674633706782,0.426614034887313,0.424569102106032,0.422539776541021,0.420525979420146,0.418527615077047,0.416544573652877,0.414576733484035,0.412623963210712,0.410686123636537,0.408763069365911,0.406854650242478,0.404960712609525,0.40308110041086,0.401215656148724,0.399364221713628,0.397526639099473,0.395702751016032,0.393892401409654,0.392095435902051,0.390311702156065,0.388541050176462,0.386783332553065,0.385038404652825,0.383306124766816,0.381586354217559,0.379878957431579,0.378183801981618,0.376500758602495,0.374829701184208,0.373170506745535,0.371523055391031,0.369887230254053,0.36826291742814,0.366650005888848,0.365048387407904,0.363457956461337,0.361878610133044,0.360310248015105,0.35875277210596,0.357206086707472,0.355670098321718,0.354144715548275,0.352629848982642,0.351125411116331,0.349631316239124,0.348147480343841,0.346673821033971,0.345210257434398,0.343756710105431,0.34231310096029,0.340879353186152,0.339455391168825,0.338041140421096,0.33663652751475,0.33524148001624,0.333855926425985,0.332479796121211,0.331113019302291,0.329755526942474,0.328407250740908,0.327068123078862,0.325738076979029,0.324417046067777,0.323104964540248,0.321801767128162,0.320507389070214,0.319221766084919,0.317944834345802,0.316676530458781,0.315416791441653,0.31416555470553,0.312922758038123,0.311688339588755,0.310462237855005,0.30924439167085,0.308034740196227,0.306833222907897,0.305639779591525,0.304454350334878,0.303276875522065,0.30210729582873,0.300945552218112,0,-0.0383740062963419,-0.0382199239611379,-0.0380756329902136,-0.0379402715815169,-0.0378134500017894,-0.0376945107564767,-0.0375826820534907,-0.0374771680260887,-0.0373771878634797,-0.0372819927327938,-0.0371908734625098,-0.0371031640198532,-0.0370182426106873,-0.0369355311135463,-0.0368544932408237,-0.0367746317440366,-0.0366954849457496,-0.0366166228363575,-0.0365376429181152,-0.0364581659208666,-0.0363778314611707,-0.0362962936722078,-0.0362132167960771,-0.0361282707012388,-0.0360411262635534,-0.0359514505270162,-0.035858901537321,-0.0357631227151897,-0.0356637366042216,-0.035560337786664,-0.0354524847060676,-0.0353396900631539,-0.0352214093535261,-0.0350970269836557,-0.0349658392217906,-0.0348270329947385,-0.0346796592042147,-0.0345225987714606,-0.0343545189752445,-0.034173816754371,-0.0339785444002423,-0.0337663113253252,-0.0335341531592367,-0.0332783560149962,-0.0329942189927814,-0.0326757313063795,-0.0323151310880272,-0.0319022999519698,-0.0314239294585453,-0.0308623710384879,-0.0301940476826978,-0.0293872615642114,-0.0283991748411001,-0.0271716708006238,-0.0256257228932749,-0.0236538227870982,-0.0211099765380892,-0.0177968364167921,-0.013449822010102,-0.00771882155281607,-0.000149604826166383,0.00983011655190465,0.0229105948166901,0.0398707118703963,0.0614991726474936,0.0884474584079541,0.121013209293295,0.158893766084688,0.201005109357405,0.245490870295069,0.289994774391507,0.332133819747789,0.369981091246642,0.402362037355707,0.428890535321154,0.449808246365297,0.465746606540341,0.477506679126521,0.485901097296394,0.49166288346455,0.495406798829117,0.497624348683845,0.498696337541591,0.498911970188014,0.498488279079959,0.49758708596766,0.496328710615724,0.494802592785846,0.493075329855309,0.491196674985913,0.48920397419004,0.487125429317544,0.484982488499987,0.482791593900657,0.480565459166741,0.478314004211827,0.476045040876347,0.473764777573802,0.471478192319273,0.469189309905102,0.46690140910986,0.46461717868546,0.462338835710083,0.460068216171339,0.457806844955692,0.455555990477909,0.453316707779461,0.451089872907182,0.448876210644751,0.446676317132015,0.444490678514952,0.442319686481957,0.44016365133133,0.438022813059389,0.435897350843616,0.433787391209696,0.431693015107387,0.429614264072137,0.427551145613026,0.425503637940015,0.423471694122245,0.42145524575279,0.419454206182465,0.417468473375265,0.415497932430012,0.413542457806358,0.41160191528811,0.409676163712556,0.407765056490906,0.405868442942043,0.4039861694592,0.402118080527069,0.400264019604982,0.398423829890179,0.396597354973773,0.394784439400759,0.392984929144337,0.39119867200378,0.389425517934246,0.387665319316096,0.385917931170572,0.38418321132806,0.382461020554532,0.380751222641259,0.37905368446238,0.377368276004489,0.375694870371953,0.374033343771359,0.372383575478106,0.370745447787876,0.36911884595542,0.367503658122846,0.365899775239362,0.364307090974205,0.3627255016243,0.361154906018015,0.359595205416204,0.358046303411597,0.356508105827462,0.354980520616328,0.353463457759467,0.351956829167718,0.350460548584159,0.348974531489053,0.347498695007402,0.346032957819403,0.34457724007404,0.343131463305968,0.341695550355833,0.340269425294119,0.338853013348566,0.337446240835193,0.336049035092908,0.334661324421705,0.33328303802437,0.331914105951653,0.330554459050822,0.329204028917513,0.327862747850766,0.326530548811155,0.325207365381882,0.323893131732742,0.322587782586801,0.321291253189702,0.320003479281453,0.318724397070577,0.317453943210509,0.316192054778101,0.314938669254138,0.313693724505728,0.312457158770465,0.31122891064225,0.310008919058653,0.308797123289727,0.30759346292817,0.306397877880731,0.305210308360778,0.304030694881938,0.302858978252716,0.301695099572024,0,-0.0390162596279719,-0.0388375055333809,-0.0386777090254267,-0.0385333143647255,-0.0384021564823207,-0.0382823941568736,-0.0381724000468082,-0.0380707390129827,-0.0379761477544507,-0.0378875124229797,-0.0378038480448297,-0.0377242811134998,-0.0376480350364884,-0.0375744177102036,-0.0375028106260351,-0.0374326591308455,-0.0373634636263135,-0.0372947715781836,-0.0372261702416887,-0.0371572800174538,-0.0370877483490774,-0.0370172440676319,-0.0369454520827788,-0.0368720683155531,-0.0367967947633088,-0.0367193345815006,-0.0366393870583949,-0.036556642345814,-0.0364707757898085,-0.0363814416775445,-0.0362882661778753,-0.0361908391993242,-0.036088704815381,-0.0359813498060185,-0.0358681897261912,-0.0357485517228289,-0.0356216530618618,-0.0354865739684119,-0.0353422228874951,-0.0351872915842847,-0.0350201965445017,-0.0348390017971219,-0.0346413164088274,-0.0344241572753312,-0.0341837641548897,-0.0339153487308197,-0.0336127522682864,-0.033267976348063,-0.0328705371442451,-0.03240657435739,-0.0318576194403548,-0.0311988920457827,-0.0303969464452797,-0.0294064292720145,-0.0281656364695775,-0.0265904757974133,-0.024566367323032,-0.0219375850990277,-0.0184936356140113,-0.0139526280796827,-0.00794246901850734,1.75076352815634e-05,0.0105287089888018,0.0243086382588443,0.0421528374319728,0.0648424846464815,0.0929806853961364,0.126762738444945,0.16573186455332,0.208626834208059,0.253444477875313,0.297767353875457,0.339260668262776,0.376131905095906,0.407373923583264,0.432750204996395,0.452606580732249,0.467629541456442,0.478636352506252,0.486431218556159,0.491726510166369,0.495112693105458,0.497058211493524,0.497924193829413,0.497984052894705,0.49744259616561,0.496452377333713,0.495126769701558,0.49355003539326,0.491784918909963,0.489878302617379,0.487865385260505,0.485772752693656,0.483620626847003,0.481424510137248,0.479196387788672,0.476945608105554,0.47467952857648,0.472403991757805,0.470123677313014,0.467842363795993,0.465563124500571,0.463288474999763,0.461020485158703,0.458760864909691,0.456511030552291,0.454272156515493,0.452045216197225,0.449831014538248,0.447630214291102,0.445443357437656,0.44327088283835,0.441113140924824,0.438970406048107,0.436842886947308,0.434730735694713,0.432634055391961,0.430552906831308,0.428487314290282,0.42643727059354,0.424402741549363,0.422383669848092,0.42037997849419,0.418391573831415,0.416418348211039,0.414460182345419,0.412516947383117,0.410588506736785,0.408674717690985,0.406775432813724,0.404890501192663,0.403019769514555,0.40116308300445,0.3993202862394,0.39749122384991,0.395675741121006,0.393873684503625,0.392084902045978,0.390309243753591,0.388546561885928,0.386796711196681,0.385059549124207,0.383334935937925,0.381622734845948,0.379922812068715,0.37823503688294,0.376559281639744,0.3748954217605,0.373243335713522,0.371602904974454,0.369974013972889,0.368356550027517,0.366750403271815,0.365155466572128,0.363571635439729,0.361998807938302,0.36043688458812,0.358885768268012,0.357345364116118,0.355815579430254,0.354296323568649,0.352787507851668,0.351289045465073,0.349800851365269,0.348322842186927,0.346854936153289,0.345397052989419,0.343949113838588,0.34251104118196,0.341082758761677,0.339664191507425,0.338255265466516,0.336855907737505,0.335466046407315,0.334085610491856,0.332714529880073,0.331352735281352,0.330000158176209,0.328656730770176,0.327322385950775,0.325997057247469,0.324680678794486,0.323373185296405,0.322074511996364,0.320784594646792,0.31950336948253,0.318230773196216,0.31696674291584,0.315711216184321,0.314464130940998,0.313225425504931,0.311995038559893,0.310772909140952,0.309558976622533,0.308353180707858,0.307155461419674,0.305965759092175,0.304784014364024,0.303610168172406,0.302444161748009,0,-0.039598849365572,-0.0394006466253298,-0.0392291276258475,-0.0390787721913378,-0.038945801612208,-0.0388272809682079,-0.0387207982536796,-0.0386243380117883,-0.0385362031417998,-0.0384549548177372,-0.0383793653138067,-0.0383083811228009,-0.0382410938241264,-0.0381767165923211,-0.0381145648405737,-0.0380540399942274,-0.0379946157230739,-0.0379358261613822,-0.0378772557600413,-0.0378185304832848,-0.0377593101059255,-0.0376992813978314,-0.0376381520060775,-0.0375756448639789,-0.037511492970555,-0.0374454343937312,-0.0373772073552109,-0.0373065452537473,-0.037233171475552,-0.0371567938244822,-0.0370770983786186,-0.0369937425412403,-0.0369063469993033,-0.0368144862260092,-0.0367176770584245,-0.036615364735749,-0.0365069055837886,-0.0363915452553137,-0.0362683910544592,-0.0361363763439896,-0.0359942142975464,-0.0358403372307843,-0.0356728163067837,-0.0354892543950065,-0.0352866420341862,-0.0350611624791408,-0.0348079262423479,-0.0345206077431968,-0.0341909457932042,-0.0338080545262516,-0.033357470532289,-0.0328198334966672,-0.0321690593947834,-0.0313698150118457,-0.0303740387143921,-0.0291161758182009,-0.0275067142063164,-0.0254235361684875,-0.022700589547126,-0.0191135142459423,-0.0143623044135998,-0.00805212150312595,0.000324587729656212,0.0113979941761464,0.0259109182663622,0.0446710697516627,0.0684442428768026,0.0977741777647459,0.132742164490614,0.172730150373499,0.216303186409288,0.261328024935799,0.305351185514141,0.34610909179748,0.381955443403746,0.412049222486432,0.436293596063858,0.455126156717587,0.469277801612316,0.479574757067914,0.486808853907031,0.491670303094923,0.494725250296229,0.496419781027435,0.497096290490398,0.497013322530743,0.496364254638505,0.495293014029031,0.493906527521854,0.492284261879033,0.490485398026532,0.488554165397034,0.486523779354699,0.484419333307575,0.482259916597742,0.480060163367247,0.47783138551583,0.475582402696078,0.473320151954446,0.471050137108828,0.468776761447363,0.466503575326914,0.464233461551595,0.46196877512155,0.459711449395879,0.457463077428024,0.455224974856398,0.452998229014295,0.450783737677825,0.448582239966955,0.446394341257394,0.444220533481877,0.442061211848992,0.439916688750701,0.437787205440626,0.435672941925463,0.433574025408323,0.431490537545636,0.429422520721457,0.427369983499578,0.425332905380908,0.423311240968493,0.421304923623314,0.41931386867908,0.417337976272638,0.415377133837446,0.413431218300319,0.411500098015784,0.409583634467677,0.407681683763713,0.405794097945548,0.403920726134171,0.402061415528164,0.400216012270447,0.398384362197439,0.396566311483113,0.39476170718915,0.392970397731272,0.391192233270862,0.389427066040046,0.387674750607681,0.385935144092926,0.384208106332467,0.382493500006868,0.380791190730995,0.379101047112997,0.377422940785877,0.37575674641529,0.37410234168686,0.372459607275966,0.370828426802646,0.369208686774004,0.367600276516246,0.366003088098245,0.364417016248335,0.362841958265823,0.361277813928573,0.359724485397803,0.358181877121166,0.356649895734974,0.355128449966385,0.353617450536202,0.352116810062882,0.350626442968245,0.34914626538529,0.347676195068476,0.346216151306745,0.344766054839508,0.343325827775782,0.341895393516603,0.340474676680805,0.339063603034235,0.337662099422415,0.336270093706669,0.334887514703687,0.33351429212848,0.33215035654068,0.3307956392941,0.329450072489486,0.328113588930351,0.326786122081801,0.325467606032249,0.324157975457889,0.322857165589833,0.321565112183778,0.320281751492109,0.319007020238285,0.317740855593414,0.316483195154899,0.315233976927032,0.313993139303427,0.312760621051183,0.311536361296664,0.310320299512797,0.309112375507797,0.307912529415199,0.306720701685131,0.305536833076717,0.304360864651535,0.303192737768049,0,-0.0401193663811406,-0.0399082408064254,-0.0397299113036489,-0.0395774541721312,-0.0394457556011453,-0.0393309470857957,-0.0392299462293197,-0.039140246160368,-0.0390597864521538,-0.038986859562992,-0.038920040299788,-0.0388581319143194,-0.0388001241983392,-0.0387451602530494,-0.0386925096646911,-0.0386415465564198,-0.0385917314563595,-0.0385425962104163,-0.0384937313489365,-0.0384447754356927,-0.0383954060126289,-0.0383453318182063,-0.0382942860079599,-0.0382420201463079,-0.0381882987703822,-0.0381328943504861,-0.0380755824881397,-0.0380161372016737,-0.0379543261508072,-0.0378899056450374,-0.037822615264961,-0.0377521718990919,-0.0376782629587362,-0.0376005384761232,-0.0375186017106778,-0.0374319977770356,-0.0373401996547692,-0.0372425907277254,-0.0371384427075808,-0.0370268873895168,-0.0369068801222432,-0.0367771520855512,-0.0366361473651012,-0.0364819392677467,-0.0363121181502822,-0.0361236399859349,-0.0359126206109935,-0.0356740545857181,-0.0354014291912017,-0.035086192347119,-0.0347170169489164,-0.0342787817002586,-0.0337511579925332,-0.0331066515074446,-0.0323078938013796,-0.0313039119260144,-0.0300250248042757,-0.0283759321630652,-0.0262264984150226,-0.0233997413726054,-0.0196567165903414,-0.0146785294586326,-0.00804691757798016,0.000772834425913999,0.0124389910685187,0.0277172666779691,0.0474224107849182,0.0722963763363554,0.102812400160815,0.13892698138589,0.179855900426384,0.223997079536122,0.269106274388363,0.312719086087277,0.352663632122679,0.387448129742862,0.416393734908341,0.439532352998573,0.457381215339185,0.470705878905489,0.48033525619516,0.487045620175808,0.49150400694309,0.494252480867562,0.495715578417127,0.49621792175022,0.496004084459189,0.495256770567007,0.49411188345737,0.492670369397832,0.491007254215796,0.489178422565043,0.487225651773353,0.485180324673542,0.483066155861993,0.480901188179572,0.478699253240367,0.476471040339435,0.474224880059885,0.47196732028731,0.46970355114923,0.467437719882797,0.465173165353922,0.462912593778126,0.460658211280923,0.458411824659838,0.456174918618135,0.453948715503052,0.451734221961267,0.449532265749412,0.447343525084008,0.445168552293816,0.443007793084069,0.440861602390095,0.43873025755417,0.436613969379857,0.434512891485408,0.432427128279234,0.430356741807002,0.428301757664839,0.426262170131699,0.424237946642501,0.422229031699697,0.420235350302526,0.418256810958996,0.41629330833449,0.414344725582169,0.412410936393396,0.410491806800819,0.408587196762214,0.406696961549524,0.404820952964403,0.402959020399062,0.401111011759006,0.399276774262426,0.397456155129396,0.395649002172658,0.393855164300574,0.392074491941738,0.390306837399824,0.38855205514639,0.38681000205862,0.385080537608298,0.383363524007716,0.381658826317666,0.379966312522145,0.378285853574006,0.376617323415299,0.374960598975764,0.373315560152505,0.371682089773642,0.370060073548405,0.368449400005904,0.366849960424543,0.365261648753876,0.363684361530466,0.362117997789144,0.360562458970912,0.359017648828579,0.35748347333107,0.355959840567262,0.354446660650048,0.352943845621263,0.351451309358005,0.349968967480791,0.348496737263941,0.347034537548484,0.345582288657856,0.344139912316579,0.342707331572088,0.3412844707198,0.339871255231522,0.338467611687233,0.337073467710253,0.335688751905799,0.334313393802899,0.33294732379961,0.331590473111483,0.330242773723202,0.328904158343313,0.32757456036193,0.326253913811351,0.324942153329439,0.323639214125696,0.322345031949875,0.321059543063052,0.31978268421102,0.318514392599896,0.317254605873833,0.3160032620947,0.314760299723648,0.313525657604432,0.312299274948394,0.311081091320996,0.309871046629806,0.308669081113836,0.307475135334142,0.306289150165606,0.305111066789793,0.303940826688823,0,-0.0405770261732202,-0.0403603495558342,-0.0401809636888764,-0.0400308504147615,-0.0399039168485736,-0.0397955753585765,-0.0397022230251708,-0.0396209751386873,-0.0395494962259844,-0.039485879475596,-0.0394285574131272,-0.0393762342856665,-0.0393278337826539,-0.039282457829835,-0.0392393536247939,-0.0391978869912332,-0.0391575206869287,-0.0391177966475784,-0.039078321376598,-0.0390387538511154,-0.0389987954343503,-0.0389581813782192,-0.0389166735746062,-0.0388740542732657,-0.0388301205312254,-0.0387846791945309,-0.0387375422394459,-0.0386885223176843,-0.0386374283594211,-0.0385840610888178,-0.0385282082992355,-0.0384696397182105,-0.0384081012638784,-0.0383433084520686,-0.03827493865262,-0.0382026218085701,-0.0381259291141223,-0.038044358984486,-0.0379573194254323,-0.0378641055981752,-0.0377638709411983,-0.0376555896056917,-0.0375380071157184,-0.0374095749796607,-0.0372683633169577,-0.037111943227995,-0.0369372273508115,-0.0367402524330614,-0.0365158812708236,-0.036257392299672,-0.0359559124837839,-0.0355996316318184,-0.0351727121984079,-0.0346537759587462,-0.0340138053793313,-0.0332132409451522,-0.0321979852777226,-0.0308939432531819,-0.0291996453029635,-0.0269764462982757,-0.024035824829365,-0.0201235446342688,-0.0149010914304739,-0.00792620264515966,0.00136307333061232,0.0136520816610211,0.0297264996851252,0.0504023731222172,0.0763888584238453,0.108077623642264,0.145290782734993,0.187075528804663,0.231672218016719,0.276746496851122,0.319847472880397,0.358912542864235,0.392609385998207,0.420415170134552,0.442478976697486,0.459386061400578,0.471927841185025,0.480930554622609,0.487152412685156,0.491236679512627,0.493701787070855,0.494951607072067,0.495293950059287,0.494960287145272,0.49412336557798,0.492911629548715,0.491420478359753,0.489720825271645,0.487865505577092,0.485894029636921,0.483836086648086,0.481714116966588,0.479545196151731,0.477342413817177,0.475115883382106,0.472873482863927,0.470621399868927,0.468364533989125,0.466106795222027,0.463851326423198,0.461600670114786,0.459356894409526,0.457121688783922,0.454896437520781,0.452682276531492,0.450480137739226,0.448290784094229,0.446114837485173,0.443952801222233,0.441805078337705,0.43967198663502,0.437553771185525,0.435450614801705,0.433362646889178,0.43128995098591,0.429232571227033,0.427190517921112,0.425163772384091,0.423152291147106,0.421156009631456,0.419174845366397,0.417208700811811,0.415257465837145,0.413321019899668,0.4113992339584,0.409491972154784,0.407599093286775,0.405720452099543,0.403855900413009,0.402005288104003,0.400168463958764,0.398345276409727,0.39653557416904,0.394739206769937,0.392956025025939,0.391185881416844,0.389428630409592,0.387684128721269,0.385952235530819,0.384232812645412,0.382525724626785,0.380830838882434,0.379148025725993,0.377477158410751,0.375818113139867,0.374170769056461,0.372535008216491,0.370910715546969,0.369297778791864,0.367696088447753,0.366105537691074,0.364526022298644,0.362957440562899,0.36139969320316,0.359852683274079,0.358316316072256,0.356790499041937,0.355275141680528,0.35377015544462,0.352275453657079,0.35079095141569,0.349316565503768,0.34785221430308,0.346397817709355,0.344953297050612,0.343518575008477,0.342093575542631,0.340678223818486,0.339272446138134,0.337876169874629,0.336489323409582,0.33511183607407,0.333743638092814,0.332384660531585,0.331034835247757,0.329694094843939,0.328362372624606,0.327039602555613,0.325725719226512,0.324420657815551,0.323124354057253,0.321836744212464,0.320557765040757,0.319287353775063,0.318025448098442,0.316771986122865,0.315526906369903,0.314290147753208,0.313061649562682,0.311841351450236,0.310629193417033,0.309425115802131,0.308229059272405,0.30704096481369,0.305860773723035,0.304688427601993,0,-0.0409726606594164,-0.0407583332806499,-0.040584157620569,-0.0404411879130262,-0.040322746356901,-0.0402237753307874,-0.040140326769747,-0.0400692697312421,-0.0400080949282127,-0.0399547752701189,-0.0399076633233257,-0.0398654139108151,-0.0398269242807274,-0.0397912870070588,-0.0397577524642026,-0.0397256987073045,-0.0396946071815854,-0.0396640430578704,-0.0396336392482978,-0.0396030833460233,-0.0395721068803362,-0.0395404763962609,-0.0395079859621003,-0.0394744507837058,-0.039439701663572,-0.0394035800885917,-0.0393659337644118,-0.0393266124383636,-0.039285463868016,-0.0392423297991747,-0.0391970418158091,-0.0391494169145223,-0.0390992526367111,-0.0390463215605811,-0.0389903649096607,-0.0389310849699197,-0.0388681359175432,-0.0388011125345592,-0.0387295361166776,-0.0386528366381522,-0.0385703299057408,-0.0384811879703698,-0.0383844004177665,-0.038278723252897,-0.0381626108211896,-0.0380341244221868,-0.0378908087573171,-0.0377295238170408,-0.037546214841456,-0.0373355960126538,-0.0370907137772697,-0.0368023421040304,-0.0364581431706088,-0.0360415011851673,-0.0355299021574136,-0.0348926861322783,-0.034087938716422,-0.0330582152827067,-0.0317247079016151,-0.0299793852335907,-0.0276745921569013,-0.0246096583015566,-0.0205143664333038,-0.0150299070835128,-0.00768956210527129,0.00209570568637402,0.0150369421283562,0.0319363400991801,0.0536049195803361,0.0807097136505159,0.113550065626266,0.151805582006483,0.194355057600069,0.239293581944002,0.284218783153479,0.326716389028494,0.364847555960548,0.397441268398023,0.424122784753501,0.445146545191696,0.461154887334364,0.472957245394704,0.48137267437653,0.487139418345234,0.490876722712173,0.493079999701875,0.494133388667232,0.49432883842391,0.493885549976368,0.492966990284198,0.49169467229846,0.490158851400455,0.488426632353593,0.486548029141135,0.484560455865009,0.482492036031096,0.480364032045476,0.478192625140912,0.475990218700118,0.473766393356456,0.471528608256832,0.469282717417916,0.467033351319262,0.464784200143564,0.462538225091508,0.460297816961717,0.458064915945088,0.455841102787693,0.453627668727661,0.451425669619203,0.449235968211561,0.447059267500417,0.44489613730475,0.442747035664285,0.440612326244668,0.438492292638175,0.436387150227549,0.434297056118004,0.432222117521964,0.430162398891549,0.428117928026853,0.426088701337851,0.424074688399867,0.42207583591377,0.420092071160123,0.418123305019615,0.416169434619062,0.414230345652038,0.412305914415189,0.410396009594878,0.408500493833722,0.406619225102406,0.40475205789879,0.402898844293501,0.401059434838891,0.399233679356215,0.397421427614269,0.395622529911219,0.393836837570147,0.392064203357724,0.390304481834475,0.388557529644243,0.386823205749703,0.385101371620123,0.383391891376939,0.381694631902183,0.380009462914314,0.378336257015545,0.37667488971437,0.375025239426615,0.373387187458024,0.371760617971066,0.370145417938385,0.368541477085065,0.366948687821651,0.365366945169641,0.363796146681015,0.36223619235314,0.360686984540278,0.359148427862756,0.357620429114727,0.356102897171346,0.354595742896066,0.353098879048665,0.351612220194526,0.350135682615625,0.348669184223578,0.347212644475087,0.34576598429001,0.344329125972274,0.342901993133774,0.341484510621392,0.340076604447191,0.338678201721853,0.337289230591374,0.335909620177015,0.334539300518479,0.333178202520285,0.331826257901273,0.330483399147172,0.329149559466159,0.327824672747299,0.326508673521809,0.325201496927002,0.323903078672833,0.322613355010931,0.321332262706006,0.320059739009523,0.318795721635536,0.317540148738556,0.316292958893356,0.315054091076611,0.313823484650256,0.312601079346466,0.311386815254152,0.310180632806882,0.308982472772128,0.307792276241757,0.306609984623674,0.305435539634533,0,-0.0413085572735529,-0.0411049012546334,-0.0409423675502439,-0.0408114464700373,-0.0407052719322403,-0.0406185796981492,-0.0405472661672295,-0.0404880962893454,-0.0404384957374083,-0.0403964016643593,-0.040360153100319,-0.0403284080320708,-0.0403000790771016,-0.040274282764892,-0.0402502991915219,-0.040227539784257,-0.040205521481688,-0.0401838460056252,-0.0401621831693574,-0.0401402573755608,-0.040117836624853,-0.0400947234918469,-0.0400707476350711,-0.0400457594943871,-0.0400196248980477,-0.0399922203543251,-0.0399634288422753,-0.0399331359448042,-0.0399012261863718,-0.0398675794485174,-0.0398320673395272,-0.0397945493900139,-0.0397548689334168,-0.0397128485081563,-0.0396682845842548,-0.0396209413683326,-0.0395705433721339,-0.0395167663340941,-0.0394592259509192,-0.0393974636924767,-0.0393309287183129,-0.0392589545592489,-0.0391807287322475,-0.0390952527637356,-0.0390012891246055,-0.0388972902144476,-0.0387813026113122,-0.0386508370989201,-0.0385026911772713,-0.0383327054121263,-0.0381354274729748,-0.0379036472151602,-0.0376277515631381,-0.0372948277866556,-0.0368874161860535,-0.0363817760310263,-0.0357454795293491,-0.0349340858625651,-0.0338865711346916,-0.0325191057387043,-0.0307166945816542,-0.0283221665225361,-0.0251220973587814,-0.0208296267669525,-0.0150650432958751,-0.00733685744273178,0.00297065542415595,0.0165924751724978,0.0343433476062702,0.0570224220609308,0.0852450574424795,0.119208071560604,0.158442164968115,0.201660584042499,0.24682785768628,0.291496268497333,0.333309446484936,0.370463604530383,0.401948103908864,0.427527050056673,0.447548471653663,0.462701630233957,0.473807074638755,0.48167294524052,0.487016135975341,0.490431916019604,0.492393414648663,0.493265997658553,0.493326680828963,0.492783189157254,0.491790345954325,0.490463225777059,0.488887314429955,0.487126189661073,0.4852272547872,0.483225985104978,0.481149056349856,0.479016641705371,0.476844095318363,0.47464318577185,0.472423000684977,0.470190611466017,0.467951563228802,0.465710237178507,0.46347011983668,0.461234004071099,0.459004140075086,0.456782349497843,0.454570112345296,0.452368633674248,0.450178895218894,0.448001695720648,0.445837682737136,0.443687377980959,0.441551197709125,0.439429469296114,0.437322444838672,0.435230312430605,0.433153205590778,0.431091211212498,0.429044376316844,0.427012713828461,0.424996207544237,0.422994816428951,0.421008478344423,0.419037113297598,0.417080626276822,0.415138909733005,0.413211845752568,0.411299307961376,0.409401163192698,0.407517272947366,0.405647494670296,0.403791682864298,0.401949690059406,0.400121367653736,0.39830656663997,0.396505138229971,0.394716934388657,0.392941808287068,0.391179614683523,0.38943021024084,0.387693453786815,0.385969206524396,0.384257332197409,0.382557697217052,0.380870170753921,0.379194624799824,0.377530934203237,0.375878976681882,0.374238632815537,0.3726097860219,0.370992322518032,0.369386131269634,0.36779110393019,0.366207134771795,0.364634120609265,0.363071960718975,0.361520556753699,0.35997981265456,0.358449634561094,0.356929930720283,0.355420611395309,0.353921588774692,0.352432776882367,0.350954091489175,0.349485450026187,0.348026771500188,0.346577976411603,0.345138986675097,0.34370972554302,0.342290117531841,0.340880088351652,0.339479564838838,0.338088474891916,0.336706747410577,0.33533431223791,0.333971100105779,0.332617042583313,0.33127207202843,0.329936121542353,0.328609124927009,0.32729101664523,0.325981731783671,0.324681206018326,0.323389375582558,0.322106177237519,0.320831548244856,0.319565426341606,0.318307749717159,0.317058456992189,0.315817487199435,0.314584779766246,0.313360274498768,0.31214391156769,0.310935631495446,0.30973537514478,0.308543083708575,0.307358698700874,0.306182161948996,0,-0.0415885993141556,-0.0414040848472745,-0.0412594455384168,-0.0411453339286362,-0.0410550618035162,-0.0409834173832885,-0.040926333987222,-0.0408806172703996,-0.0408437385567717,-0.0408136851479744,-0.0407888499248023,-0.0407679472133817,-0.040749947068581,-0.0407340232739636,-0.0407195119891876,-0.0407058788241162,-0.0406926926152241,-0.0406796045216956,-0.0406663313242873,-0.0406526420279182,-0.0406383470493888,-0.0406232894196452,-0.040607337549554,-0.0405903792030956,-0.0405723163960398,-0.040553060995056,-0.0405325308349379,-0.0405106462027137,-0.0404873265589049,-0.0404624873794877,-0.0404360370081514,-0.0404078734075824,-0.0403778806905793,-0.0403459252960149,-0.0403118516495129,-0.0402754771117295,-0.0402365859646993,-0.0401949221134875,-0.0401501800787961,-0.0401019937153855,-0.0400499218958506,-0.0399934301276902,-0.0399318666928973,-0.0398644313698126,-0.0397901340548167,-0.0397077395590496,-0.0396156933889677,-0.0395120212548274,-0.03939419214322,-0.0392589306963814,-0.0391019588871978,-0.0389176389112778,-0.0386984779487378,-0.038434439794221,-0.0381119867747984,-0.0377127459511681,-0.0372116540940805,-0.0365743840882893,-0.035753789727073,-0.0346850272756334,-0.0332789276792481,-0.0314131227517115,-0.0289204173857319,-0.0255740395212055,-0.0210698600407306,-0.0150067412626212,-0.00686826471919569,0.00398731528945989,0.018316745330746,0.0369428595289463,0.0606456423717086,0.0899791701287548,0.125028334947733,0.165170464583788,0.208958730476228,0.254243804975423,0.298555270335521,0.339613699076789,0.375758516991607,0.406136137002497,0.430639351267144,0.449698298213623,0.464039858531516,0.474489695479689,0.481842006809727,0.486791401882787,0.489909451260693,0.491647828657819,0.492354094106216,0.492291230720059,0.491656241737292,0.490595904516353,0.489219314707955,0.487607536023383,0.485820879731308,0.483904333081251,0.48189157785573,0.479807950769758,0.477672617605917,0.475500167453275,0.473301781570278,0.471086091306205,0.468859809122154,0.466628194084897,0.464395396512111,0.462164714251948,0.459938784211546,0.457719726313111,0.455509252388742,0.453308749139922,0.451119341831394,0.448941943605499,0.446777294006314,0.444625989358695,0.442488506958359,0.440365224525368,0.438256436003991,0.436162364520386,0.434083173109278,0.432018973672694,0.429969834523779,0.42793578678676,0.425916829862756,0.423912936124987,0.421924054972079,0.419950116341665,0.417991033766233,0.416046707037602,0.414117024534322,0.412201865256886,0.410301100608221,0.408414595951017,0.406542211968757,0.40468380585348,0.402839232340182,0.401008344605187,0.399190995043687,0.397387035939825,0.395596320041163,0.393818701048078,0.392054034027474,0.390302175759215,0.388562985022817,0.386836322831174,0.38512205261741,0.383420040380332,0.381730154793447,0.380052267281977,0.378386252071903,0.376731986214654,0.375089349590687,0.373458224894904,0.371838497606535,0.370230055945843,0.368632790819781,0.36704659575849,0.365471366844326,0.363907002634927,0.362353404081647,0.360810474444553,0.35927811920501,0.357756245976781,0.356244764416444,0.354743586133813,0.353252624602964,0.351771795074398,0.350301014488758,0.348840201392477,0.347389275855681,0.345948159392569,0.344516774884491,0.343095046505883,0.341682899653162,0.340280260876677,0.338887057815758,0.337503219136907,0.336128674475104,0.334763354378231,0.333407190254577,0.332060114323359,0.330722059568214,0.329392959693561,0.32807274908379,0.326761362765143,0.325458736370226,0.324164806105035,0.322879508718391,0.321602781473702,0.320334562122911,0.319074788882556,0.317823400411809,0.316580335792416,0.315345534510415,0.314118936439537,0.312900481826195,0.311690111275951,0.310487765741385,0.309293386511264,0.308106915200932,0.30692829374383,0,-0.0418184397453267,-0.0416611350406166,-0.0415401438377761,-0.0414472223325669,-0.0413761688965828,-0.0413220643073554,-0.0412810634981458,-0.0412501527000491,-0.0412269560039537,-0.0412095940961679,-0.0411965789832971,-0.0411867327100346,-0.0411791232246448,-0.0411730133812151,-0.0411678203782163,-0.0411630835685699,-0.0411584389616881,-0.0411535990332433,-0.0411483367110121,-0.0411424726243058,-0.0411358648907852,-0.0411284008685144,-0.0411199904253758,-0.0411105603760744,-0.0411000498130092,-0.0410884061152202,-0.0410755814629201,-0.0410615297166712,-0.0410462035423328,-0.0410295516771466,-0.041011516239859,-0.040992029989186,-0.0409710134303082,-0.040948371657979,-0.0409239908061979,-0.0408977339464588,-0.0408694362365915,-0.0408388990661659,-0.0408058828665589,-0.0407700981458791,-0.0407311941593457,-0.0406887444178979,-0.0406422279483227,-0.0405910048138363,-0.0405342838377234,-0.0404710796776574,-0.040400155280312,-0.0403199441715919,-0.0402284448196292,-0.0401230761824984,-0.0400004791533384,-0.0398562424339104,-0.0396845227064187,-0.0394775168894074,-0.0392247275047508,-0.0389119391344343,-0.038519792617971,-0.0380218017698839,-0.0373816028061391,-0.0365491581849614,-0.0354555560274417,-0.0340059626127482,-0.0320702224436734,-0.0294706106740135,-0.0259664307310748,-0.0212357053369777,-0.0148554430092603,-0.00628431484756022,0.00514449320637632,0.0202069191084895,0.0397289445520362,0.0644637372291717,0.0948946051159261,0.130986150871054,0.171959947804172,0.216217064885157,0.261512554425068,0.305375345220277,0.345619458946514,0.380732695678189,0.410013194407348,0.433471720092766,0.451609523295904,0.465182684715846,0.475016832080052,0.481889819593103,0.486473419073008,0.489315967805753,0.490848573905656,0.491401954674035,0.491225927557667,0.490507487845444,0.489385926991314,0.487964789711035,0.486321040051025,0.484511963953858,0.482580312434806,0.480558107902217,0.4784694484146,0.476332567870547,0.474161347574656,0.47196642532749,0.46975601019034,0.467536482330914,0.46531283595014,0.463089007535804,0.460868120180584,0.458652666330233,0.456444645247988,0.454245667068669,0.4520570321126,0.44987979180306,0.447714795839798,0.44556272905027,0.443424140443012,0.441299466332061,0.439189048921507,0.437093151387005,0.435011970231825,0.432945645503633,0.430894269316401,0.428857893016506,0.426836533253456,0.424830177156765,0.422838786776209,0.420862302909135,0.418900648413038,0.416953731082119,0.415021446151529,0.41310367848138,0.411200304463532,0.40931119368701,0.407436210392239,0.40557521473973,0.403728063915191,0.401894613090025,0.400074716253702,0.398268226932443,0.396474998806918,0.394694886240184,0.392927744725839,0.391173431265298,0.389431804682105,0.38770272588044,0.385986058054179,0.384281666852272,0.382589420505597,0.380909189919956,0.379240848739397,0.377584273383631,0.375939343062963,0.374305939773775,0.372683948277321,0.3710732560643,0.369473753307419,0.367885332803928,0.366307889909899,0.364741322467825,0.363185530728941,0.361640417271515,0.360105886916197,0.358581846639416,0.357068205485642,0.355564874479281,0.354071766536829,0.35258879637984,0.351115880449188,0.349652936821012,0.348199885124697,0.346756646463144,0.345323143335585,0.34389929956309,0.342485040216936,0.341080291549908,0.339684980930625,0.338299036780917,0.336922388516276,0.335554966489366,0.33419670193658,0.332847526927584,0.33150737431781,0.33017617770383,0.328853871381516,0.327540390306923,0.326235670059802,0.324939646809632,0.323652257284094,0.322373438739864,0.321103128935638,0.319841266107279,0.318587788944984,0.317342636572367,0.316105748527345,0.31487706474475,0.31365652554055,0.312444071597586,0.311239643952747,0.310043183985461,0.308854633407448,0.307673934253627,0,-0.0420055752327228,-0.0418823547291731,-0.0417899903381067,-0.0417220487174519,-0.0416730484667399,-0.0416385740117497,-0.0416151696038344,-0.0416001300169323,-0.0415913306082325,-0.0415871022743724,-0.0415861364451179,-0.0415874102272457,-0.0415901265429846,-0.0415936662612537,-0.0415975501340112,-0.0416014087081443,-0.0416049586364165,-0.0416079840516257,-0.041610321901811,-0.0416118503587505,-0.041612479597849,-0.0416121444015802,-0.0416107981622332,-0.0416084079563814,-0.0416049504376281,-0.0416004083500917,-0.0415947675065112,-0.041588014104879,-0.0415801322785532,-0.0415711017886038,-0.0415608957749497,-0.0415494784853288,-0.0415368028985604,-0.0415228081506857,-0.0415074166586986,-0.0414905308153782,-0.0414720290981858,-0.0414517613922296,-0.0414295432675871,-0.0414051488685464,-0.0413783019577436,-0.0413486644991568,-0.0413158219426827,-0.0412792640643218,-0.0412383597840524,-0.041192323777565,-0.0411401718463325,-0.0410806608114271,-0.041012207006747,-0.0409327750653187,-0.0408397253358224,-0.0407296035424786,-0.0405978496670464,-0.0404383937447815,-0.0402430933269358,-0.0400009494514741,-0.0396970133943173,-0.0393108631955049,-0.0388144846953652,-0.0381693345253281,-0.0373222914298514,-0.0362001203332107,-0.0347019918776741,-0.0326895469741291,-0.0299740319649008,-0.0263002734968272,-0.0213279234621028,-0.0146118198524757,-0.00558593490257973,0.00644036016893706,0.0222592118625375,0.0426943717098613,0.0684642890543018,0.0999723300896468,0.137055696873862,0.178780003387201,0.223404481450202,0.268607832695166,0.311939272360557,0.351320069712719,0.385388791304537,0.41358837326369,0.436036600679781,0.453295459674447,0.466142700569166,0.475399554141138,0.481825682998524,0.486069788770295,0.488657587495112,0.490000551086744,0.49041350174082,0.490133921487724,0.489339471221497,0.488162480456498,0.486701341306484,0.485029217274996,0.483200592226881,0.481256147200912,0.479226369153981,0.477134210186009,0.474997042073303,0.472828091271441,0.470637492697757,0.468433064585802,0.466220879510454,0.464005686455946,0.461791223919724,0.459580453174911,0.457375732902355,0.455178950653362,0.452991622427278,0.450814968613016,0.448649972337065,0.446497424654817,0.444357959852025,0.442232083269316,0.440120193438134,0.438022599858752,0.435939537414563,0.433871178168959,0.431817641107886,0.429779000255271,0.427755291487471,0.425746518297322,0.423752656701813,0.421773659444703,0.41980945961317,0.417859973762963,0.415925104627795,0.414004743474191,0.412098772151829,0.410207064880616,0.40832948980887,0.40646591037151,0.404616186472745,0.402780175514251,0.400957733286911,0.399148714741821,0.397352974654293,0.395570368192914,0.393800751404327,0.392043981623178,0.390299917815652,0.388568420864122,0.386849353799622,0.385142581988198,0.383447973276533,0.381765398101753,0.380094729569759,0.378435843506059,0.376788618482637,0.375152935824055,0.373528679595664,0.371915736576488,0.370313996219117,0.368723350598655,0.367143694352603,0.365574924613306,0.364016940934456,0.362469645212943,0.360932941607228,0.359406736453239,0.357890938178712,0.356385457216734,0.354890205919202,0.35340509847076,0.351930050803747,0.350464980514572,0.349009806781887,0.347564450286874,0.346128833135869,0.344702878785556,0.343286511970873,0.341879658635741,0.340482245866728,0.339094201829677,0.337715455709343,0.33634593765204,0.33498557871128,0.333634310796388,0.332292066624024,0.33095877967257,0.329634384139313,0.328318814900337,0.327012007473045,0.325713897981218,0.324424423122521,0.323143520138354,0.321871126785951,0.320607181312618,0.319351622432016,0.318104389302391,0.31686542150664,0.315634659034121,0.314412042264108,0.31319751195079,0.311991009209727,0.310792475505675,0.30960185264169,0.308419082749423,0,-0.0421588860535017,-0.0420748749308847,-0.0420151252763582,-0.041975185896677,-0.041950453045297,-0.0419371912149251,-0.0419324771424629,-0.0419340242928277,-0.0419400448532721,-0.0419491470954427,-0.0419602546609529,-0.0419725410257355,-0.0419853762074103,-0.0419982839141748,-0.0420109075281027,-0.042022983368908,-0.0420343198048916,-0.0420447809657618,-0.042054274025376,-0.0420627392277724,-0.0420701420095499,-0.0420764667198834,-0.042081711557008,-0.0420858844306887,-0.0420889995287232,-0.0420910744164506,-0.042092127535473,-0.0420921759944836,-0.0420912335636567,-0.0420893087962365,-0.0420864032079824,-0.0420825094476959,-0.0420776093904944,-0.0420716720796955,-0.0420646514326668,-0.0420564836097651,-0.0420470839220444,-0.0420363431204029,-0.0420241228629844,-0.0420102500941723,-0.0419945099807146,-0.0419766369288285,-0.0419563030370541,-0.0419331031040002,-0.0419065349807709,-0.0418759735962846,-0.0418406363352951,-0.0417995365364222,-0.0417514205916924,-0.0416946823160204,-0.0416272456985241,-0.0415464035452619,-0.0414485944550149,-0.0413290934575603,-0.0411815816994448,-0.0409975467287548,-0.0407654458224076,-0.0404695386626852,-0.0400882604054173,-0.0395919595338205,-0.0389397649863867,-0.0380752736629761,-0.0369206666616159,-0.0353687842130485,-0.033272648440994,-0.0304319894390467,-0.026576636640712,-0.0213474157787727,-0.0142768023475377,-0.00477448961409033,0.00787240104904322,0.0244688433620878,0.0458305966688114,0.072633363452205,0.10519189891441,0.14321033400182,0.18560032011294,0.230491532793156,0.275506115570186,0.318232973363529,0.356711649065964,0.389731382603513,0.416871756179592,0.438346647966561,0.454769120170885,0.466931931590222,0.475648275946656,0.481658258381433,0.485587543192699,0.487939948777162,0.489108260832203,0.489392330610875,0.489018096195844,0.488154518139093,0.486927453637077,0.48543051277032,0.483733335992267,0.481887811822822,0.479932705113097,0.477897081934809,0.475802834121165,0.473666535834295,0.471500807658311,0.469315319197889,0.467117527016596,0.464913219011774,0.462706917197924,0.460502176805179,0.45830180932137,0.456108049620551,0.453922681876332,0.451747134999438,0.449582555459485,0.447429863255211,0.445289795270705,0.443162939141388,0.441049759939676,0.438950621394297,0.436865802919926,0.434795513411967,0.432739902523917,0.430699069969064,0.428673073257828,0.426661934184935,0.424665644307955,0.422684169604236,0.420717454452138,0.418765425051365,0.416827992373449,0.414905054715342,0.412996499915025,0.41110220727727,0.409222049249179,0.407355892878466,0.405503601082203,0.403665033749449,0.401840048697843,0.400028502501397,0.398230251204472,0.396445150934991,0.394673058428368,0.392913831472275,0.391167329281206,0.389433412808816,0.387711945005153,0.386002791025141,0.384305818394015,0.382620897134819,0.380947899862571,0.379286701849216,0.377637181063082,0.375999218186186,0.374372696612378,0.372757502429028,0.371153524384671,0.369560653844782,0.367978784737609,0.366407813491816,0.364847638967465,0.363298162381714,0.361759287230455,0.36023091920697,0.358712966118538,0.357205337801844,0.355707946037913,0.354220704467187,0.352743528505304,0.351276335260043,0.349819043449821,0.348371573324089,0.346933846585897,0.345505786316845,0.344087316904616,0.342678363973216,0.341278854316033,0.339888715831779,0.33850787746337,0.337136269139751,0.335773821720673,0.334420466944392,0.333076137378264,0.331740766372185,0.3304142880148,0.329096637092427,0.327787749050608,0.326487559958212,0.325196006473985,0.323913025815455,0.322638555730109,0.321372534468738,0.320114900760839,0.318865593791988,0.317624553183081,0.316391718971337,0.315167031592983,0.313950431867515,0.312741860983444,0.311541260485433,0.31034857226275,0.309163738538933,0,-0.0422880168481975,-0.042246395825184,-0.0422221089906947,-0.0422122898224168,-0.042213309644447,-0.0422222521368635,-0.0422368393720157,-0.0422552912533889,-0.0422762260363312,-0.0422985842460342,-0.0423215649169324,-0.042344571478567,-0.0423671668641568,-0.0423890372707225,-0.0424099635284769,-0.0424297988033129,-0.0424484513658821,-0.0424658713072491,-0.0424820402762316,-0.0424969635066109,-0.0425106635706434,-0.0425231754319916,-0.0425345424775592,-0.0425448132880739,-0.0425540389667229,-0.0425622708884031,-0.0425695587631194,-0.042575948928836,-0.0425814828039264,-0.0425861954389386,-0.0425901141127747,-0.0425932569202581,-0.0425956312967069,-0.0425972324205196,-0.0425980414265394,-0.0425980233503489,-0.0425971247054864,-0.0425952705701082,-0.0425923610243105,-0.0425882667305575,-0.0425828233823223,-0.0425758246528918,-0.0425670131470345,-0.0425560686783863,-0.0425425929443174,-0.0425260893185302,-0.042505935988244,-0.0424813499688577,-0.0424513385513965,-0.0424146333595526,-0.0423696002486088,-0.0423141155364194,-0.0422453951937827,-0.0421597581901846,-0.0420522975759075,-0.0419164222481933,-0.0417432175838654,-0.0415205527740212,-0.0412318349520887,-0.0408542729312727,-0.0403564643499403,-0.0396950576247527,-0.0388101647439341,-0.0376191181337316,-0.0360080912391844,-0.0338210767620159,-0.030845818056913,-0.0267966665412162,-0.0212952445490005,-0.0138516111752504,-0.00385182209035802,0.00943736977660363,0.0268300038876893,0.0491277669749077,0.0769555934608387,0.11053165078849,0.149422920101501,0.192391245479094,0.237450707969816,0.282186711896106,0.324245378642497,0.361792812419422,0.393766668461041,0.419874155065765,0.440414556665205,0.45604312782502,0.467561807526013,0.475772764169798,0.481395595648968,0.485033178749907,0.487168239683671,0.488175833348037,0.48834173484848,0.487881090027235,0.486954754819438,0.485682571222876,0.484153711928454,0.482434551798804,0.480574575526404,0.478610774119652,0.47657089876692,0.47447586032489,0.472341495053949,0.47017986303257,0.468000203381428,0.465809638048898,0.463613691537836,0.461416675856277,0.459221976666344,0.457032266876748,0.454849666833598,0.452675865102362,0.450512210076749,0.448359779914729,0.446219436308742,0.444091866143404,0.441977614032301,0.439877107948593,0.437790679594701,0.435718580737837,0.433660996429866,0.431618055802242,0.429589840958082,0.427576394358002,0.425577725002885,0.423593813646721,0.421624617220121,0.419670072605403,0.417730099874065,0.415804605074563,0.413893482640741,0.411996617477733,0.410113886771667,0.408245161561314,0.406390308103354,0.404549189057843,0.402721664516355,0.400907592891984,0.399106831687701,0.397319238157338,0.395544669871661,0.393782985200444,0.392034043720151,0.390297706555759,0.388573836664256,0.386862299066573,0.385162961033959,0.38347569223418,0.381800364842389,0.380136853620977,0.378485035972318,0.376844791967896,0.375216004356947,0.373598558557456,0.371992342632019,0.370397247250848,0.36881316564396,0.367239993544344,0.365677629123748,0.364125972922517,0.362584927774767,0.361054398730028,0.359534292972366,0.358024519737844,0.356524990231125,0.35503561754186,0.353556316561456,0.352087003900729,0.350627597808859,0.349178018094016,0.347738186045963,0.346308024360867,0.344887457068553,0.343476409462318,0.342074808031468,0.340682580396637,0.339299655247961,0.33792596228613,0.336561432166348,0.335205996445164,0.333859587530167,0.332522138632495,0.331193583722115,0.329873857485792,0.328562895287698,0.327260633132548,0.325967007631217,0.324681955968721,0.323405415874478,0.322137325594747,0.320877623867159,0.319626249897235,0.318383143336801,0.317148244264191,0.315921493166162,0.314702830921395,0.31349219878553,0.312289538377611,0.311094791667883,0.309907900966834,0,-0.0424027290887596,-0.0424049108350788,-0.0424177106799777,-0.0424391308668368,-0.0424665848644346,-0.0424980759638774,-0.0425320500789667,-0.0425672958425851,-0.0426028881593352,-0.042638140484563,-0.0426725592165297,-0.0427058022845696,-0.0427376440045438,-0.0427679467153299,-0.0427966386241077,-0.0428236968323532,-0.0428491344537897,-0.0428729908584585,-0.0428953242580269,-0.042916206025636,-0.0429357162952347,-0.0429539405050619,-0.0429709666402493,-0.0429868829956082,-0.0430017763269739,-0.0430157302927431,-0.0430288241102353,-0.0430411313670603,-0.0430527189378441,-0.0430636459628482,-0.043073962848133,-0.0430837102475006,-0.0430929179847098,-0.0431016038703513,-0.0431097723609847,-0.0431174129980839,-0.0431244985500991,-0.0431309827611407,-0.0431367975825001,-0.043141849725669,-0.0431460163238056,-0.0431491394172226,-0.043151018879636,-0.0431514032646094,-0.0431499778602116,-0.0431463489722557,-0.0431400230811652,-0.043130378990021,-0.0431166303385917,-0.0430977748110019,-0.0430725248873567,-0.0430392129052803,-0.0429956602583536,-0.0429389964201031,-0.0428654076679628,-0.0427697872390567,-0.0426452472970026,-0.0424824373563431,-0.0422685921878112,-0.0419862028432031,-0.0416111651413313,-0.041110208613683,-0.0404373441794216,-0.03952899187049,-0.0382973679348456,-0.0366216435165029,-0.0343363796055568,-0.0312168849171152,-0.0269615997185726,-0.0211726544499864,-0.0133377883387804,-0.00282029273759087,0.0111312503733282,0.0293358325889125,0.052574747477731,0.0814142897971796,0.115968932212512,0.155666127110283,0.199124116114114,0.244256652755261,0.288631783515435,0.329968251320467,0.366564387823492,0.397502177990755,0.422606884315906,0.442252918584789,0.457129647410017,0.468043146226479,0.475782152435689,0.481045162186582,0.48441268902213,0.486347229380621,0.487207056223705,0.4872647297884,0.486725315463695,0.485742123434994,0.48442940700349,0.48287222197124,0.481133916544497,0.479261749103166,0.477291068661499,0.475248409689663,0.473153775509314,0.471022319813769,0.468865584245454,0.466692409766555,0.464509608843887,0.462322462376152,0.4601350881527,0.457950715028103,0.455771887777488,0.453600620872898,0.451438514520852,0.44928684273103,0.447146620583628,0.445018655964632,0.442903589652036,0.440801926622412,0.438714060704603,0.436640294162306,0.434580853386238,0.432535901580776,0.430505549111204,0.428489862015417,0.42648886906318,0.42450256765592,0.422530928792471,0.420573901275421,0.418631415294324,0.416703385492958,0.414789713605604,0.412890290730305,0.411004999293989,0.409133714754112,0.40727630707358,0.405432641999439,0.403602582170855,0.401785988077968,0.399982718889993,0.39819263316834,0.396415589478403,0.394651446911897,0.39290006553012,0.391161306737312,0.389435033592179,0.387721111064762,0.386019406245033,0.384329788508912,0.382652129646809,0.380986303959233,0.379332188323584,0.37768966223577,0.376058607829959,0.374438909879417,0.372830455781084,0.371233135526258,0.369646841659524,0.368071469227831,0.36650691572141,0.364953081008054,0.363409867262109,0.361877178889368,0.36035492244892,0.358843006572899,0.357341341884939,0.355849840918051,0.354368418032547,0.352896989334548,0.351435472595529,0.349983787173303,0.348541853934768,0.347109595180687,0.345686934572741,0.344273797063016,0.342870108826081,0.341475797193748,0.340090790592606,0.338715018484358,0.337348411308998,0.335990900430818,0.334642418087238,0.333302897340432,0.331972272031684,0.330650476738437,0.32933744673396,0.328033117949571,0.326737426939308,0.325450310846998,0.324171707375603,0.322901554758776,0.321639791734519,0.320386357520855,0.319141191793403,0.317904234664786,0.316675426665761,0.315454708727981,0.314242022168306,0.31303730867456,0.311840510292649,0.310651569414974,0,-0.0425124612858345,-0.0425584360223325,-0.0426086878206525,-0.0426614167498074,-0.042715143952591,-0.0427688521473543,-0.0428217529973203,-0.0428732392695428,-0.0429228732167611,-0.0429703665234401,-0.0430155526404159,-0.0430583585955371,-0.0430987804739172,-0.043136863854781,-0.0431726889458324,-0.0432063595852493,-0.0432379952045001,-0.0432677249653955,-0.0432956834556898,-0.0433220074878477,-0.0433468336754553,-0.0433702965592929,-0.0433925271249428,-0.0434136516021997,-0.0434337904691537,-0.0434530576052544,-0.0434715595513669,-0.0434893948432486,-0.0435066533896976,-0.0435234158689103,-0.0435397531170193,-0.0435557254816796,-0.0435713821110321,-0.0435867601442899,-0.0436018837642626,-0.0436167630638546,-0.0436313926672041,-0.0436457500305794,-0.0436597933269407,-0.0436734587890543,-0.0436866573462651,-0.0436992703352811,-0.0437111439896936,-0.043722082308092,-0.0437318377546873,-0.0437400990425626,-0.0437464749642282,-0.0437504728333341,-0.0437514695373706,-0.0437486724062957,-0.0437410659806629,-0.0437273391802871,-0.0437057851417054,-0.0436741628453867,-0.0436295052247619,-0.0435678522326651,-0.0434838786463146,-0.0433703742907486,-0.0432175176277078,-0.0430118607239681,-0.0427349125646453,-0.0423611663617751,-0.0418553629101072,-0.0411687151898456,-0.0402337413604833,-0.0389572730752022,-0.0372111472260889,-0.0348201032171832,-0.0315465957263343,-0.0270727765663783,-0.0209810948610708,-0.0127372279660652,-0.00168281528274068,0.0129492253006838,0.0319784096070605,0.0561591666034577,0.0859915754617994,0.121480336504031,0.161912754091784,0.205771552633425,0.250886331162862,0.294826307991612,0.335395979248262,0.371029130776161,0.400946502305777,0.425081562878807,0.443874105707268,0.458040335303411,0.46838614834364,0.475684960939924,0.48061387311316,0.483731597035127,0.485481298122956,0.486205400406322,0.486164074293177,0.485552977053887,0.484518396800707,0.483169395910531,0.481587211365272,0.479832386543523,0.477950118152247,0.475974235438079,0.473930147149446,0.471837017171623,0.469709367969176,0.467558261809418,0.465392171536051,0.463217623512543,0.461039673458443,0.45886225965562,0.456688466050454,0.454520719031271,0.452360935274906,0.4502106333986,0.448071018756224,0.445943048238683,0.443827480127839,0.441724912729581,0.439635814542473,0.437560548007519,0.435499388362107,0.433452538736281,0.431420142345244,0.429402292421462,0.427399040373451,0.425410402541845,0.423436365836345,0.421476892471811,0.419531923972708,0.41760138457786,0.415685184149348,0.413783220667809,0.411895382379915,0.410021549651071,0.408161596566506,0.406315392316188,0.404482802392967,0.402663689628497,0.40085791508767,0.399065338839198,0.397285820617442,0.395519220388547,0.39376539883221,0.392024217749007,0.390295540401971,0.388579231800125,0.386875158930763,0.385183190946548,0.38350319931281,0.381835057919872,0.380178643164713,0.378533834005818,0.376900511994692,0.375278561287129,0.373667868637019,0.372068323375185,0.37047981737549,0.368902245010195,0.367335503096371,0.365779490834939,0.36423410974377,0.36269926358609,0.361174858295316,0.359660801897298,0.358157004430837,0.356663377867238,0.355179836029556,0.353706294512115,0.352242670600785,0.350788883194448,0.349344852728008,0.347910501097247,0.34648575158577,0.34507052879425,0.343664758572126,0.342268367951878,0.340881285085977,0.339503439186561,0.338134760467882,0.336775180091537,0.335424630114471,0.334083043439734,0.332750353769965,0.331426495563536,0.330111403993315,0.328805014907954,0.327507264795666,0.326218090750377,0.324937430440179,0.323665222078001,0.322401404394397,0.321145916612365,0.319898698424108,0.318659689969635,0.317428831817114,0.316206064944881,0.314991330725018,0.313784570908415,0.312585727611228,0.311394743302642,0,-0.0426260049378612,-0.0427147538747234,-0.0428015649630165,-0.0428846148991458,-0.0429636099825046,-0.0430385283314316,-0.0431093523121177,-0.0431760875472862,-0.0432387942967495,-0.0432975919400344,-0.0433526478487525,-0.0434041623149359,-0.0434523551172744,-0.0434974553439008,-0.0435396943351745,-0.0435793010600644,-0.043616499205317,-0.0436515053934192,-0.0436845281083154,-0.0437157670461954,-0.0437454127113822,-0.0437736461478501,-0.0438006387425386,-0.0438265520645544,-0.0438515377203776,-0.0438757372135355,-0.0438992818008029,-0.0439222923377579,-0.0439448791056437,-0.0439671416096472,-0.0439891683362485,-0.044011036454305,-0.0440328114409572,-0.0440545466090694,-0.0440762825074252,-0.0440980461578264,-0.0441198500839551,-0.0441416910745024,-0.0441635486064462,-0.0441853828318471,-0.0442071320008386,-0.0442287091514219,-0.0442499978387445,-0.0442708465964061,-0.0442910617110148,-0.0443103977360342,-0.0443285449538812,-0.0443451126907271,-0.0443596069603204,-0.0443714003100705,-0.0443796908920921,-0.0443834465815237,-0.0443813282701862,-0.0443715840736777,-0.044351902822817,-0.0443192104758745,-0.0442693864501899,-0.0441968676019243,-0.0440940947052921,-0.0439507385194817,-0.0437526182615622,-0.0434801925770746,-0.0431064597879224,-0.0425940484416423,-0.0418912104649283,-0.0409263506132929,-0.0396006485632744,-0.0377782815083425,-0.0352737941283725,-0.0318364022802689,-0.0271316559862304,-0.0207222424597333,-0.0120522059506387,-0.000442888775672265,0.0148856525101609,0.034748763182137,0.0598674835500809,0.0906685422281068,0.12704195498314,0.168136028154882,0.212307713382155,0.25731912932629,0.300757992013747,0.340525345108749,0.375191445939953,0.404109050289366,0.427309944010831,0.445290176290898,0.458786304927752,0.468600400702813,0.475489119703345,0.480108122075367,0.482994986475201,0.484574465512353,0.485174044369168,0.485042290840193,0.48436608789469,0.483285191847101,0.481903845050841,0.480299742933978,0.478530830099908,0.476640394392864,0.47466085870203,0.47261659049464,0.470525977437948,0.46840295845789,0.466258152761238,0.464099693026197,0.461933841286976,0.459765445259999,0.457598277444811,0.455435287989128,0.453278793999383,0.451130621907019,0.448992215067843,0.446864715534668,0.444749026578499,0.44264586080425,0.440555777441073,0.438479211459337,0.436416496484712,0.434367882978229,0.432333552781163,0.430313630850048,0.428308194804193,0.426317282757338,0.424340899792502,0.422379023354984,0.420431607775233,0.418498588085703,0.416579883259773,0.414675398973411,0.412785029969383,0.410908662087752,0.409046174014014,0.407197438786661,0.405362325098405,0.403540698419423,0.401732421966302,0.399937357536624,0.398155366226127,0.396386309042932,0.39463004743133,0.392886443715968,0.391155361475894,0.389436665856757,0.387730223828479,0.38603590439487,0.384353578760931,0.382683120462955,0.381024405465995,0.379377312232766,0.377741721767634,0.376117517638953,0.374504585982671,0.372902815489833,0.371312097380313,0.369732325364874,0.368163395597442,0.366605206619248,0.365057659296339,0.363520656751786,0.361994104293746,0.36047790934044,0.358971981342948,0.357476231706623,0.355990573711845,0.354514922434705,0.353049194668161,0.351593308844127,0.350147184956862,0.348710744488009,0.347283910333536,0.34586660673283,0.344458759200094,0.343060294458206,0.341671140375159,0.340291225903129,0.338920481020247,0.337558836675093,0.336206224733916,0.334862577930571,0.333527829819144,0.332201914729225,0.330884767723776,0.329576324559537,0.328276521649899,0.326985296030156,0.325702585325073,0.324428327718687,0.323162461926229,0.321904927168107,0.320655663145836,0.319414610019834,0.318181708389001,0.316956899271973,0.315740124089978,0.314531324651198,0.313330443136538,0.312137422086755,0,-0.0427514618056267,-0.0428811772179901,-0.0430024199674066,-0.0431137818389536,-0.0432162291682584,-0.0433107035952656,-0.0433979279503755,-0.0434785044812041,-0.043552982865666,-0.0436218840136593,-0.0436857032408602,-0.043744907774812,-0.0437999345209562,-0.0438511895300987,-0.0438990489655858,-0.0439438609845871,-0.0439859480088405,-0.0440256090265748,-0.0440631217206192,-0.0440987443284822,-0.0441327172101807,-0.0441652641387472,-0.044196593346753,-0.0442268983677609,-0.0442563587099326,-0.0442851403936759,-0.0443133963784406,-0.0443412668967882,-0.0443688797072937,-0.0443963502718963,-0.0444237818579746,-0.0444512655605342,-0.0444788802351842,-0.0445066923277603,-0.0445347555811239,-0.0445631105934046,-0.0445917841941836,-0.0446207885951377,-0.0446501202585241,-0.0446797584093153,-0.0447096630930353,-0.0447397726489612,-0.0447700004239116,-0.0448002304905589,-0.0448303120492476,-0.0448600520740944,-0.0448892055990462,-0.0449174628082579,-0.0449444317702395,-0.0449696151978642,-0.0449923789715746,-0.0450119092533079,-0.0450271537343146,-0.0450367407474301,-0.0450388674183556,-0.0450311444318516,-0.0450103799337965,-0.0449722780122555,-0.0449110173329932,-0.0448186618257352,-0.0446843364979571,-0.0444930758253305,-0.0442242177602781,-0.0438491711307794,-0.0433283264179139,-0.0426068096145535,-0.0416087003315897,-0.040229262053429,-0.0383246964870325,-0.0356990017145755,-0.0320878108233609,-0.0271398306368929,-0.020398023609859,-0.0112854076166242,0.000895375551670199,0.0169340524575357,0.0376368926095752,0.0636850758416086,0.0954254257837922,0.132629633597937,0.174309886108209,0.218708503339609,0.263536904752706,0.306417143949409,0.34535528361804,0.379057121206846,0.406999829455361,0.429303770967279,0.446512801266904,0.459378105215552,0.468694886467418,0.475201994291546,0.47953381196507,0.482207531592152,0.483630417011551,0.484115896527089,0.483901684028719,0.483166484760534,0.482043981965387,0.480633943809246,0.47901078217331,0.477230034403372,0.475333221429911,0.473351465120077,0.471308170106371,0.469221006599116,0.467103374345447,0.464965483299206,0.462815152020255,0.460658398521698,0.45849987855037,0.456343211645526,0.454191224541367,0.452046133577761,0.44990968200394,0.447783243835109,0.44566790283327,0.443564512924226,0.441473744708728,0.439396121513258,0.437332047536066,0.435281829989526,0.433245696657661,0.431223809931422,0.429216278120633,0.427223164645661,0.425244495566164,0.423280265795395,0.421330444267044,0.419394978260306,0.417473797042644,0.415566814954709,0.413673934035255,0.411795046263545,0.40993003548113,0.408078779042813,0.406241149237287,0.404417014510571,0.402606240519674,0.400808691039323,0.399024228740976,0.397252715860402,0.395494014767761,0.393747988452141,0.392014500930939,0.390293417593121,0.388584605484271,0.386887933540407,0.385203272776708,0.383530496436612,0.381869480106142,0.380220101797769,0.378582242007671,0.376955783749841,0.375340612570119,0.373736616542897,0.37214368625298,0.370561714764792,0.368990597580903,0.367430232591633,0.36588052001731,0.364341362344558,0.362812664257876,0.361294332567578,0.359786276135096,0.358288405796459,0.356800634284734,0.355322876152048,0.35385504769178,0.352397066861399,0.350948853206372,0.349510327785493,0.348081413097935,0.34666203301227,0.34525211269766,0.343851578557387,0.342460358164829,0.341078380201997,0.339705574400683,0.33834187148627,0.336987203124205,0.335641501869153,0.334304701116802,0.332976735058293,0.331657538637225,0.330347047509179,0.329045198003717,0.327751927088752,0.326467172337253,0.325190871896161,0.323922964457468,0.322663389231357,0.321412085921315,0.320168994701132,0.318934056193701,0.317707211451512,0.316488401938781,0.315277569515098,0.314074656420534,0.312879605262108,0,-0.0428962588955168,-0.0430643259284913,-0.0432166851944165,-0.0433534067781555,-0.0434767479216037,-0.0435885313923901,-0.0436901591443621,-0.043782791897244,-0.0438674424659757,-0.0439450122620199,-0.0440163061754892,-0.0440820418965411,-0.0441428587188422,-0.0441993265972911,-0.0442519550483386,-0.0443012013928996,-0.0443474780342368,-0.0443911586615511,-0.0444325834068884,-0.0444720630588192,-0.0445098824680781,-0.0445463032845983,-0.0445815661545731,-0.0446158924884894,-0.0446494858914148,-0.0446825333279174,-0.0447152060771239,-0.0447476605190486,-0.044780038781398,-0.0448124692662936,-0.044845067068366,-0.0448779342890021,-0.0449111602457527,-0.0449448215705917,-0.0449789821854256,-0.045013693137532,-0.045048992270957,-0.0450849037017027,-0.0451214370540437,-0.0451585864015028,-0.0451963288375465,-0.0452346225760533,-0.0452734044474634,-0.0453125866095817,-0.0453520522271326,-0.0453916497840827,-0.0454311855671464,-0.0454704136831739,-0.0455090227265684,-0.0455466178661322,-0.0455826966322006,-0.045616615995752,-0.0456475473583599,-0.0456744146985083,-0.0456958091820538,-0.045709870813712,-0.0457141238647961,-0.0457052474224534,-0.0456787548699178,-0.045628545620666,-0.0455462779254261,-0.0454204916732991,-0.0452353831094038,-0.0449690973120581,-0.0445913571057914,-0.0440601874364705,-0.0433174227400597,-0.0422826070865096,-0.0408448290268993,-0.0388520119955832,-0.0360972815494848,-0.0323023911229642,-0.0270990424665823,-0.0200106359793259,-0.0104399525661946,0.00232723365349484,0.0190871061619979,0.0406318075022681,0.06759634603337,0.100241795649469,0.13821922867006,0.180409230690397,0.224951736294431,0.269523985462522,0.311796514126679,0.349886633677189,0.382633078102236,0.409629252018453,0.431074656551248,0.447553208278497,0.459825709812403,0.468678000493242,0.474830413044906,0.478896385088172,0.481373525621501,0.482652528710079,0.483033615967722,0.482744357600547,0.481955841975087,0.480796108309821,0.479360773094045,0.477721204863805,0.475930711846063,0.474029180040282,0.472046528234395,0.470005271193544,0.467922416361864,0.465810865627684,0.463680451211214,0.461538701860856,0.459391410537246,0.457243056006166,0.455097116841599,0.452956306085134,0.450822747284033,0.448698107120982,0.446583695816614,0.444480543534711,0.442389458858529,0.440311073822337,0.438245878819328,0.436194249852384,0.434156469964742,0.432132746223221,0.430123223283187,0.428127994309831,0.426147109841018,0.424180585035966,0.42222840564846,0.420290532984288,0.418366908043037,0.416457454999456,0.414562084145535,0.41268069438852,0.410813175380252,0.408959409337998,0.407119272605184,0.405292636991297,0.403479370923101,0.401679340433685,0.39989241001145,0.39811844332755,0.396357303857503,0.394608855410344,0.392872962576817,0.391149491106549,0.389438308222856,0.387739282882724,0.386052285988633,0.38437719055806,0.382713871855859,0.38106220749412,0.379422077503603,0.377793364380388,0.376175953111019,0.374569731179023,0.372974588555433,0.371390417675613,0.369817113404475,0.36825457299193,0.366702696020228,0.36516138434466,0.363630542028917,0.362110075276268,0.360599892357593,0.359099903537148,0.35761002099688,0.35613015875997,0.354660232614217,0.353200160035771,0.351749860113698,0.350309253475712,0.348878262215447,0.347456809821511,0.346044821108556,0.344642222150544,0.343248940216356,0.341864903707849,0.340490042100441,0.33912428588628,0.337767566520029,0.336419816367273,0.335080968655536,0.333750957427898,0.332429717499163,0.331117184414535,0.329813294410755,0.328517984379607,0.327231191833752,0.325952854874805,0.324682912163564,0.323421302892314,0.322167966759128,0.320922843944064,0.319685875087186,0.318457001268315,0.317236163988416,0.31602330515255,0.314818367054291,0.313621292361534,0,-0.0430673727883333,-0.0432699139294065,-0.0434489712868315,-0.0436072759133638,-0.0437483066220478,-0.0438746360963724,-0.043988259402934,-0.0440908396254331,-0.0441838108289672,-0.0442684202545959,-0.0443457524849258,-0.0444167497935127,-0.0444822316037981,-0.0445429127795858,-0.0445994200605079,-0.0446523062515346,-0.0447020621092013,-0.044749126086799,-0.0447938922090808,-0.0448367163792397,-0.0448779214092493,-0.0449178010315596,-0.0449566231093582,-0.0449946322218477,-0.0450320517640276,-0.0450690856688398,-0.0451059198334318,-0.0451427233102881,-0.0451796493073567,-0.0452168360282368,-0.0452544073732419,-0.0452924735139914,-0.0453311313475029,-0.0453704648300117,-0.0454105451854472,-0.04545143097817,-0.045493168033768,-0.0455357891848658,-0.045579313810424,-0.0456237471260726,-0.0456690791685896,-0.0457152833982638,-0.0457623148165853,-0.0458101074607085,-0.0458585710865451,-0.0459075867836423,-0.0459570011694214,-0.0460066186768386,-0.0460561912624427,-0.0461054045989604,-0.0461538594464727,-0.0462010463744728,-0.0462463112707003,-0.0462888080329987,-0.0463274333729786,-0.0463607365906245,-0.0463867942643221,-0.0464030357048286,-0.0464059992825544,-0.0463909917269042,-0.0463516113714549,-0.0462790809699294,-0.046161314715241,-0.0459816157186739,-0.0457168624779315,-0.04533499388015,-0.0447915409657767,-0.0440248813855883,-0.0429498163109981,-0.0414490085609733,-0.0393618170107954,-0.0364701994812429,-0.0324817860623325,-0.0270111981583706,-0.0195625687891455,-0.00951941586345767,0.00384729527325046,0.0213366651583529,0.0437215833615614,0.0715848457378567,0.105096755507159,0.143786855618227,0.186410156409158,0.231017250134634,0.275267124638064,0.316891111155296,0.354121892076089,0.385927141230594,0.412007965546112,0.432633984252373,0.448422140858672,0.460138514994903,0.468557568518408,0.474380695052385,0.478200852432525,0.480496907622889,0.481643890366758,0.481929631578111,0.481572230068377,0.480735684115859,0.47954279013734,0.478085313793114,0.476431804035403,0.474633505806581,0.47272879301802,0.470746472555788,0.468708237278038,0.466630482837153,0.464525651808386,0.462403228109187,0.460270473394571,0.458132973317588,0.455995043695917,0.453860033376194,0.451730550819435,0.449608634257318,0.447495880010316,0.445393539705551,0.443302594308426,0.441223810811292,0.439157785902495,0.437104979822097,0.435065742788473,0.43304033577374,0.431028946958098,0.429031704861486,0.427048688904714,0.425079937969005,0.423125457386112,0.421185224688799,0.419259194374673,0.417347301878396,0.415449466903615,0.413565596232715,0.4116955861072,0.409839324252192,0.407996691603634,0.406167563785301,0.404351812373806,0.402549305982796,0.400759911192077,0.398983493343032,0.397219917218264,0.3954690476206,0.393730749864352,0.392004890189872,0.390291336110957,0.388589956703369,0.386900622841706,0.385223207390964,0.383557585358374,0.381903634010438,0.380261232959556,0.378630264224109,0.377010612265473,0.375402164005029,0.373804808823935,0.372218438548094,0.370642947420531,0.369078232063098,0.367524191429284,0.365980726749648,0.364447741471275,0.362925141192462,0.361412833593723,0.359910728366074,0.358418737137421,0.356936773397811,0.355464752424171,0.354002591205106,0.352550208366232,0.351107524096465,0.349674460075612,0.348250939403564,0.346836886531337,0.345432227194171,0.344036888346832,0.342650798101262,0.341273885666662,0.339906081292083,0.338547316211561,0.337197522591816,0.33585663348253,0.334524582769183,0.333201305128407,0.33188673598584,0.330580811476414,0.329283468407031,0.327994644221544,0.326714276967988,0.325442305267973,0.324178668288165,0.322923305713778,0.321676157723982,0.320437164969146,0.319206268549831,0.317983409997446,0.31676853125649,0.315561574668286,0.314362482956137,0,-0.0432711023235305,-0.0435025437036361,-0.0437029212688355,-0.0438783630178064,-0.0440333542308969,-0.0441710464482779,-0.0442939255655899,-0.0444040873855372,-0.0445033320962461,-0.0445932060193717,-0.0446750332939163,-0.044749946585083,-0.0448189166253486,-0.0448827790802007,-0.0449422578186538,-0.0449979843730104,-0.0450505138245946,-0.0451003375683219,-0.0451478934718985,-0.0451935739247135,-0.0452377322123623,-0.0452806875812893,-0.0453227292879422,-0.0453641198643756,-0.0454050977796068,-0.045445879633225,-0.0454866619838047,-0.0455276228882077,-0.0455689232074612,-0.0456107077192767,-0.045653106065304,-0.0456962335519502,-0.0457401918162697,-0.0457850693624001,-0.0458309419687496,-0.0458778729611541,-0.0459259133420716,-0.0459751017600988,-0.0460254642971658,-0.0460770140420341,-0.0461297504073873,-0.0461836581327347,-0.0462387058950365,-0.0462948444213119,-0.0463520039595186,-0.0464100909115706,-0.0464689833595686,-0.0465285251148446,-0.0465885177774407,-0.0466487100943994,-0.046708783624986,-0.0467683333260578,-0.0468268411136596,-0.0468836396704301,-0.0469378626580527,-0.0469883759272269,-0.0470336821093261,-0.0470717878667467,-0.0471000187176895,-0.0471147602492968,-0.0471110960317124,-0.047082300764974,-0.0470191309802682,-0.0469088335182238,-0.0467337622592707,-0.0464694542411559,-0.046081965604611,-0.0455242050497144,-0.0447309298572796,-0.0436119958069337,-0.0420433997363341,-0.0398556697867017,-0.0368193363350878,-0.0326277215274477,-0.0268783840863961,-0.0190566210756529,-0.00852784473038512,0.00544951867218792,0.0236737739114691,0.046893432984791,0.0756334145702885,0.109969149254333,0.149309124943933,0.192290141341432,0.236886976651643,0.280755417112857,0.32169800202803,0.3580649740889,0.388947828360848,0.414146707014182,0.433992828641865,0.449129830431432,0.460325344535904,0.46834086905979,0.473858678262001,0.47745182177985,0.479581287682615,0.480607326776335,0.480806159652329,0.480387049044636,0.479507397637697,0.478285134259092,0.476808454503261,0.475143296336746,0.47333899594374,0.471432529613088,0.469451677317312,0.467417373393775,0.465345449285387,0.463247924268778,0.461133961484058,0.459010576760829,0.456883165071833,0.454755892446169,0.452631988548269,0.450513965812807,0.448403784177042,0.446302975425718,0.444212737476196,0.442134006225739,0.440067510596002,0.438013814949563,0.435973351978727,0.433946448374872,0.431933345001834,0.429934212864199,0.427949165840559,0.425978270913338,0.424021556449087,0.422079018950375,0.420150628600877,0.418236333850498,0.41633606523095,0.414449738549527,0.412577257576438,0.410718516316309,0.408873400935586,0.407041791402989,0.405223562888946,0.403418586961174,0.401626732606772,0.399847867105792,0.398081856777039,0.396328567613436,0.394587865821587,0.392859618277974,0.391143692912426,0.389439959028022,0.387748287565363,0.386068551318152,0.384400625106123,0.382744385910647,0.381099712977721,0.379466487892499,0.377844594629037,0.376233919578558,0.374634351559123,0.373045781809334,0.371468103968361,0.369901214044379,0.368345010373229,0.366799393568964,0.365264266467714,0.363739534066174,0.362225103455855,0.360720883754113,0.359226786032838,0.357742723245601,0.356268610153931,0.35480436325333,0.353349900699539,0.351905142235494,0.350470009119367,0.349044424054008,0.347628311118057,0.346221595698951,0.344824204428011,0.343436065117759,0.342057106701556,0.340687259175669,0.339326453543814,0.337974621764198,0.336631696699088,0.335297612066895,0.333972302396761,0.332655702985608,0.331347749857613,0.330048379726052,0.328757529957452,0.327475138537994,0.326201144042085,0.324935485603027,0.323678102885694,0.322428936061154,0.32118792578314,0.319955013166295,0.3187301397661,0.3175132475604,0.316304278932454,0.315103176655422,0,-0.0435127017629673,-0.0437655224904785,-0.0439811026865614,-0.0441687506340684,-0.0443335868824568,-0.0444791484819141,-0.0446083030624967,-0.0447235002727881,-0.044826840467933,-0.0449201120423824,-0.0450048298879676,-0.0450822759682555,-0.0451535381688208,-0.0452195447766094,-0.0452810935933373,-0.0453388757475014,-0.0453934947842836,-0.0454454817885912,-0.0454953072943765,-0.045543390651166,-0.0455901074098157,-0.0456357951805707,-0.0456807583193098,-0.0457252717163431,-0.0457695838963349,-0.045813919586197,-0.0458584818678434,-0.045903454002261,-0.0459490009883467,-0.0459952709026568,-0.0460423960531863,-0.0460904939703998,-0.0461396682510931,-0.0461900092645455,-0.0462415947252778,-0.0462944901320723,-0.0463487490683168,-0.0464044133538027,-0.0464615130323831,-0.0465200661728778,-0.0465800784516485,-0.0466415424734877,-0.0467044367717425,-0.0467687244072891,-0.0468343510568683,-0.0469012424412316,-0.0469693008880769,-0.0470384007475906,-0.0471083822706297,-0.0471790434085399,-0.0472501287813798,-0.0473213147625076,-0.0473921892061441,-0.0474622237498691,-0.047530735784476,-0.0475968359986374,-0.0476593557346245,-0.0477167460376415,-0.0477669369731479,-0.0478071411493912,-0.0478335789052053,-0.0478410936166142,-0.0478226131244684,-0.0477683962006116,-0.047664979760126,-0.0474937114209423,-0.0472287111134198,-0.0468340531654381,-0.0462598963604436,-0.0454372170217715,-0.0442707298516501,-0.042629538726587,-0.0403350986681543,-0.0371462931262498,-0.0327420163365476,-0.0267028803564696,-0.0184959173430313,-0.00746976998008037,0.00712721421817213,0.0260887049450684,0.0501337927569128,0.0797243311238535,0.114837767972298,0.154763360405484,0.198028202612699,0.242544968572543,0.285980184372445,0.326216102964786,0.361720985091359,0.391704161834321,0.416056178708483,0.435161892714732,0.449685979031931,0.460394459991387,0.468034657084717,0.473269747255439,0.476653524485034,0.478629970467179,0.479545417522761,0.479665220068426,0.479190404360362,0.478272241496124,0.477024143673055,0.475530998590455,0.473856327856358,0.472047703038842,0.470140809595524,0.468162479914484,0.466132949021339,0.464067528636647,0.461977848444183,0.459872776594328,0.457759103036384,0.455642047669976,0.453525639097264,0.451412997712149,0.44930654796653,0.447208178106559,0.44511936086093,0.443041245029386,0.440974725323212,0.438920495900381,0.436879091633068,0.434850920109868,0.432836286611034,0.430835413730035,0.428848456896279,0.426875516742978,0.424916649032946,0.422971872682421,0.421041176293962,0.419124523512532,0.417221857446033,0.415333104336448,0.413458176626146,0.41159697553214,0.409749393216966,0.407915314626294,0.406094619049125,0.404287181445421,0.40249287357743,0.40071156497427,0.398943123754092,0.397187417323939,0.395444312974155,0.393713678381464,0.391995382032776,0.390289293579931,0.388595284134237,0.386913226508406,0.385242995412532,0.3835844676099,0.381937522037721,0.380302039897267,0.378677904717363,0.377065002394748,0.375463221214401,0.373872451852617,0.372292587365265,0.37072352316344,0.369165156978435,0.367617388817781,0.366080120913881,0.36455325766661,0.363036705581096,0.361530373201747,0.360034171043475,0.358548011520942,0.357071808876568,0.355605479107928,0.354148939895104,0.352702110528454,0.35126491183723,0.349837266119373,0.348419097072805,0.347010329728444,0.345610890385152,0.344220706546788,0.342839706861485,0.341467821063247,0.340104979915948,0.338751115159769,0.337406159460098,0.336070046358916,0.334742710228627,0.333424086228341,0.332114110262554,0.330812718942192,0.329519849547955,0.328235439995897,0.326959428805186,0.325691755067967,0.324432358421249,0.323181179020747,0.32193815751658,0.320703235030765,0.31947635313641,0.318257453838534,0.317046479556434,0.315843373107501,0,-0.0437957279770716,-0.0440607201379435,-0.0442849443453326,-0.0444795846154858,-0.0446499124856409,-0.0447996597151024,-0.0449319688846778,-0.045049559028554,-0.0451547561642136,-0.0452495254981482,-0.0453355170750255,-0.0454141158452246,-0.0454864888068759,-0.0455536258250452,-0.0456163733215874,-0.0456754613096331,-0.0457315247385862,-0.0457851202067736,-0.0458367390121067,-0.0458868173611089,-0.0459357443981959,-0.0459838685736799,-0.0460315027485556,-0.0460789283373579,-0.0461263987148182,-0.0461741420541582,-0.046222363721167,-0.0462712483155183,-0.0463209614265083,-0.0463716511523917,-0.0464234494191386,-0.0464764731244263,-0.0465308251250755,-0.0465865950801715,-0.0466438601572097,-0.0467026856043162,-0.0467631251875047,-0.0468252214877025,-0.0468890060475245,-0.0469544993520823,-0.0470217106209862,-0.047090637379454,-0.0471612647642062,-0.0472335645033826,-0.0473074934873498,-0.0473829918166152,-0.0474599801707504,-0.0475383562835066,-0.0476179902274542,-0.0476987180969571,-0.047780333517579,-0.0478625761839488,-0.0479451163095551,-0.048027533422529,-0.0481092873070832,-0.0481896779947458,-0.048267790446003,-0.0483424177821883,-0.0484119544218267,-0.0484742469582181,-0.0485263856919663,-0.0485644128679776,-0.0485829141420201,-0.0485744466677166,-0.04852873922735,-0.0484315755107209,-0.048263239205902,-0.0479963571775253,-0.0475929233015787,-0.047000220733592,-0.0461452886991112,-0.0449275139884808,-0.0432088966071641,-0.0408016035503068,-0.0374526966474701,-0.0328265919394722,-0.0264871734906024,-0.0178839199978131,-0.00635021149133756,0.00887305737762401,0.0285710065928976,0.0534284224113487,0.0838394727008502,0.11968155306379,0.160127795119955,0.203605014611212,0.24797738757398,0.29093483475264,0.330445967054775,0.365096006219746,0.394205501245744,0.417746944176621,0.436151459959912,0.450099750860857,0.460353575106625,0.467645188699232,0.472618860326123,0.475809840808572,0.477645977143825,0.478460515191497,0.478508651123172,0.477983740059831,0.47703135684607,0.475760725441603,0.474253670633737,0.472571479438915,0.470760093421761,0.468854006973881,0.466879179055878,0.464855200777909,0.462796905802512,0.460715565821822,0.458619778200142,0.456516125745626,0.45440966796157,0.452304307656609,0.450203065287061,0.448108284898579,0.446021789266897,0.443944997226374,0.441879012783574,0.439824693117947,0.437782700734627,0.435753543680526,0.433737606735848,0.431735175754898,0.429746456783355,0.427771591173741,0.425810667619201,0.423863731801099,0.421930794177966,0.420011836317628,0.418106816079829,0.416215671885516,0.414338326255136,0.412474688757541,0.410624658480033,0.40878812610641,0.406964975671678,0.40515508604812,0.403358332206568,0.401574586288328,0.3998037185166,0.398045597971103,0.396300093245482,0.394567073003851,0.392846406450194,0.391137963722249,0.389441616219774,0.387757236875709,0.38608470037755,0.384423883345317,0.382774664471664,0.381136924628998,0.379510546947868,0.377895416870423,0.376291422182241,0.374698453025509,0.373116401896156,0.371545163627276,0.369984635360899,0.368434716509959,0.366895308712083,0.365366315776645,0.36384764362638,0.36233920023469,0.360840895559638,0.359352641475526,0.357874351702826,0.356405941737147,0.35494732877783,0.353498431656682,0.352059170767298,0.350629467995341,0.34920924665011,0.347798431397668,0.346396948195739,0.345004724230582,0.343621687855964,0.342247768534363,0.340882896780478,0.33952700410711,0.338180022973446,0.336841886735766,0.335512529600573,0.334191886580132,0.332879893450392,0.331576486711236,0.330281603549034,0.328995181801432,0.327717159924317,0.326447476960879,0.325186072512714,0.323932886712881,0.322687860200846,0.321450934099227,0.320222049992264,0.319001149905929,0.317788176289597,0.316583071999198,0,-0.0441214677320356,-0.0443884998638076,-0.0446147218657748,-0.0448110629564684,-0.0449824422388739,-0.0451326255775045,-0.0452649331045673,-0.0453822657209371,-0.0454870941154219,-0.0455814889567179,-0.0456671751616439,-0.0457455910412213,-0.0458179423998448,-0.0458852481031439,-0.0459483768325008,-0.0460080760414589,-0.0460649944945715,-0.0461196997299502,-0.0461726915990517,-0.0462244128170719,-0.0462752572527582,-0.0463255765139435,-0.046375685246985,-0.0464258654611899,-0.046476370108017,-0.0465274260840632,-0.0465792367818718,-0.0466319842795781,-0.0466858312362494,-0.0467409225421207,-0.0467973867599839,-0.0468553373844107,-0.0469148739382805,-0.0469760829205109,-0.0470390386143778,-0.0471038037619396,-0.0471704301064924,-0.0472389588013526,-0.0473094206793084,-0.0473818363724399,-0.0474562162663014,-0.0475325602651693,-0.0476108573355007,-0.0476910847820114,-0.0477732071935557,-0.0478571749724921,-0.0479429223288995,-0.0480303645762873,-0.0481193945032463,-0.0482098775086222,-0.0483016450660775,-0.0483944859128743,-0.0484881341169114,-0.0485822528365217,-0.0486764121083947,-0.0487700583226287,-0.0488624720894062,-0.0489527098558226,-0.0490395227360091,-0.0491212433537782,-0.0491956277625071,-0.0492596342886796,-0.0493091138837948,-0.0493383765161976,-0.0493395843080805,-0.0493019032690277,-0.0492103200584676,-0.0490439964706339,-0.0487739905441872,-0.0483601182411179,-0.0477466643259522,-0.0468565807676968,-0.0455837505837128,-0.043782877912999,-0.0412566579366703,-0.0377402052780349,-0.0328834815978891,-0.0262339673126044,-0.0172244379913725,-0.00517467713575842,0.0106791114305271,0.0311095629225199,0.056762516421959,0.0879604802665516,0.124479791065056,0.165381742265615,0.20900299023766,0.253172457781072,0.295614705268838,0.33438957378696,0.368196896107146,0.396461396784196,0.419229342309908,0.436971359073232,0.450379771006952,0.460209873241632,0.467178246242511,0.471910575592362,0.474924323736876,0.476632065705198,0.477354762118883,0.477338123111283,0.476768365351845,0.475785775886197,0.474495697872722,0.472977122301058,0.471289271536013,0.46947658301299,0.467572453394262,0.465602037645799,0.463584334880518,0.461533739794567,0.459461195772571,0.45737505215385,0.455281702246154,0.453186058985533,0.451091910356579,0.449002185682913,0.446919155753871,0.444844583745551,0.44277983946857,0.440725986215329,0.438683847078292,0.436654055840318,0.434637096231608,0.432633332382345,0.430643032585623,0.428666387955547,0.426703527171808,0.424754528209105,0.422819427731078,0.420898228664897,0.418990906349929,0.417097413561644,0.41521768464233,0.413351638917511,0.411499183537012,0.40966021584917,0.407834625393418,0.406022295578624,0.404223105100808,0.4024369291432,0.400663640393343,0.39890310990544,0.397155207831097,0.395419804037539,0.393696768629214,0.391985972386126,0.390287287130134,0.388600586028838,0.38692574384522,0.385262637140135,0.383611144433748,0.381971146331264,0.380342525617605,0.378725167325102,0.377118958777826,0.375523789615714,0.373939551801296,0.372366139611527,0.370803449616907,0.369251380649859,0.367709833764088,0.366178712186477,0.364657921262865,0.36314736839892,0.361646962997181,0.360156616391201,0.358676241777616,0.357205754146875,0.355745070213251,0.354294108344699,0.352852788493021,0.351421032124758,0.349998762153157,0.348585902871505,0.347182379888078,0.345788120062909,0.344403051446544,0.343027103220913,0.341660205642416,0.340302289987294,0.338953288499346,0.337613134340014,0.336281761540836,0.334959104958277,0.333645100230911,0.332339683738924,0.331042792565893,0.329754364462794,0.328474337814178,0.327202651606456,0.325939245398224,0.324684059292564,0.323437033911217,0.322198110370596,0.320967230259514,0.319744335618597,0.318529368921264,0.31732227305622,0,-0.0444885135420395,-0.04474774314281,-0.0449695923011134,-0.0451624579714143,-0.0453305088796514,-0.045477438233082,-0.0456066591000747,-0.0457211648720651,-0.0458234853012287,-0.045915721405044,-0.0459996103327897,-0.0460765928791397,-0.0461478728057,-0.0462144652560435,-0.0462772348612108,-0.0463369251992615,-0.0463941814040635,-0.046449567509255,-0.0465035798154087,-0.0465566572811335,-0.0466091896953899,-0.0466615241944867,-0.046713970538415,-0.0467668054495247,-0.0468202762341118,-0.0468746038472898,-0.0469299855179098,-0.0469865970188604,-0.0470445946454513,-0.047104116948293,-0.0471652862552741,-0.0472282100085937,-0.0472929819363541,-0.0473596830732573,-0.0474283826409739,-0.0474991387953654,-0.0475719992446427,-0.0476470017394677,-0.047724174432703,-0.0478035361027263,-0.0478850962296304,-0.0479688549078518,-0.0480548025712694,-0.0481429194969117,-0.0482331750401049,-0.0483255265358437,-0.0484199177764385,-0.0485162769413941,-0.0486145138081791,-0.0487145160066242,-0.0488161439874807,-0.0489192242462682,-0.0490235401615355,-0.04912881955021,-0.0492347176809648,-0.0493407939759771,-0.0494464799108682,-0.0495510346061712,-0.0496534831714165,-0.0497525308480584,-0.0498464431691758,-0.0499328783949664,-0.0500086529610762,-0.0500694130084507,-0.0501091744728969,-0.050119679688395,-0.0500894987195248,-0.0500027771367433,-0.04983749695873,-0.0495630723951345,-0.0491370460189021,-0.0485005855406838,-0.0475724130997892,-0.0462407452285873,-0.0443528199655428,-0.0417017115351878,-0.03801051484642,-0.032914838748226,-0.0259461916025439,-0.0165216311515059,-0.00394915470295577,0.0125368599814305,0.0336926650252327,0.0601208248242077,0.0920689249691687,0.129212296053285,0.170505738054646,0.214206326590826,0.258120389721871,0.300016891052182,0.338050124593544,0.371031109888722,0.398481462206573,0.420513417599904,0.43763093939006,0.450534129881769,0.459970026896476,0.46663916330312,0.471149075952136,0.474000221262996,0.475590749750068,0.476230105759163,0.476155150732756,0.475545464593548,0.474536429913575,0.473229797058585,0.471701937701003,0.47001016862721,0.468197541010787,0.466296441243815,0.464331285418692,0.46232052939902,0.460278165663378,0.458214837228361,0.456138666857032,0.454055874998266,0.451971241078601,0.449888448623642,0.447810344148098,0.445739131945893,0.443676521144835,0.441623837136269,0.439582106352846,0.437552121053106,0.435534489062801,0.433529672160154,0.431538015857779,0.429559772641489,0.427595120212071,0.425644175893619,0.423707008086853,0.42178364543278,0.419874084192436,0.417978294228569,0.416096223884858,0.414227803990099,0.412372951163172,0.410531570555335,0.408703558136544,0.406888802609565,0.405087187018111,0.40329859010167,0.401522887439213,0.399759952415793,0.398009657039683,0.396271872632667,0.394546470412149,0.392833321980567,0.391132299735103,0.38944327720861,0.387766129351061,0.386100732759432,0.384446965862858,0.382804709068935,0.381173844876309,0.379554257957995,0.37794583521935,0.376348465834131,0.374762041261668,0.373186455247811,0.371621603812031,0.370067385222744,0.368523699962729,0.366990450686265,0.365467542169447,0.363954881254961,0.362452376792454,0.360959939575501,0.35947748227605,0.358004919377113,0.356542167104391,0.355089143357413,0.353645767640701,0.35221196099541,0.35078764593181,0.349372746362943,0.347967187539717,0.346570895987669,0.345183799445573,0.343805826806051,0.342436908058299,0.341076974233017,0.339725957349602,0.338383790365647,0.337050407128767,0.335725742330762,0.334409731464088,0.333102310780628,0.331803417252726,0.330512988536431,0.329230962936916,0.327957279375993,0.32669187736167,0.325434696959685,0.324185678766942,0.322944763886776,0.321711893905978,0.320487010873488,0.319270057280689,0.318060976043232,0,-0.044892958272101,-0.0451359805811725,-0.0453476734134791,-0.0455321691727383,-0.0456927105331774,-0.0458328771769001,-0.0459561019455283,-0.0460653794719304,-0.0461632101604936,-0.0462516490135766,-0.0463323828976798,-0.0464068051169318,-0.0464760777532753,-0.0465411807461547,-0.0466029494943905,-0.0466621033456011,-0.0467192671441973,-0.0467749876047527,-0.0468297458704363,-0.0468839672713061,-0.0469380290259823,-0.0469922664251363,-0.0470469778839488,-0.0471024291408941,-0.0471588568014532,-0.0472164713693232,-0.0472754598680311,-0.0473359881278763,-0.047398202793362,-0.0474622330922692,-0.0475281923975106,-0.0475961796056375,-0.0476662803504756,-0.0477385680662275,-0.0478131049110507,-0.0478899425592802,-0.0479691228678639,-0.0480506784200103,-0.0481346329463094,-0.0482210016204871,-0.0483097912232449,-0.0484010001630255,-0.0484946183366324,-0.048590626804898,-0.048688997248281,-0.0487896911533707,-0.048892658662318,-0.0489978369911823,-0.0491051482871729,-0.0492144967447139,-0.0493257647303753,-0.0494388075687927,-0.0495534465041343,-0.0496694591580006,-0.0497865665316113,-0.0499044152149054,-0.0500225529215091,-0.0501403947014828,-0.0502571761024536,-0.0503718880274658,-0.0504831858988389,-0.0505892627389542,-0.0506876715888585,-0.0507750768524491,-0.0508469060714738,-0.0508968625025659,-0.0509162436434973,-0.0508929902395868,-0.050810362742512,-0.0506451060134016,-0.0503649167933725,-0.0499249716433234,-0.049263207867847,-0.0482939844449999,-0.0468997040594268,-0.0449199929798546,-0.0421381933191034,-0.0382653643672524,-0.0329229442477509,-0.0256270081124517,-0.0157800097598334,-0.00268009652740683,0.0144372490770635,0.0363080925254631,0.0634877809765032,0.0961464725856439,0.133859576123063,0.175481655653508,0.219201017409157,0.262813279914399,0.30414006776602,0.341431847609621,0.373606535966831,0.400275266130068,0.42160886464542,0.438139055290995,0.450570392107939,0.459640218575897,0.46603284927883,0.470338192746575,0.473040497128897,0.474524315781835,0.475088312749852,0.474961104407904,0.474316106377293,0.473284156648192,0.471963682820491,0.47042863825032,0.468734583243774,0.466923293249827,0.465026226480315,0.463067121343172,0.461063936313641,0.459030296270444,0.456976570215848,0.454910674593134,0.452838672726246,0.450765222889285,0.448693913964698,0.446627517544617,0.444568177834415,0.44251755517393,0.44047693489698,0.438447310225743,0.43642944566251,0.434423925689657,0.432431192366326,0.430451574504476,0.428485310434765,0.426532565872892,0.424593448024702,0.422668016790399,0.420756293720244,0.418858269218076,0.416973908371722,0.415103155700905,0.413245939046377,0.411402172773349,0.409571760423643,0.407754596921672,0.405950570416701,0.404159563826639,0.402381456135157,0.400616123483633,0.398863440091344,0.397123279031024,0.395395512881961,0.393680014278887,0.391976656371792,0.390285313209325,0.388605860056405,0.386938173655075,0.385282132436271,0.383637616689099,0.382004508693307,0.380382692819877,0.37877205560402,0.377172485794325,0.37558387438135,0.374006114608536,0.372439101967991,0.370882734183393,0.369336911181993,0.367801535057469,0.366276510025186,0.364761742371234,0.363257140396448,0.36176261435648,0.36027807639887,0.358803440497931,0.357338622388179,0.35588353949694,0.354438110876676,0.353002257137511,0.351575900380373,0.350158964131078,0.348751373275684,0.347353053997333,0.345963933714805,0.344583941022945,0.3432130056351,0.341851058327653,0.34049803088676,0.339153856057316,0.337818467494189,0.336491799715745,0.33517378805965,0.333864368640941,0.332563478312338,0.331271054626751,0.329987035801941,0.328711360687287,0.327443968732597,0.326184799958892,0.324933794931103,0.323690894732602,0.3224560409415,0.321229175608648,0.320010241237243,0.318799180763989,0,-0.0453288212192087,-0.0455496126836339,-0.0457461584866259,-0.0459178029110476,-0.0460669782479232,-0.0461971702610587,-0.0463117637590866,-0.0464136607337308,-0.0465052430100491,-0.0465884446909895,-0.0466648425572088,-0.0467357355125457,-0.0468022072427613,-0.046865173557311,-0.0469254175718765,-0.0469836157733039,-0.0470403574291323,-0.0470961592010432,-0.0471514763186457,-0.0472067112839828,-0.0472622207927655,-0.0473183213538338,-0.0473752939436007,-0.0474333879309523,-0.0474928244378128,-0.0475537992521273,-0.0476164853767128,-0.0476810352745684,-0.0477475828554858,-0.0478162452378786,-0.0478871243120591,-0.0479603081256699,-0.0480358721078805,-0.0481138801457905,-0.0481943855238917,-0.0482774317351948,-0.0483630531705211,-0.0484512756903646,-0.0485421170814794,-0.0486355873978209,-0.0487316891824515,-0.0488304175633421,-0.0489317602112998,-0.0490356971421924,-0.0491422003376075,-0.049251233147347,-0.0493627494225839,-0.0494766923086054,-0.0495929925986102,-0.0497115665120026,-0.0498323127076202,-0.0499551082682208,-0.0500798032885628,-0.0502062135531638,-0.0503341105837931,-0.0504632080461873,-0.050593143095485,-0.0507234506614039,-0.0508535278584599,-0.0509825845575162,-0.0511095745390611,-0.0512330993809752,-0.051351274059831,-0.0514615388176214,-0.0515603956952368,-0.0516430396315353,-0.0517028423458358,-0.0517306312997402,-0.0517136845535276,-0.0516343337508964,-0.0514680301670463,-0.0511806814479322,-0.0507250092838874,-0.0500356137882952,-0.0490223683754977,-0.047561732061339,-0.0454856009516195,-0.0425675149676493,-0.0385065414659664,-0.0329102122115275,-0.0252798135746167,-0.0150044290267965,-0.0013743966977289,0.0163707384736309,0.0389432038547409,0.0668476335757867,0.100175042404987,0.138402981061209,0.180292789696709,0.223974835306342,0.267244991242647,0.307984311685619,0.344539814005207,0.37593135046358,0.40185224015074,0.422524985065392,0.438504058015137,0.450495608783329,0.459226162370727,0.465363813189981,0.469481428047034,0.47204785005158,0.473434839092365,0.473930981754504,0.473757220575029,0.473081251785714,0.472029706881691,0.470697944104666,0.469157687093377,0.467462879624428,0.465654125255205,0.463762031207352,0.461809715811779,0.459814683390593,0.457790223904492,0.455746457256043,0.453691112744005,0.451630111478638,0.449568002303621,0.447508288776154,0.445453675055357,0.443406251343535,0.441367634188429,0.439339073007255,0.437321531274119,0.435315748652765,0.43332228875761,0.431341576041034,0.429373924425466,0.427419559645241,0.425478636776592,0.423551254071126,0.421637463936766,0.419737281706819,0.417850692685104,0.415977657840114,0.414118118434387,0.412271999809548,0.410439214497651,0.408619664791424,0.406813244877071,0.405019842611008,0.403239341004846,0.40147161946972,0.399716554860822,0.39797402235505,0.396243896188433,0.394526050275097,0.392820358725665,0.391126696279914,0.389444938666038,0.387774962896886,0.386116647511943,0.384469872772528,0.382834520816563,0.381210475778426,0.379597623878631,0.377995853487448,0.376405055166078,0.37482512168851,0.373255948046835,0.371697431442436,0.370149471265192,0.368611969062582,0.367084828500358,0.365567955316242,0.364061257267951,0.362564644076701,0.361078027367165,0.359601320604805,0.35813443903133,0.356677299598957,0.355229820904078,0.353791923120837,0.35236352793505,0.350944558478868,0.349534939266481,0.348134596131157,0.346743456163826,0.345361447653401,0.343988500028999,0.342624543804158,0.341269510523162,0.339923332709521,0.33858594381667,0.337257278180896,0.335937270976505,0.334625858173223,0.333322976495802,0.332028563385822,0.330742556965629,0.329464896004362,0.328195519886021,0.326934368579517,0.325681382610635,0.324436503035846,0.323199671417903,0.321970829803129,0.320749920700347,0.319536887061368,0,-0.0457889797979344,-0.0459841878353251,-0.0461614544670405,-0.0463162741942593,-0.0464506647316506,-0.0465680731417195,-0.0466717641558938,-0.0467644498944098,-0.0468483059640024,-0.0469250751187649,-0.0469961695760496,-0.0470627520704965,-0.0471257956742077,-0.0471861268766613,-0.0472444564688934,-0.0473014018286937,-0.0473575032279878,-0.0474132360042801,-0.047469019866015,-0.0475252261974664,-0.0475821839490031,-0.0476401845076341,-0.0476994858138091,-0.0477603159041783,-0.0478228760027198,-0.0478873432448208,-0.0479538730940247,-0.0480226014947885,-0.048093646793782,-0.0481671114550135,-0.048243083589099,-0.0483216383134637,-0.0484028389576229,-0.0484867381255859,-0.0485733786256351,-0.0486627942760854,-0.0487550105940241,-0.0488500453723672,-0.0489479091487496,-0.0490486055677066,-0.0491521316351617,-0.0492584778612602,-0.0493676282838505,-0.0494795603601249,-0.0495942447076562,-0.049711644667733,-0.0498317156526732,-0.049954404223528,-0.0500796468236439,-0.0502073680646069,-0.050337478420881,-0.0504698711333288,-0.0506044180431746,-0.0507409639675329,-0.0508793190721778,-0.0510192484781184,-0.0511604580294932,-0.0513025747142631,-0.0514451196142252,-0.0515874703943089,-0.0517288091216465,-0.0518680494919984,-0.0520037351407831,-0.052133897362146,-0.0522558558900986,-0.0523659399226935,-0.0524590976439816,-0.052528350269923,-0.0525640300308863,-0.0525527191777046,-0.0524757775372345,-0.0523073078112639,-0.0520113596238727,-0.0515381156515742,-0.0508187398859037,-0.0497585104000022,-0.0482278324110019,-0.046050783312114,-0.0429910745910882,-0.0387358873018769,-0.0328791941644634,-0.0249082393869794,-0.0142000782283373,-3.93609196538483e-05,0.0183273613350316,0.0415850335730944,0.0701845801432234,0.104136957336851,0.142824829070334,0.184923911927269,0.228517287350132,0.2714110190705,0.311550921394304,0.347379767493218,0.378013888852009,0.403221602201937,0.423270655085208,0.438733793494075,0.450316332207228,0.458733125752324,0.464636186529019,0.468581975518228,0.471024731470387,0.472324198301447,0.472759555158952,0.472544611040628,0.471841761874815,0.470773750499786,0.46943310386919,0.467889493106143,0.466195377029492,0.46439028501325,0.462504046012715,0.460559212631031,0.458572875887887,0.456558021752369,0.454524544638625,0.452480004897871,0.45043019559404,0.448379567288385,0.446331547080719,0.444288778827939,0.442253304523975,0.440226701680832,0.438210187739794,0.436204699719621,0.434210955217734,0.43222949933004,0.430260740904535,0.428304980688641,0.42636243329391,0.424433244427139,0.422517504482535,0.420615259324174,0.418726518888921,0.416851264090258,0.414989452390606,0.413141022324392,0.411305897189491,0.409483988075524,0.407675196360038,0.40587941577499,0.40409653412395,0.402326434713567,0.400568997549771,0.39882410033903,0.397091619327119,0.395371430001666,0.393663407679885,0.391967427999075,0.390283367324414,0.388611103086131,0.386950514056193,0.385301480573052,0.383663884721701,0.382037610475227,0.380422543803185,0.378818572751369,0.377225587496959,0.375643480382497,0.37407214593171,0.372511480849831,0.370961384010714,0.369421756432811,0.36789250124577,0.366373523649269,0.364864730865442,0.363366032086149,0.361877338416155,0.360398562813163,0.358929620025543,0.357470426528468,0.35602090045911,0.354580961551427,0.353150531071029,0.351729531750543,0.3503178877258,0.348915524473165,0.347522368748257,0.346138348526257,0.34476339294398,0.343397432243845,0.34204039771985,0.340692221665637,0.339352837324687,0.338022178842696,0.336700181222141,0.33538678027905,0.334081912601949,0.332785515512959,0.331497527031033,0.330217885837264,0.32894653124224,0.327683403155366,0.326428442056109,0.325181588967095,0.323942785428988,0.322711973477094,0.321489095619612,0.320274094817458,0,-0.0462660760615196,-0.0464346850265265,-0.0465893304324689,-0.0467239261714892,-0.0468406514075677,-0.0469429645377589,-0.0470339233666033,-0.0471159498689061,-0.047190930455989,-0.0472603536601696,-0.0473254205177496,-0.0473871228540799,-0.0474462967752146,-0.0475036589780369,-0.0475598316058539,-0.0476153595803627,-0.0476707230155085,-0.0477263464122722,-0.047782605731282,-0.0478398340458419,-0.0478983262223572,-0.0479583429110505,-0.048020114025655,-0.0480838418253899,-0.048149703672056,-0.0482178545103844,-0.0482884291048929,-0.0483615440576345,-0.0484372996259431,-0.0485157813560856,-0.0485970615467003,-0.048681200554484,-0.0487682479534771,-0.0488582435582854,-0.0489512183205869,-0.0490471951072213,-0.0491461893670283,-0.0492482096923269,-0.0493532582794906,-0.0494613312914,-0.0495724191225669,-0.04968650656532,-0.0498035728724315,-0.0499235917077722,-0.0500465309716376,-0.0501723524809013,-0.0503010114754716,-0.0504324559107922,-0.0505666254801125,-0.0507034502882029,-0.0508428490676499,-0.0509847267863426,-0.051128971435294,-0.0512754497025411,-0.0514240011215812,-0.051574430117624,-0.0517264951420392,-0.0518798937568732,-0.0520342420679709,-0.0521890462521613,-0.0523436630044695,-0.0524972444387791,-0.0526486611622727,-0.0527963947072235,-0.0529383869656846,-0.0530718293567442,-0.0531928676568735,-0.0532961890722641,-0.0533744453584619,-0.0534174484982854,-0.0534110523041848,-0.0533356028229686,-0.0531638011530575,-0.0528577733878397,-0.0523650847404082,-0.0516133733062051,-0.0505032263435773,-0.0488989069016437,-0.0466166173264422,-0.0434102606358186,-0.0389553008028799,-0.0328325812585962,-0.0245161477266592,-0.0133724643947822,0.00131733069916955,0.0202967913982859,0.0442203948164862,0.0734828991994434,0.108015082415009,0.147108511139127,0.189361299271734,0.232819547844762,0.275308347691163,0.314842244320325,0.349957967968297,0.379862533933516,0.40439229354055,0.423854302196568,0.438835604990674,0.450038632300541,0.458165951177136,0.463853744987985,0.467642739838677,0.469973361863041,0.471194088622635,0.471575329693218,0.471324271446794,0.47059840443964,0.469516881923122,0.468169623498316,0.466624414513952,0.464932352737047,0.46313198547837,0.461252432085741,0.459315730824809,0.457338598102288,0.45533374523378,0.453310863578856,0.451277361855542,0.449238918578318,0.44719989665696,0.445163655196453,0.443132784559132,0.441109284063167,0.439094696725131,0.437090211770187,0.435096742901002,0.433114988289107,0.431145476747073,0.429188603420965,0.427244657509818,0.425313843898205,0.423396300124547,0.421492109761134,0.419601313021962,0.417723915219216,0.415859893542253,0.414009202521917,0.412171778459077,0.410347543032512,0.408536406252844,0.406738268892163,0.404953024490732,0.403180561020401,0.401420762267585,0.399673508985785,0.397938679857489,0.396216152297548,0.394505803123926,0.392807509116951,0.391121147484348,0.38944659624634,0.387783734552666,0.386132442941441,0.384492603548184,0.382864100272102,0.381246818905629,0.379640647232388,0.378045475097998,0.376461194457581,0.374887699403277,0.373324886174674,0.371772653154696,0.370230900853147,0.368699531879873,0.367178450909234,0.365667564637403,0.364166781733804,0.362676012787841,0.361195170251951,0.359724168381865,0.35826292317486,0.356811352306681,0.35536937506774,0.353936912299088,0.352513886328617,0.351100220907874,0.349695841149803,0.348300673467694,0.346914645515574,0.345537686130218,0.344169725274946,0.342810693985321,0.341460524316834,0.340119149294669,0.338786502865572,0.337462519851864,0.336147135907598,0.334840287476875,0.333541911754284,0.332251946647457,0.330970330741683,0.329697003266551,0.328431904064563,0.327174973561673,0.32592615273968,0.324685383110416,0.323452606691659,0.322227765984708,0.321010803953539,0,-0.0467533834693522,-0.0468957535166901,-0.0470250658316225,-0.0471366634659159,-0.0472334706332915,-0.0473189541454652,-0.0473958550600456,-0.0474662041501934,-0.0475315241551125,-0.0475929973104298,-0.0476515770354878,-0.0477080581259592,-0.0477631203090766,-0.0478173554627701,-0.0478712849807835,-0.0479253712393235,-0.0479800255500077,-0.0480356140237898,-0.0480924621867864,-0.0481508588357936,-0.048211059409732,-0.0482732890285909,-0.0483377452798137,-0.0484046007924303,-0.0484740056185269,-0.0485460894317766,-0.0486209635488668,-0.0486987227787993,-0.0487794471055696,-0.0488632032106895,-0.0489500458429544,-0.0490400190435469,-0.0491331572349401,-0.0492294861821192,-0.0493290238344031,-0.0494317810556669,-0.0495377622500476,-0.049646965889309,-0.0497593849469135,-0.0498750072425022,-0.0499938156988657,-0.0501157885115234,-0.0502408992286,-0.0503691167356496,-0.0505004051361673,-0.0506347235134475,-0.0507720255527064,-0.0509122589933434,-0.0510553648689362,-0.0512012764757441,-0.051349917987274,-0.0515012026002163,-0.0516550300520768,-0.051811283287819,-0.0519698239643544,-0.0521304863572052,-0.0522930690582058,-0.0524573236057068,-0.0526229388398242,-0.0527895192834058,-0.0529565551565901,-0.0531233806584105,-0.0532891157808566,-0.0534525850046188,-0.0536122035493173,-0.0537658181253266,-0.0539104839688147,-0.0540421528143716,-0.0541552366831733,-0.0542419990519075,-0.0542917070080759,-0.0542894540657844,-0.0542145319621133,-0.0540381896606916,-0.0537205683743072,-0.0532065440904075,-0.0524201496882588,-0.0512572020765052,-0.0495757574784364,-0.0471841211970395,-0.0438264558584372,-0.0391667420329691,-0.032773204340947,-0.0241076239210404,-0.0125273905789645,0.00268766747886242,0.0222684164251165,0.0468359848117989,0.0767270784517459,0.111792949330491,0.151238572395506,0.193592736297518,0.236874372305251,0.278935301256666,0.317861510641572,0.352281049688823,0.381485619102725,0.405372927774406,0.424283889434031,0.438816339486582,0.449668114080291,0.457529077183457,0.463019928953292,0.466666354681332,0.46889574568432,0.470046033924808,0.470379466046768,0.470097088915118,0.469351860111984,0.468259625006873,0.466907906776671,0.465362762149192,0.463674044742266,0.461879406833088,0.460007323127694,0.458079366262747,0.456111914767175,0.454117433208129,0.452105431264151,0.450083182540962,0.448056263898555,0.446028960762474,0.44400457234217,0.441985642023436,0.439974131746312,0.43797155437832,0.435979074525788,0.433997585576397,0.432027768797416,0.430070138850017,0.428125078990391,0.426192868416114,0.424273703610028,0.422367715080529,0.420474980557624,0.418595535449179,0.416729381170002,0.41487649181185,0.413036819513097,0.411210298804055,0.409396850141001,0.407596382794056,0.405808797217476,0.404033987002851,0.402271840494201,0.4005222421273,0.39878507354273,0.397060214512185,0.395347543709749,0.3936469393538,0.391958279740363,0.390281443684999,0.388616310887269,0.386962762229419,0.385320680019033,0.38368994818379,0.382070452425247,0.380462080337498,0.378864721495725,0.377278267518935,0.375702612110594,0.374137651080371,0.37258328234978,0.37103940594416,0.369505923973096,0.367982740601168,0.366469762010637,0.364966896357503,0.36347405372219,0.361991146055957,0.360518087123988,0.359054792446028,0.357601179235268,0.35615716633615,0.354722674161629,0.353297624630388,0.351881941104404,0.350475548327232,0.349078372363307,0.34769034053851,0.346311381382217,0.344941424570991,0.343580400874075,0.342228242100783,0.340884881049871,0.339550251460948,0.33822428796798,0.336906926054886,0.335598102013257,0.334297752902159,0.33300581651003,0.331722231318617,0.330446936468944,0.329179871729232,0.32792097746474,0.326670194609463,0.325427464639629,0.324192729548934,0.322965931825444,0.321747014430109,0,-0.0472452932144945,-0.047361870908135,-0.0474635928387134,-0.0475500965762057,-0.0476254396730121,-0.0476929995580479,-0.0477550654770732,-0.0478131800316876,-0.0478684408497427,-0.0479216857093335,-0.0479735961132814,-0.0480247535131468,-0.048075669498132,-0.048126801980578,-0.0481785639947378,-0.0482313287176103,-0.0482854326585135,-0.0483411780416499,-0.0483988348941543,-0.0484586430716957,-0.0485208143047216,-0.0485855342739797,-0.0486529646910524,-0.0487232453491506,-0.0487964961102027,-0.0488728188000967,-0.0489522989913072,-0.0490350076593416,-0.0491210027056516,-0.049210330344625,-0.0493030263560121,-0.0493991172067845,-0.0494986210481666,-0.0496015485945856,-0.0497079038917366,-0.049817684980956,-0.0499308844667608,-0.0500474899937957,-0.0501674846385693,-0.0502908472202796,-0.0504175525336992,-0.0505475715054757,-0.0506808712732258,-0.0508174151843424,-0.0509571627083238,-0.0511000692524259,-0.0512460858651785,-0.0513951588053135,-0.0515472289442131,-0.0517022309571306,-0.0518600922407567,-0.0520207314702408,-0.0521840566747172,-0.0523499626627871,-0.0525183275626449,-0.0526890081476893,-0.0528618334863094,-0.0530365962682711,-0.0532130408974944,-0.0533908470707546,-0.0535696070402157,-0.0537487940236881,-0.0539277181952709,-0.0541054652432668,-0.0542808104604296,-0.0544520985127444,-0.0546170751169469,-0.0547726514398751,-0.0549145745770738,-0.055036967269898,-0.0551316861778322,-0.0551874294181943,-0.0551884994063417,-0.0551130948801396,-0.0549309651949933,-0.0546002102470449,-0.0540629527186481,-0.0532395526806409,-0.0520209946579834,-0.0502590888952295,-0.047754257820745,-0.0442410412532218,-0.039372234527374,-0.0327040317011325,-0.0236869649939198,-0.0116709288724156,0.00406335796155515,0.0242314165785229,0.0494184913365225,0.0799019365103609,0.115454865151405,0.155200770475031,0.197607494494342,0.240675996580598,0.282291392816378,0.320612676441974,0.354355893974392,0.382891345696127,0.406171750406566,0.424566905957603,0.438682356909206,0.449209935660351,0.456826558733204,0.462137862694803,0.465655199273009,0.467793684984521,0.468881397656132,0.469172997539814,0.468863848921071,0.468102727834702,0.467002437435125,0.465648303452271,0.464104802372139,0.462420654178578,0.46063269851646,0.458768827067617,0.456850193123948,0.454892872309956,0.452909109060825,0.450908251796608,0.448897454821529,0.446882205698456,0.444866722122383,0.44285425118283,0.440847295549087,0.438847784871298,0.436857206041393,0.434876702498999,0.432907150194362,0.430949215905612,0.429003402181756,0.427070082119788,0.425149526390902,0.423241924337694,0.421347400520137,0.419466027754955,0.417597837442618,0.415742827787461,0.413900970374075,0.412072215455249,0.410256496225025,0.408453732288201,0.40666383249019,0.404886697234906,0.403122220390495,0.401370290861373,0.399630793888489,0.397903612126985,0.396188626540456,0.394485717143302,0.392794763616554,0.391115645817824,0.389448244202233,0.387792440168182,0.38614811633944,0.384515156793112,0.382893447241489,0.381282875174534,0.379683329968725,0.378094702967138,0.376516887534936,0.374949779093871,0.373393275138895,0.37184727523957,0.37031168102863,0.368786396179707,0.367271326376033,0.365766379271649,0.364271464446495,0.362786493356569,0.361311379280206,0.359846037261373,0.358390384050791,0.356944338045573,0.355507819227982,0.354080749103822,0.352663050640928,0.351254648208132,0.349855467515034,0.348465435552858,0.347084480536628,0.345712531848862,0.344349519984928,0.342995376500192,0.341650033959077,0.34031342588607,0.338985486718761,0.337666151762919,0.336355357149638,0.335053039794553,0.333759137359105,0.332473588213836,0.331196331403681,0.329927306615214,0.328666454145811,0.327413714874672,0.326169030235644,0.324932342191775,0.323703593211563,0.322482726246799,0,-0.0477372685138843,-0.0478274125817369,-0.0478996337143799,-0.0479596955275844,-0.0480128026908556,-0.0480620280972583,-0.0481090551630494,-0.0481548530344974,-0.0482000507660718,-0.0482451201828832,-0.0482904601274855,-0.0483364328831441,-0.0483833780954795,-0.0484316165548513,-0.0484814498434191,-0.0485331587153276,-0.0485870015117187,-0.0486432131265101,-0.0487020046522519,-0.0487635636563432,-0.0488280549668283,-0.0488956218307063,-0.0489663873174015,-0.0490404558602996,-0.0491179148520031,-0.0491988362302759,-0.0492832780098917,-0.0493712857303484,-0.0494628938008478,-0.0495581267324942,-0.0496570002538668,-0.0497595223104501,-0.0498656939512978,-0.0499755101081149,-0.0500889602729391,-0.0502060290810058,-0.0503266968053394,-0.05045093976923,-0.0505787306821181,-0.0507100389035206,-0.0508448306385437,-0.0509830690671803,-0.0511247144079593,-0.0512697239145151,-0.0514180518011401,-0.0515696490902002,-0.0517244633701777,-0.0518824384476572,-0.0520435138693092,-0.0522076242800656,-0.0523746985702153,-0.0525446587455546,-0.0527174184289396,-0.0528928808656057,-0.053070936254245,-0.0532514581550989,-0.053434298626804,-0.053619281603544,-0.0538061938264416,-0.0539947723645634,-0.0541846873683964,-0.0543755181461362,-0.0545667198764455,-0.0547575771816041,-0.0549471392594625,-0.0551341291429674,-0.0553168166925591,-0.055492840818638,-0.0556589607618312,-0.0558107084761491,-0.0559419035458106,-0.056043977707077,-0.0561050368221951,-0.0561085627717339,-0.0560316248660647,-0.0558424290080712,-0.055496983013822,-0.0549346008461919,-0.0540719151316584,-0.0527950349390933,-0.0509495124840812,-0.0483279391340411,-0.0446553998157621,-0.0395738664493199,-0.032628164379452,-0.0232586643992013,-0.0108093884801873,0.00543588485111567,0.0261748462282463,0.0519546980104789,0.0829927359250514,0.118986003938889,0.158982111565016,0.201396291167934,0.244220024920576,0.285377174549084,0.32310027742809,0.356189516046071,0.384087713142276,0.406796607460302,0.424710362774696,0.438439541421588,0.448668826346369,0.456062086609799,0.46121037220566,0.4646114135622,0.466668791765809,0.467701392693403,0.4679568379082,0.467625241447566,0.46685152975238,0.465745714641995,0.464391112413905,0.462850759675382,0.461172347477145,0.45939198103421,0.457537027594621,0.455628265205092,0.453681499976674,0.451708781675509,0.449719317037035,0.447720156243005,0.445716709439414,0.443713135978161,0.441712638318183,0.439717684444324,0.43773017662001,0.435751579782068,0.43378301952699,0.431825357135449,0.429879247216826,0.427945182164507,0.426023526574227,0.424114544001468,0.422218417852797,0.420335267770271,0.418465162540682,0.416608130314989,0.414764166737408,0.412933241443115,0.411115303277001,0.409310284505072,0.407518104228468,0.405738671163075,0.403971885911698,0.402217642828128,0.400475831551182,0.39874633827034,0.397029046771883,0.395323839304538,0.393630597295901,0.391949201944864,0.390279534710505,0.388621477714146,0.386974914068277,0.38533972814368,0.383715805784166,0.382103034476801,0.380501303484227,0.378910503944696,0.377330528944568,0.375761273567332,0.37420263492266,0.372654512158483,0.371116806458699,0.369589421028761,0.368072261071116,0.366565233752186,0.3650682481624,0.363581215270562,0.362104047873693,0.360636660543345,0.359178969569253,0.357730892901059,0.356292350088787,0.354863262222628,0.353443551872514,0.352033143027923,0.350631961038255,0.349239932554106,0.34785698546968,0.346483048866558,0.34511805295902,0.343761929041036,0.342414609435058,0.341076027442688,0.339746117297299,0.338424814118647,0.337112053869491,0.335807773314242,0.334511909979628,0.333224402117368,0.331945188668823,0.330674209231599,0.329411404028036,0.328156713875566,0.32691008015886,0.325671444803732,0.324440750252726,0.323217939442318,0,-0.0482253186714445,-0.0482866511891756,-0.0483278399726532,-0.0483609513758068,-0.0483918765741858,-0.0484230590960041,-0.0484554194044792,-0.0484892893664143,-0.048524808799591,-0.0485620808210736,-0.0486012251475915,-0.0486423896658538,-0.0486857460805542,-0.0487314806723059,-0.0487797847773648,-0.0488308467497421,-0.0488848458903874,-0.0489419482738208,-0.0490023041876648,-0.0490660468455232,-0.0491332920510113,-0.0492041385368908,-0.0492786687567077,-0.0493569499569737,-0.0494390354016166,-0.0495249656560695,-0.0496147698663401,-0.0497084669897122,-0.049806066949572,-0.049907571698346,-0.0500129761806983,-0.0501222691947667,-0.0502354341529821,-0.0503524497464074,-0.0504732905179363,-0.0505979273503747,-0.0507263278756024,-0.0508584568108025,-0.050994276227257,-0.0511337457564855,-0.0512768227375805,-0.0514234623084651,-0.0515736174424313,-0.0517272389296718,-0.051884275301486,-0.0520446726922929,-0.0522083746313317,-0.0523753217516855,-0.0525454513986418,-0.0527186971118349,-0.0528949879453311,-0.0530742475756831,-0.0532563931284317,-0.0534413336263302,-0.0536289679245483,-0.0538191819448025,-0.0540118449454269,-0.0542068044589167,-0.0544038793798388,-0.0546028504765176,-0.0548034473047176,-0.0550053300859059,-0.0552080645281767,-0.0554110867472627,-0.055613654295266,-0.0558147776977989,-0.0560131246610009,-0.056206886000292,-0.0563935880416389,-0.0565698303248793,-0.0567309193324211,-0.056870357944428,-0.0569791354617824,-0.0570447432243846,-0.0570498148220074,-0.0569702564007396,-0.0567726907710246,-0.0564109893295908,-0.055821611523984,-0.0549174220183214,-0.0535796316446881,-0.0516475510078084,-0.0489060309677943,-0.0450709200266777,-0.0397737904468766,-0.0325488289739199,-0.0228273930532371,-0.00994927930093609,0.00679656413457411,0.0280877176049488,0.0544315863895649,0.0859852856712613,0.122372480524742,0.16257086532499,0.204951230939257,0.247503310517187,0.288194091728367,0.325329294014603,0.357788965376996,0.385082460605399,0.407254921852662,0.424720792572577,0.438093314117043,0.448049104474646,0.455239005730747,0.460240001671694,0.463536912031898,0.46552249913353,0.466507090175335,0.466731788253974,0.466381866461233,0.465598715553617,0.464489793287635,0.463136584505239,0.461600818989629,0.459929258278894,0.458157347562142,0.456311985516055,0.454413617080812,0.452477810830389,0.450516446297819,0.448538607355313,0.446551254683178,0.444559732470891,0.442568150793312,0.44057967471749,0.438596743376461,0.436621236388276,0.434654600621258,0.432697947039608,0.430752124925912,0.428817778957704,0.426895393256222,0.424985325509384,0.423087833510369,0.421203095882864,0.419331228335853,0.41747229646862,0.415626325903829,0.413793310343057,0.411973218000373,0.410165996764118,0.408371578356976,0.406589881703305,0.404820815666019,0.403064281279537,0.401320173577804,0.399588383095217,0.397868797101889,0.396161300622007,0.394465777274136,0.3927821099646,0.391110181459052,0.389449874852561,0.387801073954772,0.386163663603751,0.384537529919693,0.382922560507805,0.381318644618121,0.379725673268732,0.378143539337958,0.376572137630088,0.375011364918676,0.373461119970783,0.371921303555078,0.370391818436336,0.368872569358478,0.367363463018085,0.365864408029983,0.364375314886355,0.362896095910623,0.361426665207162,0.359966938607814,0.358516833616013,0.357076269349228,0.355645166480358,0.354223447178595,0.352811035050238,0.351407855079832,0.350013833571983,0.348628898094123,0.347252977420487,0.345886001477461,0.344527901290506,0.343178608932759,0.341838057475432,0.340506180940074,0.33918291425275,0.337868193200188,0.3365619543879,0.33526413520029,0.333974673762734,0.332693508905612,0.33142058013027,0.330155827576875,0.328899191994119,0.327650614710723,0.326410037608682,0.325177403098203,0.323952654094267,0,-0.0487052613975177,-0.0487337367017473,-0.0487429438415394,-0.0487495436999223,-0.0487591957914145,-0.0487733219126889,-0.0487919434568167,-0.0488147233343463,-0.0488413182705693,-0.0488714797331201,-0.0489050660155059,-0.0489420254572694,-0.0489823730368892,-0.0490261683634576,-0.0490734975860658,-0.0491244595822117,-0.0491791559786852,-0.049237684313766,-0.0493001336404819,-0.0493665819534945,-0.0494370949322422,-0.0495117256014943,-0.0495905146057564,-0.0496734908725344,-0.0497606725016549,-0.0498520677656542,-0.0499476761421516,-0.0500474893255698,-0.0501514921846945,-0.0502596636461624,-0.0503719774934519,-0.0504884030774323,-0.0506089059388196,-0.05073344834563,-0.0508619897503492,-0.050994487172383,-0.0511308955116451,-0.0512711677990379,-0.0514152553891888,-0.0515631081001952,-0.0517146743043358,-0.0518699009727369,-0.0520287336758261,-0.0521911165400303,-0.0523569921595055,-0.0525263014596341,-0.0526989835064373,-0.0528749752527234,-0.053054211207425,-0.053236623008757,-0.053422138873956,-0.0536106828876091,-0.0538021740757468,-0.0539965251923078,-0.0541936411158804,-0.0543934167144512,-0.0545957339794776,-0.0548004581512484,-0.0550074324457431,-0.0552164708357208,-0.0554273481168933,-0.055639786177562,-0.055853434950521,-0.0560678459085285,-0.0562824350988373,-0.0564964315010992,-0.0567088048031835,-0.0569181643393747,-0.0571226176788126,-0.057319572858108,-0.0575054620810836,-0.0576753562840982,-0.0578224285462875,-0.0579372089840485,-0.0580065534009028,-0.0580122213425603,-0.0579289251794079,-0.0577216697650372,-0.0573421528943452,-0.0567239442306627,-0.0557761151485859,-0.0543749769260014,-0.0523536445433034,-0.0494893583204698,-0.0454889989437018,-0.0399742221175736,-0.0324693679468825,-0.0223979768755132,-0.00909727158375263,0.00813660730731568,0.0299590846928623,0.0568364329808743,0.0888660315985468,0.125601406252047,0.165956560324001,0.208265732919107,0.25052383171609,0.290744342437549,0.327305028165232,0.359161238735248,0.385883018828711,0.407553676297394,0.424604252761576,0.437648646564692,0.447354694713669,0.454360332271598,0.459229028565927,0.462433396198018,0.464356071297207,0.46529942737347,0.465498543208388,0.465134238749818,0.464344666295698,0.463234954313492,0.461884924994921,0.460355127706208,0.458691489111364,0.45692886535271,0.455093739949648,0.453206265123021,0.451281802628975,0.449332085295473,0.447366092291192,0.44539070892786,0.44341122453322,0.441431708692463,0.439455296102762,0.437484402705919,0.435520890076377,0.433566190784995,0.431621404277042,0.429687370424915,0.427764726138559,0.4258539490867,0.423955391586338,0.422069306971353,0.420195870190589,0.418335193964319,0.416487341510389,0.414652336611688,0.412830171615275,0.41102081381607,0.409224210573609,0.407440293430866,0.405668981443467,0.403910183881175,0.402163802427915,0.400429732979193,0.398707867114631,0.396998093306988,0.395300297916326,0.393614366008125,0.391940182026407,0.390277630346883,0.388626595730377,0.386986963693,0.385358620806578,0.383741454940433,0.382135355453712,0.380540213345938,0.378955921372177,0.377382374128228,0.375819468110405,0.374267101753786,0.37272517545225,0.371193591563136,0.369672254398975,0.368161070208401,0.366659947148054,0.365168795247084,0.363687526365584,0.362216054148194,0.36075429397387,0.359302162902736,0.357859579620806,0.356426464383238,0.35500273895672,0.353588326561473,0.352183151813331,0.350787140666251,0.34940022035557,0.348022319342271,0.346653367258504,0.345293294854507,0.343942033947113,0.342599517369929,0.341265678925306,0.339940453338158,0.338623776211674,0.337315583984954,0.336015813892587,0.33472440392617,0.333441292797757,0.332166419905217,0.330899725299463,0.329641149653519,0.328390634233383,0.327148120870633,0.325913551936735,0.324686870318976,0,-0.0491718428028017,-0.0491627159685697,-0.0491399319913487,-0.0491215107173842,-0.0491116508086693,-0.0491103648641206,-0.0491166888185919,-0.0491296268816677,-0.0491483880652873,-0.0491724088425844,-0.0492013169263326,-0.0492348848891911,-0.0492729883880417,-0.049315572593133,-0.0493626267344776,-0.0494141655566479,-0.0494702162661791,-0.0495308096715008,-0.0495959744289872,-0.0496657335322458,-0.0497401023817347,-0.0498190879379966,-0.0499026885939862,-0.0499908945039794,-0.050083688183497,-0.0501810452516316,-0.0502829352286613,-0.050389322331623,-0.050500166231606,-0.0506154227512401,-0.0507350444909576,-0.0508589813794125,-0.050987181147909,-0.0511195897315159,-0.0512561516012149,-0.0513968100323121,-0.0515415073146582,-0.0516901849101623,-0.0518427835627353,-0.0519992433652635,-0.0521595037874981,-0.0523235036679041,-0.0524911811715098,-0.0526624737146351,-0.052837317855993,-0.0530156491519856,-0.0531974019719457,-0.0533825092664526,-0.0535709022784464,-0.0537625101823742,-0.0539572596305727,-0.0541550741778936,-0.0543558735443303,-0.0545595726598361,-0.0547660804138603,-0.0549752980018541,-0.0551871167185278,-0.0554014149879685,-0.0556180543367222,-0.055836873897619,-0.0560576828654185,-0.0562802500905718,-0.0565042896670269,-0.0567294409057043,-0.0569552404338738,-0.0571810832486668,-0.0574061682792932,-0.0576294222388957,-0.0578493930852752,-0.0580641010060218,-0.058270830157995,-0.0584658379738343,-0.0586439501127974,-0.0587979973308839,-0.0589180347488435,-0.0589902631137981,-0.0589955445023764,-0.0589073704545446,-0.058689098336401,-0.058290223016836,-0.0576414004800027,-0.056647899637491,-0.0551811533455824,-0.0530681573203432,-0.0500787109478578,-0.0459110447979349,-0.0401774370216121,-0.0323932274963188,-0.0219753711421612,-0.00826015234164663,0.0094471855453641,0.0317781257750045,0.0591568995057719,0.0916221337639682,0.128660926974823,0.169129961969205,0.211334446593097,0.253280566712356,0.293030744564448,0.329032992029175,0.360313204978259,0.386496470927968,0.407699401633898,0.424366330948139,0.437110074743059,0.446589144604536,0.453428769528118,0.45817947737549,0.46130236583543,0.463170612472379,0.464079214649071,0.464257696348544,0.463882792154212,0.463089697738202,0.461981425597672,0.460636295719025,0.459113797429114,0.457459112840556,0.455706576952954,0.453882309356325,0.452006208384729,0.450093458586971,0.448155668818638,0.446201731128939,0.444238469172202,0.442271128195466,0.440303745843843,0.438339433282571,0.436380588777043,0.434429060341749,0.43248626992326,0.430553308478511,0.428631008986401,0.426720002691364,0.424820762574362,0.422933637069496,0.421058876310569,0.419196652640265,0.417347076699038,0.415510210097364,0.413686075438035,0.411874664275718,0.410075943464758,0.408289860242638,0.406516346317441,0.404755321167328,0.403006694713795,0.401270369494917,0.399546242437468,0.397834206305659,0.396134150887897,0.394445963970251,0.392769532135427,0.391104741418292,0.38945147784295,0.387809627861568,0.386179078711378,0.38455971870329,0.382951437453149,0.381354126064765,0.379767677272288,0.378191985548269,0.37662694718273,0.375072460337715,0.373528425081154,0.371994743403257,0.370471319218226,0.368958058353659,0.367454868529682,0.365961659329589,0.364478342163509,0.363004830226414,0.361541038451623,0.360086883460796,0.358642283511258,0.357207158441422,0.35578142961494,0.354365019864141,0.352957853433233,0.35155985592167,0.350170954228056,0.348791076494851,0.347420152054146,0.346058111374701,0.344704886010433,0.343360408550475,0.342024612570913,0.340697432588294,0.339378804014961,0.338068663116252,0.3367669469696,0.335473593425523,0.334188541070514,0.332911729191813,0.331643097744037,0.33038258731764,0.329130139109158,0.327885694893189,0.326649196996066,0.325420588271176,0,-0.049618414760005,-0.0495676528767627,-0.0495142466033048,-0.0494734162970597,-0.0494466139805707,-0.0494321503975037,-0.0494280671773948,-0.0494327688220464,-0.0494450813817669,-0.0494641808804074,-0.0494895064699551,-0.0495206859349119,-0.0495574778125959,-0.0495997283932911,-0.0496473406689823,-0.0497002524332307,-0.0497584211962693,-0.0498218140704577,-0.0498904012143696,-0.0499641517788824,-0.0500430315784075,-0.050127001925003,-0.0502160192243943,-0.0503100350521263,-0.0504089965148771,-0.050512846764367,-0.0506215255756134,-0.050734969932381,-0.0508531145842558,-0.0509758925545386,-0.0511032355881282,-0.0512350745351673,-0.0513713396704919,-0.0515119609515709,-0.0516568682191701,-0.0518059913457479,-0.051959260336862,-0.0521166053907652,-0.0522779569210351,-0.0524432455465661,-0.0526124020526009,-0.0527853573257171,-0.052962042264807,-0.0531423876690904,-0.053326324103034,-0.0535137817366831,-0.0537046901582378,-0.0538989781536293,-0.0540965734451935,-0.0542974023780623,-0.0545013895382698,-0.0547084572803208,-0.054918525133428,-0.0551315090438456,-0.0553473203943758,-0.0555658647193067,-0.0557870400010848,-0.0560107343901541,-0.0562368231262767,-0.0564651643507729,-0.056695593373936,-0.0569279147855626,-0.0571618915483953,-0.0573972298654186,-0.0576335581222371,-0.0578703975196757,-0.0581071210527044,-0.0583428961548017,-0.0585766044687094,-0.0588067296310101,-0.0590312004078296,-0.0592471716440161,-0.0594507188295947,-0.0596364130504404,-0.0597967309210079,-0.0599212378716531,-0.0599954618098278,-0.0599993465700375,-0.0599051397860752,-0.0596745276759913,-0.0592547813749477,-0.0585736314361838,-0.0575325521209056,-0.0559981422244894,-0.0537913854178476,-0.0506748491583483,-0.0463384790007201,-0.0403857662205998,-0.0323239431213553,-0.0215646320439629,-0.00744477928907119,0.0107194946277706,0.0335342231215057,0.0613811149911708,0.0942415299904209,0.131540244050302,0.172083035128714,0.214153159325496,0.255773369142508,0.295056611168227,0.330518808137689,0.361251540587126,0.386929520951077,0.407698169593469,0.424012152164628,0.436481712977285,0.445755640163882,0.452446722466874,0.45709313197618,0.460145128973053,0.461967074730102,0.462847141538824,0.463009744903469,0.462627883223693,0.461834063207923,0.460729384227763,0.459390816909293,0.4578769054671,0.456232173906073,0.454490501240408,0.452677692419044,0.450813429352782,0.44891274802521,0.446987155363736,0.445045473388574,0.443094477449677,0.44113937923042,0.439184192786994,0.437232012438072,0.435285224167178,0.433345666815202,0.431414755296911,0.42949357504307,0.427582954596576,0.425683521586448,0.423795746024427,0.421919973908305,0.42005645339369,0.418205355251986,0.416366788922098,0.414540815153445,0.41272745600325,0.410926702773161,0.409138522335002,0.407362862192475,0.405599654547001,0.403848819575717,0.402110268083516,0.400383903655543,0.398669624409183,0.396967324423487,0.395276894907555,0.393598225156677,0.391931203335114,0.390275717116615,0.388631654207673,0.386998902773744,0.38537735178482,0.383766891293758,0.382167412658372,0.380578808716334,0.379000973920431,0.377433804440432,0.375877198236832,0.374331055110891,0.372795276734716,0.371269766664552,0.369754430340016,0.368249175071567,0.366753910018218,0.365268546157202,0.363792996247059,0.362327174785433,0.360870997962663,0.359424383612135,0.357987251158213,0.35655952156246,0.355141117268754,0.353731962147847,0.352331981441794,0.350941101708653,0.34955925076778,0.348186357645995,0.346822352524859,0.34546716668923,0.344120732477282,0.342782983232094,0.34145385325492,0.340133277760203,0.338821192832392,0.337517535384589,0.336222243119062,0.334935254489613,0.333656508665803,0.332385945499006,0.331123505490272,0.329869129759966,0.328622760019145,0.327384338542621,0.326153808143667,0,-0.0500369677742604,-0.049942883676764,-0.0498620097967157,-0.0498025054075592,-0.0497620464958407,-0.0497371322433687,-0.0497248992292872,-0.0497232618765746,-0.0497307547431947,-0.0497463625865053,-0.049769386366977,-0.0497993450324761,-0.0498359053224141,-0.0498788322969436,-0.0499279549087319,-0.0499831423792796,-0.0500442882615214,-0.050111299912611,-0.0501840917289618,-0.0502625809612792,-0.0503466852698503,-0.0504363214300144,-0.0505314047778927,-0.0506318491151291,-0.0507375668823835,-0.050848469474999,-0.0509644676184002,-0.0510854717510535,-0.051211392383364,-0.0513421404146525,-0.0514776273994581,-0.0516177657603002,-0.0517624689477506,-0.0519116515509014,-0.0520652293625559,-0.052223119404044,-0.0523852399146906,-0.0525515103107916,-0.0527218511185782,-0.0528961838851293,-0.0530744310705768,-0.053256515924245,-0.0534423623465781,-0.0536318947378426,-0.0538250378336054,-0.0540217165258467,-0.0542218556672212,-0.05442537985432,-0.0546322131837068,-0.0548422789718102,-0.055055499426201,-0.0552717952510222,-0.055491085162853,-0.0557132852843766,-0.0559383083708886,-0.0561660628074837,-0.0563964512907286,-0.056629369074897,-0.0568647016154362,-0.0571023213756094,-0.0573420834682936,-0.0575838196725737,-0.0578273301785055,-0.058072372151459,-0.0583186438395855,-0.0585657624322173,-0.0588132331555636,-0.0590604060853145,-0.0593064157549188,-0.0595500966953622,-0.059789865357304,-0.0600235551713983,-0.0602481864417162,-0.0604596458739025,-0.0606522412128472,-0.0608180839479257,-0.060946236420479,-0.061021537893092,-0.0610229961541906,-0.0609215962410409,-0.0606773359383316,-0.0602352509587705,-0.0595201474922878,-0.0584297306317845,-0.0568258332495745,-0.0545235651978759,-0.0512785096962186,-0.0467727374811983,-0.0406015903565843,-0.0322651230734657,-0.021170885916567,-0.00665803313382242,0.0119448194114339,0.0352170384353071,0.0634977485563593,0.0967129853968383,0.134229619426346,0.174808893780566,0.21671869819273,0.25800284658068,0.296825634926648,0.331768120714271,0.361982674900153,0.387188469098643,0.4075555891245,0.423546387279214,0.435767267562534,0.444857020411499,0.451416310932006,0.455971546674471,0.458962810697259,0.460746264835876,0.461603782006415,0.461755093779956,0.461369794318182,0.460577956013411,0.459478958405095,0.458148568717836,0.456644496073997,0.455010689345887,0.453280634281978,0.451479868771651,0.449627894572789,0.44773962691093,0.445826492243008,0.443897259235673,0.441958667990503,0.440015906928275,0.438072974707112,0.436132955362493,0.434198227895125,0.432270626281655,0.430351561933622,0.428442117663329,0.42654311998775,0.42465519492856,0.422778811209102,0.420914313803308,0.419061950079394,0.417221890244007,0.415394243386862,0.41357907011898,0.411776392564985,0.409986202293289,0.408208466633469,0.406443133727669,0.404690136584428,0.402949396343339,0.401220824912799,0.399504327107662,0.397799802386193,0.396107146264557,0.394426251470612,0.392757008886033,0.391099308315764,0.389453039116019,0.387818090705927,0.386194352983047,0.384581716659196,0.382980073529976,0.38138931668898,0.379809340695719,0.378240041704742,0.37668131756219,0.375133067874979,0.37359519405699,0.372067599355953,0.370550188864151,0.369042869515597,0.367545550071967,0.366058141099209,0.364580554936517,0.363112705659074,0.361654509035835,0.360205882483374,0.358766745016735,0.357337017198077,0.355916621083779,0.354505480170602,0.353103519341403,0.351710664810842,0.350326844071425,0.348951985840218,0.347586020006463,0.346228877580342,0.344880490643051,0.343540792298324,0.342209716625534,0.340887198634449,0.33957317422173,0.338267580129188,0.336970353903857,0.335681433859874,0.334400759042177,0.333128269192022,0.331863904714279,0.3306076066465,0.329359316629695,0.328118976880799,0.326886530166779,0,-0.0504186647598486,-0.050283411891175,-0.0501802565136207,-0.0501068371490201,-0.0500565801176847,-0.0500243110415604,-0.0500064563412958,-0.0500005962652208,-0.0500050864486549,-0.0500187995190219,-0.0500409534280636,-0.0500709966318918,-0.050108530660202,-0.0501532577646075,-0.0502049456419462,-0.0502634038613741,-0.0503284683126598,-0.0503999911240126,-0.0504778342770057,-0.0505618656908228,-0.0506519569304967,-0.050747981961919,-0.0508498165634157,-0.0509573381332232,-0.0510704257212025,-0.0511889601737563,-0.0513128243218204,-0.0514419031691373,-0.0515760840560748,-0.051715256786029,-0.0518593137089976,-0.0520081497616372,-0.0521616624659699,-0.0523197518905202,-0.0524823205784703,-0.0526492734476945,-0.052820517667459,-0.0529959625162824,-0.0531755192250022,-0.0533591008085547,-0.0535466218893691,-0.05373799851461,-0.0539331479687952,-0.0541319885825475,-0.0543344395373933,-0.0545404206655765,-0.0547498522427535,-0.0549626547701149,-0.0551787487408497,-0.0553980543837806,-0.0556204913742758,-0.0558459784989138,-0.0560744332554579,-0.0563057713629652,-0.0565399061475442,-0.0567767477563431,-0.0570162021342656,-0.0572581696725836,-0.0575025434030166,-0.0577492065607825,-0.0579980292696206,-0.0582488640025147,-0.0585015393320958,-0.0587558512881237,-0.059011551363286,-0.059268329821189,-0.0595257924181536,-0.0597834278930949,-0.0600405625248611,-0.0602962965914495,-0.0605494155380071,-0.0607982658651043,-0.0610405819111932,-0.0612732444608835,-0.0614919449907558,-0.0616907197610956,-0.0618613051193603,-0.0619922483938462,-0.0620676866114919,-0.0620656769852574,-0.0619559280346741,-0.0616967386658566,-0.0612309071345147,-0.060480329722712,-0.0593389860243762,-0.0576640352073506,-0.0552648823380194,-0.0518904115916511,-0.0472152712908084,-0.0408273323244434,-0.0322204299419021,-0.0207992966724804,-0.00590676908963732,0.0131145966988157,0.0368165828335554,0.0654960720694388,0.0990261280282987,0.136720366220286,0.177301740058617,0.219028828608799,0.259970243556604,0.298341782044404,0.332786517497564,0.3625127440085,0.387279192587363,0.407276805502248,0.422973262094612,0.434970049812722,0.443895790715752,0.450339381488714,0.454816055938756,0.457756360799378,0.459508850114174,0.460349598891151,0.460494058933003,0.460108736176576,0.459321511423435,0.458230228991034,0.456909592446145,0.455416581443097,0.453794649615136,0.452076950019157,0.450288799580432,0.448449555148358,0.44657403829016,0.444673615961319,0.442757019811048,0.440830967510649,0.438900634350022,0.43697001165692,0.435042179654914,0.433119515589742,0.431203852826097,0.429296602753451,0.427398848432676,0.425511416729049,0.423634934032755,0.421769869430195,0.4199165682569,0.418075278259573,0.416246170063586,0.414429353240533,0.412624888966059,0.41083280002711,0.409053078762101,0.407285693383557,0.405530593030578,0.403787711820222,0.402056972106877,0.400338287112577,0.398631563055661,0.396936700877692,0.395253597647317,0.393582147703207,0.391922243585366,0.390273776794064,0.388636638407767,0.387010719585284,0.385395911972445,0.383792108029809,0.38219920129481,0.380617086589326,0.379045660181717,0.377484819910773,0.37593446527778,0.374394497511877,0.372864819613036,0.371345336376296,0.369835954400358,0.368336582083135,0.366847129606488,0.365367508912051,0.363897633669766,0.362437419240515,0.360986782634063,0.359545642463322,0.358113918895833,0.356691533603212,0.355278409709234,0.353874471737096,0.352479645556342,0.351093858329862,0.349717038461312,0.34834911554324,0.346990020306167,0.345639684568826,0.34429804118972,0.342965024020146,0.341640567858777,0.340324608407887,0.339017082231277,0.337717926713953,0.336427080023568,0.33514448107365,0.333870069488595,0.332603785570426,0.331345570267297,0.330095365143702,0.328853112352371,0.327618754607788,0,-0.0507547941059057,-0.0505854009447778,-0.050467150515233,-0.0503853832663853,-0.050329568292648,-0.0502932660186924,-0.0502724839532572,-0.050264659320077,-0.0502680941683728,-0.0502816322707102,-0.0503044645645215,-0.0503360069972725,-0.0503758218431264,-0.0504235664262581,-0.0504789596497711,-0.0505417602650221,-0.0506117529148325,-0.0506887393093437,-0.050772532763767,-0.0508629549113058,-0.0509598337998351,-0.0510630028488161,-0.0511723003238437,-0.0512875691076476,-0.0514086566272179,-0.0515354148500547,-0.0516677002973525,-0.051805374044387,-0.0519483016926473,-0.0520963533071746,-0.0522494033180016,-0.052407330387771,-0.0525700172493638,-0.0527373505182055,-0.0529092204841828,-0.0530855208880131,-0.0532661486865901,-0.0534510038113846,-0.0536399889234429,-0.0538330091679487,-0.0540299719307014,-0.0542307865982359,-0.0544353643226489,-0.0546436177915216,-0.0548554610026005,-0.0550708090421037,-0.0552895778646294,-0.0555116840715886,-0.0557370446838052,-0.0559655769023218,-0.0561971978493603,-0.0564318242786316,-0.0566693722404646,-0.0569097566821441,-0.05715289095684,-0.0573986862047788,-0.057647050556729,-0.0578978880908522,-0.0581510974472666,-0.0584065699671159,-0.0586641871700725,-0.0589238173097696,-0.0591853106418712,-0.0594484928920614,-0.0597131562040592,-0.0599790465570223,-0.0602458462344622,-0.060513149357588,-0.0607804277024123,-0.0610469829166739,-0.0613118797236607,-0.0615738525885837,-0.0618311754189332,-0.0620814798933543,-0.0623215025956982,-0.0625467337939934,-0.062750930839788,-0.0629254460191595,-0.0630583013725615,-0.0631329205426194,-0.063126399200812,-0.0630071605511459,-0.0627318014317925,-0.0622408907179446,-0.0614534430750526,-0.060259774793208,-0.0585124876815718,-0.0560154813060999,-0.0525112618556348,-0.0476675464293822,-0.0410654486280106,-0.0321935606718534,-0.020455032009574,-0.00519776848373393,0.0142204754133701,0.0383232803388477,0.0673660121600353,0.101171471056691,0.139004826401989,0.179556795027511,0.221082151924033,0.261677330348585,0.299609195731053,0.333579461370434,0.362847552305114,0.387207131228783,0.406866501545059,0.422296566719059,0.434092988320948,0.442874134874129,0.44921751789267,0.453627782841291,0.456526560298517,0.458255363368761,0.459084947578724,0.459226870100241,0.45884484996544,0.458064808219615,0.456983230702575,0.455673891483488,0.454193142459142,0.452584019201406,0.450879400781315,0.449104427979566,0.4472783471156,0.445415912613085,0.443528452500834,0.441624677480831,0.43971129543188,0.437793478520979,0.435875218726508,0.433959598868733,0.432048999619045,0.4301452579451,0.42824978866438,0.426363677926301,0.424487755294295,0.422622649480393,0.420768831564408,0.418926648609014,0.417096349886441,0.415278107406471,0.413472032036901,0.411678186205334,0.409896593941341,0.408127248843045,0.406370120418649,0.404625159151322,0.402892300557661,0.401171468449813,0.399462577565166,0.3977655356918,0.396080245390341,0.394406605391438,0.392744511731513,0.391093858676435,0.389454539472667,0.387826446957515,0.38620947405385,0.38460351416976,0.383008461519715,0.381424211380705,0.379850660294391,0.378287706224288,0.37673524867547,0.37519318878295,0.373661429373908,0.372139875008062,0.370628431999794,0.369127008425082,0.367635514115818,0.366153860643693,0.364681961295517,0.36321973104157,0.361767086498329,0.360323945886742,0.358890228987057,0.357465857091044,0.356050752952352,0.354644840735633,0.353248045964961,0.351860295472015,0.350481517344403,0.349111640874456,0.347750596508785,0.346398315798817,0.345054731352499,0.343719776787336,0.342393386684868,0.34107549654672,0.339766042752259,0.338464962517932,0.337172193858316,0.335887675548899,0.334611347090601,0.333343148676031,0.332083021157465,0.330830906016505,0.32958674533541,0.328350481770048,0,-0.0510379957065583,-0.0508466891116251,-0.0507221515614006,-0.0506380806200342,-0.050581102799514,-0.0505441616789435,-0.0505232066464754,-0.0505157413313692,-0.0505201419254453,-0.0505353042794927,-0.0505604449621915,-0.0505949823064303,-0.0506384628393941,-0.0506905150853883,-0.0507508204777908,-0.0508190951467343,-0.0508950786494678,-0.0509785271136333,-0.0510692091554375,-0.0511669035136363,-0.0512713977193234,-0.051382487369804,-0.0514999757366822,-0.0516236735429216,-0.051753398810543,-0.051888976722841,-0.0520302394712055,-0.0521770260725891,-0.052329182153109,-0.0524865596986677,-0.0526490167763769,-0.0528164172319518,-0.0529886303687282,-0.0531655306139198,-0.0533469971773947,-0.053532913707755,-0.0537231679499267,-0.0539176514078434,-0.0541162590151901,-0.0543188888165362,-0.0545254416605791,-0.0547358209066054,-0.0549499321446752,-0.0551676829294278,-0.0553889825267846,-0.0556137416721612,-0.0558418723380814,-0.0560732875082457,-0.056307900954121,-0.0565456270088788,-0.0567863803319294,-0.0570300756552085,-0.0572766274995743,-0.0575259498458467,-0.0577779557397597,-0.0580325568027936,-0.0582896626106634,-0.0585491798869812,-0.0588110114395851,-0.0590750547388857,-0.0593411999979611,-0.0596093275583581,-0.0598793043070293,-0.0601509787393428,-0.0604241741277706,-0.060698679037803,-0.0609742341270187,-0.0612505137357948,-0.0615271001817048,-0.0618034478396273,-0.0620788329379611,-0.0623522834087867,-0.0626224809356139,-0.0628876243316155,-0.0631452392691723,-0.0633919137949824,-0.0636229315222399,-0.0638317642835703,-0.0640093726092947,-0.0641432447946185,-0.0642160826066587,-0.0642040130398869,-0.0640741706266511,-0.063781454562007,-0.0632642228967171,-0.0624386511231569,-0.0611914730973672,-0.0593708735255433,-0.0567754751080695,-0.0531417609006961,-0.0481310428674618,-0.0413184195452934,-0.0321882253547165,-0.0201432289976892,-0.00453769131360976,0.015254373103769,0.0397280240724757,0.0690981913805873,0.103140422317401,0.141076337335196,0.181570223416596,0.222878003882033,0.263126298473767,0.30063210913774,0.334152231024051,0.362992540724362,0.386977276886534,0.406328900346863,0.421519664857734,0.433138640256967,0.44179392586484,0.448052050179792,0.452407646230201,0.455274026865499,0.456986206882573,0.457810078913022,0.457953672914145,0.457578208817583,0.456807869829482,0.455737952961066,0.45444143195688,0.452974129208999,0.451378737036918,0.449687917627071,0.447926679360314,0.446114191692575,0.444265167952092,0.442390917513239,0.440500146006692,0.438599564032656,0.436694350564327,0.434788506161012,0.432885122614756,0.430986589179801,0.429094750623915,0.427211028627841,0.425336515256065,0.423472045107084,0.421618251155272,0.419775608091348,0.417944466057788,0.4161250769866,0.414317615225077,0.412522193739294,0.41073887688437,0.408967690501582,0.407208629927888,0.40546166637001,0.403726751993149,0.402003823996059,0.400292807883958,0.398593620104392,0.396906170175254,0.395230362406492,0.393566097295443,0.391913272659001,0.390271784552791,0.388641528017237,0.38702239768247,0.385414288257653,0.383817094925385,0.382230713657846,0.380655041468289,0.37908997660892,0.377535418724262,0.375991268967491,0.374457430085911,0.372933806480718,0.371420304245355,0.36991683118602,0.368423296827387,0.366939612406052,0.365465690853902,0.364001446773201,0.362546796404983,0.361101657592073,0.359665949737862,0.358239593761825,0.356822512052598,0.355414628419333,0.354015868041929,0.35262615742066,0.351245424325645,0.34987359774652,0.348510607842634,0.347156385894027,0.345810864253407,0.344473976299322,0.343145656390646,0.341825839822513,0.340514462783773,0.339211462316069,0.337916776274545,0.336630343290243,0.335352102734185,0.334081994683161,0.332819959887194,0.331565939738691,0.330319876243237,0.329081711992002,0,-0.0512635853212395,-0.0510672206482721,-0.0509461011816831,-0.0508658288533518,-0.050811994429082,-0.0507777300616977,-0.0507593158705772,-0.0507545285570615,-0.0507619372031809,-0.0507805617710982,-0.0508096897838787,-0.0508487712773667,-0.0508973565061988,-0.0509550585417348,-0.0510215308630302,-0.0510964540952328,-0.0511795283203342,-0.0512704687409649,-0.0513690033173401,-0.0514748715259349,-0.0515878237224462,-0.0517076208016948,-0.0518340339778696,-0.0519668445885982,-0.0521058438743304,-0.0522508327124932,-0.0524016213015185,-0.0525580287980978,-0.0527198829149206,-0.0528870194876057,-0.0530592820196544,-0.0532365212137085,-0.0534185944965448,-0.0536053655442929,-0.0537967038134093,-0.0539924840820416,-0.0541925860055672,-0.0543968936893149,-0.0546052952807536,-0.0548176825827646,-0.0550339506889904,-0.0552539976416681,-0.0554777241117972,-0.0557050331009579,-0.0559358296635583,-0.0561700206477513,-0.0564075144526736,-0.0566482207990184,-0.0568920505091861,-0.0571389152923292,-0.0573887275284133,-0.0576414000438572,-0.0578968458692183,-0.058154977966529,-0.058415708909956,-0.0586789504979863,-0.058944613267718,-0.0592126058711536,-0.0594828342584041,-0.0597552005916319,-0.0600296017839005,-0.0603059275153233,-0.0605840575201003,-0.0608638578552635,-0.0611451757455713,-0.0614278324355523,-0.0617116132505172,-0.0619962537476199,-0.0622814203901701,-0.0625666835545626,-0.0628514798127198,-0.0631350592332519,-0.063416411789197,-0.0636941646848657,-0.0639664393000268,-0.0642306522074072,-0.0644832389722927,-0.0647192717070531,-0.0649319310213129,-0.0651117793432105,-0.0652457647417295,-0.0653158614741387,-0.0652972247934801,-0.0651557029220177,-0.0648445097441811,-0.06429982179377,-0.0634350321621913,-0.0621333917681604,-0.0602388318984505,-0.0575449551313787,-0.0537826075746458,-0.0486072527603984,-0.04158873825948,-0.0322081251601496,-0.0198689596526468,-0.0039330305612008,0.0162085279305871,0.0410222245719608,0.0706839585958582,0.10492528218851,0.142929189002253,0.183339054391065,0.224416355521141,0.264319663505442,0.30141476747101,0.334509869854659,0.362952760768477,0.386594166063417,0.405667769014925,0.420645502728207,0.432109201558709,0.440656735219042,0.446844062373153,0.451156366647236,0.453999219167531,0.455701655514163,0.456525141361473,0.456674530400164,0.456308818865147,0.45555066504201,0.45449434039443,0.453212143091905,0.451759461249692,0.450178716705956,0.448502410511995,0.446755461512201,0.444956995402093,0.44312171011103,0.441260916418239,0.439383330635096,0.437495678528922,0.43560315577383,0.433709779425481,0.431818656618356,0.429932190347139,0.428052237378739,0.426180229693917,0.424317268098951,0.422464194562857,0.420621648259735,0.418790109104102,0.416969931665077,0.415161371661948,0.413364606725245,0.411579752713651,0.409806876577464,0.408046006530905,0.406297140121245,0.40456025064924,0.402835292293158,0.401122204210067,0.399420913827621,0.397731339492895,0.396053392608773,0.39438697936043,0.392732002112714,0.391088360542365,0.389455952555771,0.387834675032642,0.386224424427882,0.384625097257527,0.383036590489624,0.381458801856886,0.379891630104818,0.378334975186487,0.376788738413049,0.375252822567579,0.373727131988383,0.372211572626956,0.370706052084868,0.369210479633158,0.367724766217243,0.366248824449868,0.364782568594246,0.36332591453919,0.36187877976776,0.360441083320761,0.359012745756176,0.357593689105502,0.356183836827777,0.354783113762013,0.353391446078606,0.352008761230213,0.350634987902541,0.349270055965387,0.347913896424241,0.346566441372695,0.345227623945855,0.343897378274955,0.342575639443274,0.341262343443502,0.339957427136602,0.338660828212245,0.337372485150868,0.336092337187374,0.334820324276487,0.333556387059767,0.332300466834261,0.331052505522786,0.329812445645811,0,-0.0514310717515216,-0.0512492879745966,-0.0511412013385173,-0.0510704293726834,-0.0510237190366135,-0.0509952307846557,-0.0509819423326993,-0.0509820849711606,-0.0509945193438361,-0.0510184466645248,-0.0510532599734802,-0.0510984627039363,-0.051153623033787,-0.0512183483809758,-0.0512922714991008,-0.0513750432413852,-0.0514663290766009,-0.0515658076276465,-0.0516731702205242,-0.05178812086706,-0.0519103763673837,-0.0520396663737316,-0.0521757333466398,-0.0523183323838907,-0.0524672309279267,-0.0526222083689472,-0.0527830555647449,-0.0529495742981981,-0.0531215766913618,-0.0532988845924516,-0.0534813289493175,-0.0536687491805291,-0.0538609925530367,-0.0540579135735449,-0.054259373399212,-0.0544652392719917,-0.0546753839798587,-0.0548896853472282,-0.0551080257560767,-0.0553302916985739,-0.0555563733614107,-0.0557861642414534,-0.0560195607918444,-0.0562564620972027,-0.0564967695761295,-0.0567403867087888,-0.0569872187868744,-0.0572371726827927,-0.0574901566343135,-0.0577460800402634,-0.0580048532619526,-0.0582663874238814,-0.0585305942057256,-0.0587973856154766,-0.0590666737306938,-0.0593383703907519,-0.0596123868172742,-0.0598886331319681,-0.0601670177298698,-0.0604474464502396,-0.0607298214651589,-0.061014039774621,-0.0612999911528965,-0.0615875553289968,-0.0618765980969197,-0.062166965928937,-0.0624584784934448,-0.0627509182384078,-0.0630440158653882,-0.063337430050696,-0.0636307191189408,-0.0639233014715353,-0.0642144003254961,-0.0645029666009338,-0.0647875714412801,-0.0650662566360921,-0.0653363268496936,-0.0655940616603017,-0.0658343174991112,-0.0660499790433599,-0.0662312057366961,-0.0663644010646535,-0.0664308091770822,-0.0664046148018664,-0.0662503881587469,-0.0659196782837503,-0.0653465204206183,-0.0644415963904351,-0.0630847920510388,-0.0611159716387125,-0.0583240009023885,-0.0544345037041129,-0.0490976778709512,-0.0418788991389599,-0.0322569297982123,-0.0196371970956524,-0.00339006900272697,0.0170755454414084,0.0421978498876009,0.072115408940027,0.106519231003508,0.144558573745858,0.184861100251788,0.225697717817526,0.265260175595192,0.301961358874526,0.334657142286431,0.36273285348337,0.386061874953778,0.404886422972488,0.419676617350652,0.431006515900076,0.439463840972708,0.445594398803666,0.449874471001948,0.452702440146297,0.454401858900609,0.455230182439823,0.455389423863081,0.455036619766804,0.454293108303446,0.453252292989603,0.451985917280553,0.45054902762977,0.448983846443618,0.447322768278944,0.445590664612817,0.44380665006483,0.441985432623009,0.440138344405997,0.438274128103553,0.43639953708305,0.434519793624251,0.432638939215637,0.430760102729593,0.428885706083239,0.427017622263371,0.425157297005523,0.423305842698501,0.421464111027456,0.419632749310309,0.41781224430201,0.416002956346473,0.414205146077128,0.412418995351331,0.410644623711476,0.408882101366708,0.407131459460967,0.405392698218599,0.40366579342513,0.401950701598217,0.400247364124878,0.398555710580286,0.396875661396465,0.395207130012857,0.393550024612511,0.391904249525746,0.390269706366008,0.388646294949315,0.387033914038185,0.385432461942769,0.383841837005388,0.382261937989592,0.380692664390807,0.379133916682395,0.37758559650841,0.376047606832271,0.374519852048914,0.373002238066674,0.371494672364064,0.369997064025735,0.368509323761219,0.367031363909436,0.365563098431491,0.36410444289388,0.362655314443904,0.361215631778804,0.35978531510989,0.358364286122788,0.356952467934708,0.355549785049525,0.354156163311361,0.352771529857219,0.351395813069169,0.350028942526481,0.348670848958048,0.347321464195397,0.34598072112653,0.344648553650774,0.343324896634812,0.342009685870022,0.340702858031234,0.339404350636967,0.338114102011219,0.336832051246832,0.335558138170461,0.334292303309162,0.333034487858596,0.331784633652828,0.330542683135717,0,-0.0515452112982894,-0.051397496260679,-0.0513108738849555,-0.0512544681631792,-0.0512183333694292,-0.051198392663669,-0.0511926159271317,-0.0511998248459948,-0.0512192407324966,-0.0512502834888107,-0.0512924728870779,-0.0513453783948696,-0.0514085942271363,-0.051481727950286,-0.0515643962819988,-0.0516562245088954,-0.0517568475127114,-0.0518659113101504,-0.0519830745462426,-0.0521080096880699,-0.0522404038356346,-0.0523799591548823,-0.052526392978681,-0.0526794376358597,-0.0528388400688425,-0.0530043612943534,-0.053175775753233,-0.0533528705867945,-0.0535354448693429,-0.0537233088198858,-0.0539162830106984,-0.0541141975861399,-0.0543168915017819,-0.0545242117913023,-0.0547360128665587,-0.054952155854652,-0.0551725079745038,-0.0553969419544303,-0.0556253354913395,-0.0558575707514636,-0.0560935339119249,-0.0563331147419237,-0.0565762062218743,-0.0568227041984238,-0.0570725070729244,-0.0573255155205917,-0.0575816322372466,-0.0578407617101881,-0.0581028100093395,-0.058367684594332,-0.0586352941325655,-0.0589055483224676,-0.0591783577150503,-0.0594536335253234,-0.0597312874229651,-0.0600112312886497,-0.0602933769181969,-0.0605776356507734,-0.0608639178890184,-0.061152132467187,-0.0614421858068275,-0.0617339807761369,-0.0620274151362268,-0.0623223794111808,-0.0626187539535848,-0.0629164048855695,-0.0632151784667962,-0.0635148932606353,-0.0638153292178468,-0.0641162124456061,-0.0644171939406709,-0.0647178198869144,-0.0650174901788546,-0.0653154005389243,-0.0656104618192009,-0.0659011876476156,-0.0661855382688007,-0.0664607039455715,-0.0667228052472469,-0.0669664794719285,-0.0671843117335358,-0.0673660551806909,-0.0674975666150954,-0.0675593606755501,-0.0675246572362073,-0.0673567629434698,-0.067005590722263,-0.0664030857318963,-0.0654573038926512,-0.0640449018120143,-0.0620018847373266,-0.0591126895779455,-0.055098158057333,-0.0496038262377862,-0.0421913853703977,-0.0323382549063869,-0.0194527828667673,-0.00291483916295777,0.0178484396052591,0.0432474573383249,0.0733853939057101,0.107916307316769,0.145960530316472,0.186134874745985,0.226723051095294,0.265950737866227,0.302275953579891,0.334598496730433,0.362337032617167,0.38538401637535,0.403987730448272,0.418615144002993,0.429832082336922,0.438216234163053,0.444303669038963,0.448562296006814,0.451383839234701,0.453086842769252,0.453925149395326,0.454098253157791,0.453761484723417,0.453035059586722,0.452011665888042,0.450762609848985,0.449342686657248,0.447793988919584,0.446148858465303,0.44443216106111,0.442663032658213,0.440856216632757,0.439023086340014,0.437172426560858,0.435311030738304,0.433444157717195,0.431575881412569,0.429709358884621,0.427847036203658,0.425990806838994,0.4241421337705,0.422302143838309,0.420471700811337,0.418651462112141,0.416841922964995,0.4150434508453,0.41325631243305,0.411480694759199,0.409716721842292,0.407964467813954,0.40622396730356,0.404495223677527,0.402778215594663,0.401072902235856,0.399379227487104,0.3976971232936,0.39602651235524,0.394367310297244,0.392719427421054,0.391082770118503,0.389457242014942,0.387842744893465,0.386239179441757,0.384646445854769,0.383064444319819,0.38149307540554,0.37993224037198,0.378381841415863,0.376841781862438,0.375311966313237,0.373792300757378,0.372282692652724,0.37078305098209,0.369293286288821,0.36781331069532,0.366343037907553,0.364882383208022,0.363431263439321,0.361989596980075,0.360557303714749,0.359134304998602,0.357720523618863,0.356315883753051,0.354920310925204,0.353533731960677,0.352156074940061,0.350787269152701,0.349427245050208,0.348075934200287,0.346733269241159,0.345399183836823,0.344073612633328,0.342756491216228,0.341447756069312,0.340147344534731,0.338855194774586,0.337571245734022,0.336295437105884,0.335027709296925,0.3337680033956,0.332516261141415,0.331272424895845,0,-0.0516163406993613,-0.0515184134117714,-0.0514595072196856,-0.0514211519291086,-0.0513983679353651,-0.0513893420050792,-0.0513932167376224,-0.0514094786194993,-0.0514377424678798,-0.051477661490629,-0.0515288885659788,-0.0515910620776224,-0.0516638040117311,-0.0517467237867629,-0.0518394242231671,-0.0519415077392478,-0.0520525818443554,-0.0521722635658232,-0.0523001827537688,-0.0524359843603482,-0.0525793298523641,-0.0527298979289089,-0.0528873847036559,-0.053051503488888,-0.0532219842933154,-0.0533985731222073,-0.0535810311480656,-0.0537691338034504,-0.053962669834431,-0.0541614403430026,-0.0543652578391129,-0.0545739453171762,-0.0547873353676254,-0.0550052693308266,-0.055227596498253,-0.0554541733639612,-0.0556848629279998,-0.0559195340522613,-0.0561580608684134,-0.0564003222368318,-0.0566462012548901,-0.0568955848124841,-0.0571483631922835,-0.0574044297118856,-0.0576636804047613,-0.0579260137366563,-0.0581913303538742,-0.0584595328596523,-0.0587305256145773,-0.0590042145566853,-0.059280507036476,-0.0595593116615156,-0.0598405381445214,-0.0601240971477227,-0.0604099001147362,-0.0606978590789898,-0.0609878864346177,-0.061279894651345,-0.0615737959086683,-0.061869501615861,-0.0621669217719659,-0.06246596410248,-0.0627665328848456,-0.0630685273402179,-0.0633718394202178,-0.063676350748834,-0.0639819283833893,-0.064288418923584,-0.0645956403088842,-0.0649033703810458,-0.0652113309216394,-0.0655191653648683,-0.0658264076803665,-0.0661324389467858,-0.0664364267975491,-0.0667372410849572,-0.0670333366049211,-0.0673225903240129,-0.0676020759563005,-0.0678677525677167,-0.068114035659223,-0.0683332083066497,-0.068514615722237,-0.068643568296871,-0.0686998550800689,-0.068655741354584,-0.0684732908632732,-0.0681008174969808,-0.0674682384623922,-0.0664810831176731,-0.0650129319256086,-0.0628961596709535,-0.059911104998104,-0.0557742896510865,-0.0501272081467411,-0.0425286561633141,-0.0324556397506974,-0.0193203959155655,-0.00251308695769693,0.0185206677476194,0.0441642170178687,0.0744875223148763,0.109111378415708,0.147131883925562,0.187159512450673,0.227493679980861,0.266394332671799,0.302362450770545,0.334338034422047,0.361769071266982,0.384563738067542,0.402974116829273,0.41746282266384,0.428587061547874,0.436914623837151,0.442972251410806,0.447219990370573,0.450043413509248,0.451756509352652,0.452609889140066,0.452800836334355,0.452483219970958,0.451776323822967,0.450772268813124,0.4495420385146,0.4481402654043,0.446608980798016,0.444980526919164,0.443279805147089,0.441526005034841,0.439733930658052,0.437915016555696,0.436078105397143,0.434230043275229,0.432376135659252,0.430520496978667,0.428666319016024,0.426816077299236,0.424971690105314,0.423134641200049,0.421306074786217,0.419486869118277,0.417677693711235,0.415879053908541,0.414091325689756,0.412314782925749,0.410549618776461,0.408795962535037,0.407053892923188,0.405323448613841,0.403604636581722,0.401897438747794,0.400201817279779,0.398517718831042,0.396845077938393,0.395183819751496,0.393533862229511,0.391895117911757,0.390267495346683,0.388650900245916,0.387045236416382,0.385450406512756,0.383866312643959,0.3822928568608,0.380729941546505,0.379177469727722,0.377635345320257,0.37610347332109,0.374581759956158,0.373070112791625,0.371568440815005,0.370076654491406,0.368594665799232,0.367122388248958,0.36565973688799,0.364206628294145,0.36276298055984,0.361328713268775,0.359903747466617,0.358488005626931,0.357081411613434,0.35568389063946,0.354295369225426,0.352915775154912,0.351545037429925,0.350183086225778,0.348829852846001,0.347485269677584,0.34614927014683,0.344821788676029,0.343502760641143,0.34219212233065,0.340889810905662,0.339595764361403,0.338309921490114,0.337032221845435,0.3357626057083,0.334501014054363,0.333247388522946,0.33200167138753,0,-0.0516592370798275,-0.0516199272837885,-0.0515921159668175,-0.0515741133453269,-0.0515667064191396,-0.0515705235435861,-0.051585921014149,-0.0516130546621,-0.0516519262977083,-0.051702413151296,-0.051764292492089,-0.0518372648507439,-0.0519209755733768,-0.0520150337918691,-0.052119028245238,-0.0522325398552893,-0.0523551512919881,-0.0524864539370617,-0.0526260527095819,-0.0527735692010434,-0.0529286435151461,-0.0530909351420217,-0.0532601231312982,-0.0534359057697809,-0.0536179999202653,-0.0538061401383394,-0.0540000776531049,-0.0541995792741944,-0.0544044262698445,-0.054614413247786,-0.0548293470612057,-0.0550490457551306,-0.0552733375635636,-0.055502059964045,-0.0557350587936414,-0.055972187428374,-0.0562133060266152,-0.0564582808358542,-0.0567069835613631,-0.0569592907946262,-0.0572150834988736,-0.0574742465486549,-0.0577366683200759,-0.0580022403280849,-0.0582708569070086,-0.0585424149304005,-0.0588168135661435,-0.059093954062644,-0.0593737395618257,-0.0596560749344768,-0.0599408666332681,-0.060228022558417,-0.0605174519304651,-0.0608090651638814,-0.0611027737341086,-0.0613984900290874,-0.0616961271740167,-0.061995598814877,-0.0622968188416337,-0.0625997010255277,-0.062904158535643,-0.063210103286925,-0.0635174450534685,-0.0638260902550155,-0.0641359402881732,-0.064446889222612,-0.0647588206105349,-0.0650716030567689,-0.0653850840555329,-0.0656990814025708,-0.066013371216272,-0.066327671219081,-0.0666416174005701,-0.0669547314513421,-0.0672663753485832,-0.0675756880904948,-0.0678814976857938,-0.068182198930943,-0.068475584022037,-0.0687586083522542,-0.0690270675583377,-0.0692751535232347,-0.0694948460365624,-0.0696750824875395,-0.0698006296005463,-0.0698505581861316,-0.0697961938829676,-0.0695983845000584,-0.069203890292306,-0.0685406734064879,-0.0675118495293054,-0.0659880925563985,-0.0637983943583638,-0.0607193461390253,-0.0564636303443292,-0.0506693314793578,-0.0428931337522975,-0.0326125256131348,-0.0192445237328179,-0.00219023945293205,0.0190861591961369,0.044941927331576,0.0754161530654719,0.110100104499206,0.148070183882922,0.187934690469177,0.228011214457844,0.266593955576423,0.302224532572456,0.333879483423016,0.361032291391131,0.38360372190969,0.401847568600602,0.416221003292784,0.427272280597248,0.435559440540467,0.441600295125662,0.445847515738848,0.448681007766251,0.450410636892694,0.451284147418441,0.451496908640299,0.451201563733555,0.450516649878513,0.449533865113735,0.448323982517976,0.446941558935601,0.445428632061799,0.443817597213959,0.442133432548688,0.44039541349233,0.438618430223149,0.436813998548412,0.434991034978372,0.433156450985277,0.431315608868363,0.429472671791233,0.427630872908995,0.425792722610904,0.423960168390695,0.422134718411479,0.42031753720741,0.418509519966985,0.41671135032307,0.414923545418118,0.413146491132148,0.411380469689653,0.409625681349148,0.407882261487639,0.406150294092614,0.404429822444636,0.402720857597262,0.401023385125507,0.399337370509568,0.397662763439901,0.39599950126735,0.3943475117737,0.392706715400445,0.391077027044356,0.389458357505625,0.387850614656533,0.386253704384647,0.38466753135354,0.383091999615447,0.38152701310341,0.379972476025087,0.378428293176136,0.376894370187666,0.375370613719513,0.373856931608973,0.372353232982839,0.370859428339186,0.369375429604233,0.367901150168683,0.366436504907176,0.364981410183882,0.363535783846796,0.362099545212826,0.360672615045455,0.359254915526478,0.35784637022307,0.356446904051238,0.355056443236556,0.353674915272925,0.352302248880015,0.350938373959909,0.349583221553393,0.348236723796282,0.346898813876086,0.34556942598929,0.344248495299449,0.342935957896277,0.341631750755867,0.340335811702164,0.339048079369768,0.337768493168135,0.336496993247228,0.335233520464622,0.333978016354107,0.332730423095773,0,-0.051690985718419,-0.0517104041122771,-0.0517139560438279,-0.0517172056483575,-0.0517264624104597,-0.0517446203313152,-0.0517731460719635,-0.0518127995170454,-0.0518639245378376,-0.0519265902804233,-0.0520006756297511,-0.0520859277483939,-0.0521820055364072,-0.0522885124511932,-0.0524050210909614,-0.0525310912492961,-0.0526662828290699,-0.0528101647779204,-0.0529623210054666,-0.0531223540562879,-0.0532898871471932,-0.0534645650364857,-0.0536460540776859,-0.0538340417188355,-0.0540282356379829,-0.0542283626521711,-0.0544341674977041,-0.0546454115505407,-0.0548618715347547,-0.0550833382520193,-0.0553096153543967,-0.0555405181751374,-0.0557758726268047,-0.0560155141721937,-0.0562592868707528,-0.0565070425012109,-0.056758639759642,-0.0570139435311115,-0.0572728242322403,-0.0575351572214142,-0.0578008222729272,-0.0580697031110203,-0.0583416869995567,-0.0586166643829252,-0.05889452857368,-0.0591751754823839,-0.0594585033851085,-0.0597444127240525,-0.0600328059367291,-0.0603235873091519,-0.0606166628483623,-0.060911940169481,-0.061209328392169,-0.0615087380409083,-0.0618100809427722,-0.0621132701152422,-0.0624182196350004,-0.0627248444762629,-0.063033060303836,-0.0633427832012566,-0.0636539293075254,-0.0639664143262628,-0.0642801528574207,-0.0645950574823811,-0.0649110375060645,-0.0652279972213916,-0.0655458335076503,-0.0658644324988492,-0.0661836649524379,-0.0665033798010343,-0.066823395163768,-0.067143485807238,-0.0674633656484694,-0.0677826633423063,-0.0681008882374298,-0.0684173829434081,-0.0687312573251185,-0.0690412967966501,-0.0693458351477513,-0.069642578571118,-0.0699283627700232,-0.0701988186336124,-0.0704479134995209,-0.0706673239118412,-0.0708455813770356,-0.0709669142459713,-0.0710096859417875,-0.0709443021415268,-0.0707304279875516,-0.0703133237152593,-0.069619079788361,-0.0685485241054577,-0.0669696090497251,-0.064708208514775,-0.0615375348219053,-0.0571669266803232,-0.0512316965283979,-0.0432871904238596,-0.0328122352102935,-0.0192294360170261,-0.00195137704842785,0.0195393376082616,0.0455750230070762,0.0761663806494129,0.110878897924654,0.148773640250655,0.188460553465636,0.228277477386665,0.26655255681438,0.301865624577259,0.333226177125902,0.360129555633486,0.38250618367302,0.400609636636699,0.414890649818966,0.42588823615415,0.434150838250723,0.440187720935889,0.444444646361877,0.447296313500469,0.449048878210666,0.449947567184572,0.450186120855878,0.449916184613102,0.449255729055176,0.448296170403558,0.447108181410998,0.445746329243518,0.444252725086193,0.442659869848338,0.440992859644167,0.439271088184359,0.437509557355251,0.435719884543236,0.433911076278464,0.432090122355727,0.430262452303238,0.42843228640926,0.426602905999422,0.42477686185395,0.42295613519831,0.421142262292631,0.419336431044122,0.417539556083589,0.415752337235831,0.413975305161446,0.412208857068809,0.410453284723992,0.408708796473685,0.406975534603777,0.40525358905559,0.40354300829102,0.40184380792043,0.400155977570513,0.398479486363989,0.396814287301485,0.395160320772871,0.393517517376393,0.391885800185813,0.390265086576162,0.388655289695512,0.387056319652053,0.385468084471569,0.383890490869187,0.382323444870511,0.380766852310279,0.379220619231175,0.377684652201046,0.376158858563335,0.3746431466327,0.373137425845631,0.371641606874044,0.370155601708416,0.368679323715862,0.3672126876776,0.365755609809516,0.364308007768867,0.362869800649688,0.361440908969042,0.360021254645885,0.358610760974045,0.357209352590569,0.3558169554405,0.354433496738982,0.353058904931405,0.351693109652257,0.350336041683194,0.348987632910777,0.347647816284239,0.346316525773587,0.344993696328305,0.34367926383686,0.342373165087188,0.34107533772828,0.339785720232997,0.338504251862171,0.337230872630073,0.33596552327129,0.334708145209026,0.333458680524854,0,-0.05172806230082,-0.0517977893594168,-0.0518301469183385,-0.0518543084537623,-0.0518808642493002,-0.0519144786166257,-0.0519574977752762,-0.0520111589481875,-0.0520760695097712,-0.0521524387197857,-0.0522402124673378,-0.0523391619240901,-0.0524489455545322,-0.0525691533884921,-0.0526993385797714,-0.0528390395952916,-0.0529877954727521,-0.0531451559868221,-0.0533106881201025,-0.0534839798906816,-0.0536646423192564,-0.0538523101110653,-0.0540466414698187,-0.0542473173425076,-0.0544540403067608,-0.0546665332490379,-0.0548845379364381,-0.0551078135525771,-0.0553361352452144,-0.0555692927173739,-0.0558070888825929,-0.0560493385971911,-0.0562958674770551,-0.0565465108026411,-0.0568011125132276,-0.0570595242895372,-0.0573216047224803,-0.0575872185647846,-0.0578562360615616,-0.0581285323553584,-0.0584039869608978,-0.0586824833044876,-0.0589639083229572,-0.0592481521169367,-0.0595351076533086,-0.0598246705117294,-0.0601167386702069,-0.0604112123248343,-0.0607079937388852,-0.0610069871165707,-0.0613080984968013,-0.0616112356622885,-0.0619163080591953,-0.0622232267222935,-0.0625319042001129,-0.0628422544738275,-0.0631541928624761,-0.0634676359054175,-0.0637825012104533,-0.0640987072524982,-0.0644161731026096,-0.0647348180599889,-0.0650545611493789,-0.0653753204318841,-0.0656970120569441,-0.0660195489546194,-0.0663428390271622,-0.066666782642464,-0.0669912691529418,-0.0673161720529225,-0.067641342233367,-0.0679665985780997,-0.0682917148476324,-0.0686164013840006,-0.0689402796004581,-0.069262846436363,-0.0695834248835775,-0.0699010952241396,-0.0702145996245531,-0.0705222100320182,-0.0708215456807907,-0.0711093216449445,-0.0713810033906372,-0.0716303337212632,-0.0718486873177192,-0.0720241936284296,-0.0721405505277666,-0.0721754284448488,-0.072098337517387,-0.0718677997209055,-0.0714276369195742,-0.0707021613700768,-0.0695900513658685,-0.067956737159095,-0.0656252551961884,-0.0623658225548085,-0.0578849409592994,-0.0518157903824601,-0.0437131357893245,-0.0330579534520877,-0.0192791611921887,-0.00180121027251625,0.0198751371000024,0.0460585761554642,0.0767340144990091,0.111444878872544,0.149241060785751,0.18873764285938,0.228294438690292,0.266272989905833,0.301288862313033,0.332381036655415,0.359063260973212,0.381272872974263,0.399261438642951,0.413472342725605,0.424435096105563,0.432688694718132,0.438734220340424,0.443010967458982,0.44588886675437,0.447670758310319,0.448599686156472,0.448868036929999,0.448626679384849,0.447993193085431,0.447058850770141,0.445894333477823,0.444554303869299,0.443081013443356,0.441507121214942,0.439857882625664,0.438152842360334,0.436407139933021,0.434632514936755,0.432838080400634,0.431030917658566,0.429216534109408,0.427399215767789,0.425582299108981,0.423768380987454,0.421959481004508,0.420157167324654,0.418362654359012,0.416576878762449,0.414800558685974,0.413034240076617,0.411278332938913,0.409533139800791,0.407798878112769,0.406075697915595,0.404363695809273,0.402662926024172,0.400973409216153,0.399295139469777,0.397628089887161,0.395972217057645,0.394327464639508,0.392693766235341,0.391071047704011,0.389459229022018,0.387858225783477,0.386267950409483,0.384688313123155,0.383119222735209,0.381560587275959,0.380012314502519,0.378474312304346,0.37694648902579,0.375428753720774,0.373921016351852,0.37242318794364,0.370935180698772,0.369456908083065,0.3679882848854,0.366529227256821,0.365079652732627,0.363639480240546,0.362208630097575,0.360787023997645,0.359374584991898,0.357971237463094,0.356576907095394,0.355191520840584,0.353815006881625,0.352447294594288,0.351088314507468,0.349737998262731,0.348396278573513,0.347063089184353,0.345738364830451,0.344422041197799,0.34311405488409,0.341814343360584,0.340522844935048,0.339239498715886,0.33796424457753,0.336697023127154,0.335437775672748,0.334186444192581,0,-0.0517835150142503,-0.0518888176736867,-0.0519453530942613,-0.0519891651425048,-0.0520331575712392,-0.0520830429023084,-0.0521417236766451,-0.0522107417127061,-0.0522908637386163,-0.0523823724891771,-0.0524852376373798,-0.0525992268759864,-0.0527239816401589,-0.0528590695206966,-0.0530040204425608,-0.0531583512940996,-0.0533215823117883,-0.0534932476113072,-0.0536729016039553,-0.0538601225581754,-0.0540545142113345,-0.0542557060757306,-0.0544633528922564,-0.0546771335477099,-0.0548967496736995,-0.0551219240759206,-0.0553523990942369,-0.0555879349605148,-0.0558283081981087,-0.0560733100911097,-0.0563227452406902,-0.0565764302184995,-0.0568341923220164,-0.0570958684332757,-0.0573613039799645,-0.0576303519961883,-0.0579028722790222,-0.0581787306361213,-0.0584577982191068,-0.0587399509370569,-0.0590250689442178,-0.0593130361959445,-0.0596037400668684,-0.0598970710253643,-0.0601929223585084,-0.0604911899418944,-0.0607917720488689,-0.0610945691939674,-0.0613994840055378,-0.0617064211227442,-0.0620152871123004,-0.0623259904003959,-0.0626384412153019,-0.0629525515360577,-0.0632682350423879,-0.063585407060537,-0.0639039844989258,-0.0642238857663473,-0.0645450306636312,-0.0648673402371127,-0.0651907365785009,-0.0655151425504087,-0.0658404814092286,-0.0661666762863231,-0.0664936494733644,-0.0668213214363413,-0.0671496094527644,-0.0674784257244889,-0.0678076747595357,-0.068137249733692,-0.0684670274273242,-0.0687968611721619,-0.0691265710195395,-0.069455930032207,-0.0697846451743837,-0.0701123306860907,-0.0704384710199072,-0.0707623693135191,-0.0710830758665773,-0.0713992890491613,-0.071709218313076,-0.0720103952748937,-0.0722994138948343,-0.072571574215775,-0.0728203954948059,-0.0730369533161994,-0.0732089808213238,-0.0733196559412043,-0.0733459740535226,-0.0732565788773775,-0.0730088948266474,-0.072545374806426,-0.0717886559539216,-0.0706354166236616,-0.0689487773577701,-0.0665492313494539,-0.0632043964087154,-0.0586184515441684,-0.0524230809910931,-0.0441732045135813,-0.033352709806543,-0.0193974660117695,-0.00174406125805585,0.0200890124255779,0.0463882910618151,0.0771155532428793,0.111795828695204,0.149471789275509,0.188766830814285,0.228064156273083,0.265757967061999,0.300497063101268,0.331346556620421,0.357835333775891,0.379905073147331,0.397803660576122,0.411966280130879,0.422912699502097,0.431172610166767,0.437239253273903,0.441545872238131,0.444458044794934,0.446275670970242,0.447239933504046,0.447542130875781,0.447332570160636,0.446728611587278,0.445821520521837,0.444682093760058,0.443365174184754,0.441913220415194,0.440359102318163,0.438728276396422,0.437040471418335,0.435310990873708,0.433551717599195,0.431771887977702,0.429978688434358,0.428177715174074,0.426373328792957,0.424568928111214,0.422767161923605,0.420970093004798,0.419179325359078,0.417396103138657,0.415621387692104,0.413855917703343,0.412100256233577,0.410354827600009,0.408619946352475,0.406895840093408,0.405182667490787,0.403480532529601,0.401789495813255,0.400109583545968,0.398440794687858,0.396783106666683,0.395136479946693,0.393500861690229,0.391876188697291,0.39026238976899,0.38865938761012,0.387067100362075,0.385485442838503,0.383914327521291,0.382353665362841,0.380803366431383,0.379263340428791,0.377733497104636,0.376213746585588,0.374703999635628,0.373204167859651,0.371714163860661,0.370233901358896,0.368763295279715,0.367302261815867,0.365850718468729,0.364408584072358,0.36297577880349,0.361552224180126,0.360137843050864,0.358732559576813,0.357336299207599,0.355948988652733,0.35457055584941,0.353200929927606,0.351840041173254,0.350487820990106,0.349144201860787,0.347809117307508,0.346482501852768,0.345164290980371,0.343854421096996,0.342552829494515,0.341259454313227,0.339974234506136,0.338697109804374,0.337428020683856,0.336166908333216,0.334913714623058,0,-0.0518649825744546,-0.051988476075424,-0.0520635670978591,-0.0521252675808567,-0.0521865327961441,-0.0522533050328365,-0.0523286740425979,-0.0524142874207725,-0.0525109517793422,-0.0526189479551399,-0.0527382215297309,-0.0528685070331678,-0.0530094114986864,-0.0531604710516771,-0.053321188957315,-0.0534910607657991,-0.053669590481791,-0.0538563005317645,-0.0540507374914943,-0.0542524749551856,-0.0544611145113666,-0.0546762854936295,-0.0548976439642052,-0.0551248712411544,-0.055357672177859,-0.0555957733333464,-0.0558389211241923,-0.05608688001646,-0.0563394307944249,-0.0565963689283097,-0.0568575030535447,-0.0571226535675661,-0.0573916513457927,-0.057664336575464,-0.057940557704003,-0.0582201704971956,-0.0585030372015335,-0.0587890258044497,-0.0590780093857813,-0.0593698655535753,-0.0596644759572781,-0.0599617258713779,-0.0602615038426859,-0.0605637013946351,-0.0608682127822092,-0.0611749347914029,-0.0614837665774097,-0.0617946095360534,-0.0621073672032902,-0.0624219451779038,-0.0627382510627774,-0.0630561944203427,-0.0633756867379506,-0.0636966413989554,-0.0640189736552255,-0.0643426005965364,-0.0646674411118096,-0.0649934158363391,-0.0653204470778876,-0.0656484587126409,-0.0659773760392776,-0.0663071255754581,-0.0666376347754204,-0.0669688316393987,-0.0673006441743055,-0.0676329996492293,-0.0679658235669275,-0.068299038241068,-0.0686325608248918,-0.0689663005752615,-0.0693001550498527,-0.0696340048150687,-0.0699677060751614,-0.070301080401289,-0.0706339004187774,-0.0709658698690574,-0.0712965958556958,-0.0716255502527406,-0.0719520161196945,-0.0722750134267874,-0.0725931963098465,-0.072904711267296,-0.0732070019519213,-0.0734965412030389,-0.0737684643431408,-0.0740160690794023,-0.0742301360818826,-0.0743980098873553,-0.0745023616608209,-0.074519533193899,-0.0744173355187662,-0.0741521470101457,-0.0736651284442336,-0.0728773539546286,-0.0716836621797339,-0.069945088009241,-0.0674798872124974,-0.0640534838560529,-0.0593682524218745,-0.0530550110278448,-0.0446695446928419,-0.0336993624890141,-0.0195878384018297,-0.00178384986100479,0.02017694356784,0.0465604934548208,0.077308154943093,0.111930142111928,0.149465646201578,0.188549259490426,0.227588723631877,0.265010020983278,0.299492702772311,0.330124793730879,0.356447225880946,0.378403600792636,0.396236556896687,0.410372277274773,0.421320554773558,0.42960190430383,0.435702044231956,0.440048557516521,0.443003061562532,0.444862874270198,0.445867625617275,0.446207782875038,0.446033300872763,0.445461488935913,0.444583739433932,0.443471071651537,0.442178593303692,0.440749037187343,0.439215537216987,0.437603793230667,0.435933751752909,0.434220907142732,0.432477307022723,0.430712328438964,0.428933276860249,0.427145848580234,0.425354487929409,0.42356266352128,0.421773082170482,0.419987854801759,0.418208625344187,0.416436671052715,0.414672980742479,0.412918315922365,0.411173258665922,0.409438249177527,0.407713615336672,0.405999595984962,0.404296359322138,0.402604017470857,0.400922638033773,0.399252253284092,0.3975928674898,0.39594446276258,0.394307003737737,0.392680441325582,0.391064715723469,0.389459758837671,0.387865496232986,0.386281848703493,0.384708733538627,0.383146065543615,0.381593757861406,0.380051722633813,0.378519871532086,0.376998116181298,0.375486368498129,0.373984540957958,0.372492546804124,0.37101030020985,0.369537716401356,0.368074711749177,0.366621203833405,0.365177111487584,0.363742354825148,0.362316855251612,0.360900535465206,0.359493319448144,0.358095132450387,0.356705900967427,0.35532555271339,0.353954016590521,0.352591222655947,0.351237102086465,0.349891587141994,0.348554611128196,0.347226108358727,0.345906014117445,0.344594264620891,0.343290796981292,0.341995549170286,0.340708459983513,0.339429469006228,0.338158516580009,0.336895543770644,0.335640492337264,0,-0.051974266912768,-0.052099815460152,-0.0521880186431783,-0.0522657970943547,-0.0523440816684992,-0.0524282694804087,-0.0525212719876405,-0.0526246391991205,-0.0527390941160379,-0.0528648383260555,-0.0530017451341871,-0.0531494869129208,-0.0533076200720768,-0.0534756415127541,-0.0536530256002502,-0.0538392478105874,-0.0540337993134133,-0.0542361954520039,-0.0544459801686294,-0.0546627277818973,-0.0548860430733126,-0.0551155603279365,-0.055350941758948,-0.0555918755992797,-0.055838074044533,-0.056089271165242,-0.0563452208627333,-0.0566056949140414,-0.0568704811325177,-0.057139381658536,-0.0574122113867271,-0.0576887965309918,-0.0579689733251348,-0.0582525868547251,-0.0585394900143007,-0.0588295425830618,-0.0591226104115676,-0.0594185647115848,-0.0597172814410448,-0.0600186407760378,-0.060322526661851,-0.0606288264352404,-0.0609374305103765,-0.0612482321212223,-0.0615611271134625,-0.0618760137794906,-0.06219279273037,-0.062511366799096,-0.0628316409698916,-0.0631535223286492,-0.0634769200299843,-0.0638017452766683,-0.0641279113074494,-0.0644553333894225,-0.0647839288111646,-0.0651136168727508,-0.0654443188684872,-0.0657759580576593,-0.066108459617711,-0.0664417505729223,-0.0667757596896485,-0.0671104173262785,-0.0674456552219107,-0.067781406201814,-0.0681176037693595,-0.0684541815422617,-0.0687910724742907,-0.0691282077801764,-0.0694655154485266,-0.0698029181815157,-0.0701403305357036,-0.070477654948532,-0.0708147762100672,-0.0711515537661134,-0.0714878109987506,-0.0718233202990853,-0.0721577822913348,-0.0724907969426761,-0.0728218234399969,-0.0731501245534985,-0.0734746896333711,-0.0737941282622227,-0.074106523734136,-0.0744092317217565,-0.0746986044347709,-0.0749696139050414,-0.0752153393187933,-0.0754262720500875,-0.0755893776930587,-0.0756868364517389,-0.0756943614597017,-0.0755789692723073,-0.075296049418407,-0.0747855543747682,-0.0739671157457549,-0.072733902210629,-0.0709450972046244,-0.0684170344418867,-0.0649133565284698,-0.0601351520620367,-0.0537129916715208,-0.0452042070537287,-0.0341005846439533,-0.0198534736168325,-0.00192408428606596,0.0201354351870904,0.0465721150462341,0.0773096043474172,0.111846779293271,0.149222872504587,0.188086285877892,0.226870224034891,0.264031472644454,0.298277896752971,0.328717357854103,0.354899911415086,0.376768804802159,0.39455994952692,0.408689764327781,0.419657836147738,0.427975611573949,0.43412157676775,0.438518017874465,0.441522961822801,0.443431484983143,0.444481960888999,0.444864274530142,0.444728233021791,0.444191260500638,0.443345009447579,0.442260828021316,0.440994173586386,0.439588120691832,0.438076121164287,0.436484161170992,0.434832439375638,0.433136668566369,0.431409083298968,0.429659219128774,0.427894514989069,0.426120778948658,0.42434254857003,0.422563370000536,0.420786014400517,0.419012646028049,0.417244952994642,0.415484249163461,0.413731553708611,0.411987653355154,0.41025315116928,0.408528504884972,0.406814057075258,0.405110058954549,0.403416689197158,0.401734068847722,0.400062273160492,0.398401341019912,0.396751282452054,0.395112084625685,0.393483716655694,0.391866133454621,0.390259278825808,0.388663087950934,0.387077489392737,0.38550240670871,0.383937759751898,0.382383465719425,0.380839439997154,0.379305596839248,0.377781849913732,0.376268112739068,0.374764299031934,0.373270322982546,0.371786099470742,0.370311544233612,0.36884657399345,0.36739110655321,0.365945060865333,0.364508357078813,0.363080916568462,0.361662661949666,0.360253517081375,0.358853407059571,0.357462258203101,0.356079998033428,0.35470655524961,0.353341859699598,0.351985842348756,0.350638435246352,0.349299571490659,0.347969185193192,0.346647211442508,0.345333586267955,0.344028246603635,0.342731130252857,0.341442175853242,0.340161322842682,0.338888511426257,0.33762368254421,0.336366777841066,0,-0.0521081188197051,-0.0522241243203827,-0.0523212125601668,-0.0524136226908673,-0.0525087834664156,-0.0526109351693746,-0.0527224928592889,-0.0528447211974693,-0.0529781431429149,-0.0531228084975385,-0.0532784741738819,-0.0534447249544035,-0.0536210534390683,-0.053806912032798,-0.0540017459228343,-0.0542050132681168,-0.0544161968962368,-0.054634810446369,-0.0548604009473659,-0.0550925491625071,-0.0553308685815008,-0.0555750036346922,-0.0558246274996693,-0.0560794397348988,-0.0563391638863568,-0.056603545155776,-0.056872348182479,-0.057145354967555,-0.0574223629545693,-0.0577031832719036,-0.0579876391361604,-0.0582755644125378,-0.0585668023258702,-0.0588612043146486,-0.0591586290194708,-0.0594589413968624,-0.0597620119491365,-0.0600677160608691,-0.0603759334326187,-0.0606865476026815,-0.0609994455479333,-0.0613145173551496,-0.0616316559545901,-0.0619507569080864,-0.0622717182443482,-0.0625944403347088,-0.062918825803035,-0.0632447794640338,-0.0635722082846752,-0.0639010213639116,-0.0642311299263013,-0.064562447325517,-0.0648948890540391,-0.0652283727555709,-0.06556281823686,-0.0658981474756365,-0.066234284621251,-0.0665711559842652,-0.0669086900106572,-0.0672468172353378,-0.0675854702082332,-0.0679245833840445,-0.0682640929637263,-0.0686039366713214,-0.0689440534435503,-0.0692843830007364,-0.0696248652552132,-0.0699654394958812,-0.0703060432630497,-0.0706466107933157,-0.0709870708661662,-0.0713273438169059,-0.0716673373871114,-0.0720069409540939,-0.0723460175011673,-0.0726843924423494,-0.0730218380734025,-0.0733580519521547,-0.073692626869618,-0.0740250091993812,-0.0743544412263109,-0.0746798814517238,-0.0749998947137143,-0.0753125010704476,-0.0756149685434994,-0.0759035297206811,-0.0761729955186794,-0.0764162306804942,-0.0766234443460768,-0.0767812347788358,-0.0768713096136735,-0.0768687816234901,-0.0767399153993814,-0.0764391741869606,-0.0759053925069294,-0.0750568875211662,-0.0737853361388258,-0.0719483131132063,-0.0693605528804019,-0.0657843328796528,-0.0609199716319952,-0.0543983964257403,-0.0457791351222084,-0.0345588526366523,-0.0201972637074955,-0.00216785600088718,0.0199615114405589,0.0464206741438743,0.077118278129285,0.11154521874842,0.148744077065947,0.187379432405567,0.225910691082026,0.26282440466569,0.296854385086604,0.327125405143813,0.353193884072526,0.375000564692667,0.39277322540586,0.406917782441029,0.417923378200311,0.426292474584448,0.432496586280848,0.436953038259744,0.440016613937454,0.441980471750348,0.443082013433398,0.44351078318954,0.443416640620559,0.442917288185626,0.442104770766393,0.441050871815693,0.439811483693413,0.438430091059863,0.436940518408595,0.435369082133346,0.433736268282213,0.432058036424491,0.430346830905502,0.428612364259055,0.426862223843927,0.425102341653983,0.423337358375915,0.421570905765339,0.419805825935273,0.418044341896231,0.416288190397058,0.414538725579193,0.412797000005173,0.411063828121429,0.409339836061753,0.407625500810748,0.405921181064055,0.404227141596593,0.402543572544929,0.40087060469723,0.399208321642628,0.397556769444785,0.395915964359518,0.394285899003735,0.392666547295424,0.391057868416191,0.389459809994611,0.387872310666999,0.386295302139615,0.384728710850644,0.383172459310213,0.381626467180801,0.380090652147829,0.37856493062037,0.377049218293968,0.375543430601374,0.374047483071971,0.37256129161672,0.371084772752276,0.369617843775339,0.368160422896302,0.366712429339587,0.365273783416686,0.363844406576918,0.362424221439969,0.361013151813604,0.35961112269933,0.35821806028832,0.356833891949548,0.355458546211691,0.354091952740145,0.35273404231026,0.351384746777704,0.350043999046749,0.348711733037082,0.347387883649706,0.346072386732339,0.344765179044704,0.343466198223993,0.342175382750764,0.34089267191546,0.339618005785711,0.338351325174549,0.337092571609639,0,-0.0522600033174332,-0.0523614048658274,-0.0524650765290643,-0.0525713499048249,-0.0526835181277292,-0.0528042923989795,-0.0529353519669972,-0.0530775203240732,-0.0532310208239435,-0.0533956900148009,-0.0535711324351751,-0.0537568260458026,-0.0539521911753238,-0.0541566340053926,-0.0543695728678816,-0.0545904532192769,-0.0548187553214091,-0.0550539973365663,-0.055295735624324,-0.055543563399681,-0.0557971084917013,-0.0560560306649176,-0.0563200187862143,-0.0565887880053982,-0.0568620770458426,-0.057139645657335,-0.0574212722564761,-0.0577067517640747,-0.0579958936397254,-0.0582885201084518,-0.0585844645713361,-0.0588835701904092,-0.0591856886372024,-0.0594906789939155,-0.0597984067959744,-0.0601087432047324,-0.0604215642991847,-0.0607367504757699,-0.0610541859456352,-0.0613737583191175,-0.0616953582676378,-0.0620188792537137,-0.0623442173203381,-0.0626712709315603,-0.0629999408567027,-0.0633301300912595,-0.0636617438081259,-0.0639946893333996,-0.064328876141556,-0.0646642158653341,-0.0650006223161534,-0.0653380115113176,-0.0656763017046369,-0.0660154134174001,-0.0663552694668479,-0.0666957949894075,-0.0670369174559386,-0.0673785666760614,-0.0677206747882485,-0.0680631762316958,-0.0684060076949419,-0.0687491080346398,-0.0690924181556157,-0.06943588084008,-0.0697794405092181,-0.0701230428938172,-0.070466634581323,-0.0708101623936891,-0.0711535725320871,-0.0714968093989024,-0.0718398139715772,-0.072182521552784,-0.0725248586516593,-0.0728667386538796,-0.0732080558039793,-0.0735486768375431,-0.0738884293448908,-0.0742270855961222,-0.0745643400757785,-0.0748997783182286,-0.075232833741597,-0.0755627279685354,-0.0758883884912887,-0.0762083353495218,-0.0765205255656828,-0.0768221401992559,-0.0771092937556835,-0.0773766389712603,-0.0776168312801122,-0.0778198060891167,-0.0779718078656719,-0.0780540925890823,-0.0780412042130338,-0.0778987019624033,-0.0775801903795441,-0.0770234823415668,-0.0761457154559036,-0.0748372603177421,-0.0729543327339003,-0.0703103959142485,-0.0666667797675902,-0.0617235426428566,-0.0551125550939626,-0.0463961564852651,-0.0350764365231986,-0.0206217902335513,-0.00251783865296042,0.0196527067266539,0.0461042531301975,0.076733109008567,0.111025411796697,0.148030188379312,0.186430343410592,0.224712075416996,0.261390639883983,0.295223520996036,0.325349632932866,0.351329154650193,0.373098288110346,0.390875332546812,0.405054977959034,0.416115668456367,0.424550935614836,0.430825551003897,0.435352184942984,0.438482701153282,0.440508646941016,0.44166672564632,0.442146375259467,0.442097704254204,0.441638855201857,0.440862397285461,0.439840656081069,0.438630045137258,0.437274528639033,0.43580835961809,0.434258229684187,0.43264494853484,0.430984751795939,0.429290317277214,0.427571553674572,0.425836212349685,0.424090361898567,0.422338756472182,0.420585121887344,0.418832378135322,0.417082812665511,0.415338215542749,0.413599985043746,0.411869210304883,0.410146736129093,0.408433213900949,0.406729141666758,0.405034895748808,0.403350755732628,0.401676924256672,0.400013542717479,0.398360703758454,0.396718461220621,0.395086838086428,0.393465832833135,0.391855424523116,0.390255576888871,0.388666241616116,0.3870873609858,0.38551887000246,0.383960698110114,0.382412770576227,0.38087500960796,0.379347335252075,0.377829666119601,0.376321919968337,0.374824014169767,0.373335866081856,0.371857393345091,0.370388514115862,0.3689291472486,0.367479212436012,0.366038630315052,0.364607322544831,0.363185211861612,0.361772222115088,0.360368278289429,0.358973306511955,0.357587234051811,0.356209989310608,0.354841501806674,0.353481702154271,0.352130522038894,0.3507878941896,0.349453752349144,0.348128031242584,0.346810666544882,0.345501594847954,0.344200753627527,0.342908081210122,0.341623516740396,0.340347000149063,0.339078472121545,0.337817874067484,0,-0.0524224419759385,-0.0525110277418519,-0.0526211828554052,-0.0527414075731339,-0.05287110072863,-0.0530113318786048,-0.0531628988217706,-0.0533260710243359,-0.0535006972749106,-0.0536863557062989,-0.0538824740786671,-0.0540884126998917,-0.0543035172521224,-0.0545271503191499,-0.0547587087504369,-0.0549976319947071,-0.0552434048902186,-0.0554955571968506,-0.055753661324999,-0.0560173291625636,-0.0562862085417664,-0.056559979659708,-0.0568383516257027,-0.0571210592236582,-0.0574078599282998,-0.0576985311862686,-0.0579928679582751,-0.0582906805111093,-0.0585917924450369,-0.0588960389409894,-0.0592032652118734,-0.0595133251426699,-0.0598260801044948,-0.0601413979283074,-0.0604591520244564,-0.0607792206347415,-0.0611014862041672,-0.0614258348600793,-0.0617521559869338,-0.0620803418855393,-0.0624102875062547,-0.0627418902462973,-0.063075049802011,-0.0634096680676696,-0.0637456490730984,-0.0640828989531234,-0.0644213259425401,-0.0647608403909698,-0.0651013547925981,-0.0654427838263769,-0.0657850444028112,-0.0661280557139262,-0.066471739283431,-0.0668160190144361,-0.0671608212323501,-0.0675060747207521,-0.0678517107480997,-0.0681976630830615,-0.0685438679960233,-0.0688902642438573,-0.069236793034294,-0.0695833979650927,-0.0699300249315256,-0.0702766219932691,-0.0706231391883366,-0.0709695282767956,-0.071315742390109,-0.0716617355522198,-0.0720074620248629,-0.0723528754104686,-0.0726979274192674,-0.0730425661698513,-0.0733867338403766,-0.0737303634151921,-0.0740733741712474,-0.0744156654096949,-0.0747571077464488,-0.0750975310119015,-0.0754367074487133,-0.0757743284030716,-0.0761099720330491,-0.0764430586467773,-0.0767727890529018,-0.0770980596512818,-0.0774173457770597,-0.0777285418611482,-0.0780287430628379,-0.0783139478885146,-0.0785786545962814,-0.0788153155016419,-0.0790136022015454,-0.0791594207803261,-0.0792335989084588,-0.07921014635038,-0.0790539673934199,-0.0787178800765909,-0.078138777318939,-0.0772327579989014,-0.0758890779105456,-0.0739628489787547,-0.0712665944067012,-0.0675611129979825,-0.0625467041142847,-0.0558567480219541,-0.0470569752419602,-0.0356553927209649,-0.0211293200971172,-0.00297629065245406,0.0192070529282944,0.0456214735653562,0.076153549553391,0.110287739271553,0.147082410753008,0.185240747465663,0.223276217334372,0.259731724764432,0.293386262651713,0.323390276136011,0.349305248670444,0.37106090739806,0.388864774515342,0.403099594716183,0.414232837955386,0.422749126109554,0.429106681075477,0.43371379470614,0.436919711290063,0.439014657079868,0.440234899496637,0.440769998398697,0.44077050416166,0.440355159984625,0.4396171912759,0.438629573339085,0.437449328270771,0.436120970521155,0.434679238879215,0.433151246447862,0.431558164023065,0.429916533624049,0.428239291133974,0.426536561405802,0.424816276079136,0.423084653624542,0.421346572502365,0.419605861470079,0.417865525681762,0.416127923013463,0.414394901777091,0.412667908452748,0.410948072112462,0.409236270698071,0.407533183150995,0.405839330492855,0.404155108262181,0.402480812176617,0.400816658475781,0.399162800079282,0.397519339445904,0.395886338827129,0.39426382845827,0.392651813113817,0.391050277362619,0.389459189787472,0.387878506378054,0.386308173262615,0.384748128909555,0.383198305903162,0.381658632376483,0.380129033167635,0.378609430752524,0.37709974599648,0.37559989875894,0.374109808378687,0.372629394061824,0.371158575190441,0.369697271566554,0.368245403603134,0.366802892471874,0.365369660215576,0.363945629831603,0.362530725331688,0.361124871782431,0.359727995330081,0.358340023212567,0.356960883761195,0.355590506394066,0.354228821602859,0.352875760934405,0.351531256968188,0.350195243290755,0.348867654467802,0.347548426014629,0.346237494365497,0.344934796842355,0.343640271623307,0.34235385771113,0.341075494902084,0.339805123755235,0.338542685562444,0,-0.0525892027775312,-0.0526724183484873,-0.0527910000717217,-0.05292615625606,-0.0530743298079328,-0.0532350617199796,-0.0534082153283611,-0.0535934414714053,-0.0537901692472388,-0.0539976933948963,-0.0542152546418723,-0.0544420948048388,-0.0546774895518678,-0.0549207653328062,-0.0551713061530571,-0.0554285542818377,-0.055692007604059,-0.0559612153135401,-0.0562357729611145,-0.0565153174308254,-0.0567995221453163,-0.0570880926401538,-0.0573807625556299,-0.0576772900463014,-0.0579774545854236,-0.0582810541324308,-0.0585879026299321,-0.0588978277984297,-0.059210669199954,-0.0595262765449291,-0.0598445082193797,-0.060165230011875,-0.0604883140214348,-0.0608136377290526,-0.0611410832166499,-0.0614705365182508,-0.0618018870890319,-0.0621350273787297,-0.0624698524966878,-0.0628062599566477,-0.0631441494902109,-0.063483422918745,-0.0638239840743502,-0.0641657387613544,-0.0645085947506296,-0.0648524617998383,-0.0651972516934893,-0.0655428782974183,-0.0658892576229933,-0.0662363078969778,-0.0665839496335535,-0.0669321057055167,-0.0672807014121015,-0.0676296645412556,-0.0679789254244849,-0.0683284169825955,-0.06867807476077,-0.0690278369514181,-0.069377644403098,-0.0697274406134987,-0.0700771717039312,-0.0704267863719382,-0.0707762358173898,-0.071125473635624,-0.0714744556686188,-0.0718231398015275,-0.0721714856867595,-0.0725194543705421,-0.0728670077867303,-0.0732141080683697,-0.07356071660758,-0.0739067927664593,-0.0742522921028678,-0.0745971639209144,-0.0749413478809602,-0.0752847693001206,-0.0756273326309011,-0.0759689124082722,-0.0763093406847538,-0.076648389602798,-0.0769857472491489,-0.0773209842506861,-0.0776535076444534,-0.0779824973060757,-0.0783068185460803,-0.0786249022477742,-0.0789345809504356,-0.0792328653592099,-0.0795156406170676,-0.0797772549758051,-0.0800099648689726,-0.0802031893993696,-0.0803425134979347,-0.0804083621956167,-0.0803742486023299,-0.0802044760380316,-0.0798511524212305,-0.0792503571328963,-0.0783172961812612,-0.0769403068903483,-0.0749736560633158,-0.0722292592310866,-0.0684677968957168,-0.0633902993564434,-0.0566322007126301,-0.0477631657147527,-0.036297558860733,-0.021721804325745,-0.00354506104977499,0.0186230637300179,0.0449714696230373,0.075379536361632,0.109332970976425,0.145902185267363,0.183812425489745,0.221604825010477,0.257848917321713,0.291343167860243,0.321247104962473,0.347121203965561,0.368886875142243,0.386739603256406,0.401049464336636,0.412272649681402,0.420884854037348,0.427337905568512,0.432035962125745,0.435325924687349,0.437496971705917,0.438785186418661,0.439380472475289,0.439434012227664,0.439065309156048,0.43836837723462,0.437416950233353,0.436268747640795,0.434968906517103,0.4335527102138,0.432047741094653,0.430475569859299,0.428853076463809,0.427193480530648,0.425507143979485,0.423802195787521,0.422085018240808,0.420360625520839,0.418632958683615,0.41690511573328,0.415179531298486,0.413458117152829,0.411742372285344,0.410033469264144,0.408332322118481,0.406639639791559,0.404955968310036,0.403281724115365,0.401617220460056,0.399962688352186,0.398318293206128,0.396684148104985,0.395060324383977,0.39344686009132,0.391843766764129,0.390251034863908,0.388668638143557,0.387096537160867,0.385534682108825,0.383983015097914,0.38244147199795,0.380909983925159,0.379388478442955,0.377876880531226,0.376375113368077,0.374883098959363,0.373400758644488,0.371928013501468,0.370464784669835,0.369010993606501,0.367566562286827,0.366131413360911,0.364705470273224,0.363288657352308,0.361880899875977,0.360482124116561,0.359092257369846,0.357711227970809,0.356338965298645,0.354975399773199,0.353620462844515,0.35227408697693,0.350936205628924,0.349606753229705,0.348285665153356,0.346972877691215,0.345668328023053,0.344371954187521,0.343083695052247,0.341803490283905,0.340531280318515,0.339267006332177,0,-0.0527569193996009,-0.0528456325304596,-0.052976130917274,-0.0531280012251858,-0.0532960411085022,-0.0534785275227953,-0.0536744149026988,-0.0538827192554538,-0.0541024373400997,-0.0543325780235522,-0.054572200426013,-0.0548204378885207,-0.0550765081056689,-0.0553397138106636,-0.0556094380208209,-0.0558851366568633,-0.0561663302831835,-0.0564525959534243,-0.0567435596534279,-0.0570388895387309,-0.05733829000014,-0.057641496509064,-0.0579482711604673,-0.0582583988237764,-0.0585716838175346,-0.0588879470342994,-0.0592070234540561,-0.0595287599952171,-0.0598530136613195,-0.0601796499486655,-0.0605085414855972,-0.0608395668781498,-0.0611726097398336,-0.0615075578855487,-0.0618443026713779,-0.0621827384634178,-0.0625227622200209,-0.0628642731729346,-0.0632071725938668,-0.0635513636340418,-0.0638967512253186,-0.0642432420324522,-0.0645907444470669,-0.0649391686148763,-0.0652884264886221,-0.0656384319000967,-0.0659891006454559,-0.0663403505788218,-0.0666921017098967,-0.0670442763019733,-0.0673967989673193,-0.0677495967574354,-0.0681025992461432,-0.0684557386038307,-0.0688089496614941,-0.0691621699634337,-0.0695153398076019,-0.0698684022726403,-0.07022130323057,-0.070573991343886,-0.0709264180454174,-0.0712785374986945,-0.0716303065356336,-0.0719816845670032,-0.0723326334592035,-0.0726831173681598,-0.0730331025172855,-0.0733825569010511,-0.0737314498881179,-0.0740797516873535,-0.0744274326251831,-0.0747744621619555,-0.0751208075460366,-0.0754664319640365,-0.0758112919895937,-0.0761553340555994,-0.0764984895675992,-0.076840668128521,-0.0771817481421452,-0.0775215637852112,-0.0778598869593945,-0.0781964023195746,-0.0785306727775248,-0.0788620919393141,-0.0791898186705465,-0.0795126872923068,-0.0798290846587179,-0.0801367823840048,-0.0804327085584943,-0.0807126381544132,-0.0809707746550617,-0.081199186876847,-0.0813870540951705,-0.0815196590562457,-0.0815770520118718,-0.0815322896475825,-0.0813491315083643,-0.0809790554876149,-0.08035743791068,-0.0793987418761983,-0.0779905861378454,-0.0759866532211762,-0.0731985824600155,-0.0693873429938414,-0.0642551724755977,-0.0574400789098829,-0.0485161674676502,-0.0370045507661445,-0.0224008795987302,-0.00422559831805955,0.0178997165665123,0.0441538605029849,0.0744114552143487,0.108162228288954,0.144491155607353,0.182147184511121,0.219699458083439,0.255743179257681,0.289094391441281,0.318919423789699,0.344775568137991,0.366574158640758,0.384497410208926,0.398901994455028,0.410232484748899,0.41895558898343,0.425516857322802,0.430316524789894,0.433699400246867,0.435953870502775,0.437316075653717,0.437976479143797,0.438087082755394,0.437768309414751,0.43711509479327,0.436202041353013,0.435087656622601,0.433817774503906,0.432428283548435,0.430947284850987,0.429396789357404,0.427794047865063,0.426152590589237,0.424483038451331,0.422793735704001,0.421091243137229,0.419380722698741,0.417666237635616,0.415950986939496,0.414237488695898,0.412527723672156,0.410823247937884,0.409125281340659,0.407434777132359,0.405752476859263,0.404078953713742,0.40241464683659,0.400759888509929,0.399114925754785,0.397479937516827,0.395855048366932,0.394240339443239,0.392635857205634,0.39104162045196,0.389457625950254,0.387883852966832,0.386320266911741,0.384766822277204,0.383223465008598,0.381690134419067,0.3801667647364,0.378653286353,0.377149626835683,0.375655711740881,0.374171465271838,0.372696810807362,0.371231671325977,0.369775969744777,0.36832962918866,0.366892573202658,0.365464725917769,0.364046012178742,0.362636357640744,0.361235688840605,0.359843933247306,0.358461019295548,0.357086876405572,0.355721434991828,0.354364626462684,0.353016383212948,0.351676638610689,0.350345326979584,0.349022383577809,0.347707744574326,0.346401347023274,0.345103128837032,0.343813028758438,0.342530986332568,0.341256941878374,0.339990836460485,0,-0.0529259240270937,-0.0530317252682925,-0.0531785025286541,-0.0533494947268625,-0.0535391583820858,-0.0537448304680832,-0.0539646393019993,-0.0541969945608491,-0.0544404807407826,-0.0546938415510669,-0.0549559760022339,-0.0552259298877716,-0.0555028822132248,-0.0557861290859908,-0.0560750672882057,-0.0563691789087328,-0.0566680176961552,-0.0569711973243271,-0.0572783814958104,-0.0575892756820363,-0.0579036202577624,-0.0582211847927685,-0.0585417632910566,-0.0588651702024881,-0.0591912370659422,-0.0595198096730402,-0.0598507456659913,-0.0601839125022632,-0.0605191857332176,-0.0608564475544678,-0.0611955855934007,-0.0615364919048144,-0.0618790621495926,-0.062223194934262,-0.0625687912915043,-0.0629157542834796,-0.0632639887113482,-0.063613400915734,-0.0639638986541624,-0.0643153910427224,-0.0646677885503993,-0.0650210030356786,-0.0653749478161433,-0.0657295377628615,-0.0660846894123906,-0.0664403210901838,-0.0667963530400847,-0.0671527075554253,-0.0675093091079885,-0.0678660844717793,-0.0682229628391401,-0.0685798759272753,-0.0689367580736897,-0.0692935463194239,-0.069650180479261,-0.0700066031983056,-0.070362759994476,-0.0707185992865096,-0.0710740724070433,-0.0714291336001806,-0.0717837400026683,-0.0721378516073359,-0.0724914312067476,-0.0728444443140025,-0.0731968590561561,-0.0735486460336916,-0.0738997781365817,-0.0742502303034287,-0.0745999792045128,-0.074949002821635,-0.0752972798865592,-0.0756447891243704,-0.0759915082264742,-0.0763374124479087,-0.0766824726818816,-0.0770266528065792,-0.0773699060192718,-0.0777121697624271,-0.0780533586948855,-0.0783933549533253,-0.0787319946653764,-0.0790690492893639,-0.079404199831606,-0.0797370012841546,-0.0800668336729261,-0.0803928348290274,-0.0807138082919628,-0.0810280974903691,-0.0813334143565274,-0.0816266066052688,-0.0819033427884053,-0.0821576876145685,-0.0823815315489977,-0.0825638280040151,-0.0826895781558409,-0.0827384873781077,-0.0826831986254816,-0.0824869877376732,-0.0821007858938023,-0.0814593802124048,-0.0804766439985634,-0.0790396796593675,-0.0770018468001405,-0.0741748372987669,-0.0703203079488567,-0.0651421647154789,-0.0582814842389269,-0.0493172816557509,-0.037777761477302,-0.0231678722859737,-0.00501896164686101,0.0170364327283913,0.0431687223896754,0.0732501076857928,0.106776950195295,0.142851138800839,0.180246836907946,0.217561516312175,0.253415172059258,0.286639685112854,0.316406071099472,0.34226639584862,0.36412023325662,0.382135315655425,0.396654154772582,0.408109326222941,0.416958444821985,0.423640855407375,0.428553046262676,0.432037959381114,0.43438342851493,0.435825880863979,0.436556549877786,0.436728441867915,0.436463058214766,0.435856390562109,0.434984022121848,0.433905341235973,0.432666955055962,0.431305420058033,0.429849407462665,0.428321410533195,0.426739085337721,0.425116300865372,0.423463960118679,0.421790641542748,0.420103099952979,0.418406657814125,0.416705511052795,0.415002968287554,0.413301638187168,0.411603576399297,0.409910400943315,0.408223382979205,0.406543518325991,0.404871583909867,0.403208182396873,0.401553777547178,0.399908722271101,0.398273280934385,0.396647647123987,0.395031957823892,0.393426304746558,0.391830743406417,0.390245300397494,0.388669979239897,0.387104765083591,0.385549628497954,0.384004528528523,0.38246941516515,0.380944231336515,0.379428914522771,0.377923398059726,0.376427612193392,0.374941484932186,0.373464942734809,0.37199791106448,0.370540314834317,0.369092078763955,0.367653127663681,0.366223386659331,0.364802781368764,0.363391238038707,0.361988683649207,0.360595045991574,0.359210253724682,0.357834236413632,0.356466924554057,0.355108249584786,0.353758143891108,0.352416540800505,0.351083374572376,0.349758580383055,0.348442094307147,0.347133853296076,0.345833795154561,0.34454185851563,0.34325798281467,0.341982108262907,0.340714175820681,0,-0.0531000411391177,-0.0532328715621155,-0.0534004891638231,-0.0535934158603619,-0.0538067338014663,-0.0540371385668916,-0.0542820500567357,-0.0545393389151266,-0.0548072283982747,-0.0550842400821205,-0.0553691496765664,-0.055660946507871,-0.0559587966864701,-0.0562620107881178,-0.0565700164257412,-0.0568823355669964,-0.0571985661171393,-0.0575183671382861,-0.0578414470568994,-0.0581675542654315,-0.0584964696109352,-0.0588280003577734,-0.0591619752994668,-0.0594982407699697,-0.0598366573655539,-0.060177097235787,-0.0605194418376844,-0.0608635800732457,-0.061209406749364,-0.0615568213124096,-0.06190572681913,-0.062256029112072,-0.0626076361723926,-0.0629604576263269,-0.063314404384172,-0.063669388392732,-0.0640253224839495,-0.0643821203040386,-0.0647396963089242,-0.0650979658131963,-0.0654568450811408,-0.0658162514497048,-0.066176103474487,-0.0665363210910199,-0.0668968257847023,-0.0672575407637643,-0.0676183911305775,-0.0679793040474732,-0.0683402088939906,-0.0687010374131514,-0.0690617238449425,-0.069422205045697,-0.0697824205924886,-0.0701423128720009,-0.0705018271536155,-0.070860911646658,-0.0712195175418814,-0.0715775990373143,-0.0719351133485815,-0.0722920207036873,-0.0726482843220242,-0.0730038703770022,-0.0733587479411562,-0.0737128889118012,-0.0740662679141997,-0.0744188621776544,-0.0747706513777623,-0.0751216174350307,-0.0754717442558138,-0.075821017395602,-0.0761694236164225,-0.0765169502985661,-0.076863584650763,-0.0772093126405247,-0.0775541175352486,-0.0778979779015083,-0.078240864850243,-0.0785827382331711,-0.0789235413823828,-0.0792631938295853,-0.0796015812288657,-0.0799385414171171,-0.0802738451528837,-0.0806071695421072,-0.0809380614419023,-0.0812658871704692,-0.0815897635638995,-0.0819084637074106,-0.0822202883995201,-0.0825228914186047,-0.0828130427473318,-0.0830863088214505,-0.0833366223086748,-0.083555705554758,-0.0837323013063019,-0.0838511513233489,-0.0838916478755238,-0.0838260650919466,-0.0836172576881741,-0.083215696138207,-0.0825556948579922,-0.0815506926813835,-0.0800874789922598,-0.0780193508340413,-0.0751583768779762,-0.0712672908070853,-0.0660521107497697,-0.0591574504813349,-0.0501676687116456,-0.0386183622134001,-0.0240238047552259,-0.00592583436243886,0.0160330561072716,0.0420165604455732,0.071896679588545,0.105178862930458,0.140984100815042,0.178113184918396,0.215192233054535,0.2508652568405,0.283978399756419,0.313705420426094,0.339591245923098,0.361522074646167,0.379649956263937,0.394302460860492,0.40589974043936,0.414890159796496,0.421706885013253,0.426742796581727,0.430339167649385,0.432783499234901,0.434312724813055,0.435119052265321,0.435356675361256,0.435148333072337,0.434591208763158,0.433761980622349,0.432721013026328,0.431515765256609,0.430183526791432,0.428753592529466,0.427248982054545,0.425687792834963,0.424084262292508,0.422449599862925,0.420792638189221,0.419120342559656,0.417438209491376,0.415750578741751,0.414060877754348,0.41237181337773,0.410685522421729,0.409003690056717,0.407327643066911,0.405658423417189,0.403996846387208,0.402343546589906,0.400699014463815,0.399063625262929,0.397437662127926,0.395821334480005,0.394214792711634,0.39261813994017,0.391031441427558,0.389454732141922,0.387888022837059,0.386331304947503,0.384784554535223,0.383247735475529,0.38172080203151,0.380203700936073,0.378696373076744,0.377198754859433,0.375710779312261,0.374232376978563,0.372763476638651,0.371304005892247,0.36985389162739,0.368413060396736,0.36698143871824,0.365558953314008,0.364145531298582,0.362741100325849,0.361345588702098,0.359958925471383,0.358581040478253,0.357211864412,0.355851328835883,0.354499366204137,0.353155909869108,0.35182089408045,0.350494253977972,0.349175925579487,0.347865845764733,0.346563952256302,0.345270183598313,0.343984479133458,0.342706778978933,0.341437024001679,0,-0.0532858096319917,-0.053452266385861,-0.0536449638510876,-0.0538628208859777,-0.0541019719770335,-0.0543586868288834,-0.0546298117632722,-0.0549127778742593,-0.055205525767452,-0.0555064178905114,-0.0558141569136971,-0.0561277153876591,-0.0564462775616545,-0.0567691925493321,-0.0570959373557654,-0.0574260880913207,-0.0577592977617396,-0.0580952792114571,-0.0584337920314076,-0.0587746324778025,-0.0591176256604382,-0.0594626194377795,-0.0598094795996162,-0.0601580860292881,-0.0605083296211246,-0.0608601097901632,-0.0612133324553668,-0.061567908408769,-0.0619237520047129,-0.0622807801183503,-0.0626389113328852,-0.0629980653221845,-0.0633581624004133,-0.063719123214029,-0.0640808685542944,-0.0644433192707637,-0.0648063962681784,-0.065170020570998,-0.0655341134414462,-0.0658985965385296,-0.0662633921069727,-0.0666284231864323,-0.0669936138326819,-0.0673588893437072,-0.0677241764847967,-0.068089403707774,-0.0684545013604557,-0.0688194018832806,-0.069184039990797,-0.0695483528363513,-0.0699122801588797,-0.0702757644111776,-0.0706387508694118,-0.0710011877239513,-0.0713630261518357,-0.0717242203713697,-0.0720847276794391,-0.0724445084721787,-0.072803526249599,-0.0731617476046674,-0.07351914219715,-0.0738756827122193,-0.0742313448034008,-0.0745861070188153,-0.0749399507088167,-0.0752928599119394,-0.0756448212144173,-0.0759958235762493,-0.0763458581135986,-0.0766949178228828,-0.0770429972257299,-0.0773900919053668,-0.0777361978930115,-0.0780813108461514,-0.0784254249373855,-0.0787685313403435,-0.0791106161546487,-0.0794516575504086,-0.0797916218280495,-0.0801304579730711,-0.0804680901262074,-0.0808044071724649,-0.081139248357465,-0.0814723834398589,-0.0818034853491793,-0.0821320925933078,-0.0824575576887158,-0.0827789765918966,-0.0830950923919051,-0.0834041642539819,-0.0837037896222018,-0.0839906637954794,-0.0842602559438455,-0.0845063741455566,-0.0847205837806894,-0.0848914332856478,-0.0850034285775784,-0.0850356822872613,-0.0849601465677005,-0.0847393197209258,-0.084323299692948,-0.0836460466399497,-0.0826207215127453,-0.0811340039043367,-0.0790393862164885,-0.0761496320438259,-0.0722289297592915,-0.0669858350421925,-0.060068940553793,-0.0510683473584202,-0.039527305154261,-0.0249694037001014,-0.00694653911036659,0.0148898310093933,0.0406982812428548,0.0703527115300763,0.103369953304666,0.138892136897673,0.175748010188201,0.21259267331934,0.248093497752686,0.281109489982841,0.310815382314034,0.336747178304093,0.358776149874882,0.377037470790101,0.391842955620256,0.403599855677808,0.412747073813941,0.419711574549852,0.424882730043423,0.428600313829329,0.431151695312722,0.432774521874925,0.433662174343674,0.433970214802444,0.433822779312002,0.433318380482033,0.432534908201382,0.431533800873711,0.430363451567787,0.4290619504703,0.427659272114546,0.426179008555423,0.424639736678476,0.423056093636473,0.42143962106201,0.419799427008631,0.418142704712118,0.416475139148109,0.414801225791988,0.413124520731277,0.411447837113853,0.409773399633658,0.408102966183445,0.406437923794713,0.404779364418612,0.403128144881902,0.401484934402855,0.399850252313279,0.398224498057709,0.39660797509277,0.395000909960421,0.393403467536053,0.391815763239429,0.390237872829711,0.388669840275204,0.387111684085972,0.385563402416949,0.384024977185749,0.38249637739942,0.380977561844922,0.379468481266878,0.377969080131407,0.376479298055234,0.374999070963638,0.373528332028365,0.372067012426706,0.370615041955038,0.369172349523709,0.367738863555114,0.366314512302663,0.364899224105069,0.363492927587724,0.362095551820724,0.36070702644144,0.359327281748053,0.357956248769356,0.356593859315158,0.355240046010875,0.353894742319268,0.352557882551768,0.351229401871421,0.349909236289088,0.348597322654323,0.347293598642036,0.345998002735925,0.344710474209446,0.343430953104976,0.342159380211709,0,-0.0534911025189973,-0.0536938751149357,-0.0539152887099003,-0.0541610610629298,-0.0544282332903775,-0.0547127630236693,-0.0550110650977098,-0.0553202564563887,-0.0556380966079656,-0.0559628682643467,-0.0562932619278291,-0.0566282794441576,-0.0569671577432014,-0.0573093101948836,-0.0576542822492234,-0.0580017182240637,-0.0583513365810253,-0.0587029115526028,-0.0590562594623799,-0.0594112284852837,-0.0597676909203178,-0.0601255373005391,-0.060484671855091,-0.0608450089778559,-0.0612064704579326,-0.0615689832983085,-0.0619324779986039,-0.0622968872117473,-0.0626621447075033,-0.0630281845913491,-0.063394940737728,-0.0637623464039234,-0.0641303339958775,-0.0644988349610262,-0.064867779786142,-0.0652370980806065,-0.0656067187276564,-0.0659765700880934,-0.0663465802427518,-0.0667166772617298,-0.0670867894899931,-0.0674568458404787,-0.0678267760872213,-0.0681965111523314,-0.0685659833818227,-0.0689351268063584,-0.0693038773839206,-0.0696721732222452,-0.0700399547795756,-0.0704071650429066,-0.070773749683402,-0.0711396571890928,-0.0715048389753025,-0.0718692494735108,-0.072232846199553,-0.0725955898021878,-0.0729574440931269,-0.0733183760596318,-0.0736783558607317,-0.074037356808008,-0.0743953553317099,-0.0747523309327026,-0.0751082661203933,-0.0754631463362723,-0.075816959862039,-0.0761696977103554,-0.0765213534950055,-0.0768719232755023,-0.0772214053687846,-0.0775698001173169,-0.0779171095982857,-0.0782633372521589,-0.0786084873999359,-0.0789525646059719,-0.0792955728259903,-0.0796375142559158,-0.0799783877639703,-0.0803181867426176,-0.0806568961537498,-0.0809944884536901,-0.081330917965645,-0.0816661131048126,-0.0819999656403181,-0.0823323158783349,-0.0826629322456248,-0.0829914832073038,-0.0833174987211793,-0.0836403174540879,-0.0839590146864063,-0.0842723041109426,-0.0845784044666239,-0.0848748589789693,-0.0851582917145564,-0.0854240799615659,-0.0856659153497981,-0.0858752183183651,-0.0860403604228634,-0.0861456365995787,-0.0861699148020945,-0.0860848737204906,-0.0858527216903305,-0.0854232739377658,-0.0847302560265719,-0.0836867079574238,-0.0821794015289946,-0.0800622786301469,-0.077149108302472,-0.0732058985296024,-0.0679441483899535,-0.0610168442509954,-0.052020194926832,-0.0405053279123298,-0.0260051102467408,-0.0080810544655845,0.0136073794078993,0.0392151659521955,0.0686200717603666,0.101352445709469,0.136577456492887,0.1731530681057,0.209763736163898,0.245099668825706,0.278031520969194,0.307733407329693,0.333730750916223,0.355878407460583,0.374293483920031,0.389271188309806,0.401205338027669,0.410525102736413,0.417651169688474,0.422969459995595,0.426818386134911,0.429485366600974,0.431208958095104,0.43218390671316,0.432567321631525,0.432484896031422,0.432036611338467,0.431301688677337,0.430342741568216,0.429209181613583,0.427939970332858,0.426565820514348,0.425110945212316,0.423594440835528,0.422031377380273,0.420433656001824,0.418810682713406,0.417169897310834,0.415517188599518,0.413857220476586,0.412193688181802,0.410529519863087,0.40886703531005,0.407208071121455,0.405554079546186,0.403906206654261,0.402265354259258,0.400632229050545,0.399007381642921,0.397391237665819,0.395784122557408,0.394186281372235,0.392597894632216,0.391019091032599,0.389449957643604,0.387890548114329,0.38634088928012,0.384800986491749,0.383270827919389,0.38175038803278,0.380239630418272,0.378738510061099,0.377246975195646,0.375764968806118,0.374292429843837,0.372829294214457,0.371375495578094,0.369930965997077,0.368495636459481,0.367069437301197,0.365652298545095,0.36424415017235,0.362844922338235,0.361454545542445,0.360072950762139,0.358700069554484,0.357335834134211,0.355980177430757,0.354633033128737,0.353294335694838,0.351964020393691,0.350642023294837,0.34932828127254,0.3480227319999,0.346725313938442,0.345435966324202,0.344154629151107,0.342881243152352,0,-0.053723598288802,-0.0539621339350393,-0.0542152617866515,-0.0544917684122673,-0.0547890139826795,-0.055102676811625,-0.0554288881987476,-0.0557645967216507,-0.0561074997613462,-0.0564558914301061,-0.056808517891182,-0.0571644599466689,-0.0575230431682377,-0.0578837710066615,-0.0582462757739385,-0.0586102830443379,-0.0589755859145123,-0.0593420264013708,-0.0597094819563658,-0.0600778556263849,-0.0604470688103649,-0.0608170558703589,-0.0611877600795263,-0.0615591305481017,-0.0619311198788405,-0.06230368237916,-0.0626767727083859,-0.063050344872696,-0.0634243515030249,-0.063798743366169,-0.064173469069318,-0.0645484749250451,-0.0649237049486012,-0.0652991009629834,-0.0656746027901454,-0.0660501485091982,-0.0664256747646717,-0.0668011171099668,-0.0671764103730485,-0.0675514890332512,-0.0679262875997653,-0.0683007409839496,-0.0686747848590694,-0.0690483560023752,-0.0694213926156187,-0.0697938346211526,-0.0701656239316662,-0.070536704692404,-0.0709070234953743,-0.0712765295656102,-0.0716451749199978,-0.0720129144995468,-0.0723797062762472,-0.0727455113358632,-0.0731102939381431,-0.0734740215559985,-0.0738366648952243,-0.0741981978963014,-0.0745585977197408,-0.074917844716302,-0.0752759223832356,-0.0756328173074551,-0.0759885190962271,-0.0763430202955462,-0.0766963162958155,-0.0770484052237204,-0.0773992878182002,-0.0777489672870967,-0.0780974491392329,-0.0784447409841732,-0.0787908522884518,-0.0791357940722568,-0.0794795785238809,-0.079822218499995,-0.0801637268669186,-0.0805041156202189,-0.0808433946952384,-0.0811815703469729,-0.0815186429306031,-0.0818546038491793,-0.0821894313461076,-0.0825230846986434,-0.0828554962031269,-0.0831865601180418,-0.0835161174269962,-0.083843934873961,-0.0841696761728019,-0.0844928625569877,-0.08481281885469,-0.0851285999735992,-0.085438890962151,-0.085741871557218,-0.0860350331799438,-0.0863149325136503,-0.0865768608651813,-0.086814402212569,-0.0870188448913018,-0.0871784019867655,-0.0872771834650311,-0.0872938488562401,-0.0871998532750451,-0.0869571828746562,-0.0865154610632733,-0.085808299000825,-0.0847487721231066,-0.0832239441068082,-0.0810884554071657,-0.0781573820893949,-0.0741989025502977,-0.0689278447640056,-0.0620019768053383,-0.0530239489456578,-0.0415529595644921,-0.0271310916100629,-0.00932903267138379,0.0121866779410945,0.0375688445235003,0.0667009314003807,0.0991287827208386,0.134042372514798,0.170330086662032,0.206706161226467,0.241883264142084,0.274742677583635,0.304456490219506,0.330538016551279,0.352824266413242,0.371413088250226,0.386582191045539,0.398711364274689,0.408219709430186,0.415521504064113,0.420999230319434,0.424990045249725,0.427781575205155,0.429613468484549,0.430682022127946,0.431146068986632,0.431133020027091,0.430744467341051,0.430061085937054,0.429146768961655,0.428052034707435,0.426816789870465,0.425472547053612,0.424044191462464,0.422551381440625,0.421009654943752,0.419431301701649,0.417826049714082,0.416201605208477,0.414564077260212,0.412918311796982,0.411268154483994,0.409616657815543,0.407966244432925,0.4063188360835,0.404675955590478,0.403038807601425,0.401408342631418,0.399785307938666,0.398170288006524,0.396563736809163,0.394966003571836,0.393377353372006,0.391797983642144,0.390228037411302,0.388667613947054,0.387116777321565,0.385575563317045,0.384043985000447,0.382522037229817,0.381009700301467,0.37950694290493,0.378013724519285,0.376529997357844,0.375055707947105,0.373590798409042,0.372135207502387,0.370688871467808,0.369251724713291,0.367823700369148,0.366404730736512,0.364994747648749,0.363593682761544,0.362201467784602,0.360818034665473,0.35944331573415,0.358077243815508,0.356719752315376,0.355370775285053,0.354030247468193,0.352698104333315,0.351374282094612,0.350058717723287,0.348751348951234,0.347452114268609,0.346160952916538,0.344877804876012,0.343602610853824,0,-0.0539893679125243,-0.0542616900345197,-0.0545490395436609,-0.0548588116863717,-0.0551879020057335,-0.0555317112372914,-0.0558862459876847,-0.0562484475814062,-0.0566160813334805,-0.0569875501768923,-0.0573617264698451,-0.0577378200508283,-0.0581152802029655,-0.0584937247306979,-0.0588728894133155,-0.0592525922880631,-0.0596327085128069,-0.0600131526760035,-0.0603938663037591,-0.0607748089780527,-0.0611559519652633,-0.0615372736000214,-0.0619187559111795,-0.0623003821427073,-0.0626821349344601,-0.0630639950023913,-0.0634459402067627,-0.0638279449287199,-0.0642099796961334,-0.0645920110128907,-0.0649740013545631,-0.065355909299318,-0.0657376897672399,-0.066119294344552,-0.0665006716720103,-0.0668817678792119,-0.0672625270488313,-0.0676428916969361,-0.0680228032575458,-0.0684022025614908,-0.068781030301384,-0.0691592274761385,-0.0695367358099222,-0.0699134981417597,-0.070289458783136,-0.0706645638419683,-0.0710387615121604,-0.0714120023286791,-0.0717842393886795,-0.0721554285396853,-0.0725255285361992,-0.0728945011664001,-0.0732623113507782,-0.0736289272146874,-0.0739943201368565,-0.0743584647759122,-0.0747213390769262,-0.0750829242599238,-0.0754432047921713,-0.0758021683458998,-0.0761598057429366,-0.0765161108874634,-0.0768710806878369,-0.0772247149680309,-0.0775770163688059,-0.077927990238115,-0.07827764450948,-0.0786259895660455,-0.0789730380866184,-0.0793188048681179,-0.0796633066162452,-0.0800065616925967,-0.0803485898014639,-0.0806894115926538,-0.0810290481470897,-0.0813675202986517,-0.0817048477273138,-0.0820410477331793,-0.0823761335658934,-0.082710112135593,-0.0830429808652314,-0.0833747233533821,-0.0837053033928882,-0.0840346567225143,-0.0843626796609226,-0.0846892134647643,-0.0850140228391254,-0.0853367664745781,-0.085656956745856,-0.0859739047248988,-0.0862866453613673,-0.0865938359722066,-0.0868936189392314,-0.0871834365916493,-0.0874597824676092,-0.0877178682886147,-0.0879511797941232,-0.0881508868013486,-0.088305063217391,-0.0883976610495567,-0.0884071687386949,-0.0883048687907833,-0.0880525938968185,-0.0875998671112421,-0.0868803052146281,-0.085807174060327,-0.0842680255277417,-0.0821184415130053,-0.079175096543815,-0.0752086750763998,-0.0699376985560236,-0.063025078309314,-0.0540802099690494,-0.0426705281162651,-0.02834725408973,-0.0106898182499768,0.0106290348998989,0.0357612710132732,0.0645977420591349,0.0967016091491969,0.131289294721227,0.167280769564902,0.20342053920074,0.238443511281251,0.271240775861889,0.300981175355057,0.327164519925238,0.34960860437445,0.368390824420713,0.383770452694822,0.396112591625568,0.405825871308439,0.413317966312307,0.418967883239993,0.423111593797557,0.426037067159737,0.427985211176982,0.429154052212948,0.429704320924608,0.429765307379274,0.429440358651115,0.428811729673492,0.427944701471239,0.426890990921874,0.425691527277122,0.424378687744796,0.422978083720638,0.421509980434029,0.41999042112429,0.418432115052218,0.416845137863218,0.415237483480075,0.413615498871514,0.411984226607525,0.410347674900493,0.408709030654414,0.407070827723641,0.405435079957628,0.403803386541987,0.402177015524397,0.400556970143344,0.398944041583152,0.397338851000696,0.395741883060343,0.394153512737159,0.392574026775104,0.391003640894338,0.389442513612144,0.387890757361529,0.3863484474497,0.384815629286802,0.383292324227156,0.381778534295554,0.38027424601611,0.378779433517447,0.377294061053374,0.375818085050656,0.374351455773527,0.372894118677111,0.371446015507921,0.370007085198438,0.3685772645938,0.367156489041398,0.365744692868423,0.364341809767725,0.362947773108573,0.361562516185839,0.3601859724187,0.358818075507911,0.357458759559113,0.35610795917826,0.354765609544209,0.353431646462611,0.352106006404524,0.350788626532589,0.34947944471708,0.348178399543776,0.346885430315253,0.345600477046914,0.344323480458866,0,-0.0542925932488968,-0.0545972461216482,-0.0549210496468542,-0.0552662253508306,-0.0556285090017086,-0.0560030568433204,-0.0563859279922186,-0.0567742276621376,-0.0571659232432723,-0.0575596241766378,-0.0579543976529441,-0.0583496296931245,-0.0587449250900281,-0.0591400370624107,-0.0595348185069873,-0.0599291885092391,-0.0603231094362276,-0.0607165712753752,-0.0611095808948367,-0.0615021546352179,-0.0618943131606502,-0.0622860778550463,-0.0626774682916625,-0.0630685004652604,-0.0634591855815451,-0.0638495292663789,-0.0642395311002753,-0.0646291844106603,-0.065018476271241,-0.0654073876684382,-0.065795893801741,-0.0661839644895898,-0.0665715646559492,-0.0669586548756609,-0.0673451919592461,-0.0677311295602475,-0.0681164187904812,-0.0685010088307578,-0.0688848475266985,-0.069267881961207,-0.069650058996941,-0.0700313257837456,-0.0704116302274567,-0.0707909214177479,-0.0711691500137927,-0.0715462685874422,-0.0719222319243871,-0.072296997284406,-0.0726705246222912,-0.0730427767714308,-0.0734137195922925,-0.0737833220882473,-0.0741515564912764,-0.0745183983201477,-0.0748838264136339,-0.0752478229412869,-0.0756103733941828,-0.0759714665579178,-0.0763310944699764,-0.0766892523634027,-0.0770459385984892,-0.0774011545839501,-0.0777549046887628,-0.0781071961455265,-0.078458038945788,-0.0788074457272896,-0.079155431652472,-0.0795020142767546,-0.079847213404042,-0.0801910509254633,-0.0805335506353892,-0.0808747380160731,-0.0812146399785438,-0.0815532845422313,-0.0818907004286709,-0.0822269165347368,-0.0825619612371669,-0.082895861461182,-0.0832286414198607,-0.0835603208949142,-0.0838909128800449,-0.0842204203403485,-0.0845488317487509,-0.0848761149346651,-0.0852022086094314,-0.0855270107025381,-0.0858503623321858,-0.0861720258172901,-0.0864916545815499,-0.0868087520595062,-0.0871226157328037,-0.0874322611293091,-0.0877363189160284,-0.0880328959929589,-0.0883193886053204,-0.0885922317612149,-0.0888465644630367,-0.0890757841973177,-0.0892709565261677,-0.0894200362457955,-0.0895068452633195,-0.0895097391283367,-0.0893998794869106,-0.0891390148257629,-0.088676659351822,-0.0879465546660329,-0.0868623098080463,-0.0853121568854069,-0.0831528548572136,-0.0802029569734806,-0.0762359733935193,-0.0709744623373915,-0.0640868140408028,-0.0551894456026357,-0.0438581692785706,-0.0296532572196521,-0.0121624672712276,0.00893606738443327,0.0337947001382866,0.0623132157733463,0.0940737593278932,0.128320726896579,0.164006803327518,0.199907326075938,0.234779388005685,0.267523276944135,0.297303563655975,0.323605295106592,0.346225744998999,0.365220659443307,0.380829890082585,0.393403124079689,0.403338044080078,0.411035463081172,0.416870823058462,0.421178941819399,0.424248240294051,0.426321038023047,0.427597260899467,0.428239708655332,0.42837971234318,0.428122520932794,0.42755209897095,0.42673522767057,0.425724918462807,0.424563204398559,0.423283395621032,0.421911886923851,0.420469598164822,0.418973117622568,0.417435607144985,0.415867517483907,0.41427715305986,0.412671117667566,0.411054666242221,0.409431982606373,0.407806398933364,0.406180569325142,0.40455660725557,0.402936194541345,0.401320667858968,0.399711087535586,0.398108292329332,0.396512943121369,0.394925557819954,0.393346539289265,0.391776197733211,0.390214768664136,0.38866242735035,0.387119300450696,0.385585475398165,0.384061007979211,0.382545928464307,0.38104024657323,0.379543955501523,0.378057035189258,0.376579454977283,0.375111175767469,0.373652151780704,0.372202331988096,0.370761661276313,0.369330081396303,0.367907531735271,0.366493949944263,0.365089272447622,0.363693434855727,0.36230637229845,0.360928019693587,0.359558311961908,0.358197184198371,0.356844571807347,0.355500410608297,0.354164636917206,0.352837187608139,0.351518000158521,0.350207012681127,0.348904163945246,0.34760939338907,0.346322641124985,0.345043847939172,0,-0.054635956601068,-0.0549735238852993,-0.0553359002581402,-0.0557181139678357,-0.0561143799640816,-0.0565197299312275,-0.0569304762617875,-0.0573440627992011,-0.0577587896239042,-0.0581735643517206,-0.0585877110730835,-0.0590008328904027,-0.0594127163484196,-0.0598232663833703,-0.0602324626757915,-0.0606403306490516,-0.0610469223142307,-0.061452303650458,-0.0618565462870869,-0.0622597220084695,-0.0626618991169499,-0.0630631400333865,-0.063463499739253,-0.0638630248084025,-0.0642617528670453,-0.0646597123761995,-0.0650569226645205,-0.0654533941594671,-0.06584912877666,-0.0662441204344963,-0.0666383556657249,-0.0670318143010049,-0.067424470202173,-0.0678162920253953,-0.0682072439967401,-0.0685972866850305,-0.0689863777591149,-0.0693744727188944,-0.0697615255915368,-0.0701474895862491,-0.0705323177027515,-0.0709159632901784,-0.0712983805545168,-0.0716795250138878,-0.072059353901974,-0.0724378265207268,-0.0728149045441414,-0.0731905522754052,-0.0735647368601018,-0.0739374284584183,-0.0743086003794707,-0.0746782291809387,-0.0750462947372156,-0.0754127802792282,-0.0757776724089846,-0.0761409610917762,-0.0765026396287968,-0.0768627046127472,-0.0772211558687935,-0.0775779963830172,-0.077933232220254,-0.0782868724329601,-0.0786389289624601,-0.0789894165336185,-0.0793383525436167,-0.0796857569450995,-0.0800316521234363,-0.0803760627671995,-0.0807190157301259,-0.0810605398817198,-0.0814006659421701,-0.0817394262952244,-0.0820768547698855,-0.0824129863779483,-0.0827478569890911,-0.0830815029178721,-0.0834139603867941,-0.0837452648155104,-0.084075449866779,-0.0844045461529608,-0.0847325794699988,-0.0850595683752959,-0.0853855208568948,-0.0857104297473196,-0.0860342664078116,-0.0863569720359874,-0.086678445717132,-0.0869985280266445,-0.0873169785726841,-0.0876334453103059,-0.0879474227178461,-0.0882581949472877,-0.0885647587716764,-0.0888657194643629,-0.0891591505444489,-0.0894424054712655,-0.0897118656998758,-0.0899626048209831,-0.0901879425779039,-0.0903788551437442,-0.0905231989361158,-0.0906046943099269,-0.0906016027666205,-0.0904850173269356,-0.090216671677738,-0.0897461622227422,-0.0890074731277887,-0.0879147064132185,-0.0863569612662114,-0.0841924011409313,-0.0812417261963408,-0.0772815752694032,-0.0720388652300927,-0.0651877757267619,-0.0563519956906152,-0.0451158364483741,-0.0310485289115164,-0.0137457671108428,0.00710967874909308,0.0316716650665842,0.0598503071386566,0.0912482473814828,0.125139267524214,0.160509868048483,0.196166860980639,0.230889642192022,0.263587303625705,0.293419321233885,0.319854863569057,0.342669444767764,0.361895963300006,0.377753816450856,0.390576475252969,0.400750121394585,0.408668377620449,0.414702975348995,0.419187567767374,0.422411107788496,0.424617461129047,0.426008614106843,0.426749603344508,0.426973963133103,0.426788993909865,0.426280503392316,0.4255168896552,0.424552559066435,0.423430733927575,0.422185729515466,0.420844784700624,0.419429524776517,0.417957125490635,0.416441236647043,0.414892713552642,0.413320195628196,0.411730563875813,0.410129302550003,0.408520785190806,0.406908500985222,0.405295234066141,0.403683205687703,0.402074187102363,0.400469589297669,0.39887053443856,0.397277912829778,0.395692428403084,0.394114635098023,0.392544966005602,0.390983756751761,0.389431264289006,0.387887682021692,0.386353151999154,0.384827774759965,0.38331161729143,0.381804719474207,0.380307099307283,0.378818757149368,0.377339679165767,0.375869840132385,0.374409205718715,0.372957734347918,0.371515378713081,0.370082087013522,0.368657803962822,0.367242471610462,0.365836030011074,0.364438417768946,0.363049572480294,0.361669431091665,0.360297930189508,0.358935006233187,0.357580595741519,0.356234635441096,0.354897062383195,0.353567814034894,0.352246828348997,0.350934043816596,0.349629399505402,0.348332835086471,0.34704429085147,0.345763707722279,0,-0.0550216282736579,-0.0553953191104758,-0.0557982829921543,-0.0562185336836215,-0.0566488832469534,-0.0570844777331577,-0.0575221059494184,-0.0579597204425856,-0.0583960730406688,-0.0588304489486409,-0.0592624802022889,-0.0596920185916042,-0.0601190510737201,-0.0605436445320763,-0.0609659102777546,-0.0613859815482291,-0.0618039994098057,-0.0622201040142403,-0.0626344292306065,-0.0630470993947419,-0.0634582273923131,-0.0638679135951346,-0.0642762453601898,-0.0646832969163473,-0.0650891295320792,-0.065493791896575,-0.0658973206682304,-0.0662997411560287,-0.0667010681054049,-0.0671013065635221,-0.0675004528010564,-0.0678984952693779,-0.0682954155738393,-0.068691189445853,-0.0690857876985662,-0.0694791771531688,-0.0698713215251249,-0.0702621822618006,-0.0706517193250526,-0.071039891914242,-0.0714266591268633,-0.0718119805554815,-0.0721958168209562,-0.0725781300430165,-0.0729588842501166,-0.0733380457312004,-0.0737155833325218,-0.0740914687030413,-0.0744656764921664,-0.074838184503737,-0.0752089738101971,-0.0755780288308649,-0.0759453373781108,-0.0763108906751156,-0.0766746833486916,-0.0770367134004466,-0.0773969821593319,-0.07775549421838,-0.0781122573581717,-0.0784672824593186,-0.0788205834059775,-0.0791721769821314,-0.0795220827620942,-0.0798703229963891,-0.0802169224938222,-0.0805619085002058,-0.0809053105737507,-0.0812471604566238,-0.0815874919415087,-0.0819263407311517,-0.0822637442877399,-0.0825997416674369,-0.0829343733333082,-0.0832676809370118,-0.083599707055667,-0.0839304948648489,-0.0842600877210792,-0.084588528616709,-0.0849158594556182,-0.0852421200782041,-0.0855673469366868,-0.0858915712841196,-0.0862148166889957,-0.0865370956171475,-0.0868584047272174,-0.0871787183967493,-0.087497979821539,-0.0878160887962881,-0.0881328849703246,-0.0884481249525865,-0.0887614510822293,-0.0890723489424706,-0.089380089721053,-0.0896836522416756,-0.089981617819376,-0.0902720289202628,-0.090552199798093,-0.090818463675594,-0.0910658364478885,-0.0912875710967019,-0.0914745697964652,-0.091614611869413,-0.0916913451956301,-0.0916829764977829,-0.0915605825996354,-0.0912859515584415,-0.0908088520736954,-0.0900636265700735,-0.0889650161628293,-0.0874031680020764,-0.0852378684524224,-0.0822922199432236,-0.0783462757944003,-0.0731316119833095,-0.0663284837769636,-0.0575680786285811,-0.0464433117978962,-0.0325322814608891,-0.015438256573104,0.00515203639916668,0.0293949563956958,0.057212197445372,0.0882282601728861,0.121747613604646,0.156791651593078,0.192199387480684,0.226772815039045,0.259429659719083,0.289323690056478,0.315907233182118,0.338932879477084,0.358409483929462,0.374534907133683,0.387625527460374,0.398055390052665,0.406210523510329,0.412458741108581,0.417132474460835,0.420521256849546,0.422870614772747,0.424384745121736,0.425231084965727,0.425545534115498,0.425437596683284,0.424995061160805,0.42428806381271,0.423372511084427,0.422292904544442,0.421084641016299,0.419775867921907,0.418388970157477,0.41694175630712,0.415448402046799,0.413920198879783,0.412366147608026,0.410793428425653,0.409207773225178,0.407613760530593,0.406015049270156,0.404414564224461,0.402814643289865,0.401217154557376,0.399623589514564,0.398035137342785,0.396452744230404,0.394877160795146,0.393308980057726,0.391748667896819,0.390196587512349,0.388653019106696,0.387118175743231,0.385592216144247,0.384075255034424,0.382567371512726,0.381068615838005,0.37957901493621,0.378098576875608,0.376627294507604,0.375165148431812,0.373712109412983,0.372268140352596,0.370833197898107,0.369407233756914,0.367990195769365,0.36658202878485,0.365182675376761,0.363792076425466,0.362410171593022,0.36103689970901,0.359672199083332,0.35831600775897,0.356968263715338,0.355628905031,0.354297870012915,0.352975097298171,0.35166052593307,0.350354095433629,0.349055745830829,0.347765417703387,0.346483052200317,0,-0.0554525214766993,-0.0558675846376459,-0.056312859665506,-0.0567713522517169,-0.0572350847423707,-0.0576996744326751,-0.0581626220304011,-0.0586225438691133,-0.0590787428790866,-0.0595309432063659,-0.059979120928158,-0.0604233962768355,-0.0608639660874075,-0.0613010623628807,-0.0617349274957743,-0.0621657998821234,-0.0625939058720521,-0.0630194554963182,-0.0634426403956928,-0.0638636330146276,-0.064282586516869,-0.0646996351202754,-0.0651148946876397,-0.0655284634878611,-0.0659404230822278,-0.0663508393097411,-0.0667597633531218,-0.0671672328692552,-0.0675732731676802,-0.0679778984200759,-0.068381112883391,-0.0687829121195983,-0.0691832841960494,-0.0695822108519551,-0.0699796686184345,-0.0703756298817213,-0.0707700638813209,-0.0711629376370688,-0.071554216801081,-0.0719438664324137,-0.0723318516938844,-0.0727181384718815,-0.073102693921147,-0.0734854869374358,-0.0738664885616756,-0.074245672319774,-0.0746230145025803,-0.0749984943907247,-0.0753720944291484,-0.0757438003561344,-0.0761136012915512,-0.0764814897888715,-0.0768474618553198,-0.077211516944257,-0.0775736579236462,-0.0779338910241507,-0.0782922257701257,-0.0786486748964593,-0.079003254253922,-0.0793559827053837,-0.0797068820149658,-0.0800559767319015,-0.0804032940705882,-0.0807488637880221,-0.0810927180594939,-0.0814348913530965,-0.0817754203032255,-0.0821143435828204,-0.082451701773566,-0.082787537232612,-0.083121893953499,-0.083454817417822,-0.0837863544326053,-0.0841165529462178,-0.084445461832716,-0.0847731306304373,-0.0850996092150372,-0.0854249473793869,-0.0857491942819905,-0.0860723977107537,-0.0863946030885172,-0.086715852118734,-0.0870361809313099,-0.0873556175362354,-0.0876741783214017,-0.0879918632343701,-0.0883086491573079,-0.0886244808085311,-0.0889392582682376,-0.0892528199108026,-0.0895649191062699,-0.0898751924969585,-0.0901831169197314,-0.0904879510771102,-0.0907886567936597,-0.0910837930430131,-0.0913713737903325,-0.0916486779359247,-0.0919119961135988,-0.0921562946121648,-0.0923747710500345,-0.0925582694359431,-0.0926945137147963,-0.0927671087381283,-0.0927542459289956,-0.0926270382511352,-0.0923473967016142,-0.0918653509704488,-0.0911157148280882,-0.0900140102712225,-0.0884516066160789,-0.0862901218191658,-0.0833553025000628,-0.0794308847488963,-0.0742533828428398,-0.067509390516164,-0.058837798770649,-0.0478402183917236,-0.034103528312408,-0.0172382462944406,0.00306554995141974,0.0269676022150456,0.0544022805847421,0.0850171525937352,0.118148567255763,0.152853866880908,0.188005078190879,0.222427267610456,0.255046852468708,0.285011500990654,0.311755898521785,0.335008630717266,0.354753320774632,0.371165162444506,0.384542486873328,0.39524648043668,0.403655093053876,0.410131945290705,0.415008139378137,0.418573801851058,0.421076212042769,0.422721915039197,0.423680906596381,0.424091613843841,0.424065899284613,0.42369367395495,0.423046938559086,0.422183209860178,0.421148363643707,0.419978959274433,0.418704121343071,0.417347052195041,0.41592624184515,0.414456432559903,0.412949386098559,0.41141449310093,0.409859256712521,0.408289676295562,0.406710551911687,0.405125726051605,0.403538275688605,0.401950665010699,0.400364867018248,0.398782460454528,0.397204707176885,0.395632614002693,0.394066982217995,0.39250844726962,0.390957510635891,0.389414565456631,0.387879917176306,0.386353800196117,0.384836391327015,0.38332782067438,0.381828180457418,0.38033753216513,0.378855912370343,0.3773833374594,0.375919807484254,0.374465309303167,0.373019819143815,0.371583304696731,0.370155726826244,0.368737040969456,0.367327198280432,0.365926146565996,0.364533831050875,0.3631501950029,0.361775180243359,0.360408727562969,0.359050777060228,0.357701268415884,0.356360141114778,0.355027334624356,0.353702788537469,0.352386442685749,0.351078237228751,0.34977811272315,0.348486010175537,0.347201871081773,0,-0.055933080281032,-0.0563954694657171,-0.0568841204391946,-0.0573800897012884,-0.0578756113021494,-0.0583672130370187,-0.0588533363717818,-0.0593333895629503,-0.059807298522001,-0.0602752646350776,-0.0607376260525876,-0.0611947774808665,-0.0616471248330141,-0.0620950607779285,-0.0625389525794602,-0.0629791369165161,-0.063415918478909,-0.0638495704693647,-0.0642803359710812,-0.0647084296381716,-0.0651340394528935,-0.0655573284491217,-0.0659784363787809,-0.0663974813305797,-0.0668145613191995,-0.0672297558605128,-0.0676431275415138,-0.0680547235861836,-0.0684645774122592,-0.0688727101694546,-0.0692791322471446,-0.0696838447385931,-0.0700868408491324,-0.070488107236924,-0.0708876252766996,-0.0712853722389557,-0.071681322379232,-0.0720754479342057,-0.0724677200232734,-0.0728581094560248,-0.0732465874474819,-0.0736331262442077,-0.0740176996653483,-0.0744002835634159,-0.0747808562101352,-0.0751593986130156,-0.0755358947684826,-0.0759103318574392,-0.0762827003890586,-0.076652994298444,-0.0770212110035633,-0.0773873514265849,-0.0777514199844198,-0.0781134245529382,-0.0784733764089686,-0.0788312901538298,-0.0791871836217889,-0.0795410777764836,-0.0798929965980086,-0.080242966963033,-0.0805910185200026,-0.080937183561171,-0.0812814968929117,-0.0816239957054731,-0.081964719443044,-0.0823037096747035,-0.0826410099665015,-0.0829766657545591,-0.0833107242186509,-0.0836432341552105,-0.0839742458480312,-0.0843038109340663,-0.0846319822605477,-0.084958813728059,-0.0852843601119989,-0.0856086768518556,-0.0859318197935391,-0.0862538448642389,-0.0865748076513018,-0.0868947628455975,-0.087213763494673,-0.0875318599901429,-0.0878490986851855,-0.0881655199989867,-0.0884811558118039,-0.0887960258821546,-0.0891101329200209,-0.0894234558183296,-0.0897359403682094,-0.0900474865469051,-0.0903579311517756,-0.0906670241347864,-0.0909743964375192,-0.0912795163962796,-0.0915816308283964,-0.0918796856588896,-0.092172219319145,-0.0924572200446592,-0.0927319354935028,-0.0929926196532124,-0.0932341976305908,-0.0934498234379561,-0.093630299110451,-0.093763315251571,-0.0938324633400405,-0.0938159589761363,-0.093685003233375,-0.09340169766752,-0.0929164198182185,-0.0921645647672047,-0.0910625722644818,-0.0895032006863911,-0.087350097918474,-0.0844318827598227,-0.0805362246268994,-0.0754048342931321,-0.0687308844400625,-0.060161154903864,-0.0493060332658683,-0.0357611015071192,-0.0191438393814256,0.000852849727202745,0.0243928491055571,0.0514241504541367,0.0816184448347823,0.114345044714812,0.148698271979062,0.183584062566745,0.217851210793553,0.250435118304207,0.280477189648652,0.307393842963038,0.330888672734359,0.350918897135391,0.367635867822033,0.381318834589013,0.392315311805799,0.400994599820022,0.407715779093157,0.41280845857924,0.416563331198662,0.419229495450154,0.421015967528833,0.422095453451559,0.42260906827058,0.422671189847514,0.422373997748203,0.421791488521717,0.420982904923801,0.419995597219664,0.418867373277423,0.417628407988735,0.416302783019799,0.414909721950781,0.41346457744152,0.411979618234113,0.410464655557095,0.408927541232042,0.407374563601137,0.405810762247801,0.404240178263564,0.402666053394112,0.401090988647659,0.399517070751482,0.397945973094665,0.396379036409231,0.394817333345334,0.393261720229675,0.391712878612194,0.390171348665823,0.388637556077605,0.387111833732456,0.385594439224462,0.384085569019805,0.38258536992846,0.381093948409431,0.379611378129185,0.378137706109417,0.3766729577338,0.375217140830335,0.373770249003645,0.372332264357705,0.370903159722462,0.369482900476041,0.36807144603682,0.366668751085632,0.365274766567057,0.36388944050964,0.362512718697506,0.36114454521988,0.359784862920199,0.358433613762554,0.357090739130048,0.355756180066997,0.354429877474822,0.353111772269736,0.351801805508908,0.350499918490628,0.349206052833044,0.347920150535228,0,-0.0564693959148331,-0.0569842487246587,-0.0575162034586676,-0.0580477435898379,-0.0585725098271253,-0.0590883989941867,-0.0595949898978863,-0.0600925714029868,-0.0605817300430318,-0.0610631559249939,-0.0615375471978859,-0.062005564327314,-0.0624678108104093,-0.0629248278054713,-0.0633770956531201,-0.0638250383760128,-0.0642690290717626,-0.0647093951809801,-0.0651464232142092,-0.0655803628403908,-0.0660114303910446,-0.0664398118914286,-0.0668656657372257,-0.0672891251193637,-0.0677103002754287,-0.0681292806216752,-0.0685461367985687,-0.0689609226464063,-0.0693736771158476,-0.0697844261105686,-0.0701931842549252,-0.0705999565776518,-0.0710047401025029,-0.0714075253377735,-0.0718082976583357,-0.0722070385758484,-0.0726037268949042,-0.0729983397548811,-0.0733908535590864,-0.0737812447943434,-0.0741694907454547,-0.0745555701099908,-0.0749394635195981,-0.0753211539745299,-0.0757006271984023,-0.0760778719202962,-0.0764528800912946,-0.0768256470423919,-0.0771961715904622,-0.0775644560986543,-0.0779305064972077,-0.0782943322702736,-0.0786559464139008,-0.0790153653699034,-0.0793726089398963,-0.0797277001833506,-0.0800806653031102,-0.0804315335214106,-0.080780336949065,-0.0811271104501245,-0.0814718915039863,-0.0818147200666057,-0.0821556384321738,-0.0824946910963319,-0.0828319246217294,-0.0831673875064472,-0.0835011300555347,-0.0838332042555984,-0.0841636636520385,-0.0844925632281173,-0.0848199592845277,-0.0851459093174697,-0.0854704718923618,-0.085793706509122,-0.0861156734533296,-0.0864364336253382,-0.0867560483363135,-0.0870745790558976,-0.0873920870902736,-0.0877086331612401,-0.0880242768456302,-0.0883390758189156,-0.0886530848255817,-0.0889663542697876,-0.0892789282801948,-0.0895908420489954,-0.0899021181722265,-0.0902127616200264,-0.0905227528330829,-0.0908320382641309,-0.0911405174464976,-0.091448025356659,-0.0917543084203856,-0.0920589919611723,-0.0923615361656341,-0.0926611766929124,-0.0929568448204784,-0.0932470604177759,-0.0935297889742875,-0.0938022512613269,-0.0940606708363679,-0.0942999403433278,-0.0945131822451076,-0.0946911730699252,-0.0948215923170347,-0.0948880478007728,-0.0948688185672404,-0.0947352451382944,-0.0944496859664003,-0.0939629510630093,-0.0932111231950029,-0.0921116912977975,-0.0905589618457736,-0.0884188001386909,-0.0855229108434195,-0.0816631294345383,-0.0765866007437073,-0.0699932955172224,-0.0615380497671133,-0.050840101416561,-0.0375036697588143,-0.021152952268884,-0.00148323448948782,0.0216741438949212,0.0482815895612339,0.0780358212530994,0.110340087349047,0.144326692693874,0.178936457746288,0.213042738775409,0.245590452262252,0.275714815531991,0.302813543106718,0.326564360167859,0.346896931659869,0.363937551348117,0.377945273484623,0.389253032101891,0.398220814791643,0.405202735308903,0.410526683469909,0.414483847073251,0.417325180649655,0.419262277073311,0.42047069583323,0.421094398356986,0.421250436669568,0.421033409020504,0.42051944455216,0.419769633443317,0.418832906399634,0.417748411127171,0.416547450862383,0.415255052862684,0.413891230291599,0.412471993398052,0.41101015757582,0.409515987929476,0.407997712858819,0.406461933059554,0.404913947211844,0.403358011402345,0.401797545883343,0.400235299994199,0.398673483842407,0.397113873563951,0.395557895569283,0.394006694060232,0.392461185215356,0.39092210073886,0.389390022912524,0.387865412850636,0.386348633310101,0.384839967132546,0.383339632177012,0.38184779342875,0.380364572832227,0.378890057287187,0.377424305159665,0.37596735159056,0.374519212829095,0.373079889774253,0.371649370871926,0.370227634487183,0.36881465084828,0.367410383640749,0.366014791315169,0.364627828160336,0.363249445183971,0.361879590835352,0.360518211597922,0.359165252474871,0.357820657386509,0.356484369494912,0.355156331468526,0.353836485697207,0.352524774466301,0.351221140096886,0.349925525058054,0.348637872056108,0,-0.0570689959305947,-0.0576391117054183,-0.058212673427327,-0.05877660560748,-0.0593271097704742,-0.0598638520817527,-0.0603876848574458,-0.0608998153435464,-0.0614014890730167,-0.0618938673727187,-0.0623779854459612,-0.0628547459938302,-0.0633249281777249,-0.0637892021457167,-0.0642481443614414,-0.0647022515885881,-0.0651519527670421,-0.0655976187186011,-0.066039569938893,-0.0664780828406445,-0.0669133948137052,-0.0673457084182926,-0.0677751949626717,-0.0682019976520023,-0.0686262344391718,-0.0690480006637216,-0.0694673715313391,-0.0698844044624602,-0.0702991413224948,-0.0707116105362323,-0.0711218290834904,-0.0715298043707101,-0.0719355359729094,-0.0723390172414068,-0.072740236774429,-0.0731391797497152,-0.0735358291202617,-0.073930166676232,-0.0743221739777011,-0.0747118331642493,-0.0750991276484717,-0.0754840427012214,-0.0758665659368919,-0.0762466877072944,-0.0766244014127338,-0.0769997037387692,-0.0773725948268936,-0.077743078387014,-0.0781111617591832,-0.0784768559315514,-0.0788401755209921,-0.0792011387223261,-0.0795597672315308,-0.0799160861477987,-0.0802701238587943,-0.0806219119129722,-0.0809714848823527,-0.081318880218716,-0.0816641381057722,-0.0820073013094818,-0.0823484150283633,-0.0826875267452919,-0.0830246860820097,-0.0833599446572832,-0.0836933559493894,-0.084024975163363,-0.0843548591031847,-0.0846830660488398,-0.0850096556378882,-0.0853346887508685,-0.0856582273994579,-0.0859803346158122,-0.0863010743408497,-0.0866205113083573,-0.0869387109205944,-0.0872557391094103,-0.0875716621746063,-0.0878865465881017,-0.0882004587480887,-0.0885134646612988,-0.0888256295231475,-0.0891370171540232,-0.0894476892341784,-0.0897577042580689,-0.090067116099458,-0.0903759720384538,-0.090684310047208,-0.0909921550574267,-0.0912995138338091,-0.0916063679446159,-0.0919126641429286,-0.0922183012355623,-0.0925231122026647,-0.0928268399161484,-0.093129104258875,-0.0934293577304071,-0.0937268256901982,-0.0940204261740425,-0.0943086626481102,-0.0945894810432256,-0.0948600798270083,-0.0951166585891561,-0.0953540864828049,-0.0955654667169803,-0.0957415669694921,-0.0958700779586102,-0.0959346534426232,-0.0959136747758405,-0.0957786723851965,-0.0954923263680487,-0.09500596122358,-0.0942564497614158,-0.093162455631683,-0.0916199841221562,-0.0894972941701853,-0.0866293754359106,-0.0828124443703713,-0.0777992972228354,-0.0712969015552934,-0.0629683005950618,-0.0524416506583088,-0.0393297571262239,-0.0232633358097287,-0.00393969452421929,0.0188151159623242,0.0449785585086826,0.0742731304401104,0.106136874272984,0.139741047348296,0.174062402312771,0.207999866155948,0.240508641452449,0.27071808504577,0.298006976199006,0.322026417275955,0.34267740942201,0.360059938842295,0.374411670785801,0.386049951927928,0.395324695548684,0.402584535988524,0.408155349528797,0.412328697098558,0.415357392283015,0.417455689693389,0.418802135036375,0.419543691167577,0.419800244306857,0.419668965545626,0.4192282588356,0.418541189261294,0.417658380014017,0.416620415766453,0.415459811477984,0.414202611069944,0.41286967756419,0.411477729726577,0.410040172516886,0.408567761008355,0.407069130494996,0.405551219469564,0.404019607054563,0.40247878223804,0.400932358802618,0.39938324702881,0.397833790994051,0.396285878480162,0.394741029059696,0.39320046478475,0.391665166991469,0.390135922011666,0.388613358010943,0.387097974719377,0.385590167461534,0.384090246607615,0.382598453341391,0.381114972460946,0.379639942785424,0.378173465627298,0.376715611699035,0.37526642675076,0.373825936177747,0.372394148790317,0.370971059901729,0.369556653859862,0.368150906124666,0.366753784974109,0.365365252905859,0.363985267789429,0.362613783813387,0.361250752264093,0.359896122165736,0.35854984080609,0.357211854167976,0.355882107282891,0.354560544520311,0.353247109823824,0.351941746903271,0.350644399390507,0.34935501096503,0,-0.0577400863307588,-0.0583648058540712,-0.0589762666747268,-0.0595680796168606,-0.0601398979035093,-0.0606934233741956,-0.061230832136748,-0.0617542280677789,-0.062265472233797,-0.0627661504404058,-0.0632575917764392,-0.0637409037908669,-0.0642170099377152,-0.0646866834171526,-0.0651505754585536,-0.0656092379236976,-0.0660631409008167,-0.0665126862207515,-0.0669582178240673,-0.0674000297892209,-0.0678383726752946,-0.0682734586781945,-0.0687054659643713,-0.0691345424369056,-0.0695608091049062,-0.0699843631654845,-0.0704052808640494,-0.0708236201692821,-0.071239423280336,-0.0716527189726067,-0.0720635247825149,-0.0724718490293633,-0.0728776926721706,-0.0732810510005121,-0.0736819151601777,-0.074080273516439,-0.0744761128596591,-0.0748694194596838,-0.0752601799768762,-0.0756483822387318,-0.0760340158917751,-0.0764170729388941,-0.0767975481724505,-0.0771754395134772,-0.0775507482670377,-0.0779234793034666,-0.0782936411747164,-0.0786612461744864,-0.079026310350194,-0.0793888534742065,-0.0797488989811031,-0.0801064738770891,-0.0804616086270504,-0.0808143370241328,-0.0811646960461528,-0.0815127257026065,-0.0818584688755376,-0.0822019711570645,-0.082543280685936,-0.0828824479851004,-0.0832195258019167,-0.0835545689523194,-0.0838876341699585,-0.0842187799610739,-0.0845480664656209,-0.0848755553249396,-0.085201309556045,-0.0855253934323972,-0.0858478723707828,-0.0861688128236854,-0.08648828217622,-0.0868063486463277,-0.0871230811864407,-0.0874385493841688,-0.0877528233586767,-0.088065973648192,-0.088378071082403,-0.0886891866311667,-0.0889993912177082,-0.0893087554800129,-0.0896173494579268,-0.08992524217494,-0.0902325010719116,-0.0905391912339111,-0.090845374329394,-0.0911511071510205,-0.0914564396068155,-0.0917614119554555,-0.092066051005412,-0.0923703648982343,-0.0926743359631271,-0.092977910952461,-0.0932809877320227,-0.0935833971876438,-0.0938848786983354,-0.0941850469855842,-0.0944833474416877,-0.094778996119533,-0.0950708993729744,-0.0953575465975935,-0.0956368675463469,-0.0959060431755272,-0.0961612557864748,-0.0963973602236791,-0.0966074529156418,-0.0967823094520827,-0.0969096540669531,-0.0969732158232458,-0.0969515166509858,-0.0968163262216118,-0.0965307091497825,-0.0960465834961012,-0.0953017100759446,-0.0942160464791616,-0.0926874388109695,-0.090586704289964,-0.0877523019692194,-0.0839850264810801,-0.0790435231313089,-0.0726419356449147,-0.0644516506692278,-0.0541098073195655,-0.0412377622630975,-0.0254725966270173,-0.00651336482838739,0.0158195598719787,0.0415191860318955,0.0703343860895549,0.101738736165596,0.134943373426393,0.168962092848284,0.202720568832545,0.235185302988686,0.265480379041218,0.292965631323304,0.317264929403024,0.33824955317577,0.355991906858644,0.370706996361463,0.38269547239684,0.392296307904423,0.399852051606807,0.405686196026019,0.410090496857028,0.413319590816284,0.415590455021731,0.417084741096706,0.417952563378742,0.418316802690519,0.41827736081123,0.417915064225051,0.417295086716047,0.416469862471126,0.415481516487597,0.414363864607811,0.413144043726408,0.411843831662366,0.41048071073072,0.409068721952395,0.407619149565805,0.406141068752642,0.404641783547485,0.403127176833406,0.401601990093759,0.400070047107234,0.398534432936584,0.396997637269503,0.395461669329086,0.393928150098804,0.392398386432906,0.390873430688946,0.389354128776808,0.3878411589291,0.386335063029818,0.384836271966536,0.383345126176234,0.381861892320225,0.380386776837023,0.378919936973334,0.377461489774945,0.37601151942471,0.374570083239336,0.373137216576194,0.371712936853028,0.370297246844576,0.368890137388912,0.367491589611231,0.36610157675256,0.364720065674607,0.363347018098719,0.361982391626296,0.360626140579316,0.359278216692635,0.357938569684022,0.356607147723227,0.355283897817596,0.353968766128649,0.352661698231509,0.351362639326984,0.350071534414436,0,-0.0584905541471644,-0.0591651724716324,-0.0598086211504064,-0.0604225142977669,-0.0610104148222071,-0.0615761339276569,-0.0621231181451804,-0.0626542826207426,-0.0631720190813326,-0.0636782636575721,-0.0641745780177022,-0.0646622252360065,-0.0651422338701767,-0.0656154491196722,-0.0660825722615873,-0.0665441903831629,-0.0670007985258921,-0.067452816129314,-0.0679005993235869,-0.0683444502734589,-0.0687846244691101,-0.0692213366075183,-0.0696547655120535,-0.0700850583915276,-0.0705123346341541,-0.0709366892579984,-0.0713581960896623,-0.0717769107107116,-0.0721928731915769,-0.0726061106214608,-0.0730166394372786,-0.0734244675527625,-0.0738295962891186,-0.074232022110031,-0.074631738165706,-0.0750287356526264,-0.0754230049974779,-0.0758145368752072,-0.0762033230723013,-0.0765893572071364,-0.0769726353196717,-0.0773531563428732,-0.0777309224681145,-0.0781059394164522,-0.0784782166271621,-0.0788477673742911,-0.0792146088212692,-0.0795787620228596,-0.079940251882937,-0.0802991070757944,-0.0806553599378991,-0.0810090463362643,-0.0813602055188905,-0.0817088799520525,-0.0820551151485795,-0.0823989594906963,-0.0827404640504621,-0.0830796824103592,-0.0834166704861466,-0.0837514863537067,-0.0840841900812568,-0.0844148435679891,-0.0847435103899298,-0.0850702556535513,-0.0853951458574656,-0.085718248762313,-0.0860396332687855,-0.0863593693035389,-0.0866775277125683,-0.0869941801614243,-0.0873093990414192,-0.0876232573806948,-0.0879358287586607,-0.0882471872218378,-0.0885574071984879,-0.0888665634085163,-0.0891747307639,-0.0894819842531672,-0.0897883988010781,-0.0900940490913423,-0.0903990093356313,-0.0907033529658338,-0.0910071522177949,-0.0913104775628579,-0.0916133969271947,-0.0919159746166514,-0.0922182698345931,-0.0925203346392439,-0.0928222111317433,-0.0931239275917512,-0.0934254931777932,-0.0937268906764721,-0.094028066607659,-0.0943289177582032,-0.0946292729069559,-0.0949288680965888,-0.0952273132740618,-0.0955240474254695,-0.0958182784266927,-0.096108902661873,-0.0963943979569569,-0.0966726814495838,-0.0969409215667949,-0.0971952901880839,-0.0974306371978595,-0.0976400648343438,-0.0978143733846577,-0.0979413427592313,-0.0980048062977551,-0.0979834640004662,-0.0978493727862843,-0.0975660425219382,-0.0970860606590161,-0.096348169255061,-0.0952737324191366,-0.0937625700522915,-0.0916882104860575,-0.0888927517658226,-0.0851817463712924,-0.0803198670977344,-0.0740285946880525,-0.0659877818574997,-0.0558436127494126,-0.0432259782377688,-0.0277782187698717,-0.00920094356233176,0.0126914181108545,0.0379077592639331,0.0662237682677637,0.0971491698812014,0.129935855762207,0.163635823144882,0.197202828803557,0.229615926854046,0.259994785637842,0.287680525284241,0.312269337615507,0.333601795554542,0.351721434069186,0.366819256874884,0.379178006613134,0.389124739420205,0.396995210879449,0.403110075668946,0.407761042048813,0.411204489087531,0.413660148415303,0.415312881083412,0.416316095947784,0.416795828073723,0.416854870953951,0.416576626762141,0.416028518290113,0.41526491605871,0.414329595420925,0.413257768515248,0.412077747221821,0.410812294201596,0.409479714863877,0.408094736737134,0.406669215857069,0.405212703258216,0.403732898822203,0.402236014710577,0.400727066381745,0.399210105690565,0.397688407703845,0.396164620540162,0.394640885668121,0.393118934593253,0.3916001666612,0.390085711745586,0.388576480824877,0.387073206844586,0.385576477777542,0.384086763410264,0.382604437077373,0.381129793322296,0.379663062268386,0.378204421329745,0.376754004767468,0.375311911498288,0.373878211483616,0.372452950963647,0.371036156750486,0.369627839753441,0.3682279978769,0.366836618404741,0.365453679963957,0.364079154142944,0.362713006826031,0.361355199294502,0.360005689135258,0.358664430990789,0.3573313771781,0.356006478199312,0.354689683162617,0.353380940129003,0.352080196397436,0.350787398739014,0,-0.0593270056347252,-0.0600426323940663,-0.0607100185823682,-0.061339065622087,-0.061937182582336,-0.0625101411329907,-0.0630624950124489,-0.0635978233009885,-0.0641189258741488,-0.064627991554441,-0.0651267385975562,-0.0656165271570294,-0.0660984460867707,-0.0665733780961258,-0.067042047695109,-0.0675050560408925,-0.0679629061428761,-0.0684160211596813,-0.0688647578557258,-0.0693094167279847,-0.0697502498739698,-0.0701874673392935,-0.0706212424396815,-0.0710517163792236,-0.0714790023670668,-0.0719031893545908,-0.0723243454631852,-0.0727425211405605,-0.0731577520647673,-0.0735700618051759,-0.0739794642453569,-0.0743859657718629,-0.0747895672338314,-0.0751902656801164,-0.0755880558827036,-0.0759829316570879,-0.0763748869919031,-0.0767639170013027,-0.0771500187143757,-0.0775331917162688,-0.0779134386557244,-0.0782907656334837,-0.0786651824855093,-0.0790367029743033,-0.0794053449007926,-0.0797711301483561,-0.0801340846696307,-0.0804942384257683,-0.0808516252868656,-0.081206282901353,-0.0815582525412445,-0.0819075789293016,-0.0822543100533819,-0.0825984969725111,-0.0829401936185545,-0.0832794565967509,-0.0836163449878336,-0.0839509201539651,-0.0842832455502828,-0.0846133865434628,-0.0849414102383748,-0.0852673853136028,-0.0855913818663468,-0.0859134712670008,-0.0862337260235018,-0.0865522196553751,-0.0868690265772453,-0.0871842219914384,-0.0874978817891615,-0.0878100824595959,-0.088120901006079,-0.088430414868341,-0.088738701849514,-0.0890458400462772,-0.0893519077800404,-0.0896569835264159,-0.0899611458393247,-0.0902644732648294,-0.0905670442380329,-0.0908689369539454,-0.0911702291998496,-0.0914709981320175,-0.0917713199732019,-0.0920712695984665,-0.0923709199648059,-0.0926703413234522,-0.0929696001312451,-0.0932687575469165,-0.0935678673568681,-0.0938669731194788,-0.094166104242432,-0.0944652706079095,-0.0947644552277897,-0.095063604234841,-0.0953626132830842,-0.0956613091238026,-0.0959594247213682,-0.0962565657473016,-0.0965521656067908,-0.0968454252653228,-0.0971352329994345,-0.0974200577276712,-0.0976978077037992,-0.0979656439767479,-0.0982197350269791,-0.0984549352500103,-0.098664365340695,-0.0988388670116838,-0.0989662977697285,-0.0990306236805147,-0.0990107593693435,-0.0988790954672678,-0.0985996454532117,-0.0981257384876837,-0.097397186093986,-0.0963368645514724,-0.0948466912658562,-0.0928030465480803,-0.0900518222391782,-0.0864034910297823,-0.0816289129635809,-0.0754570490087104,-0.0675763281194772,-0.0576420406092047,-0.0452926129170413,-0.0301775857178143,-0.0119990138672298,0.00943476371278508,0.0341487139131531,0.0619456247006646,0.0923718534541179,0.124720855948215,0.158084025935826,0.191444683048444,0.223795924214556,0.254254139178367,0.282142224263691,0.307028437636476,0.328721753204966,0.347235551723277,0.362735426083568,0.375484894651914,0.385798004258979,0.394002900345215,0.400416853022433,0.40533120895325,0.409003957110738,0.4116575816018,0.413480236432298,0.414628758474991,0.415232494404745,0.415397292884515,0.415209290147542,0.414738304940379,0.414040776617324,0.413162248035734,0.412139429788256,0.411001896953392,0.409773472664374,0.408473349930173,0.407116997593508,0.405716889923585,0.404283093073215,0.402823735927358,0.401345387899222,0.399853362011569,0.398351958085123,0.396844657963183,0.395334282343722,0.39382311688196,0.39231301368998,0.390805473127657,0.389301709793579,0.387802705837653,0.38630925408958,0.384821992997103,0.383341434969416,0.381867989403301,0.380401981416269,0.378943667108764,0.37749324601608,0.376050871281563,0.374616657979394,0.373190689932546,0.371773025305144,0.370363701195175,0.368962737410619,0.367570139577595,0.3661859017013,0.364810008278026,0.363442436038382,0.362083155387141,0.360732131593194,0.359389325773402,0.358054695706277,0.356728196504968,0.355409781173816,0.354099401068434,0.352797006275804,0.35150254592799,0,-0.0602539448308247,-0.0609976986399193,-0.0616791710536577,-0.0623156047471988,-0.0629176718531232,-0.0634927374492315,-0.0640461966991432,-0.064582091136927,-0.065103475715613,-0.065612676707707,-0.0661114829013835,-0.0666012874791844,-0.0670831917847503,-0.0675580800335423,-0.068026672457812,-0.0684895628673514,-0.0689472452136045,-0.0694001325538979,-0.069848570856377,-0.070292849352953,-0.0707332086047684,-0.0711698470544563,-0.0716029265661997,-0.0720325772680388,-0.0724589018869291,-0.0728819796872085,-0.0733018700736355,-0.0737186158910623,-0.0741322464369879,-0.074542780195811,-0.0749502273011966,-0.075354591733365,-0.0757558732598703,-0.0761540691306604,-0.0765491755403756,-0.0769411888726647,-0.0773301067426521,-0.077715928854538,-0.0780986576916936,-0.0784782990565719,-0.0788548624773687,-0.0792283614977063,-0.0795988138647425,-0.0799662416300978,-0.0803306711768895,-0.0806921331850092,-0.0810506625456238,-0.0814062982347329,-0.081759083154514,-0.0821090639501326,-0.0824562908087135,-0.0828008172462511,-0.0831426998873984,-0.0834819982423097,-0.0838187744840242,-0.0841530932292592,-0.0844850213249314,-0.0848146276422455,-0.0851419828797621,-0.0854671593764881,-0.0857902309357182,-0.0861112726600768,-0.086430360797984,-0.0867475726015643,-0.0870629861958549,-0.0873766804590236,-0.0876887349131872,-0.0879992296253064,-0.0883082451175375,-0.0886158622863123,-0.0889221623293054,-0.0892272266793102,-0.0895311369438654,-0.0898339748492381,-0.0901358221870311,-0.0904367607612257,-0.0907368723328179,-0.0910362385582898,-0.0913349409168853,-0.09163306061987,-0.0919306784924677,-0.0922278748157293,-0.0925247291108202,-0.0928213198416675,-0.0931177240029123,-0.0934140165478231,-0.0937102695940853,-0.0940065513226331,-0.0943029244539514,-0.0945994441447924,-0.0948961550925602,-0.0951930875600724,-0.0954902519339624,-0.0957876312979194,-0.0960851713270499,-0.0963827665790505,-0.0966802419548581,-0.0969773277049061,-0.097273625840216,-0.0975685651364922,-0.0978613410520184,-0.098150835764008,-0.0984355120990537,-0.0987132733135316,-0.0989812783770238,-0.0992356995188615,-0.0994714051958684,-0.0996815472040551,-0.0998570252745037,-0.0999857960889526,-0.100051986239711,-0.100034760437933,-0.0999068877691708,-0.0996329410982205,-0.0991670598675371,-0.0984502080354339,-0.0974068725472202,-0.0959411825747656,-0.0939324992286354,-0.0912306482261757,-0.0876511678159435,-0.0829712469109452,-0.0769274530324411,-0.0692168899474103,-0.0595040149185735,-0.0474358099056489,-0.0326680027723668,-0.0149040654367654,0.00605378256875103,0.0302466240616968,0.0575044717133535,0.0874106611102454,0.119300942639704,0.152307317004601,0.185444276649742,0.217720681743808,0.248251066279584,0.27634087251043,0.30153038445045,0.323596204115109,0.342520294135016,0.358441371800288,0.371602312052884,0.382302938912214,0.39086285282374,0.397595290473415,0.40279084171458,0.406708913497511,0.409574700138491,0.411579707576971,0.41288432154337,0.413621353471738,0.413899872031757,0.413808910686304,0.413420837737554,0.412794301316624,0.41197673648595,0.411006461702199,0.409914410183934,0.408725547270225,0.40746002352459,0.40613410872216,0.40476094601526,0.403351159607573,0.401913343720827,0.400454455736233,0.398980132192673,0.397494942797355,0.39600259468628,0.394506096781431,0.393007892148898,0.391509964692259,0.390013925252424,0.388521081171888,0.387032492570408,0.385549017930789,0.384071351075716,0.382600051203156,0.381135567317721,0.379678258131704,0.37822840829874,0.3767862416745,0.375351932163896,0.373925612606156,0.372507382062357,0.371097311800398,0.369695450216356,0.368301826886091,0.366916455904559,0.365539338641,0.364170466014396,0.362809820374436,0.361457377057588,0.36011310567529,0.358776971180945,0.357448934754078,0.356128954533174,0.35481698622313,0.353512983598723,0.352216898921738,0,-0.0612727558178615,-0.0620285899422643,-0.0627130838950788,-0.0633486851733602,-0.0639483149984235,-0.0645203844681905,-0.0650707821878929,-0.065603770151352,-0.0661224847561075,-0.066629264322413,-0.0671258775449291,-0.067613684968559,-0.0680937524793747,-0.0685669303127938,-0.0690339076581326,-0.0694952503258359,-0.0699514268837714,-0.0704028270815421,-0.0708497751963365,-0.0712925400740718,-0.0717313430320329,-0.072166364370096,-0.0725977489553239,-0.0730256111593442,-0.073450039309696,-0.0738710997436228,-0.0742888405101976,-0.0747032947434893,-0.0751144837183818,-0.0755224195967376,-0.0759271078716556,-0.0763285495195596,-0.0767267428725331,-0.0771216852259536,-0.0775133741986974,-0.0779018088648164,-0.078286990676598,-0.0786689241993298,-0.0790476176780023,-0.0794230834556626,-0.0797953382622922,-0.0801644033919943,-0.0805303047850285,-0.0808930730298871,-0.0812527432992126,-0.081609355231967,-0.0819629527729002,-0.0823135839790631,-0.0826613008018703,-0.0830061588520814,-0.083348217153999,-0.083687537894225,-0.0840241861694421,-0.0843582297369068,-0.0846897387706451,-0.0850187856257336,-0.0853454446125088,-0.0856697917820862,-0.0859919047241691,-0.0863118623777838,-0.086629744855292,-0.0869456332797828,-0.0872596096357497,-0.0875717566327895,-0.0878821575819242,-0.0881908962840367,-0.0884980569298213,-0.0888037240105752,-0.0891079822390871,-0.0894109164798216,-0.0897126116875195,-0.0900131528532577,-0.0903126249568904,-0.090611112924642,-0.0909087015903914,-0.0912054756588676,-0.0915015196685125,-0.0917969179511154,-0.0920917545843924,-0.0923861133323832,-0.0926800775667188,-0.0929737301592728,-0.0932671533332058,-0.093560428454559,-0.0938536357398993,-0.0941468538463994,-0.0944401592982902,-0.0947336256867199,-0.0950273225571359,-0.0953213138673909,-0.0956156558581875,-0.0959103941217423,-0.0962055595801515,-0.0965011629859335,-0.0967971874260331,-0.0970935781372868,-0.0973902287134157,-0.097686962484853,-0.0979835074626973,-0.0982794627309322,-0.0985742535142628,-0.0988670713020854,-0.0991567943220645,-0.0994418822685124,-0.0997202374272747,-0.099989022112969,-0.10024441954542,-0.10048132182888,-0.100692924445197,-0.100870201526848,-0.101001230073218,-0.101070324237735,-0.101056933042459,-0.100934246881785,-0.100667451007044,-0.100211559771115,-0.0995087670839301,-0.0984852617230932,-0.097047489324467,-0.0950779085565323,-0.0924304045044313,-0.088925709629968,-0.0843474657282128,-0.0784399570063926,-0.0709090497006719,-0.0614284288150049,-0.0496536700217418,-0.0352467198602554,-0.0179125164785166,0.00255275525165825,0.0262061913261765,0.0529049944894159,0.0822696779196153,0.113678922436705,0.146306541524379,0.179199920326726,0.211385622565798,0.241978040059018,0.270266229529229,0.295762704232785,0.318211069726547,0.337560650483256,0.353921780319999,0.367515172066375,0.378625088463192,0.38756152389219,0.394632920453451,0.40012862484056,0.404309201663961,0.407402465722559,0.409603303866437,0.411075755034264,0.41195624187177,0.412357217842916,0.412370780949097,0.412072009169584,0.411521907006306,0.410769934388184,0.409856134811679,0.408812901861391,0.40766643147537,0.406437907709222,0.405144466196892,0.403799974290994,0.402415661255506,0.401000626525412,0.399562249233883,0.398106518036237,0.39663829672892,0.395161538220485,0.393679456989635,0.392194668188089,0.390709299942052,0.389225084111016,0.387743429720689,0.386265482450556,0.384792172886552,0.3833242557129,0.381862341588057,0.380406923106374,0.378958395972405,0.377517076294842,0.376083214730906,0.374657008070782,0.37323860873838,0.371828132593624,0.370425665348256,0.36903126784823,0.367644980428206,0.366266826505351,0.36489681554858,0.363534945534328,0.362181204979574,0.360835574626373,0.359498028838705,0.358168536761537,0.356847063283094,0.355533569834075,0.354228015051611,0.352930355330895,0,-0.0623807960480778,-0.0631310128535202,-0.0638070211470951,-0.0644335791335004,-0.065024568600228,-0.065588783072036,-0.0661322052805568,-0.0666590533986559,-0.0671723632423531,-0.0676743581118309,-0.0681666973797821,-0.0686506458389239,-0.0691271887197315,-0.0695971093048281,-0.0700610411015392,-0.0705195029980695,-0.0709729232378377,-0.0714216561690483,-0.0718659943944464,-0.0723061780219038,-0.0727424020892959,-0.0731748228211295,-0.0736035631052489,-0.0740287174087829,-0.0744503562499799,-0.0748685302834499,-0.0752832740246995,-0.075694609225048,-0.0761025479030359,-0.0765070950387695,-0.0769082509405043,-0.0773060132964428,-0.0777003789282852,-0.0780913452660255,-0.07847891156564,-0.0788630798926354,-0.0792438558949817,-0.0796212493888597,-0.0799952747800201,-0.0803659513425233,-0.0807333033753037,-0.0810973602554886,-0.0814581564057736,-0.0818157311914925,-0.0821701287613567,-0.082521397844231,-0.0828695915127732,-0.0832147669233274,-0.0835569850401272,-0.0838963103506447,-0.084232810577816,-0.084566556393884,-0.0848976211397182,-0.0852260805526923,-0.0855520125055218,-0.085875496757874,-0.0861966147220546,-0.0865154492436424,-0.0868320843975778,-0.0871466052999068,-0.0874590979351253,-0.0877696489988685,-0.0880783457555203,-0.0883852759101886,-0.0886905274943943,-0.088994188764741,-0.0892963481137806,-0.0895970939922458,-0.0898965148417898,-0.0901946990373427,-0.0904917348381683,-0.0907877103466569,-0.0910827134738358,-0.0913768319104796,-0.0916701531025605,-0.091962764229563,-0.0922547521838701,-0.0925462035489612,-0.0928372045735023,-0.0931278411374617,-0.0934181987050581,-0.0937083622574891,-0.0939984161958014,-0.0942884442006922,-0.0945785290311039,-0.094868752236713,-0.095159193750193,-0.0954499313125453,-0.0957410396677658,-0.096032589440055,-0.0963246455757761,-0.0966172651907331,-0.0969104946077018,-0.097204365295042,-0.0974988883188481,-0.0977940467910673,-0.0980897856246877,-0.0983859976822777,-0.0986825051102283,-0.0989790342682392,-0.0992751821670596,-0.0995703716860034,-0.0998637920166912,-0.100154319722963,-0.100440414460955,-0.100719981697907,-0.100990192621093,-0.101247248744896,-0.101486075400791,-0.101699924225755,-0.10187985985551,-0.102014100224713,-0.102087173207711,-0.102078844998111,-0.101962768118099,-0.101704790271512,-0.101260861238679,-0.100574476788177,-0.0995736112429084,-0.0981671217772623,-0.0962406693570514,-0.0936523095226589,-0.0902280812672995,-0.0857581861881419,-0.0799947197133016,-0.0726523877751831,-0.0634141639700568,-0.0519442732706153,-0.037910954749215,-0.0210207361239521,-0.00106396177680501,0.0220322331661901,0.0481520463589521,0.0769532137534147,0.107857871035543,0.140082822475944,0.172710152551303,0.204786274464986,0.235427443738914,0.263907717461216,0.289712315585503,0.312551403817166,0.332340519625331,0.349160079500064,0.363207022194149,0.37474858325171,0.384083955612393,0.391515902611226,0.397331939183666,0.401793448791304,0.405130721132322,0.407542016455027,0.409195110088102,0.410230172514615,0.410763204832812,0.410889540050824,0.410687132134825,0.410219497298869,0.409538261321783,0.408685318190368,0.407694631942429,0.406593724761314,0.405404896693585,0.404146220012287,0.402832346758272,0.40147516279913,0.400084316613205,0.398667646302953,0.39723152421284,0.395781134998782,0.394320700035936,0.392853658599923,0.391382814245111,0.389910453164981,0.388438439991862,0.386968295421506,0.385501259185324,0.384038341200101,0.382580363168975,0.38112799246165,0.379681769744457,0.378242131544428,0.376809428701848,0.375383941481411,0.373965891964096,0.372555454222992,0.371152762690593,0.369757919048041,0.368370997904688,0.366992051486171,0.365621113508739,0.364258202384723,0.362903323877497,0.361556473302693,0.360217637354937,0.358886795625086,0.357563921861394,0.356248985018482,0.354941950130316,0.353642779036989,0,-0.0635711007251673,-0.0642981565070971,-0.064954589367317,-0.0655643875186007,-0.0661410253529808,-0.0666929779898853,-0.0672259087982131,-0.0677437265344214,-0.0682491893320559,-0.0687442856188735,-0.069230483606742,-0.069708895808802,-0.0701803870572356,-0.0706456450357777,-0.0711052262787186,-0.0715595863936169,-0.072009100328774,-0.0724540764746866,-0.0728947670080918,-0.0733313759681273,-0.0737640659557172,-0.0741929639673422,-0.0746181666402818,-0.0750397450477359,-0.0754577491044561,-0.0758722116035384,-0.0762831518876341,-0.0766905791532497,-0.0770944953888644,-0.0774948979525743,-0.0778917818006872,-0.078285141383977,-0.078674972232589,-0.0790612722536837,-0.0794440427678275,-0.0798232893110127,-0.0801990222291908,-0.0805712570915018,-0.0809400149471777,-0.0813053224495148,-0.081667211868494,-0.0820257210116962,-0.0823808930711601,-0.0827327764118761,-0.0830814243157014,-0.0834268946926862,-0.0837692497701243,-0.0841085557680953,-0.084444882568869,-0.0847783033862761,-0.0851088944400329,-0.0854367346390121,-0.0857619052765858,-0.0860844897404165,-0.0864045732384232,-0.0867222425420978,-0.0870375857478855,-0.0873506920569492,-0.0876616515733233,-0.0879705551201968,-0.0882774940738623,-0.0885825602146989,-0.0888858455944433,-0.0891874424188997,-0.0894874429451888,-0.0897859393925892,-0.0900830238660042,-0.0903787882910818,-0.090673324360012,-0.0909667234870339,-0.0912590767726892,-0.0915504749758514,-0.0918410084925493,-0.09213076734055,-0.0924198411485968,-0.0927083191490577,-0.0929962901725275,-0.0932838426426141,-0.0935710645686641,-0.0938580435335106,-0.0941448666723596,-0.0944316206375779,-0.0947183915422466,-0.095005264872712,-0.0952923253567265,-0.0955796567687777,-0.0958673416473472,-0.0961554608895267,-0.0964440931757259,-0.0967333141600717,-0.0970231953389712,-0.0973138024792467,-0.0976051934456941,-0.0978974152124594,-0.0981904997689881,-0.0984844585337644,-0.0987792747604482,-0.0990748932519902,-0.0993712064770209,-0.0996680358942341,-0.0999651069155398,-0.100262015453643,-0.100558183374466,-0.100852799372624,-0.101144740763477,-0.101432470383039,-0.101713901141085,-0.101986218705792,-0.10224565022161,-0.102487163779467,-0.102704079472028,-0.102887568191627,-0.103026008817816,-0.103104168131525,-0.103102160878584,-0.102994140363267,-0.102746663735901,-0.102316672474413,-0.101649030385726,-0.100673573520246,-0.0993016560342255,-0.0974222340065948,-0.0948976303454017,-0.0915592869323854,-0.087204055489024,-0.081591922110532,-0.0744464995276899,-0.0654601105829173,-0.0543057012531822,-0.0406579166453471,-0.0242250673051709,-0.00479195565992813,0.0177296701814133,0.0432506468766841,0.0714658162477096,0.101841164358344,0.133637610987775,0.165973806412226,0.19791834604766,0.228591644951469,0.257254480593029,0.283365562436053,0.306601390614916,0.326842670141865,0.344138362175701,0.35865993598426,0.370656006105602,0.380413626906526,0.388228864659105,0.394386699584249,0.399148905314866,0.40274803530328,0.405385671515562,0.407233382004832,0.408435207974368,0.409110856568146,0.409359068043209,0.409260844254997,0.408882376159864,0.408277604976462,0.407490409393088,0.40655644243815,0.405504656067024,0.404358556001863,0.403137228386112,0.401856176164013,0.4005279983933,0.399162940839766,0.397769341638137,0.396353991733778,0.394922426304134,0.393479160384963,0.392027879447497,0.390571593627977,0.389112762637804,0.387653397021286,0.386195140325507,0.384739335856586,0.383287080979576,0.381839271342495,0.380396636941544,0.378959771572265,0.377529156912437,0.376105182242317,0.374688160614819,0.373278342132937,0.371875924866787,0.37048106384198,0.369093878449859,0.36771445856462,0.36634286959933,0.364979156690003,0.363623348162193,0.362275458406347,0.360935490265324,0.359603437018806,0.358279284034198,0.356963010141225,0.355654588777336,0.354353988942763,0,-0.0648327806117952,-0.065520919440955,-0.0661479421940541,-0.0667342208855247,-0.0672915713282678,-0.0678274925486407,-0.0683469393068908,-0.0688532655442034,-0.0693487928208693,-0.0698351705948933,-0.070313607008299,-0.0707850159414704,-0.0712501098559962,-0.0717094580134255,-0.0721635230087039,-0.0726126840269046,-0.0730572521722574,-0.0734974811867544,-0.0739335755530939,-0.0743656971350077,-0.0747939709863795,-0.075218490647879,-0.0756393230707079,-0.0760565132111433,-0.0764700882938826,-0.0768800617255462,-0.077286436638759,-0.0776892090538772,-0.0780883706548644,-0.0784839111854062,-0.0788758204797194,-0.0792640901491235,-0.0796487149501654,-0.0800296938630779,-0.0804070309108395,-0.0807807357493664,-0.0811508240587024,-0.0815173177637038,-0.0818802451108801,-0.082239640625908,-0.082595544974044,-0.0829480047433032,-0.0832970721679606,-0.083642804807695,-0.0839852651955995,-0.0843245204663328,-0.0846606419739057,-0.0849937049069943,-0.0853237879082321,-0.0856509727026732,-0.0859753437394979,-0.08629698785008,-0.0866159939246982,-0.0869324526094728,-0.0872464560245122,-0.0875580975037599,-0.0878674713566181,-0.0881746726511,-0.0884797970179914,-0.0887829404752968,-0.0890841992720921,-0.0893836697507855,-0.0896814482267166,-0.0899776308839723,-0.090272313686276,-0.0905655923018071,-0.0908575620408164,-0.0911483178049324,-0.0914379540470826,-0.0917265647409942,-0.0920142433592668,-0.0923010828590467,-0.0925871756743443,-0.0928726137140364,-0.0931574883645644,-0.0934418904962671,-0.0937259104721607,-0.0940096381577587,-0.0942931629302132,-0.0945765736845697,-0.0948599588342409,-0.09514340630182,-0.0954270034949638,-0.0957108372601459,-0.0959949938043962,-0.0962795585714461,-0.0965646160536379,-0.0968502495140226,-0.0971365405836714,-0.0974235686864567,-0.097711410226347,-0.0980001374491037,-0.0982898168592249,-0.0985805070315665,-0.0988722556019257,-0.0991650951478405,-0.099459037574354,-0.0997540664925555,-0.100050126912299,-0.100347111353163,-0.100644841194975,-0.100943041722784,-0.101241308848145,-0.101539064880483,-0.101835499943939,-0.102129494643309,-0.102419518325346,-0.102703495696427,-0.10297863257177,-0.103241189062227,-0.10348618546283,-0.103707022402745,-0.103894992372416,-0.104038654521171,-0.104123038657774,-0.104128637878417,-0.104030142647683,-0.103794863370542,-0.103380785140393,-0.102734200173954,-0.101786874866022,-0.100452736205832,-0.098624116418808,-0.0961676887838536,-0.0929203788582058,-0.0886857626821408,-0.0832317817986326,-0.0762910128480309,-0.0675651878433439,-0.0567360599125946,-0.0434848301005746,-0.027521850066556,-0.00862677736343266,0.013303512303581,0.0382059785145404,0.0658122825243789,0.0956325093913235,0.126972738437784,0.158990081382018,0.190777811562756,0.221463082186641,0.25029545919269,0.276708261376712,0.30034435515991,0.321048708462224,0.338837312223008,0.353854401595976,0.366328250734616,0.376532290253883,0.384754725729665,0.391277172313631,0.396361262541669,0.400241525760239,0.403122760761748,0.405180350955995,0.406562312543198,0.407392209495974,0.407772361436235,0.40778699466208,0.407505145318634,0.406983228428483,0.406267250790748,0.405394681998753,0.404396015841087,0.403296061254369,0.402115002585058,0.400869266236394,0.399572226652466,0.398234780060257,0.396865809999878,0.395472564683484,0.394060962732685,0.39263584086388,0.391201154588457,0.389760140918573,0.38831545036175,0.386869254092472,0.385423331054852,0.383979138831793,0.382537871373805,0.381100506082154,0.379667842258883,0.37824053254818,0.376819108681259,0.375404002585519,0.373995563716419,0.37259407330747,0.371199756102327,0.369812790026916,0.368433314173913,0.367061435402684,0.365697233801757,0.364340767215495,0.362992074999809,0.361651181141831,0.360318096854147,0.358992822734353,0.357675350564581,0.356365664812365,0.355063743883504,0,-0.066151640325579,-0.0667883498445966,-0.0673780936715127,-0.0679354421453665,-0.0684695807675372,-0.0689864870873634,-0.0694900770217607,-0.0699829443141307,-0.0704668453191138,-0.0709430096568721,-0.0714123340542416,-0.0718755004315317,-0.0723330464218438,-0.0727854069319303,-0.0732329386398568,-0.0736759348112164,-0.0741146348723696,-0.0745492313087111,-0.0749798752978789,-0.0754066817923689,-0.0758297343647904,-0.0762490899105809,-0.0766647831949712,-0.0770768311871355,-0.0774852371158827,-0.0778899941903549,-0.0782910889456458,-0.0786885041912381,-0.0790822215566701,-0.0794722236425614,-0.0798584957956473,-0.0802410275339462,-0.0806198136529657,-0.0809948550464226,-0.0813661592757729,-0.0817337409223483,-0.0820976217544456,-0.0824578307396286,-0.0828144039300065,-0.0831673842455604,-0.083516821177821,-0.0838627704334854,-0.0842052935349415,-0.0845444573922318,-0.0848803338587261,-0.085212999280728,-0.0855425340494065,-0.0858690221618106,-0.086192550796304,-0.0865132099065137,-0.0868310918368205,-0.0871462909615132,-0.0874589033489604,-0.0877690264515205,-0.0880767588213781,-0.0883821998520782,-0.0886854495451804,-0.0889866083011981,-0.0892857767337794,-0.0895830555059459,-0.0898785451871015,-0.0901723461294634,-0.090464558362539,-0.0907552815042677,-0.0910446146874681,-0.0913326565002641,-0.0916195049392135,-0.0919052573739186,-0.0921900105219613,-0.0924738604330695,-0.092756902481485,-0.0930392313655595,-0.0933209411136527,-0.0936021250954376,-0.0938828760377275,-0.0941632860439139,-0.0944434466160351,-0.0947234486783694,-0.0950033826012248,-0.0952833382232691,-0.0955634048702537,-0.0958436713672696,-0.0961242260406682,-0.0964051567043642,-0.0966865506232573,-0.0969684944437951,-0.0972510740779364,-0.0975343745216597,-0.0978184795821593,-0.0981034714784078,-0.0983894302669369,-0.0986764330274419,-0.098964552719673,-0.0992538565921183,-0.0995444039817969,-0.099836243289767,-0.100129407844667,-0.100423910271332,-0.100719734856514,-0.101016827240227,-0.101315080548239,-0.101614316804808,-0.101914262107339,-0.102214513584429,-0.102514495568563,-0.102813401661042,-0.103110118408798,-0.103403125101245,-0.103690362671641,-0.103969062783462,-0.104235525820983,-0.104484833601662,-0.104710479103671,-0.104903891285857,-0.105053828136942,-0.105145605469185,-0.105160122854922,-0.105072641926905,-0.104851266875726,-0.104455073898733,-0.10383183813893,-0.102915317391874,-0.101622077819668,-0.0998478972264631,-0.0974638686521197,-0.094312466946271,-0.0902040509775099,-0.0849145681927607,-0.0781856062404401,-0.0697283647211593,-0.0592335024822698,-0.0463889591105316,-0.0309074452211129,-0.0125639625710373,0.00875884386492209,0.0330233818662164,0.0599976694774029,0.08923597449122,0.120090470151058,0.151758620119071,0.183361005097317,0.214034364927652,0.243019480136657,0.269725766686295,0.293762789577897,0.314939058684671,0.333236136375582,0.348769209382992,0.361744372480888,0.372419794802222,0.381074501304345,0.38798577049168,0.393414445863146,0.397596655350679,0.400740245877886,0.40302439691051,0.404601179316551,0.405598152968055,0.406121386292014,0.406258509842112,0.406081582251701,0.405649659482978,0.405011029407423,0.404205115357357,0.40326407421953,0.402214124245997,0.401076640123512,0.399869051283354,0.398605575990069,0.397297819611761,0.395955261299904,0.394585649423169,0.393195322649763,0.391789470595026,0.390372345430104,0.388947433742203,0.387517596196166,0.386085181118236,0.384652116956539,0.383219987624773,0.381790093967226,0.380363503961825,0.378941093776196,0.377523581386829,0.376111554145,0.374705491409782,0.373305783156108,0.371912745294516,0.370526632300827,0.369147647642202,0.367775952395578,0.366411672381287,0.365054904075301,0.363705719515453,0.362364170377833,0.361030291367765,0.359704103043859,0.358385614172516,0.35707482369302,0.355771722359244,0,-0.0675110617488264,-0.0680882534884191,-0.0686353155315507,-0.069159955354622,-0.0696681372504345,-0.0701639326006784,-0.0706499744150811,-0.0711279470556789,-0.071598953020671,-0.0720637502147313,-0.072522893504152,-0.0729768144300534,-0.073425863889707,-0.0738703339550921,-0.0743104687074142,-0.0747464698226845,-0.075178500054779,-0.0756066862076763,-0.0760311222922948,-0.0764518730739534,-0.0768689779713042,-0.0772824551638415,-0.0776923057392134,-0.0780985177251937,-0.0785010698818706,-0.0788999351648914,-0.0792950838039354,-0.0796864859690557,-0.0800741140201646,-0.0804579443518994,-0.0808379588580145,-0.0812141460471675,-0.0815865018463336,-0.0819550301298814,-0.0823197430122651,-0.0826806609408587,-0.0830378126231489,-0.0833912348196436,-0.0837409720307127,-0.0840870761023408,-0.08442960577259,-0.0847686261775202,-0.0851042083324734,-0.0854364286020211,-0.0857653681695197,-0.0860911125151298,-0.0864137509093055,-0.0867333759271645,-0.0870500829877656,-0.087363969921146,-0.0876751365649826,-0.0879836843919123,-0.0882897161678744,-0.0885933356412797,-0.0888946472623801,-0.0891937559318644,-0.0894907667774491,-0.0897857849570441,-0.0900789154869383,-0.090370263093377,-0.090659932085856,-0.0909480262504547,-0.0912346487615548,-0.0915199021103284,-0.0918038880484441,-0.0920867075455132,-0.0923684607588753,-0.0926492470144173,-0.0929291647972049,-0.0932083117507981,-0.0934867846842107,-0.0937646795855542,-0.0940420916414756,-0.0943191152615623,-0.094595844106919,-0.0948723711221388,-0.0951487885698659,-0.0954251880670769,-0.0957016606220709,-0.0959782966709385,-0.0962551861119282,-0.0965324183356322,-0.0968100822481699,-0.0970882662835244,-0.0973670583997313,-0.0976465460516133,-0.0979268161299862,-0.0982079548534552,-0.0984900475937552,-0.098773178608531,-0.0990574306459383,-0.0993428843726007,-0.0996296175591943,-0.0999177039348645,-0.100207211590864,-0.100498200772931,-0.100790720847751,-0.10108480615745,-0.10138047038221,-0.101677698908217,-0.101976438537871,-0.102276583670847,-0.102577957814929,-0.102880288937658,-0.103183176723024,-0.103486049225766,-0.103788105687635,-0.104088241356657,-0.104384948985501,-0.10467619022364,-0.104959228296221,-0.105230411108988,-0.105484891156354,-0.105716265263572,-0.105916113201692,-0.106073409548808,-0.106173777878423,-0.106198550614888,-0.10612359211881,-0.10591783755005,-0.105541497218281,-0.104943877839121,-0.104060782145106,-0.102811472418094,-0.101095230087807,-0.0987876240527833,-0.0957367293064995,-0.0917597307846809,-0.086640618234585,-0.0801300272375625,-0.0719486808986453,-0.0617962524518677,-0.0493676312279949,-0.0343782581954711,-0.0165990531360637,0.00410080760827838,0.0277083493432815,0.0540273024987937,0.082656018952954,0.112993560520164,0.144279590400925,0.175664724843502,0.206298389097195,0.235415367051821,0.262403056772849,0.286838399662647,0.308492958616251,0.327312505886434,0.34338134169142,0.35688143343537,0.368053896603979,0.377167089163321,0.384492825807375,0.390290380968023,0.39479699997722,0.398223333056011,0.400752284663501,0.402540028044994,0.403718241166414,0.404396904660042,0.404667234434947,0.404604494812045,0.404270558356261,0.403716156747162,0.402982814337877,0.402104482248429,0.401108903447596,0.400018743658046,0.398852522655598,0.397625377891137,0.396349688702911,0.395035585479863,0.393691364391677,0.392323824911694,0.390938544395595,0.389540101446145,0.388132257663604,0.386718105608923,0.385300189344615,0.383880602719391,0.38246106958439,0.381043009333435,0.379627590514465,0.378215774736864,0.376808352676817,0.37540597364131,0.374009169875409,0.372618376574367,0.371233948381855,0.369856173009721,0.368485282496713,0.367121462527956,0.365764860159448,0.364415590228942,0.363073740683427,0.361739377011873,0.36041254593803,0.359093278500457,0.357781592624419,0.356477495271826,0,-0.0688934082574529,-0.0694078981693572,-0.0699095841308108,-0.0703995204619182,-0.0708802676985188,-0.0713537898981086,-0.0718212963814375,-0.0722834802648072,-0.0727407480622141,-0.0731933666168069,-0.0736415411378105,-0.0740854500312425,-0.0745252563494759,-0.0749611083214632,-0.0753931359889402,-0.0758214475285556,-0.0762461268231451,-0.0766672327411606,-0.0770848000287863,-0.0774988414814313,-0.0779093509966,-0.0783163071330785,-0.0787196768625143,-0.0791194192715997,-0.0795154890421484,-0.0799078395960777,-0.0802964258406336,-0.0806812064863279,-0.0810621459372754,-0.0814392157725551,-0.0818123958495449,-0.0821816750674117,-0.0825470518323629,-0.0829085342669443,-0.0832661402044464,-0.0836198970070009,-0.08396984124271,-0.0843160182535161,-0.0846584816417468,-0.0849972926995481,-0.0853325198018694,-0.0856642377803592,-0.0859925272925219,-0.086317474197785,-0.0866391689497418,-0.0869577060117524,-0.0872731833012893,-0.0875857016668839,-0.0878953644002406,-0.0882022767850083,-0.0885065456828198,-0.088808279156489,-0.0891075861296888,-0.0894045760819873,-0.089699358777781,-0.0899920440274179,-0.0902827414786331,-0.0905715604363128,-0.0908586097085464,-0.0911439974769187,-0.0914278311890159,-0.0917102174711676,-0.0919912620595266,-0.0922710697476702,-0.0925497443490117,-0.0928273886724208,-0.0931041045095637,-0.0933799926325924,-0.0936551528009277,-0.0939296837759953,-0.0942036833428817,-0.0944772483379813,-0.094750474681792,-0.095023457416102,-0.095296290744867,-0.0955690680781194,-0.0958418820782599,-0.09611482470806,-0.0963879872796174,-0.0966614605033731,-0.0969353345360539,-0.0972096990260468,-0.0974846431541951,-0.0977602556672352,-0.0980366249000515,-0.0983138387814377,-0.0985919848160054,-0.0988711500320855,-0.099151420881609,-0.0994328830727487,-0.0997156213090076,-0.0999997188988919,-0.100285257187459,-0.100572314743804,-0.10086096621558,-0.101151280731069,-0.10144331968881,-0.101737133721307,-0.102032758548935,-0.10233020934792,-0.102629473135738,-0.102930498520485,-0.10323318195743,-0.103537349393438,-0.103842731842059,-0.10414893299922,-0.104455386456869,-0.10476129936985,-0.10506557854314,-0.105366733788822,-0.10566275200334,-0.105950933676108,-0.106227681394174,-0.106488227283429,-0.106726283156117,-0.106933593361391,-0.107099365938619,-0.10720955269859,-0.107245943477798,-0.107185034413882,-0.106996625421959,-0.106642099425975,-0.106072337503771,-0.105225233413165,-0.104022793260521,-0.102367849007535,-0.100140488556922,-0.0971944235374985,-0.0933536933060615,-0.088410352441998,-0.082124110928428,-0.074225267615868,-0.0644226263152759,-0.0524182614558082,-0.0379307628357392,-0.0207276188843592,-0.000665412205557575,0.0222665174316772,0.0479067825914003,0.0758975216686955,0.105685309361274,0.136553772228131,0.167686348079901,0.198248469472948,0.227472072928319,0.254724846288943,0.279552176981233,0.301688477624663,0.321042513333307,0.337665869279182,0.351714345018159,0.363410057562198,0.373009036413692,0.380776335196463,0.386968730515533,0.391823983841667,0.39555521345434,0.398348914312907,0.400365368825966,0.401740471893008,0.402588269331125,0.403003742073357,0.403065547757333,0.402838559161764,0.402376124308059,0.401722026368734,0.400912152338435,0.399975895357551,0.398937322235711,0.397816138951221,0.396628485201152,0.395387585986176,0.394104284637003,0.392787478122712,0.391444472177056,0.390081270845127,0.388702812517574,0.387313162368438,0.385915669311094,0.384513094092175,0.383107713912165,0.381701407952456,0.38029572736528,0.378891952612931,0.377491140498533,0.376094162789382,0.374701737976373,0.373314457423518,0.371932806927133,0.370557184514365,0.369187915156877,0.367825262950779,0.36646944121268,0.365120620859575,0.363778937373482,0.36244449659737,0.361117379564662,0.359797646528491,0.358485340327422,0.357180489200226,0,-0.0702815408570407,-0.0707347368725359,-0.0711910382221447,-0.0716460714827674,-0.0720991744854382,-0.0725501840540472,-0.0729988546701729,-0.0734448789370411,-0.0738879745928937,-0.0743279316082796,-0.0747646203889866,-0.0751979786746233,-0.0756279908051473,-0.0760546671139115,-0.0764780269854152,-0.076898086650141,-0.0773148515226981,-0.077728312339009,-0.0781384441909806,-0.0785452075977634,-0.0789485508794493,-0.0793484132509885,-0.0797447282004086,-0.0801374268424333,-0.0805264410420342,-0.0809117061828484,-0.0812931635154576,-0.0816707620637063,-0.0820444600969725,-0.0824142261956784,-0.0827800399489381,-0.0831418923291893,-0.0834997857906011,-0.0838537341372607,-0.0842037622045815,-0.0845499053937377,-0.0848922090947454,-0.0852307280294067,-0.0855655255409977,-0.0858966728534317,-0.0862242483187976,-0.0865483366686931,-0.0868690282816784,-0.0871864184764565,-0.0875006068380381,-0.0878116965821386,-0.0881197939613662,-0.0884250077153399,-0.0887274485657264,-0.0890272287562375,-0.0893244616368869,-0.0896192612912178,-0.0899117422047754,-0.0902020189727685,-0.0904902060446458,-0.0907764175031656,-0.0910607668754662,-0.0913433669736243,-0.0916243297622142,-0.0919037662504395,-0.0921817864065006,-0.0924584990919626,-0.0927340120140185,-0.0930084316936715,-0.0932818634480041,-0.093554411384842,-0.0938261784082686,-0.0940972662335875,-0.0943677754104694,-0.0946378053531547,-0.0949074543767091,-0.0951768197384496,-0.0954459976837623,-0.0957150834956331,-0.0959841715472854,-0.0962533553573834,-0.096522727647294,-0.0967923803999015,-0.0970624049194404,-0.0973328918917185,-0.0976039314439481,-0.0978756132031535,-0.0981480263517434,-0.0984212596782961,-0.0986954016208262,-0.0989705402987143,-0.0992467635279802,-0.0995241588124885,-0.099802813300849,-0.100082813694885,-0.100364246090285,-0.100647195722968,-0.100931746585083,-0.101217980861798,-0.101505978122821,-0.101795814179831,-0.102087559490651,-0.102381276951019,-0.102677018862008,-0.102974822791981,-0.103274705961424,-0.103576657661057,-0.103880629060572,-0.104186519567304,-0.104494158639089,-0.104803281628129,-0.105113497814138,-0.105424248252153,-0.105734750384812,-0.106043925516508,-0.106350304176541,-0.106651903062273,-0.106946065595919,-0.107229256088551,-0.107496795016963,-0.107742519920617,-0.107958352867103,-0.108133751298067,-0.108255014400178,-0.108304412111601,-0.108259098837817,-0.108089769605474,-0.107759013944189,-0.107219324266143,-0.106410724095178,-0.105258002003782,-0.103667576520878,-0.101524085101621,-0.098686898545209,-0.0949869244569763,-0.0902242910493516,-0.0841677983345979,-0.0765573681478667,-0.0671110558074101,-0.0555383756175631,-0.0415615248704214,-0.0249452794771662,-0.00553460734330341,0.0167036576712494,0.0416419918928905,0.0689658087460937,0.0981696192964531,0.128582650053915,0.159423957406239,0.18987849070278,0.219178838336086,0.246675728672181,0.271884502596723,0.294502563119138,0.314400651318297,0.331595860284229,0.346215712549583,0.35846123587991,0.368574288560138,0.37681168169985,0.38342659896284,0.388656578638783,0.392716765051254,0.395797031973005,0.398061725986961,0.399651026344598,0.40068318096566,0.401257110376905,0.401455055442484,0.40134507967604,0.400983329509241,0.400416015497837,0.399681113224261,0.398809802253002,0.397827670714781,0.396755716038651,0.395611171752451,0.394408187863964,0.393158389162835,0.391871332444132,0.390554880466545,0.389215507573439,0.387858549378742,0.386488406755048,0.385108712534309,0.383722467806289,0.382332153436885,0.38093982138873,0.379547169574592,0.378155603278347,0.376766285611588,0.375380179013078,0.373998079423843,0.372620644466831,0.371248416713443,0.369881842919118,0.368521289947675,0.36716705797217,0.365819391432775,0.364478488144959,0.363144506880277,0.361817573684193,0.360497787148182,0.359185222814804,0.357879936862937,0,-0.0716600466406166,-0.0720570705134801,-0.0724704093123105,-0.0728920156007409,-0.0733184510589883,-0.0737475642378916,-0.0741777297019452,-0.0746077021771249,-0.0750365660552242,-0.0754636805235845,-0.0758886169284472,-0.0763110984374852,-0.0767309487422359,-0.0771480521846875,-0.0775623249800255,-0.0779736959371422,-0.0783820946877157,-0.0787874455000704,-0.0791896650192632,-0.0795886625996672,-0.0799843422105757,-0.0803766051684992,-0.0807653531726159,-0.0811504912936485,-0.0815319306973154,-0.0819095909789923,-0.0822834020536636,-0.082653305591194,-0.0830192560167922,-0.0833812211146329,-0.0837391822823001,-0.0840931344875924,-0.0844430859791833,-0.0847890578000879,-0.0851310831488272,-0.0854692066283528,-0.0858034834176657,-0.0861339783959671,-0.0864607652443513,-0.0867839255455726,-0.0871035478984041,-0.0874197270595445,-0.0877325631229356,-0.0880421607437018,-0.0883486284116771,-0.0886520777776191,-0.0889526230336683,-0.0892503803483675,-0.0895454673555618,-0.0898380026957339,-0.0901281056077336,-0.0904158955684396,-0.0907014919775866,-0.0909850138848028,-0.091266579755801,-0.0915463072746325,-0.0918243131789444,-0.0921007131252473,-0.0923756215813078,-0.0926491517429138,-0.0929214154724086,-0.0931925232565532,-0.0934625841814518,-0.0937317059224469,-0.0939999947470698,-0.094267555529308,-0.0945344917736211,-0.0948009056473056,-0.0950668980199643,-0.0953325685089921,-0.0955980155301269,-0.0958633363522495,-0.0961286271557332,-0.0963939830937516,-0.0966594983560438,-0.0969252662347091,-0.0971913791916579,-0.0974579289273693,-0.0977250064506028,-0.0979927021486639,-0.0982611058577235,-0.0985303069325148,-0.0988003943144731,-0.0990714565969803,-0.099343582085814,-0.0996168588521069,-0.0998913747739969,-0.10016721756163,-0.100444474758054,-0.100723233705682,-0.10100358146409,-0.10128560465963,-0.101569389240235,-0.101855020099232,-0.10214258051919,-0.1024321513698,-0.102723809971179,-0.103017628503994,-0.103313671808373,-0.103611994361646,-0.103912636157048,-0.104215617116899,-0.104520929558616,-0.104828528082774,-0.105138316060019,-0.105450127646364,-0.105763703939734,-0.106078661486849,-0.106394450836661,-0.106710302187939,-0.107025154362189,-0.10733756231048,-0.107645577089255,-0.107946590664386,-0.108237135967834,-0.108512630277483,-0.108767047161064,-0.108992498875117,-0.109178707226088,-0.109312336529391,-0.109376157599145,-0.109348007006495,-0.109199501800778,-0.108894467613993,-0.108387039409339,-0.107619401994665,-0.106519156189945,-0.104996332544447,-0.102940136382566,-0.100215606651764,-0.096660518839632,-0.0920830699424224,-0.0862611543177136,-0.0789443575777593,-0.0698601092759948,-0.0587256328358825,-0.0452672246486852,-0.0292477259546863,-0.0105015634520914,0.0110256666157183,0.0352390977125642,0.061866679987274,0.0904510539145311,0.120368509973938,0.150876478600711,0.181183078430389,0.210525378462375,0.238240354311258,0.263815289414053,0.286911123847251,0.307359821528971,0.325142309549449,0.340355688183429,0.353177672442228,0.363833922887157,0.372571329635708,0.379638203738562,0.38527096324517,0.389686211129405,0.393076894983316,0.395611315749162,0.397433963056769,0.398667400591473,0.399414653076073,0.399761733758268,0.399780092661965,0.399528865562511,0.399056869731132,0.398404333560307,0.397604370786443,0.396684222114951,0.39566629195705,0.394569008676526,0.393407535150976,0.392194353774989,0.390939746980564,0.389652191317283,0.388338680323286,0.387004988915975,0.385655889862295,0.384295331041341,0.382926580658929,0.381552346280023,0.380174872474651,0.378796020992109,0.377417336656181,0.376040101583879,0.37466537984878,0.37329405431788,0.371926857071802,0.370564394558546,0.369207168419915,0.367855592758027,0.366510008469612,0.365170695162032,0.363837881072303,0.362511751334808,0.361192454881747,0.359880110209981,0.358574810206745,0,-0.0730161082161692,-0.0733645907395282,-0.0737393917980123,-0.0741304929879336,-0.07453226789799,-0.0749408401288168,-0.0753533738135954,-0.0757678141023795,-0.076182710787087,-0.0765970661134908,-0.0770102056169274,-0.0774216749860342,-0.0778311623109253,-0.0782384424143602,-0.0786433389809953,-0.0790457002601585,-0.079445384661872,-0.0798422532618293,-0.0802361669111009,-0.0806269862385395,-0.0810145733167561,-0.081398794139325,-0.0817795213411923,-0.0821566368028169,-0.0825300339275578,-0.0828996194853589,-0.083265314985458,-0.0836270575858581,-0.0839848005746647,-0.0843385134734342,-0.0846881818193077,-0.0850338066837669,-0.0853754039833986,-0.0857130036335175,-0.0860466485898856,-0.0863763938177354,-0.0867023052213158,-0.0870244585614877,-0.0873429383836816,-0.0876578369738554,-0.0879692533559948,-0.0882772923411693,-0.088582063635158,-0.0888836810091585,-0.0891822615360282,-0.0894779248928385,-0.089770792729193,-0.0900609880997222,-0.0903486349583821,-0.0906338577116059,-0.0909167808269527,-0.0911975284936401,-0.0914762243312033,-0.0917529911424751,-0.0920279507071045,-0.0923012236119208,-0.0925729291145727,-0.0928431850370364,-0.0931121076857719,-0.0933798117955077,-0.0936464104938435,-0.0939120152840804,-0.0941767360439008,-0.094440681037739,-0.0947039569408905,-0.0949666688736129,-0.0952289204436668,-0.0954908137959291,-0.0957524496678908,-0.0960139274500104,-0.0962753452500515,-0.0965367999606738,-0.096798387329671,-0.0970602020323675,-0.097322337745781,-0.0975848872242435,-0.0978479423762354,-0.0981115943422266,-0.0983759335733382,-0.0986410499106141,-0.0989070326646324,-0.0991739706950746,-0.0994419524896727,-0.0997110662416819,-0.0999813999246012,-0.100253041362284,-0.100526078291764,-0.100800598414965,-0.101076689433933,-0.101354439062074,-0.10163393500098,-0.10191526486852,-0.10219851605856,-0.102483775505577,-0.102771129317897,-0.103060662230588,-0.103352456812147,-0.103646592336742,-0.103943143204215,-0.104242176751214,-0.104543750245871,-0.104847906791932,-0.105154669781691,-0.105464035424846,-0.105775962735443,-0.106090360172483,-0.106407067890553,-0.106725834251296,-0.107046284857795,-0.10736788188142,-0.107689870829301,-0.108011211120317,-0.10833048586256,-0.108645785014022,-0.108954554613222,-0.109253402935254,-0.109537852206619,-0.109802021847427,-0.110038226062662,-0.110236464964789,-0.110383784323648,-0.110463474652916,-0.110454075971648,-0.110328150817382,-0.110050785960073,-0.109577784457115,-0.108853516841265,-0.107808417323685,-0.106356143649504,-0.104390475470649,-0.101782115697034,-0.0983756934478651,-0.0939874560406128,-0.0884043846477619,-0.0813857614724821,-0.072668511772228,-0.0619778466792479,-0.0490446786952239,-0.0336307414953853,-0.0155610777822293,0.00523855512154886,0.0287045552552074,0.0546064341547928,0.0825348964029711,0.111914541541708,0.142043830213335,0.172157791797626,0.201502102129884,0.22940364987351,0.25532417104208,0.278889159675998,0.299891384609836,0.318274098394966,0.334101840914619,0.347526679731225,0.358755870247867,0.368024495592086,0.375574511832299,0.381640140837364,0.386438730564588,0.390165885423216,0.392993670493452,0.395070858184478,0.396524409265187,0.397461600913074,0.397972402988557,0.398131850575543,0.398002267357982,0.397635267065064,0.397073506858149,0.396352194485375,0.395500366310514,0.394541960458526,0.393496711506427,0.392380892522186,0.391207928179941,0.389988899987411,0.388732961831612,0.387447681341646,0.386139320108844,0.384813063642909,0.383473210082632,0.382123325102784,0.380766369136414,0.379404801931611,0.37804066855207,0.376675670181886,0.375311222480573,0.373948503731391,0.372588494615291,0.371232011107566,0.369879731720938,0.368532220095986,0.367189943758231,0.365853289713069,0.364522577429029,0.363198069661227,0.361879981486393,0.360568487855055,0.359263729912573,0,-0.074339677741076,-0.0746487628875282,-0.0749909287451462,-0.0753555812391737,-0.0757355181400814,-0.0761254879260038,-0.0765216913427966,-0.0769214469794835,-0.0773229038424718,-0.0777248025020009,-0.0781262886989068,-0.0785267752981222,-0.0789258444006654,-0.079323180696695,-0.0797185280295025,-0.0801116625747252,-0.0805023775062447,-0.0808904753113627,-0.0812757649716394,-0.0816580620468532,-0.0820371903183909,-0.0824129841025852,-0.0827852906701251,-0.0831539724358082,-0.0835189087388929,-0.0838799971379474,-0.0842371542104177,-0.0845903158873657,-0.0849394373761535,-0.0852844927341616,-0.0856254741591544,-0.0859623910595561,-0.0862952689627275,-0.0866241483127032,-0.0869490832016781,-0.0872701400723964,-0.087587396421857,-0.0879009395306093,-0.0882108652364559,-0.0885172767666419,-0.0888202836385659,-0.0891200006356595,-0.0894165468622847,-0.0897100448792236,-0.0900006199195335,-0.0902883991831241,-0.0905735112073406,-0.0908560853100491,-0.0911362511011668,-0.0914141380582166,-0.0916898751612866,-0.0919635905826928,-0.0922354114266699,-0.0925054635145065,-0.0927738712107023,-0.093040757285921,-0.093306242812744,-0.093570447090475,-0.0938334875955129,-0.094095479954073,-0.0943565379343065,-0.0946167734551303,-0.0948762966093421,-0.0951352156988358,-0.0953936372799813,-0.0956516662174536,-0.09590940574501,-0.0961669575319223,-0.0964244217539505,-0.0966818971679272,-0.0969394811891769,-0.0971972699711434,-0.0974553584867321,-0.097713840610989,-0.0979728092048454,-0.0982323561997395,-0.098492572682998,-0.0987535489839119,-0.0990153747604629,-0.0992781390866618,-0.0995419305404215,-0.0998068372918123,-0.100072947191414,-0.100340347858274,-0.100609126766672,-0.100879371330476,-0.101151168983232,-0.10142460725134,-0.101699773816455,-0.101976756561699,-0.102255643594128,-0.102536523232931,-0.10281948394897,-0.103104614235895,-0.103392002386062,-0.10368173613493,-0.103973902125061,-0.104268585124118,-0.104565866909155,-0.104865824700438,-0.105168528989849,-0.105474040559064,-0.105782406417653,-0.10609365430695,-0.106407785306343,-0.106724763938093,-0.107044504986208,-0.107366856014023,-0.107691574270905,-0.108018296305095,-0.10834649812774,-0.108675443179152,-0.109004114604249,-0.10933112741667,-0.109654614981669,-0.109972082832537,-0.110280221106068,-0.110574664789257,-0.110849688465393,-0.111097819297838,-0.111309348586342,-0.111471718418273,-0.111568755852625,-0.111579723011062,-0.111478147951779,-0.111230399206017,-0.110793967893937,-0.110115427800071,-0.10912805927125,-0.107749152462498,-0.105877056330045,-0.103388120783258,-0.100133800726741,-0.0959383617250275,-0.090597851805869,-0.0838812730098617,-0.0755351633825479,-0.0652930044716821,-0.0528908595501946,-0.0380902208467312,-0.0207079762580921,-0.000651562604190217,0.022045109267564,0.0471918929590336,0.0744272082527718,0.103224943646056,0.132927084644273,0.162799338180244,0.192100365694022,0.220151084474048,0.246390745845498,0.270410949054699,0.291965263515739,0.310957997641613,0.327419055291002,0.341472442702191,0.353304631850594,0.363136798744541,0.371202842282977,0.377733511182391,0.382946015329837,0.387038065466829,0.390185201741331,0.392540383226593,0.394235005361053,0.395380721438673,0.396071631597607,0.396386553739571,0.396391203649409,0.396140190791381,0.395678788695125,0.395044471468713,0.394268226780162,0.393375665308223,0.392387950581307,0.3913225736419,0.390193995629093,0.389014179127118,0.387793026559971,0.386538741347832,0.385258125150999,0.3839568223886,0.382639521355759,0.381310119667841,0.379971860412424,0.378627444261113,0.377279121855091,0.375928770002359,0.374577954585395,0.37322798255294,0.371879944939262,0.370534752502073,0.369193165282337,0.367855817153962,0.366523236239086,0.365195861907676,0.363874058951769,0.362558129419758,0.361248322510251,0.359944842854751,0,-0.0756235993296618,-0.0759030404928921,-0.0762193996066014,-0.0765624335784783,-0.0769239155296242,-0.0772976212885153,-0.0776790926507154,-0.0780652447668577,-0.0784539838298309,-0.0788438974298348,-0.0792340245986334,-0.0796236936404128,-0.0800124121674713,-0.0803997952680235,-0.0807855205385857,-0.0811693014652894,-0.0815508729429023,-0.0819299845223756,-0.0823063983331973,-0.082679889619121,-0.08305024853639,-0.0834172823622242,-0.0837808176041989,-0.0841407017317285,-0.0844968044018263,-0.0848490181467742,-0.0851972585487289,-0.0855414639580602,-0.0858815948271445,-0.0862176327354934,-0.086549579179685,-0.086877454195395,-0.087201294870775,-0.0875211538017132,-0.0878370975308833,-0.0881492050044041,-0.0884575660726266,-0.0887622800551412,-0.0890634543845798,-0.0893612033391371,-0.0896556468698792,-0.0899469095257807,-0.0902351194769281,-0.0905204076343739,-0.0908029068636387,-0.0910827512877582,-0.0913600756749971,-0.0916350149058449,-0.0919077035136059,-0.0921782752927784,-0.0924468629694181,-0.0927135979277988,-0.0929786099878655,-0.0932420272282269,-0.0935039758497134,-0.0937645800748394,-0.0940239620788378,-0.0942822419482602,-0.0945395376634764,-0.0947959651017277,-0.0950516380577119,-0.0953066682789811,-0.0955611655137277,-0.0958152375688151,-0.0960689903761654,-0.0963225280658699,-0.0965759530446113,-0.0968293660782056,-0.0970828663772618,-0.0973365516851446,-0.0975905183675847,-0.0978448615034355,-0.0980996749762037,-0.0983550515661047,-0.0986110830424942,-0.0988678602566141,-0.0991254732346665,-0.0993840112712764,-0.0996435630234408,-0.0999042166050735,-0.100166059682233,-0.100429179569072,-0.100693663324458,-0.100959597849052,-0.101227069982421,-0.101496166599427,-0.101766974704705,-0.102039581523377,-0.102314074585335,-0.102590541799205,-0.102869071510528,-0.103149752536519,-0.103432674166816,-0.103717926115727,-0.104005598406152,-0.104295781158356,-0.104588564247296,-0.104884036779817,-0.105182286326435,-0.105483397820766,-0.105787452011016,-0.106094523310613,-0.106404676846264,-0.106717964438354,-0.107034419166573,-0.107354048067747,-0.107676822376786,-0.108002664547364,-0.108331431066537,-0.108662889794833,-0.108996690205446,-0.109332324444911,-0.109669076571039,-0.110005956615927,-0.110341615241501,-0.110674233666742,-0.11100138220892,-0.111319839151772,-0.111625359686127,-0.111912382320595,-0.112173657400871,-0.11239977920024,-0.112578599493986,-0.11269449673433,-0.11272747116995,-0.112652033002956,-0.112435848798866,-0.112038112247596,-0.111407611175329,-0.110480476660416,-0.109177626844473,-0.107401963861583,-0.105035455259222,-0.101936340556881,-0.097936857856499,-0.0928420890401614,-0.0864307680492574,-0.0784591552654063,-0.0686692841986316,-0.056802913298314,-0.0426221878149543,-0.0259371293052602,-0.00663847970153126,0.0152677948855628,0.0396304236852925,0.0661348875081261,0.0943050335838558,0.123528639958485,0.153105810394302,0.182312764178869,0.210468988215938,0.236994885416737,0.261450306828445,0.283550115418247,0.303158729831106,0.320269474021253,0.334975844667071,0.347441000976978,0.357869896824636,0.36648643719975,0.373516397264122,0.379175771323078,0.383663668144483,0.387158693412867,0.389817810265937,0.391776828527747,0.393151866105606,0.39404130902691,0.394527949992309,0.394681103664023,0.394558582451237,0.394208474916129,0.39367070650666,0.392978384978701,0.39215894536139,0.391235115227701,0.390225722896348,0.389146370724622,0.388009993960135,0.386827323385963,0.385607267620685,0.384357228645013,0.383083362031789,0.381790791501911,0.380483785823215,0.379165904700399,0.377840119149606,0.376508910885614,0.375174354446843,0.373838185119045,0.372501855170797,0.371166580463286,0.369833379126918,0.368503103693984,0.367176467828005,0.365854068586934,0.364536404990671,0.363223893526852,0.361916881117055,0.360615655973872,0,-0.0768635325782608,-0.0771229216976057,-0.0774207062428132,-0.0777473457078018,-0.0780940410949485,-0.0784540251629383,-0.0788225210396212,-0.0791962865552174,-0.0795731545080697,-0.0799516726179814,-0.0803308471741563,-0.0807099696523046,-0.0810885038593484,-0.0814660152252907,-0.0818421285138205,-0.0822165041332987,-0.0825888262162199,-0.0829587978206661,-0.083326140166423,-0.0836905939093321,-0.0840519212071771,-0.0844099078361787,-0.0847643649512954,-0.0851151302986647,-0.0854620688224241,-0.0858050726874616,-0.086144060782952,-0.0864789777916314,-0.0868097929153475,-0.0871364983443517,-0.0874591075499226,-0.0877776534697352,-0.0880921866444984,-0.0884027733537335,-0.0887094937886893,-0.0890124402915872,-0.0893117156827384,-0.0896074316905874,-0.0898997074943456,-0.0901886683844737,-0.0904744445427566,-0.0907571699409552,-0.0910369813549125,-0.0913140174894339,-0.0915884182081459,-0.0918603238618074,-0.0921298747080935,-0.092397210415676,-0.0926624696453949,-0.0929257897014383,-0.0931873062456712,-0.0934471530685559,-0.0937054619104593,-0.0939623623275348,-0.0942179815967707,-0.0944724446552161,-0.0947258740688116,-0.0949783900266572,-0.0952301103569504,-0.0954811505612047,-0.0957316238637217,-0.0959816412736339,-0.0962313116571548,-0.0964807418179777,-0.096730036584041,-0.0969792988991402,-0.0972286299181059,-0.0974781291044857,-0.0977278943298695,-0.0979780219741828,-0.0982286070264322,-0.0984797431855433,-0.0987315229610544,-0.0989840377735542,-0.0992373780548446,-0.0994916333478996,-0.0997468924067578,-0.10000324329654,-0.100260773493815,-0.100519569987563,-0.100779719380956,-0.101041307994169,-0.101304421968343,-0.101569147370714,-0.101835570300773,-0.102103776997054,-0.10237385394382,-0.102645887976457,-0.102919966383727,-0.103196177004152,-0.103474608312626,-0.103755349491693,-0.10403849047981,-0.104324121985899,-0.104612335455636,-0.104903222969607,-0.105196877046477,-0.105493390315014,-0.105792855006465,-0.106095362202558,-0.106401000752991,-0.10670985574832,-0.107022006397545,-0.107337523112189,-0.107656463536956,-0.107978867187491,-0.108304748253202,-0.108634085991738,-0.108966811973777,-0.109302793223063,-0.10964181002565,-0.109983526840022,-0.110327454309278,-0.110672899837366,-0.111018903519235,-0.111364155381056,-0.111706888858586,-0.112044744181895,-0.112374593803061,-0.112692320158389,-0.112992533860485,-0.113268217840594,-0.113510280004585,-0.113706993667588,-0.113843301511149,-0.113899955310134,-0.113852460657887,-0.113669794149506,-0.113312861214389,-0.112732667961141,-0.111868192906221,-0.110643968446137,-0.108967423040445,-0.106726100485982,-0.103784970679427,-0.0999841848742772,-0.0951378121405658,-0.0890343175859695,-0.0814397828054053,-0.0721050683911377,-0.0607781741399947,-0.0472228101503232,-0.0312434657925971,-0.0127159065641599,0.00837993797548671,0.0319299603287672,0.0576657258521985,0.0851613580701352,0.113852401032642,0.143076945732393,0.172133461108782,0.20034492805725,0.22711711687079,0.251980926323521,0.274613589689641,0.294839110108305,0.312612503917314,0.327994335764275,0.341121803952397,0.352181117953439,0.361384007099798,0.36894952769613,0.375091160020257,0.380008517615588,0.383882716690917,0.386874433899905,0.389123797910341,0.390751431183656,0.391860133378748,0.39253685138263,0.39285470366863,0.392874918129865,0.392648606822453,0.392218343818297,0.391619539187915,0.390881617773315,0.390029019587987,0.389082042116517,0.388057545369768,0.386969539538219,0.385829673274896,0.384647638517834,0.383431505612514,0.382188000469642,0.38092273366564,0.379640389787861,0.378344883942927,0.377039491169865,0.375726953508601,0.374409568645548,0.373089263368694,0.371767654493657,0.370446099450692,0.369125738334208,0.367807528896825,0.366492275707438,0.365180654477183,0.363873232380222,0.362570485051004,0.361272810820414,0,-0.0780575248261737,-0.0783058759508725,-0.0785922621595796,-0.078907751699676,-0.0792433388131996,-0.079592153148685,-0.0799494533942975,-0.0803120906978006,-0.0806779917860396,-0.0810457727249951,-0.0814144757476734,-0.0817833987332504,-0.0821519890507495,-0.0825197802892503,-0.0828863566821219,-0.0832513348428913,-0.0836143558837005,-0.0839750833944496,-0.0843332044070709,-0.0846884315768603,-0.0850405055448888,-0.0853891969196903,-0.0857343076157789,-0.0860756714690806,-0.0864131541550737,-0.0867466524915725,-0.0870760932330059,-0.087401431468954,-0.0877226487346133,-0.0880397509299288,-0.0883527661306268,-0.0886617423602885,-0.0889667453790961,-0.0892678565325833,-0.0895651706929103,-0.0898587943159541,-0.0901488436297764,-0.0904354429637275,-0.0907187232223713,-0.0909988205044424,-0.0912758748639986,-0.0915500292086608,-0.0918214283282058,-0.0920902180456814,-0.0923565444825263,-0.0926205534288414,-0.0928823898098653,-0.0931421972398246,-0.0934001176545885,-0.0936562910149215,-0.0939108550725729,-0.0941639451919243,-0.0944156942204334,-0.0946662324016352,-0.0949156873249859,-0.0951641839073481,-0.095411844401411,-0.0956587884268175,-0.095905133020214,-0.0961509927008756,-0.0963964795489428,-0.0966417032936889,-0.0968867714095747,-0.0971317892181652,-0.097376859994279,-0.0976220850750023,-0.0978675639704519,-0.0981133944753855,-0.0983596727809654,-0.0986064935861565,-0.0988539502084091,-0.0991021346934116,-0.0993511379238326,-0.0996010497270801,-0.0998519589821981,-0.100103953726102,-0.100357121259417,-0.100611548252243,-0.100867320850169,-0.101124524780937,-0.101383245462071,-0.101643568109845,-0.101905577849837,-0.102169359829288,-0.102434999331317,-0.102702581890875,-0.102972193412069,-0.103243920286112,-0.103517849508696,-0.103794068794894,-0.104072666688833,-0.104353732664144,-0.104637357209592,-0.104923631892083,-0.105212649386304,-0.105504503456372,-0.10579928886959,-0.106097101215498,-0.106398036594206,-0.106702191125843,-0.107009660216983,-0.107320537498961,-0.107634913325603,-0.107952872682221,-0.10827449231147,-0.108599836801796,-0.1089289533071,-0.109261864467256,-0.109598558972474,-0.109938979053115,-0.110283003971642,-0.11063042833418,-0.110980933712602,-0.111334051658276,-0.111689115676692,-0.112045199095556,-0.112401034971281,-0.112754913209813,-0.113104548893335,-0.113446914367983,-0.11377802592167,-0.114092673831511,-0.114384082163042,-0.11464348195659,-0.114859578378347,-0.115017889154431,-0.11509992837122,-0.115082206925588,-0.114935019240956,-0.114620986451735,-0.114093330836354,-0.113293867431739,-0.112150720180156,-0.110575806662785,-0.108462193872844,-0.105681515025892,-0.102081761416549,-0.0974859283513709,-0.0916921969855284,-0.0844765552565163,-0.0755989543336494,-0.0648141753249813,-0.0518884111368266,-0.0366219844268287,-0.0188774794095397,0.00138915524039673,0.0240990230121746,0.0490284635802578,0.0758018044368879,0.103903967794873,0.1327144050046,0.161558557133326,0.18976814481169,0.216739087949018,0.241976820431379,0.265122691793958,0.285960289002213,0.304404909524099,0.320481867146699,0.334299680330203,0.346023103795743,0.355849260826698,0.363988479865947,0.370650180868303,0.376033374391115,0.380320958146605,0.383676898468368,0.386245450906187,0.388151717071734,0.389502997425794,0.390390550677865,0.390891495955837,0.391070690540162,0.390982485994823,0.390672313606909,0.390178081305015,0.389531383326841,0.388758534646219,0.387881447424814,0.386918368583195,0.385884497397552,0.384792500745505,0.383652941828469,0.382474636239432,0.381264947323406,0.38003003099815,0.378775038611761,0.37750428502438,0.376221387907614,0.374929383241659,0.373630821136855,0.372327845392592,0.37102225961239,0.369715582201175,0.36840909216324,0.367103867282964,0.365800815993079,0.364500704006894,0.363204176602946,0.361911777295884,0,-0.0792057011279272,-0.079451173476513,-0.0797328957990153,-0.0800421542138037,-0.0803700641383573,-0.08071009158606,-0.0810578771068841,-0.0814106015949454,-0.0817664375721234,-0.0821241639288608,-0.0824829166301288,-0.0828420352281795,-0.0832009726290942,-0.0835592450577415,-0.0839164067134969,-0.0842720389744481,-0.0846257476681474,-0.0849771643723849,-0.0853259493170446,-0.0856717944971098,-0.0860144262647027,-0.086353607073458,-0.0866891362891468,-0.0870208501152365,-0.087348620750277,-0.0876723549214331,-0.0879919919419282,-0.0883075014303181,-0.0886188808131063,-0.0889261527133393,-0.0892293623089023,-0.0895285747265908,-0.0898238725223373,-0.090115353284444,-0.0904031273853279,-0.0906873158979729,-0.0909680486857965,-0.0912454626687541,-0.0915197002639739,-0.0917909079958296,-0.09205923526791,-0.0923248332876679,-0.0925878541334557,-0.092848449953075,-0.0931067722827513,-0.0933629714755241,-0.0936171962283234,-0.0938695931974462,-0.0941203066926826,-0.09436947844096,-0.0946172474110116,-0.094863749691247,-0.0951091184136606,-0.0953534837172624,-0.0955969727451446,-0.0958397096698909,-0.0960818157426059,-0.096323409361367,-0.0965646061554023,-0.0968055190817522,-0.0970462585316014,-0.0972869324438557,-0.0975276464238973,-0.0977685038657804,-0.0980096060764241,-0.0982510524006314,-0.0984929403460082,-0.0987353657070726,-0.098978422688044,-0.0992222040239753,-0.0994668011000497,-0.0997123040689938,-0.0999588019666855,-0.10020638282613,-0.100455133790069,-0.100705141222552,-0.100956490819873,-0.101209267721285,-0.101463556619976,-0.101719441874755,-0.101977007622944,-0.102236337894895,-0.10249751673056,-0.102760628298423,-0.103025757017045,-0.103292987679296,-0.103562405579154,-0.103834096640699,-0.104108147548526,-0.104384645878333,-0.10466368022574,-0.104945340330515,-0.105229717192138,-0.105516903171013,-0.105806992067457,-0.106100079167648,-0.106396261241844,-0.106695636474979,-0.10699830430291,-0.107304365118497,-0.107613919799756,-0.107927068996704,-0.108243912092931,-0.108564545731306,-0.108889061758438,-0.109217544397623,-0.109550066402018,-0.109886683865315,-0.110227429271739,-0.110572302245499,-0.110921257305005,-0.111274187731139,-0.111630904411534,-0.111991108211907,-0.1123543540364,-0.112720004253969,-0.1130871685663,-0.113454626650336,-0.113820728997456,-0.114183270260541,-0.114539328076394,-0.114885058720233,-0.11521543904094,-0.115523941899345,-0.115802129786417,-0.116039148470264,-0.116221099510732,-0.116330267493519,-0.116344175243073,-0.116234438700921,-0.115965393607146,-0.115492470145006,-0.114760301598042,-0.113700572098348,-0.112229641163729,-0.11024603462267,-0.107627969370708,-0.104231189861439,-0.0998875418027189,-0.0944048913621846,-0.0875692012212892,-0.0791497599242044,-0.068908655761634,-0.0566154771982274,-0.0420677619524629,-0.0251167670004847,-0.00569664570519181,0.0161467353145935,0.0402328412034691,0.0662357096730872,0.0936908272867278,0.122022068227563,0.150586495633995,0.178730053194633,0.205844122658002,0.231412876465798,0.25504427476214,0.276482124127026,0.295601024260736,0.312388920637183,0.326922929342666,0.339343486405429,0.349830436522324,0.35858309389544,0.365804998202262,0.371693203480731,0.37643145402381,0.380186419241306,0.383106167738468,0.385320168719759,0.386940253810059,0.388062117315394,0.38876705915838,0.389123775486417,0.389190077339106,0.389014471153558,0.38863757079067,0.388093333617988,0.387410126786474,0.386611637180313,0.385717641813589,0.384744656254187,0.383706478026575,0.382614640565058,0.381478791584319,0.380307007958988,0.379106057501291,0.377881616468048,0.376638450245373,0.375380563456408,0.374111324705966,0.372833570300679,0.371549690546333,0.370261701607191,0.368971305397928,0.367679939551755,0.366388819154365,0.365098971640642,0.363811266009237,0.362526437310489,0,-0.0803100601502505,-0.080559652329801,-0.0808426822111599,-0.0811499982884364,-0.0814731923969825,-0.0818064957343061,-0.0821462472983533,-0.0824901620551227,-0.082836782557924,-0.0831851236009393,-0.0835344571705192,-0.0838841891416131,-0.0842337930643285,-0.0845827781508689,-0.0849306768560902,-0.08527704295584,-0.0856214546096747,-0.0859635191875562,-0.0863028780835813,-0.0866392106290021,-0.0869722367483409,-0.0873017183064095,-0.0876274592558795,-0.0879493047701553,-0.0882671395702245,-0.0885808856493318,-0.0888904995796668,-0.0891959695591776,-0.0894973123290625,-0.0897945700661505,-0.0900878073306725,-0.0903771081293714,-0.0906625731366189,-0.090944317102005,-0.0912224664614516,-0.0914971571599053,-0.0917685326867452,-0.092036742319829,-0.0923019395703256,-0.0925642808178335,-0.0928239241235627,-0.0930810282083513,-0.0933357515818337,-0.0935882518090468,-0.0938386849010432,-0.0940872048165819,-0.0943339630626299,-0.0945791083821652,-0.0948227865185856,-0.0950651400468732,-0.0953063082625016,-0.095546427119899,-0.095785629213075,-0.0960240437917765,-0.096261796807252,-0.0964990109823708,-0.0967358059014638,-0.0969722981158319,-0.0972086012613852,-0.0974448261853726,-0.0976810810795926,-0.097917471617884,-0.0981541010960573,-0.0983910705727562,-0.0986284790100392,-0.0988664234127318,-0.0991049989658453,-0.0993442991695639,-0.0995844159714961,-0.0998254398960463,-0.100067460170914,-0.100310564850846,-0.100554840938886,-0.100800374505446,-0.101047250805601,-0.101295554395081,-0.101545369245471,-0.101796778859156,-0.102049866384592,-0.102304714732455,-0.102561406693263,-0.102820025056975,-0.103080652735108,-0.103343372885778,-0.103608269042048,-0.103875425243792,-0.104144926173183,-0.104416857293629,-0.10469130499177,-0.104968356721703,-0.105248101150121,-0.105530628300378,-0.105816029692537,-0.106104398475278,-0.106395829543868,-0.10669041963625,-0.106988267396355,-0.10728947338993,-0.107594140053002,-0.107902371546374,-0.108214273480605,-0.108529952464225,-0.108849515412604,-0.109173068534869,-0.109500715890287,-0.109832557371761,-0.110168685930617,-0.110509183800806,-0.110854117408842,-0.111203530564081,-0.111557435407143,-0.111915800446202,-0.112278534823778,-0.112645467721164,-0.11301632151237,-0.113390676910893,-0.113767927894354,-0.114147223625049,-0.114527393886448,-0.114906853701205,-0.115283481757158,-0.115654466013799,-0.116016108362478,-0.116363578441877,-0.116690604647999,-0.116989088025218,-0.117248622116137,-0.117455899074871,-0.117593979596698,-0.117641401820547,-0.117571102878991,-0.117349127097089,-0.116933098349412,-0.116270442804861,-0.115296365111199,-0.11393160992221,-0.112080086582671,-0.109626503686515,-0.106434258155777,-0.102343954818557,-0.0971730964515841,-0.0907176693097372,-0.0827565245255307,-0.0730595616397755,-0.0614006608738498,-0.047575957569903,-0.0314272750898171,-0.0128692662130075,0.00808283893385053,0.031289646046543,0.0564739642505674,0.083222545045943,0.111006341700372,0.139218500960662,0.167224804009285,0.194417872772063,0.220265538462284,0.244345680880665,0.266363711232087,0.286153114670341,0.303662671218384,0.318935458357249,0.332084630049863,0.343269858533485,0.35267687484034,0.360501222381248,0.366936367748567,0.372165726261654,0.376357887361125,0.379664266861127,0.382218478383337,0.38413683778099,0.385519549085078,0.386452244804595,0.387007656813121,0.387247274102784,0.387222902209506,0.386978079772167,0.386549334540887,0.385967277903977,0.385257546710252,0.384441606163481,0.383537429560212,0.382560070815417,0.3815221448649,0.380434229660248,0.379305201897802,0.37814251703448,0.376952442643542,0.375740252803179,0.374510390009073,0.373266600059304,0.372012044466768,0.370749394196357,0.369480907885576,0.368208497172084,0.36693378130493,0.36565813284442,0.36438271594686,0.363108518474473,0,-0.0813737525582461,-0.0816334442845647,-0.0819227187162533,-0.0822315009394434,-0.0825522965130866,-0.0828805050805568,-0.0832134294192028,-0.0835494748281339,-0.0838876404523435,-0.0842272228303784,-0.0845676535703454,-0.0849084172750792,-0.0852490156298258,-0.0855889567705994,-0.0859277574138047,-0.0862649504405118,-0.0866000938465152,-0.0869327789275767,-0.0872626367339616,-0.0875893424967274,-0.087912618090317,-0.088232232773085,-0.0885480025159621,-0.0888597882372017,-0.0891674932371586,-0.089471060088681,-0.0897704671959624,-0.0900657251930828,-0.090356873315711,-0.0906439758466895,-0.0909271187087039,-0.0912064062546693,-0.0914819582883764,-0.0917539073336959,-0.0920223961596782,-0.092287575560633,-0.0925496023842297,-0.0928086377963922,-0.0930648457689092,-0.0933183917739252,-0.0935694416685684,-0.0938181607527072,-0.0940647129830305,-0.0943092603271956,-0.0945519622425639,-0.0947929752649856,-0.0950324526941101,-0.0952705443627704,-0.0955073964790565,-0.0957431515307521,-0.0959779482428138,-0.0962119215795485,-0.0964452027840434,-0.0966779194482557,-0.0969101956079508,-0.0971421518574012,-0.097373905479419,-0.0976055705868965,-0.097837258272582,-0.0980690767643089,-0.0983011315833514,-0.0985335257039751,-0.0987663597126241,-0.0989997319655008,-0.0992337387435914,-0.0994684744044435,-0.0997040315302319,-0.099940501071849,-0.100177972488931,-0.10041653388589,-0.100656272144137,-0.100897273050824,-0.101139621424491,-0.101383401238113,-0.101628695740089,-0.101875587573762,-0.102124158896109,-0.102374491496243,-0.102626666914403,-0.102880766562073,-0.103136871843907,-0.103395064282046,-0.103655425643436,-0.103918038070663,-0.104182984216732,-0.104450347384169,-0.104720211668628,-0.104992662107065,-0.105267784830275,-0.105545667219323,-0.105826398064985,-0.106110067728795,-0.106396768303616,-0.106686593770721,-0.106979640149134,-0.107276005631375,-0.107575790697548,-0.107879098196862,-0.108186033381807,-0.108496703875226,-0.108811219543778,-0.109129692242625,-0.109452235384645,-0.10977896327254,-0.110109990112714,-0.110445428604515,-0.11078538796579,-0.1111299712136,-0.111479271464975,-0.111833366953483,-0.112192314369428,-0.112556140019701,-0.112924828162,-0.113298305689942,-0.113676422121967,-0.114058923567189,-0.114445418993066,-0.114835336687772,-0.115227868277077,-0.115621897000891,-0.116015906155356,-0.116407862636833,-0.116795069357079,-0.117173978907163,-0.117539959207055,-0.117886999972652,-0.118207346663441,-0.118491046173886,-0.118725385983558,-0.118894205952481,-0.118977059737862,-0.11894820141454,-0.118775373096414,-0.118418372392339,-0.117827386175884,-0.11694109194355,-0.115684553429563,-0.113966977564667,-0.111679460557762,-0.108692937283696,-0.104856664454465,-0.0999977143367725,-0.09392212334646,-0.0864185041888825,-0.0772650424692735,-0.0662407786049392,-0.0531418130973666,-0.0378024483020154,-0.0201202165376242,-8.22951658400149e-05,0.0222107517517531,0.0465291068733778,0.072510949892523,0.099676468929252,0.127459041721437,0.155249903667475,0.182449066676375,0.208513627850241,0.232995555692764,0.255564107470682,0.27601193898115,0.294247328095092,0.310276879380597,0.324183480512591,0.33610355625584,0.346206410758947,0.354677163543487,0.361703755617769,0.367467820697433,0.372138851218958,0.375870957236694,0.378801531295265,0.381051223740966,0.382724752539419,0.383912190756451,0.384690478900318,0.385124992980531,0.385271062371439,0.385175376946835,0.384877253977777,0.384409755455284,0.383800658850809,0.383073291288,0.382247240496231,0.381338957061513,0.380362262288589,0.379328775041102,0.37824826962086,0.377128975319966,0.37597782687031,0.374800673699286,0.373602454714469,0.372387344295331,0.371158874264778,0.36992003583797,0.36867336488759,0.36742101330944,0.366164808806126,0.364906305016774,0.363646823595629,0,-0.0824007042456093,-0.0826756757437091,-0.0829748604425941,-0.0832874508498564,-0.0836074051927679,-0.0839316458791214,-0.0842586329264086,-0.0845875572546407,-0.0849179163870466,-0.0852493036908876,-0.0855813138052726,-0.0859135097715812,-0.0862454213278368,-0.0865765572803723,-0.086906422576736,-0.087234535179096,-0.0875604404263305,-0.0878837220377988,-0.0882040097033397,-0.0885209835965339,-0.0888343763100585,-0.0891439727457774,-0.0894496084598129,-0.0897511669003725,-0.0900485759040228,-0.0903418037453435,-0.090630854970787,-0.0909157661922432,-0.0911966019696107,-0.091473450874054,-0.0917464217936239,-0.0920156405194353,-0.0922812466325616,-0.0925433906982395,-0.0928022317640086,-0.0930579351513148,-0.093310670525259,-0.0935606102240764,-0.093807927828171,-0.094052796947769,-0.094295390208241,-0.0945358784126587,-0.0947744298620319,-0.0950112098148015,-0.0952463800684355,-0.0954800986473229,-0.0957125195825232,-0.0959437927702816,-0.0961740638975175,-0.0964034744237356,-0.0966321616099688,-0.0968602585864445,-0.0970878944516672,-0.0973151943965218,-0.0975422798478379,-0.0977692686266172,-0.0979962751168073,-0.0982234104411253,-0.0984507826409918,-0.0986784968581319,-0.0989066555158461,-0.0991353584983503,-0.0993647033269386,-0.0995947853320338,-0.099825697820467,-0.100057532237571,-0.100290378323887,-0.10052432426646,-0.100759456844874,-0.100995861572301,-0.101233622831957,-0.101472824009459,-0.101713547621656,-0.101955875442559,-0.102199888627068,-0.102445667833191,-0.102693293343523,-0.102942845186703,-0.10319440325963,-0.103448047451153,-0.103703857767964,-0.103961914463379,-0.104222298169637,-0.104485090034316,-0.104750371861363,-0.105018226257165,-0.105288736781972,-0.105561988106822,-0.105838066175958,-0.106117058374477,-0.106399053700634,-0.106684142941856,-0.106972418852943,-0.107263976334296,-0.107558912607028,-0.107857327380628,-0.10815932300722,-0.108465004614277,-0.108774480204836,-0.109087860710448,-0.109405259977173,-0.109726794658346,-0.110052583979315,-0.110382749328139,-0.110717413611644,-0.111056700297323,-0.111400732037062,-0.111749628737095,-0.112103504898015,-0.112462465996747,-0.112826603616083,-0.113195988943195,-0.113570664151843,-0.113950631048391,-0.114335836192545,-0.114726151491809,-0.115121349004329,-0.115521068356469,-0.115924774775318,-0.116331705236425,-0.116740799614703,-0.117150612980799,-0.117559204283044,-0.117963995571982,-0.118361594636104,-0.118747572402527,-0.119116184701442,-0.119460026000082,-0.119769600510273,-0.120032793739146,-0.120234225235567,-0.120354461251632,-0.120369064730828,-0.120247460151389,-0.119951593360889,-0.119434373203668,-0.118637894687392,-0.117491465673325,-0.115909494482187,-0.113789349002266,-0.111009373733904,-0.107427353640589,-0.102879843426147,-0.0971829315547302,-0.0901351607165286,-0.0815234410477285,-0.0711328029133159,-0.0587606485746209,-0.0442356693724784,-0.0274407161903926,-0.0083376603031173,0.0130091480909683,0.0364154054069642,0.0615703046398866,0.0880448352551917,0.115316307641028,0.142806881142051,0.169930351415865,0.196139308517584,0.220964853657503,0.244043280402792,0.265127545863363,0.284084708661196,0.300882811376596,0.315571578047562,0.328260995257597,0.339100848125993,0.348263088826264,0.355927862696699,0.362273255974888,0.367468372564954,0.371669136743934,0.375016175818257,0.377634190850242,0.379632322387229,0.381105127983992,0.382133890400596,0.382788061127947,0.383126711108779,0.383199910388007,0.383049993685586,0.382712692677103,0.382218131024519,0.381591687381608,0.380854736629688,0.380025281907723,0.379118490603052,0.37814714706204,0.377122033825742,0.376052251989454,0.374945490008088,0.373808249027046,0.372646031667374,0.371463500160263,0.37026460881713,0.369052715034043,0.367830672354587,0.366600908541653,0.365365491124038,0.364126182476159,0,-0.0833956611744964,-0.0836901477712023,-0.0840014315514764,-0.0843189936373541,-0.0846388535205193,-0.0849597294076221,-0.0852813418623335,-0.0856036929873664,-0.0859267721895264,-0.0862504531204473,-0.0865744769931552,-0.0868984730686711,-0.0872219923077829,-0.0875445424573726,-0.0878656191683518,-0.0881847310870722,-0.0885014186042934,-0.0888152667956267,-0.0891259134393571,-0.0894330530797995,-0.089736438049807,-0.0900358772508915,-0.0903312333557192,-0.090622418967403,-0.0909093921531959,-0.091192151670584,-0.0914707321216027,-0.0917451992050574,-0.0920156451841052,-0.0922821846461417,-0.0925449506010281,-0.09280409094052,-0.0930597652647516,-0.0933121420694463,-0.0935613962790978,-0.09380770710582,-0.0940512562101953,-0.0942922261387225,-0.0945307990119184,-0.0947671554374571,-0.0950014736236353,-0.0952339286697777,-0.0954646920117449,-0.0956939310024025,-0.0959218086086468,-0.0961484832083139,-0.0963741084719728,-0.0965988333162002,-0.0968228019164348,-0.0970461537688985,-0.0972690237923535,-0.0974915424616337,-0.0977138359659556,-0.097936026385969,-0.0981582318843765,-0.0983805669057278,-0.0986031423816835,-0.0988260659386684,-0.0990494421053776,-0.099273372518094,-0.0994979561222013,-0.099723289368663,-0.0999494664045726,-0.100176579257171,-0.100404718010987,-0.100633970977985,-0.100864424860784,-0.101096164909193,-0.101329275070434,-0.101563838133548,-0.101799935868595,-0.102037649161281,-0.102277058143795,-0.102518242322592,-0.102761280703966,-0.103006251918226,-0.103253234343325,-0.103502306228784,-0.103753545820726,-0.10400703148883,-0.104262841855981,-0.104521055931339,-0.104781753247527,-0.105045014002542,-0.10531091920696,-0.105579550836886,-0.105850991993035,-0.106125327066155,-0.106402641908914,-0.106683024014112,-0.106966562698882,-0.107253349294225,-0.107543477338777,-0.107837042775242,-0.108134144147149,-0.108434882792739,-0.108739363031514,-0.109047692337397,-0.109359981490317,-0.109676344695206,-0.109996899653684,-0.110321767568861,-0.110651073057223,-0.110984943933279,-0.111323510821669,-0.111666906537306,-0.11201526515576,-0.112368720672408,-0.11272740511841,-0.113091445962561,-0.113460962578193,-0.113836061490892,-0.114216830042388,-0.11460332800436,-0.11499557654806,-0.115393543815334,-0.115797126136346,-0.116206123690175,-0.116620209095751,-0.117038887039762,-0.117461442580629,-0.117886875196435,-0.118313814950995,-0.118740416315169,-0.119164224178162,-0.119582005394469,-0.119989537817464,-0.120381347159111,-0.120750380189105,-0.121087600773527,-0.12138149312086,-0.121617454486852,-0.121777057725048,-0.121837162847135,-0.121768856790413,-0.121536202811536,-0.121094786703066,-0.120390058295217,-0.119355486080418,-0.117910573656689,-0.115958833069488,-0.113385876360139,-0.110057876359779,-0.105820762159167,-0.100500649249199,-0.0939061441611004,-0.0858332770357286,-0.0760738487544772,-0.0644278532433856,-0.0507202559387761,-0.03482169538573,-0.0166716138962214,0.00369895793849662,0.0261489183329661,0.0504174536220759,0.076127253197167,0.102802683988919,0.129901986129543,0.156859216203814,0.18312919465526,0.208228048963155,0.231763314001326,0.253450361896338,0.273115107583768,0.29068545874457,0.306175306203601,0.319664988975808,0.331281484364264,0.341180531208667,0.349531862232234,0.356507904393166,0.362275765411153,0.366992032698856,0.37079980343954,0.373827374032001,0.376188088801026,0.377980943716619,0.379291637742584,0.380193850291966,0.380750593351841,0.381015540702625,0.381034276047144,0.380845429396907,0.38048168944734,0.37997069132936,0.379335786030732,0.378596701461727,0.377770106716776,0.37687009135047,0.375908570984651,0.374895629652248,0.373839808192111,0.372748346877822,0.37162738937374,0.370482154106718,0.369317078241257,0.368135938654196,0.366941953618843,0.365737868319648,0.364526026817159,0,-0.0843641458041974,-0.0846809952327711,-0.085004928492303,-0.085327418616045,-0.0856471378743931,-0.085964754135776,-0.0862812478134424,-0.0865973844299068,-0.0869135909835542,-0.0872299751241376,-0.0875463904526408,-0.0878625102173333,-0.0881778945573272,-0.088492046085248,-0.0888044529021727,-0.0891146200463143,-0.0894220911210668,-0.0897264620090995,-0.0900273884588505,-0.0903245890908651,-0.0906178451008013,-0.0909069976771622,-0.0911919439240773,-0.0914726318886006,-0.091749055137148,-0.0920212472029604,-0.0922892761309433,-0.0925532392730299,-0.0928132584319175,-0.0930694754099049,-0.0933220479894615,-0.0935711463506197,-0.0938169499152437,-0.0940596445981421,-0.0942994204386052,-0.0945364695822995,-0.0947709845818012,-0.0950031569838294,-0.0952331761720081,-0.095461228435427,-0.0956874962351279,-0.0959121576427437,-0.0961353859277205,-0.0963573492717736,-0.0965782105913925,-0.0967981274512774,-0.0970172520535334,-0.0972357312892513,-0.0974537068407587,-0.0976713153243355,-0.0978886884645502,-0.0981059532926043,-0.0983232323621694,-0.0985406439771876,-0.0987583024269758,-0.0989763182247486,-0.0991947983463633,-0.0994138464666906,-0.09963356319155,-0.0998540462836145,-0.1000753908811,-0.100297689708412,-0.100521033278229,-0.100745510084786,-0.100971206788331,-0.101198208390949,-0.101426598404108,-0.101656459008416,-0.10188787120621,-0.102120914967695,-0.102355669371399,-0.102592212739821,-0.102830622771141,-0.103070976667911,-0.10331335126368,-0.103557823148463,-0.103804468794018,-0.104053364679811,-0.104304587420586,-0.104558213896389,-0.104814321385845,-0.105072987703484,-0.105334291341794,-0.105598311618677,-0.105865128830859,-0.106134824413757,-0.106407481108197,-0.106683183134258,-0.106962016372403,-0.107244068551873,-0.107529429446137,-0.107818191074947,-0.108110447912198,-0.108406297098415,-0.108705838656145,-0.109009175705822,-0.109316414678774,-0.109627665522808,-0.109943041894244,-0.110262661328126,-0.11058664537561,-0.110915119693838,-0.111248214068879,-0.111586062346013,-0.111928802233538,-0.112276574935618,-0.112629524556009,-0.112987797196693,-0.113351539652662,-0.113720897574734,-0.114096012934871,-0.114477020580702,-0.114864043605429,-0.115257187182694,-0.115656530419475,-0.116062115658933,-0.116473934513632,-0.116891909720787,-0.117315871676961,-0.117745528220199,-0.118180425871465,-0.118619900311169,-0.119063013335308,-0.119508472892245,-0.119954532026743,-0.120398861633145,-0.120838390825477,-0.121269107452434,-0.121685809810112,-0.12208179893775,-0.122448499046944,-0.122774991694164,-0.123047447379892,-0.123248436553906,-0.123356100867878,-0.123343165480428,-0.123175775098073,-0.122812141414274,-0.122200999361217,-0.121279886381343,-0.119973285678292,-0.118190714635461,-0.115824897101241,-0.112750236386681,-0.108821906038205,-0.103875994721934,-0.097731268547204,-0.090193224042694,-0.081061154091167,-0.0701388721419275,-0.0572494554166985,-0.0422537986278527,-0.0250718855425652,-0.00570456229243467,0.0157475302041794,0.0390719363431854,0.0639432126161256,0.0899352026488429,0.116546894783005,0.14323897593667,0.169475588943829,0.194764555112257,0.218689896447507,0.240932615279476,0.261278528897915,0.27961454861561,0.295916466597323,0.310231880933942,0.322661560736635,0.333341721559638,0.342428721152862,0.350086845121862,0.356479241623283,0.361761692628534,0.366078732390412,0.369561581555098,0.372327403099527,0.374479462592877,0.376107862947071,0.37729060712116,0.378094813613589,0.378577966608014,0.378789125835097,0.378770052467103,0.378556229022438,0.378177765608114,0.377660193846335,0.377025155105472,0.376290992396855,0.37547325639239,0.374585136088671,0.373637824117808,0.372640825866033,0.37160222058903,0.370528881718617,0.36942666260332,0.368300553049406,0.367154811244194,0.365993074953068,0.364818455282395,0,-0.0853122053854734,-0.08565232192129,-0.0859877326681214,-0.0863139626054256,-0.0866327861725507,-0.0869468190748097,-0.0872581899494142,-0.087568308952178,-0.0878779431639083,-0.0881873627376833,-0.0884964855291724,-0.0888049994310976,-0.089112458603554,-0.0894183555442264,-0.0897221727483842,-0.0900234179953807,-0.0903216469741349,-0.0906164764128746,-0.0909075902894767,-0.0911947411522354,-0.0914777481107522,-0.0917564926704705,-0.0920309132768963,-0.0923009991961034,-0.092566784174841,-0.0928283401852118,-0.0930857714557776,-0.093339208915073,-0.0935888051184318,-0.0938347296897188,-0.094077165282087,-0.0943163040432276,-0.0945523445584548,-0.0947854892376025,-0.095015942107799,-0.0952439069727166,-0.0954695858991286,-0.0956931779929893,-0.0959148784293708,-0.0961348777031449,-0.0963533610700759,-0.0965705081508312,-0.0967864926732166,-0.0970014823306395,-0.0972156387373269,-0.0974291174631897,-0.0976420681333706,-0.097854634579479,-0.0980669550312843,-0.0982791623392204,-0.0984913842194692,-0.0987037435146462,-0.0989163584642162,-0.0991293429797503,-0.0993428069209914,-0.0995568563694512,-0.0997715938969229,-0.0999871188268672,-0.100203527487136,-0.100420913452926,-0.100639367779249,-0.100858979222508,-0.101079834451067,-0.101302018244946,-0.101525613684949,-0.101750702331735,-0.101977364395467,-0.102205678896799,-0.102435723820035,-0.102667576259403,-0.102901312559409,-0.103137008450279,-0.103374739179539,-0.103614579640773,-0.103856604500606,-0.104100888324933,-0.104347505705421,-0.104596531387247,-0.104848040399023,-0.105102108185788,-0.105358810745925,-0.10561822477278,-0.105880427801702,-0.106145498363164,-0.106413516142531,-0.106684562146979,-0.106958718879951,-0.107236070523463,-0.107516703128421,-0.107800704812991,-0.108088165968906,-0.108379179475351,-0.108673840919865,-0.108972248825331,-0.109274504881761,-0.109580714180995,-0.109890985451794,-0.110205431291859,-0.110524168392121,-0.110847317747074,-0.11117500484286,-0.111507359812074,-0.111844517540698,-0.112186617707918,-0.112533804733453,-0.112886227599129,-0.113244039501135,-0.113607397276093,-0.113976460526992,-0.114351390352995,-0.114732347559036,-0.115119490185255,-0.115512970150714,-0.115912928748207,-0.11631949065417,-0.116732756026296,-0.117152790146946,-0.117579609927657,-0.118013166412607,-0.118453322199304,-0.118899822424129,-0.119352257628306,-0.119810016414347,-0.120272225310378,-0.120737672664596,-0.12120471267804,-0.121671144833373,-0.122134062974043,-0.122589667117707,-0.123033029742267,-0.123457806765497,-0.12385588177319,-0.12421693029113,-0.12452788914938,-0.124772314436916,-0.124929610490349,-0.124974112269455,-0.124874005047859,-0.124590069613373,-0.124074249569534,-0.123268051806197,-0.122100814275325,-0.120487909905483,-0.118329005143383,-0.115506559257529,-0.111884837760063,-0.107309818216088,-0.101610480847886,-0.0946020804135257,-0.0860920550610884,-0.0758891889163398,-0.0638164388880582,-0.0497273918984399,-0.0335255957869935,-0.0151850429441507,0.00523095383735811,0.027556055178035,0.0515160770815705,0.0767359438829173,0.102759391179371,0.129079781604193,0.155177824362188,0.180560342118166,0.20479410225939,0.227530136716871,0.248516350323126,0.267598719752932,0.284713288071431,0.299872112296836,0.31314636787404,0.324649246213902,0.334520448706899,0.342913258203102,0.349984511612103,0.355887353720545,0.360766404382686,0.364754871476175,0.367973138959551,0.370528410052959,0.372515059279872,0.374015424516592,0.375100840702254,0.375832775814914,0.37626397610442,0.376439562340565,0.376398043805943,0.376172233971368,0.375790063136118,0.37527529040228,0.374648121458404,0.373925740738896,0.373122767306766,0.372251643775459,0.371322967080615,0.37034576916038,0.369327754748242,0.368275502614614,0.367194635764447,0.366089965335735,0.364965612259935,0,-0.0862460618367943,-0.0866078219929792,-0.0869518513527952,-0.0872796451063023,-0.0875962527699398,-0.0879060540951378,-0.0882121057167182,-0.0885162811419652,-0.0888195552516809,-0.0891222708396191,-0.0894243530497941,-0.089725471605124,-0.0900251588957032,-0.0903228930258556,-0.0906181540017504,-0.0909104598648124,-0.0911993882014163,-0.091484587240493,-0.0917657797331341,-0.0920427619912576,-0.0923153998244635,-0.0925836226264664,-0.0928474164955977,-0.0931068170014881,-0.0933619020101226,-0.0936127848342973,-0.0938596078722932,-0.0941025368237642,-0.094341755520377,-0.0945774613736937,-0.0948098614196311,-0.0950391689242804,-0.0952656005074484,-0.095489373736182,-0.0957107051394251,-0.095929808595873,-0.0961468940492969,-0.0963621665086354,-0.0965758252935939,-0.0967880634901263,-0.0969990675838014,-0.0972090172425732,-0.0974180852237981,-0.0976264373834323,-0.0978342327681735,-0.0980416237738851,-0.0982487563559478,-0.0984557702792496,-0.0986627993973551,-0.0988699719520156,-0.0990774108855998,-0.099285234160277,-0.0994935550788699,-0.099702482603247,-0.0999121216669479,-0.100122573479452,-0.100333935820121,-0.100546303320381,-0.100759767733169,-0.100974418189066,-0.101190341438885,-0.101407622082744,-0.101626342785944,-0.101846584482123,-0.102068426564374,-0.102291947065124,-0.102517222825691,-0.102744329656547,-0.102973342489334,-0.103204335521782,-0.103437382356658,-0.103672556135945,-0.103909929671389,-0.104149575572602,-0.104391566373845,-0.104635974660611,-0.104882873197077,-0.105132335055446,-0.105384433748168,-0.105639243363941,-0.105896838708363,-0.10615729545001,-0.106420690272665,-0.106687101034329,-0.106956606933596,-0.107229288683833,-0.107505228695593,-0.107784511267501,-0.108067222785826,-0.108353451932767,-0.108643289903365,-0.108936830630791,-0.109234171019528,-0.109535411185727,-0.10984065470371,-0.110150008857143,-0.11046358489292,-0.110781498275077,-0.111103868935164,-0.11143082151433,-0.111762485590819,-0.112098995884531,-0.112440492427661,-0.112787120686923,-0.113139031618307,-0.113496381629416,-0.113859332416725,-0.114228050635148,-0.114602707344496,-0.1149834771609,-0.115370537020196,-0.115764064433286,-0.116164235079289,-0.116571219538845,-0.116985178915151,-0.117406259021378,-0.117834582726691,-0.118270239945198,-0.118713274617931,-0.119163667871635,-0.119621316332837,-0.120086004323386,-0.120557368354943,-0.121034851963942,-0.12151764847313,-0.122004628717191,-0.122494250113611,-0.122984442680482,-0.123472466686055,-0.123954735548189,-0.124426596379145,-0.1248820591957,-0.125313464307816,-0.125711075810183,-0.126062587523916,-0.126352526331408,-0.12656153687685,-0.126665531472583,-0.12663469036347,-0.126432301136768,-0.126013433256285,-0.125323456112226,-0.124296428759609,-0.122853419274557,-0.120900854274851,-0.11832905733988,-0.115011210454462,-0.11080306415212,-0.10554382355804,-0.0990587342553764,-0.0911639564991267,-0.0816743058681026,-0.0704142953595858,-0.0572325753296897,-0.0420192883971806,-0.0247250467079834,-0.00537930849980074,0.0158948840908082,0.0388732056195354,0.063232358223319,0.0885639842952911,0.114399611376278,0.140243665277894,0.16560971988406,0.190054461787967,0.213204563801362,0.234773483042045,0.254567460831901,0.272481995086259,0.288491316140329,0.302633810450339,0.314996071279797,0.32569760521534,0.334877467290085,0.34268342504128,0.349263751438757,0.354761430733323,0.359310400331764,0.36303340172739,0.366041032174822,0.36843164316706,0.370291799233279,0.371697077428658,0.372713047003365,0.373396317317132,0.373795579878593,0.373952598537818,0.373903121990679,0.373677706588191,0.373302446545462,0.372799614317465,0.372188217180219,0.371484477702329,0.370702246378844,0.369853354626954,0.368947915885748,0.367994581903331,0.367000760552304,0.365972800762415,0.364916149440284,0,-0.0871715983014546,-0.0875504092461903,-0.087898706459885,-0.0882251469404944,-0.0885378449234642,-0.0888425710911195,-0.0891429943915815,-0.0894412224204593,-0.0897382825257664,-0.0900344905129616,-0.090329719031558,-0.0906235874061641,-0.0909155924632022,-0.0912051959582654,-0.0914918806210239,-0.0917751839024358,-0.0920547161885865,-0.0923301684446696,-0.0926013128796182,-0.0928679991921044,-0.0931301481973913,-0.0933877440787623,-0.0936408261058466,-0.0938894803750524,-0.0941338319239493,-0.0943740374289207,-0.0946102785968186,-0.0948427562943072,-0.0950716854140658,-0.0952972904484873,-0.0955198017242205,-0.0957394522414652,-0.0959564750578577,-0.0961711011563401,-0.0963835577383146,-0.0965940668867604,-0.096802844548201,-0.0970100997870214,-0.0972160342703454,-0.0974208419462981,-0.0976247088828678,-0.0978278132386761,-0.0980303253407157,-0.0982324078475177,-0.0984342159792591,-0.0986358977990383,-0.0988375945319458,-0.099039440910661,-0.0992415655381595,-0.0994440912597155,-0.0996471355377791,-0.0998508108245212,-0.100055224927875,-0.100260481367803,-0.100466679720294,-0.100673915947245,-0.100882282710963,-0.101091869672487,-0.101302763773365,-0.101515049500829,-0.101728809136656,-0.101944122990192,-0.102161069616264,-0.102379726018839,-0.102600167841453,-0.102822469545494,-0.103046704577565,-0.103272945527152,-0.103501264275892,-0.103731732139759,-0.103964420005479,-0.104199398462481,-0.104436737931681,-0.104676508792347,-0.10491878150828,-0.105163626754474,-0.105411115545382,-0.105661319365838,-0.105914310305638,-0.106170161198706,-0.106428945767692,-0.106690738774771,-0.106955616179359,-0.107223655303345,-0.107494935004365,-0.107769535857578,-0.108047540346274,-0.108329033061583,-0.108614100911425,-0.108902833338738,-0.109195322548904,-0.109491663746123,-0.109791955378347,-0.110096299390144,-0.110404801482649,-0.110717571379398,-0.111034723096476,-0.111356375214852,-0.111682651152114,-0.112013679429925,-0.112349593932353,-0.112690534148714,-0.113036645392579,-0.113388078985959,-0.11374499239434,-0.114107549293745,-0.1144759195453,-0.114850279045329,-0.115230809409373,-0.11561769743623,-0.116011134282225,-0.116411314255771,-0.116818433116484,-0.117232685730533,-0.117654262892661,-0.118083347073343,-0.11852010678447,-0.118964689175457,-0.119417210370292,-0.119877742930225,-0.120346299671354,-0.120822812874986,-0.121307107694226,-0.121798868274073,-0.122297594754974,-0.122802548910092,-0.123312685662643,-0.123826567128432,-0.124342255116958,-0.124857177189693,-0.125367960405856,-0.125870225779295,-0.126358335228535,-0.12682508144519,-0.1272613096777,-0.127655459010455,-0.127993009453299,-0.128255820269248,-0.128421344807532,-0.128461708194222,-0.128342637314033,-0.128022238643259,-0.127449630079097,-0.126563449778543,-0.125290290389648,-0.123543143409872,-0.121219988131697,-0.118202724332728,-0.114356727104296,-0.109531391576627,-0.10356212364872,-0.0962742990086241,-0.0874897227082889,-0.077036028195428,-0.0647592036431825,-0.0505389792617403,-0.0343061442465688,-0.0160600527338145,0.00411620503557511,0.0260459777511135,0.0494574743467812,0.0739924125566338,0.0992251825499221,0.124690703223502,0.149917230551056,0.174459283157483,0.197925950109445,0.220001073301375,0.240453691544085,0.259139070648833,0.2759921049352,0.291015615194239,0.304266121755263,0.315839250687531,0.325856292973891,0.334452788908985,0.341769476361175,0.347945567166201,0.353114093934285,0.357398967848566,0.360913368548843,0.363759116399176,0.366026730214536,0.367795933240866,0.369136427108572,0.370108802794133,0.370765497674889,0.371151738725337,0.371306434870913,0.371262997917106,0.371050082745359,0.370692244892587,0.37021051826669,0.36962291842756,0.368944878209525,0.368189622935438,0.367368492400349,0.366491216408753,0.365566150084827,0.364600474538402,0,-0.0880937960308456,-0.0884818938585571,-0.0888289900435371,-0.0891507411714962,-0.0894576847821742,-0.0897564376921861,-0.0900508942102697,-0.0903431383754028,-0.090634085706471,-0.0909239252736811,-0.0912124210371541,-0.0914991143984007,-0.0917834573640683,-0.092064897181756,-0.092342927381063,-0.0926171159125072,-0.0928871179929595,-0.0931526790187091,-0.0934136312791939,-0.0936698870358611,-0.0939214296999608,-0.0941683042580843,-0.0944106076859539,-0.0946484798086063,-0.0948820948719172,-0.0951116539599798,-0.0953373783063731,-0.0955595034915205,-0.0957782744837146,-0.0959939414613292,-0.096206756343572,-0.0964169699535702,-0.0966248297383084,-0.0968305779733682,-0.0970344503854199,-0.0972366751312407,-0.0974374720781681,-0.0976370523369858,-0.0978356180040969,-0.098033362075301,-0.0982304684985241,-0.0984271123373902,-0.0986234600216008,-0.0988196696636981,-0.0990158914249643,-0.0992122679159943,-0.099408934619896,-0.0996060203281654,-0.0998036475810964,-0.100001933106129,-0.100200988248877,-0.100400919392719,-0.100601828363778,-0.100803812818982,-0.10100696661556,-0.101211380160937,-0.101417140742479,-0.101624332836986,-0.101833038400133,-0.102043337136407,-0.102255306750272,-0.102469023179547,-0.102684560812091,-0.102901992687037,-0.103121390681914,-0.103342825687061,-0.103566367768769,-0.103792086322642,-0.104020050218663,-0.104250327939432,-0.104482987713054,-0.104718097642102,-0.104955725830037,-0.105195940506446,-0.105438810152358,-0.105684403626871,-0.105932790296239,-0.106184040166484,-0.106438224020541,-0.106695413560854,-0.106955681558238,-0.107219102007779,-0.107485750292411,-0.107755703354761,-0.108029039877725,-0.108305840474188,-0.108586187886171,-0.108870167193613,-0.109157866032906,-0.10944937482515,-0.109744787014057,-0.110044199313214,-0.110347711962364,-0.110655428992117,-0.11096745849634,-0.111283912911237,-0.111604909299753,-0.111930569639624,-0.112261021112791,-0.112596396393293,-0.112936833929841,-0.113282478218152,-0.113633480056631,-0.113989996777035,-0.114352192439211,-0.114720237975705,-0.115094311267725,-0.115474597128388,-0.115861287161985,-0.116254579458773,-0.116654678072911,-0.117061792216022,-0.117476135079548,-0.117897922174541,-0.118327369046536,-0.118764688184084,-0.119210084890443,-0.119663751826538,-0.120125861856796,-0.120596558734395,-0.121075945044944,-0.121564066682724,-0.122060892955862,-0.122566291199562,-0.123079994512257,-0.12360156090962,-0.12413032180606,-0.124665317272069,-0.125205214967175,-0.125748209000811,-0.126291894216384,-0.126833110518572,-0.127367750866451,-0.12789052543937,-0.128394673266425,-0.128871611332942,-0.129310509911205,-0.12969778172987,-0.130016471792,-0.130245534474351,-0.130358985433001,-0.130324918439467,-0.130104382463831,-0.129650123299698,-0.128905208327515,-0.12780157451275,-0.126258570546689,-0.12418160624237,-0.12146107740765,-0.117971802416475,-0.113573284531648,-0.108111193434104,-0.101420524237816,-0.0933309159448598,-0.0836745559411664,-0.072296916951313,-0.0590702251584138,-0.0439090244254402,-0.0267865168176523,-0.00774964067631206,0.0130696998578907,0.0354499570290386,0.0590839821675726,0.0835927119426513,0.108547661364658,0.133499562205694,0.158009154943962,0.18167574242643,0.204159760372217,0.225197060889973,0.244604347631063,0.262276735962842,0.278179403467745,0.292335656284113,0.304813577103931,0.315712949094442,0.325153572876773,0.333265558979088,0.340181762507641,0.346032249258876,0.350940527522089,0.355021217224464,0.358378826338796,0.361107337341257,0.363290354942804,0.365001618048976,0.366305726943972,0.367258977750157,0.367910229318479,0.368301753215228,0.368470036382256,0.36844651957224,0.368258263984757,0.367928544697967,0.367477373365185,0.366921954901587,0.366277084035242,0.36555548801416,0.364768121715317,0.363924421079412,0,-0.0890157124658815,-0.0894027500459235,-0.0897426020131649,-0.0900562808272623,-0.090355707539985,-0.0906476729521716,-0.0909358723229078,-0.0912221032388637,-0.0915070113978047,-0.0917905691411283,-0.092072385369642,-0.0923519045521361,-0.0926285313683154,-0.0929017053693261,-0.0931709423456419,-0.0934358539038373,-0.0936961531488505,-0.0939516518434245,-0.0942022526529371,-0.0944479388609304,-0.0946887630997588,-0.0949248360676334,-0.0951563158164305,-0.0953833979363238,-0.0956063067933468,-0.0958252878664075,-0.0960406011617407,-0.0962525156419447,-0.096461304584454,-0.0966672417742269,-0.096870598433261,-0.097071640792341,-0.0972706282161557,-0.0974678118002507,-0.0976634333663141,-0.0978577247904292,-0.0980509076068176,-0.098243192836999,-0.0984347810011101,-0.0986258622742817,-0.0988166167564802,-0.0990072148290809,-0.0991978175757094,-0.0993885772485999,-0.0995796377649296,-0.0997711352203575,-0.0999631984093625,-0.100155949343998,-0.100349503764401,-0.100543971635843,-0.100739457628361,-0.100936061576012,-0.101133878913706,-0.101333001090263,-0.101533515956992,-0.101735508131556,-0.101939059337346,-0.102144248718915,-0.102351153134301,-0.10255984742533,-0.102770404667125,-0.102982896398248,-0.103197392832964,-0.103413963057217,-0.103632675209979,-0.103853596651619,-0.10407679412101,-0.104302333883028,-0.104530281868132,-0.104760703805639,-0.104993665352285,-0.105229232217612,-0.105467470287631,-0.105708445748196,-0.105952225209377,-0.106198875832108,-0.106448465458245,-0.106701062745131,-0.10695673730563,-0.107215559854534,-0.107477602362129,-0.107742938215644,-0.108011642389159,-0.108283791622526,-0.108559464609692,-0.108838742196777,-0.109121707590121,-0.109408446574451,-0.109699047741206,-0.109993602726961,-0.110292206461793,-0.110594957427305,-0.110901957923911,-0.111213314346848,-0.111529137470192,-0.111849542737973,-0.112174650561247,-0.112504586619633,-0.112839482165488,-0.113179474328324,-0.113524706416454,-0.113875328212003,-0.114231496254244,-0.114593374104853,-0.11496113258669,-0.115334949985301,-0.115715012199094,-0.116101512819983,-0.116494653120939,-0.116894641919941,-0.117301695280949,-0.117716036001169,-0.118137892819369,-0.118567499261631,-0.119005092017625,-0.119450908711103,-0.1199051848914,-0.120368150026503,-0.12084002222055,-0.121321001306943,-0.121811259879462,-0.122310931714281,-0.122820096901208,-0.123338762837877,-0.123866840040036,-0.12440411147782,-0.124950193854338,-0.125504488890463,-0.126066122259095,-0.126633867313562,-0.127206050168302,-0.127780432006427,-0.128354063701082,-0.128923106942769,-0.129482615067182,-0.130026265693746,-0.130546036148845,-0.131031811522941,-0.131470914203329,-0.131847543001402,-0.132142109809861,-0.132330462456436,-0.132382984603575,-0.132263567922773,-0.131928459347058,-0.131324998261669,-0.130390276602503,-0.129049780776925,-0.127216109892181,-0.124787911359099,-0.121649232785483,-0.117669556140306,-0.112704850433187,-0.106600040476472,-0.099193321251815,-0.0903227200952172,-0.0798351846925126,-0.0675982155277562,-0.0535136431703073,-0.0375325869277683,-0.0196699969570763,-1.6627100041227e-05,0.0212539801786546,0.0438856828103581,0.0675484427383519,0.0918555015414884,0.116387363528983,0.140719513317834,0.164450037970729,0.187223454879128,0.208747996869451,0.22880504090229,0.247250842176867,0.264011878450723,0.279075731507568,0.292479541333001,0.304297801958866,0.314630807597261,0.323594560846959,0.331312523222317,0.337909267589741,0.343505886747842,0.348216904076343,0.352148394562619,0.35539703215874,0.358049811910847,0.360184238192594,0.3618688145234,0.363163710770215,0.364121517711261,0.364788026412802,0.365202991038953,0.3654008494432,0.365411387185186,0.365260338449534,0.364969922566964,0.36455931815315,0.364045078840205,0.363441495599585,0.362760911054099,0,-0.0899376683445521,-0.0903120216338462,-0.0906386793240084,-0.0909412428649208,-0.091231692974148,-0.0915162622889695,-0.0917980254915421,-0.0920782501414505,-0.092357175528214,-0.0926344862569376,-0.0929096051451421,-0.093181872393583,-0.0934506512655398,-0.0937153861464959,-0.0939756301340192,-0.0942310536076141,-0.0944814413835104,-0.0947266834464438,-0.0949667624811046,-0.0952017402371586,-0.0954317439706031,-0.095656953683293,-0.0958775905438106,-0.0960939066563525,-0.0963061762091729,-0.096514687952873,-0.0967197389129371,-0.0969216292180159,-0.0971206579171975,-0.0973171196603743,-0.0975113021221014,-0.097703484058619,-0.0978939338983994,-0.098082908777649,-0.0982706539430291,-0.0984574024540734,-0.0986433751271747,-0.0988287806714972,-0.0990138159747287,-0.0991986665032395,-0.0993835067870234,-0.0995685009648277,-0.0997538033692036,-0.0999395591349124,-0.100125904817271,-0.100312969009693,-0.100500872951925,-0.100689731122379,-0.100879651809545,-0.101070737658777,-0.101263086191875,-0.101456790297761,-0.101651938693343,-0.101848616354248,-0.102046904915627,-0.102246883043671,-0.102448626778769,-0.102652209851552,-0.102857703973258,-0.10306517910202,-0.103274703686816,-0.103486344890886,-0.103700168796516,-0.103916240593092,-0.104134624750362,-0.104355385178823,-0.104578585379142,-0.104804288582474,-0.105032557883488,-0.105263456367867,-0.10549704723596,-0.105733393924208,-0.105972560225859,-0.106214610412428,-0.106459609357235,-0.106707622662277,-0.106958716789591,-0.107212959198145,-0.107470418487232,-0.107731164547182,-0.107995268718166,-0.108262803957719,-0.108533845017536,-0.108808468629975,-0.109086753704627,-0.109368781535185,-0.109654636016791,-0.10994440387389,-0.11023817489859,-0.110536042199367,-0.110838102459915,-0.111144456207786,-0.111455208092396,-0.111770467171836,-0.11209034720777,-0.11241496696758,-0.112744450532692,-0.11307892761177,-0.113418533857209,-0.113763411182895,-0.114113708080787,-0.11446957993316,-0.114831189316555,-0.115198706292362,-0.115572308677573,-0.115952182287344,-0.116338521138659,-0.116731527601232,-0.11713141247779,-0.117538394990687,-0.117952702645161,-0.118374570931013,-0.118804242813658,-0.119241967951668,-0.119688001560463,-0.120142602819729,-0.120606032694373,-0.121078551004082,-0.12156041253306,-0.12205186191755,-0.122553126981746,-0.123064410110034,-0.123585877141858,-0.124117643150919,-0.124659754318532,-0.125212164926456,-0.125774708271419,-0.126347060035228,-0.126928692323243,-0.127518816202034,-0.128116310115819,-0.128719631032272,-0.129326704553961,-0.129934789526222,-0.130540311873682,-0.131138661510314,-0.131723945206498,-0.132288687292056,-0.132823469081706,-0.133316497020274,-0.133753088902136,-0.134115067338905,-0.134380050247562,-0.134520629958041,-0.134503436216118,-0.134288084715076,-0.133826022895597,-0.133059299913058,-0.131919309373425,-0.130325583202423,-0.128184754075914,-0.125389852608759,-0.121820162666357,-0.117341919417267,-0.111810191103249,-0.105072321507606,-0.0969733025843681,-0.0873633654343723,-0.0761078899515879,-0.0630994138924401,-0.0482710701944049,-0.0316102412027501,-0.0131706942396615,0.00691888430660299,0.0284520264140165,0.0511488516419758,0.0746682122628376,0.098626807525518,0.122623108141046,0.146262969202362,0.16918352993078,0.191072474264497,0.211680781499092,0.230828391405617,0.248403385201895,0.264356092611103,0.278689890069507,0.291450412962543,0.302714601326099,0.312580581452443,0.321158971204772,0.328565853164088,0.334917412990531,0.340326087628766,0.344897991484973,0.348731366425186,0.351915813168057,0.35453209153913,0.356652314086371,0.358340394826913,0.359652648611096,0.360638465079734,0.361341004098115,0.361797877252842,0.362041793215443,0.362101154332756,0.362000598489344,0.361761484794888,0.361402324552749,0.36093916071853,0,-0.0908569872001058,-0.0912073974405649,-0.091515716879366,-0.0918048223660002,-0.0920853243868427,-0.0923621870875821,-0.0926374883912217,-0.092911765180949,-0.0931847487062063,-0.0934557915871752,-0.0937241191910745,-0.0939889740016771,-0.094249693149162,-0.0945057443315792,-0.0947567364190945,-0.0950024152865902,-0.0952426516300945,-0.0954774250157178,-0.0957068067637203,-0.0959309432013963,-0.0961500401333566,-0.0963643489456535,-0.0965741544932767,-0.096779764760728,-0.0969815021943601,-0.0971796965578767,-0.0973746791424904,-0.0975667781600774,-0.0977563151543665,-0.0979436022773225,-0.0981289402926083,-0.0983126171835668,-0.0984949072584874,-0.0986760706603816,-0.0988563532017736,-0.0990359864569476,-0.0992151880546857,-0.0993941621238067,-0.0995730998518594,-0.0997521801242577,-0.0999315702170679,-0.100111426521688,-0.10029189528392,-0.100473113343501,-0.100655208863169,-0.100838302038807,-0.101022505784316,-0.101207926386534,-0.101394664126963,-0.101582813868199,-0.101772465603917,-0.10196370497202,-0.102156613731178,-0.10235127020151,-0.102547749670513,-0.102746124765711,-0.102946465795687,-0.103148841061404,-0.103353317139806,-0.103559959141838,-0.103768830947045,-0.103979995416977,-0.104193514589622,-0.104409449857089,-0.104627862128712,-0.104848811981744,-0.105072359801707,-0.105298565914429,-0.105527490711707,-0.105759194772458,-0.105993738981104,-0.10623118464488,-0.106471593611611,-0.106715028389415,-0.106961552269683,-0.107211229454572,-0.107464125190125,-0.107720305906042,-0.107979839362988,-0.108242794808236,-0.108509243140312,-0.108779257083221,-0.10905291137071,-0.109330282940935,-0.109611451141779,-0.109896497946993,-0.110185508183213,-0.110478569767833,-0.110775773957598,-0.11107721560771,-0.111382993441147,-0.111693210327766,-0.11200797357273,-0.11232739521362,-0.112651592325529,-0.112980687333272,-0.11331480832971,-0.113654089398981,-0.113998670943195,-0.114348700010868,-0.114704330624978,-0.115065724108043,-0.115433049400989,-0.115806483371762,-0.11618621110856,-0.11657242619119,-0.116965330932252,-0.117365136577512,-0.117772063451854,-0.118186341033269,-0.118608207932426,-0.119037911748932,-0.119475708767303,-0.119921863445288,-0.120376647634088,-0.120840339453433,-0.12131322172365,-0.12179557983069,-0.122287698867422,-0.122789859853839,-0.123302334788353,-0.123825380220064,-0.124359228955129,-0.124904079416324,-0.125460082060018,-0.126027322115109,-0.126605797739394,-0.127195392485106,-0.127795840721017,-0.128406684367257,-0.129027218953599,-0.129656426605546,-0.13029289308766,-0.130934705484236,-0.131579326468852,-0.132223440405522,-0.1328627657395,-0.133491827288664,-0.134103681164259,-0.134689584180509,-0.135238598834682,-0.135737124374162,-0.136168344297254,-0.136511581124802,-0.13674155080474,-0.136827512186415,-0.13673231231115,-0.136411336689096,-0.135811386344268,-0.134869521440124,-0.133511936018968,-0.131652960880184,-0.1291943323612,-0.126024912981223,-0.122021102534903,-0.117048228734764,-0.110963243385913,-0.103619055697684,-0.0948707849586487,-0.0845840832019337,-0.0726454407692096,-0.058974035218706,-0.0435342392885529,-0.0263474347632575,-0.00750140380513126,0.0128445628473659,0.0344604540085709,0.057053149203675,0.0802807277824031,0.103772154340738,0.127149991076184,0.150053225606901,0.172157367876253,0.193189622877747,0.212937969666812,0.23125407154221,0.248050840550348,0.263296027788626,0.277003386852353,0.289222836838451,0.300030752895537,0.309521151542739,0.317798198672167,0.324970196111904,0.33114501210691,0.336426806052095,0.340913842575259,0.344697176705169,0.347860004433662,0.350477499195273,0.352616986138128,0.35433833724589,0.35569449849058,0.356732083980128,0.35749199125828,0.358010006831279,0.358317382216601,0.358441368996496,0.358405707151841,0.358231064913049,0,-0.0917682353541543,-0.0920854674750015,-0.0923717698527572,-0.0926460657197707,-0.0929162662868648,-0.0931854629933474,-0.0934544456681608,-0.0937228830012515,-0.0939899422537595,-0.094254632180591,-0.0945159916938039,-0.0947731870440672,-0.0950255540125,-0.0952726076915383,-0.095514034059587,-0.0957496722140837,-0.0959794926754761,-0.0962035749574702,-0.0964220861952909,-0.0966352617510516,-0.0968433881846713,-0.0970467886655256,-0.0972458107232587,-0.0974408161440043,-0.0976321727776623,-0.0978202480119936,-0.0980054036770458,-0.0981879921606397,-0.0983683535373099,-0.0985468135361468,-0.0987236821956605,-0.0988992530750666,-0.0990738029107971,-0.099247591624361,-0.0994208626029146,-0.0995938431871433,-0.0997667453124618,-0.0999397662592798,-0.100113089476345,-0.100286885448146,-0.1004613125832,-0.10063651810493,-0.10081263893087,-0.100989802529293,-0.10116812774509,-0.101347725588982,-0.101528699985975,-0.101711148480449,-0.101895162896469,-0.102080829952867,-0.102268231833394,-0.102457446712872,-0.102648549240721,-0.102841610983615,-0.103036700829319,-0.103233885353921,-0.103433229154883,-0.103634795152383,-0.103838644861534,-0.104044838638037,-0.104253435899897,-0.104464495327747,-0.104678075046341,-0.10489423278967,-0.105113026052138,-0.105334512228118,-0.105558748742125,-0.105785793171759,-0.106015703365455,-0.10624853755696,-0.106484354478355,-0.106723213473306,-0.106965174612134,-0.107210298810119,-0.107458647950393,-0.107710285012598,-0.107965274208391,-0.108223681124748,-0.10848557287589,-0.108751018264551,-0.109020087953162,-0.109292854645459,-0.109569393278854,-0.109849781227852,-0.11013409851866,-0.11042242805505,-0.110714855855439,-0.111011471301053,-0.111312367394944,-0.111617641031563,-0.111927393276483,-0.112241729655789,-0.112560760454555,-0.112884601023752,-0.113213372094814,-0.113547200100982,-0.113886217504428,-0.114230563127993,-0.11458038249021,-0.11493582814202,-0.115297060003355,-0.115664245697324,-0.116037560879312,-0.11641718955767,-0.116803324401864,-0.117196167032919,-0.117595928289659,-0.118002828462469,-0.118417097484097,-0.118838975064072,-0.119268710749612,-0.119706563891105,-0.120152803484171,-0.12060770785254,-0.121071564126145,-0.121544667456439,-0.122027319895231,-0.122519828843773,-0.123022504954226,-0.123535659335087,-0.12405959987418,-0.1245946264459,-0.125141024711586,-0.125699058150954,-0.126268957875842,-0.126850909671976,-0.127445037586621,-0.128051383225601,-0.128669879737946,-0.129300319244934,-0.129942312207271,-0.130595236913397,-0.131258176907554,-0.131929843752197,-0.132608482030718,-0.133291752939579,-0.133976592193583,-0.134659037278514,-0.135334018344041,-0.135995106260854,-0.136634210610943,-0.137241219705956,-0.137803574238575,-0.138305766018718,-0.138728753650818,-0.139049288280179,-0.139239145098779,-0.139264260715046,-0.139083783475113,-0.138649054250913,-0.137902550088662,-0.136776843490257,-0.135193656901712,-0.133063125694293,-0.130283423107917,-0.126740945198405,-0.122311298092624,-0.11686136536917,-0.110252746959225,-0.102346834373711,-0.0930116984412628,-0.0821307939001921,-0.0696132178169089,-0.0554049042294005,-0.0394997370631517,-0.0219491987960749,-0.00286895852751417,0.017559138568145,0.0390908058280194,0.0614291394052208,0.0842399162726921,0.107170773006414,0.129871961018824,0.152016127519214,0.173314850317799,0.193530358523009,0.212481785646766,0.230046184317226,0.246155195781116,0.260788626037741,0.273966245550882,0.28573897728331,0.296180366582027,0.305378923622832,0.313431654792608,0.320438884255063,0.326500318604556,0.331712219281306,0.336165506140201,0.339944606947637,0.343126879129476,0.345782452222587,0.347974365560067,0.349758901596816,0.351186038667642,0.352299966846962,0.353139626728444,0.353739243598339,0.354128839089895,0.354334709502251,0,-0.0926639465887923,-0.092942138063585,-0.0932047164601509,-0.0934640271986916,-0.0937242502843338,-0.0939861801414808,-0.0942491436224002,-0.0945118815134532,-0.0947729937062048,-0.0950311685053806,-0.0952852925616513,-0.095534492066612,-0.0957781349915003,-0.0960158125880146,-0.0962473112322692,-0.0964725811537565,-0.0966917057265609,-0.0969048732316993,-0.0971123519383543,-0.0973144687369971,-0.0975115912180905,-0.0977041129171724,-0.0978924413725007,-0.0980769886231866,-0.0982581637884884,-0.0984363673974448,-0.0986119871733545,-0.0987853950145688,-0.0989569449488087,-0.099126971871257,-0.099295790906346,-0.0994636972593081,-0.0996309664462547,-0.0997978548110513,-0.0999646002538693,-0.100131423110337,-0.100298527132014,-0.100466100528776,-0.100634317041884,-0.100803337023288,-0.100973308502282,-0.101144368225189,-0.101316642657471,-0.101490248940632,-0.101665295798754,-0.10184188439138,-0.102020109111057,-0.102200058325015,-0.102381815061457,-0.102565457641633,-0.102751060259485,-0.102938693511018,-0.10312842487595,-0.103320319154335,-0.103514438861087,-0.103710844581393,-0.103909595290058,-0.104110748637861,-0.104314361207983,-0.104520488745519,-0.104729186363039,-0.104940508725103,-0.105154510214516,-0.105371245083039,-0.105590767589161,-0.105813132125398,-0.106038393337496,-0.106266606237765,-0.106497826314642,-0.106732109640458,-0.106969512979235,-0.107210093896203,-0.107453910870593,-0.107701023413118,-0.107951492189415,-0.108205379150591,-0.108462747671869,-0.108723662700216,-0.10898819091168,-0.109256400879062,-0.109528363250418,-0.109804150938754,-0.110083839323185,-0.110367506461704,-0.110655233315615,-0.11094710398556,-0.111243205959009,-0.111543630368955,-0.11184847226349,-0.112157830885847,-0.112471809964409,-0.112790518012104,-0.113114068634528,-0.113442580846062,-0.113776179393137,-0.114114995083749,-0.114459165122168,-0.114808833447724,-0.115164151076345,-0.1155252764434,-0.115892375746127,-0.116265623283688,-0.116645201792488,-0.117031302773981,-0.117424126811506,-0.11782388387201,-0.118230793587414,-0.118645085509131,-0.119066999327536,-0.119496785045999,-0.119934703096335,-0.120381024378905,-0.120836030206089,-0.121300012121984,-0.121773271563857,-0.122256119321548,-0.122748874739277,-0.123251864589584,-0.12376542153072,-0.124289882035793,-0.124825583653502,-0.12537286142497,-0.125932043237701,-0.126503443844264,-0.127087357207998,-0.127684046758452,-0.128293733042714,-0.128916578142238,-0.129552666084505,-0.130201978311163,-0.13086436306452,-0.131539497317852,-0.132226839596882,-0.132925571714812,-0.133634527066855,-0.134352102698024,-0.135076151867724,-0.135803853286493,-0.136531552598579,-0.137254571040185,-0.13796697553845,-0.138661303866497,-0.139328237892444,-0.1399562175418,-0.140530987960846,-0.141035072705911,-0.141447166844363,-0.141741445983143,-0.141886790895077,-0.141845933172117,-0.141574535904752,-0.141020235580635,-0.140121688068308,-0.138807683473661,-0.136996422287246,-0.134595078369968,-0.131499811544602,-0.127596430548739,-0.1227619397678,-0.11686722081309,-0.109781088934349,-0.101375907397068,-0.091534822510877,-0.0801604848343307,-0.0671848480911726,-0.0525793092878086,-0.036364124721008,-0.0186157904167954,0.000528988739904004,0.0208739143005543,0.0421689658107595,0.0641214544074323,0.0864113385690607,0.108709140157362,0.130694356364234,0.152072236802445,0.172587178942506,0.192031667136722,0.210250452910125,0.227140363106762,0.242646602946066,0.25675664932907,0.269492832612456,0.280904550443599,0.291060822826189,0.3000436487039,0.307942404147924,0.31484935165812,0.320856213212638,0.326051690419817,0.33051978284706,0.334338749102274,0.337580564761336,0.340310749262592,0.342588455193651,0.34446673466331,0.345992916818393,0.347209047171186,0.348152353027551,0.348855710099118,0,-0.093535678187724,-0.0937731591580994,-0.0940125515211749,-0.0942579304857802,-0.094509157846439,-0.0947645384717496,-0.0950218975360082,-0.0952790736055426,-0.0955341507648406,-0.0957855555383804,-0.0960320785683722,-0.0962728553017453,-0.0965073266005002,-0.0967351918698193,-0.0969563618911604,-0.0971709151188569,-0.097379059119448,-0.0975810976365987,-0.097777403119683,-0.0979683942393966,-0.0981545177885969,-0.0983362343453452,-0.0985140071074001,-0.0986882933642857,-0.0988595381384933,-0.0990281695927739,-0.09919459586157,-0.0993592030195026,-0.0995223539479415,-0.0996843879021685,-0.0998456206169984,-0.10000634481858,-0.100166831035151,-0.100327328620414,-0.100488066920507,-0.100649256529884,-0.100811090593147,-0.100973746119507,-0.101137385284385,-0.101302156698988,-0.101468196633835,-0.101635630186277,-0.101804572385318,-0.101975129229641,-0.102147398656732,-0.102321471442589,-0.10249743203271,-0.10267535930596,-0.102855327273621,-0.103037405716439,-0.103221660762809,-0.103408155411539,-0.103596950002749,-0.103788102640571,-0.103981669571347,-0.104177705521025,-0.104376263995388,-0.10457739754672,-0.104781158010396,-0.104987596714814,-0.105196764667926,-0.105408712723559,-0.105623491730542,-0.105841152667509,-0.106061746766166,-0.106285325625565,-0.10651194131987,-0.106741646501879,-0.106974494504441,-0.107210539441751,-0.10744983631232,-0.107692441105317,-0.10793841091175,-0.108187804041876,-0.108440680150023,-0.108697100367886,-0.10895712744721,-0.109220825912637,-0.109488262225338,-0.109759504957955,-0.110034624981211,-0.110313695662463,-0.110596793076322,-0.11088399622738,-0.11117538728497,-0.111471051829769,-0.111771079111995,-0.11207556232081,-0.112384598864519,-0.112698290660993,-0.11301674443776,-0.113340072041043,-0.113668390753017,-0.114001823616457,-0.114340499765851,-0.114684554764041,-0.115034130943269,-0.115389377749512,-0.115750452088782,-0.116117518673982,-0.116490750370725,-0.116870328540289,-0.117256443377619,-0.117649294241929,-0.118049089977,-0.118456049217679,-0.118870400678315,-0.119292383417909,-0.119722247075453,-0.120160252067327,-0.120606669736521,-0.121061782440769,-0.121525883563256,-0.121999277425222,-0.122482279074242,-0.122975213915005,-0.123478417140612,-0.123992232911356,-0.124517013214154,-0.125053116318553,-0.125600904723835,-0.126160742465241,-0.126732991614657,-0.127318007770963,-0.127916134286095,-0.128527694912983,-0.129152984488799,-0.129792257179041,-0.130445711702175,-0.131113472827773,-0.131795568289977,-0.13249190007888,-0.13320220886108,-0.133926030033083,-0.134662639623173,-0.135410987925054,-0.136169618366896,-0.136936568690657,-0.137709251039446,-0.138484307029731,-0.139257433330606,-0.140023172702863,-0.140774664897384,-0.141503351323851,-0.142198627049814,-0.142847433582587,-0.143433786172434,-0.143938230262435,-0.144337223478105,-0.144602442564676,-0.144700019406368,-0.144589717264486,-0.144224068298098,-0.143547506968811,-0.142495551709458,-0.140994109664595,-0.138959006316858,-0.136295872461899,-0.132900552966938,-0.128660230706427,-0.123455478007854,-0.117163446764855,-0.109662374127472,-0.100837499049663,-0.0905883437275763,-0.0788371086217436,-0.0655376709380032,-0.0506843967148564,-0.0343197331475727,-0.0165394159432878,0.00250581770126318,0.0226128276881723,0.0435332767900848,0.064985067084948,0.0866669486520796,0.108274715249882,0.129517163959074,0.150130102945886,0.169887102297385,0.188606277777336,0.206153024458484,0.222439142971492,0.237419144948467,0.251084667406849,0.263457898698679,0.274584777478074,0.284528530659079,0.293363915005046,0.301172351038356,0.308038002114919,0.314044758172617,0.319274027844057,0.323803216079021,0.327704758463019,0.331045590449708,0.333886943846706,0.336284379934871,0.338287985866741,0.339942676920408,0.341288561019122,0,-0.0943750603057587,-0.0945746925135525,-0.0947936758506472,-0.0950273158402702,-0.0952710888938777,-0.0955208718748205,-0.0957730912427748,-0.096024794154812,-0.0962736530341997,-0.096517923514578,-0.0967563754834928,-0.0969882133303508,-0.0972129963237565,-0.0974305653478557,-0.0976409788365868,-0.0978444586318896,-0.0980413453316359,-0.0982320621478489,-0.0984170861097098,-0.0985969254510712,-0.0987721021182577,-0.0989431384647859,-0.0991105473360706,-0.0992748248752622,-0.099436445495347,-0.0995958585610731,-0.0997534864076967,-0.0999097233934084,-0.100064935740337,-0.100219461966944,-0.100373613754005,-0.100527677118618,-0.100681913797,-0.100836562758234,-0.100991841788464,-0.101147949099081,-0.101305064923681,-0.101463353077631,-0.101622962461255,-0.101784028493361,-0.101946674466302,-0.102111012817271,-0.102277146313244,-0.102445169149029,-0.102615167959492,-0.102787222748146,-0.102961407735188,-0.103137792128635,-0.103316440822629,-0.103497415027272,-0.103680772834464,-0.1038665697243,-0.104054859016591,-0.104245692272014,-0.1044391196473,-0.104635190208798,-0.104833952208571,-0.105035453327085,-0.105239740886353,-0.105446862037269,-0.105656863924675,-0.105869793833545,-0.106085699319476,-0.106304628326525,-0.106526629295233,-0.106751751263488,-0.10698004396274,-0.107211557911837,-0.107446344510651,-0.107684456135407,-0.107925946237515,-0.108170869447507,-0.1084192816855,-0.108671240279472,-0.108926804092455,-0.109186033659594,-0.109448991335875,-0.109715741455179,-0.109986350501177,-0.110260887290432,-0.110539423167979,-0.110822032215484,-0.111108791472006,-0.111399781167264,-0.111695084967183,-0.11199479023143,-0.112298988282544,-0.112607774686154,-0.112921249541748,-0.11323951778332,-0.113562689489206,-0.113890880200302,-0.11422421124582,-0.114562810075674,-0.114906810598489,-0.115256353524208,-0.115611586710153,-0.115972665509338,-0.116339753119738,-0.116713020933097,-0.117092648881727,-0.117478825781586,-0.117871749669698,-0.118271628133718,-0.118678678631085,-0.119093128794779,-0.119515216722085,-0.119945191242074,-0.120383312156505,-0.120829850447662,-0.12128508844506,-0.121749319940916,-0.122222850241775,-0.122705996140339,-0.123199085787503,-0.12370245843929,-0.124216464046864,-0.124741462649478,-0.125277823519895,-0.125825923998908,-0.126386147939543,-0.126958883661655,-0.127544521293145,-0.128143449343866,-0.128756050321431,-0.129382695153109,-0.130023736123352,-0.130679497970362,-0.131350266705425,-0.132036275623246,-0.13273768785745,-0.133454574700041,-0.134186888743659,-0.134934430717663,-0.135696808669961,-0.13647338789279,-0.137263229699234,-0.138065016825955,-0.138876962865423,-0.13969670271889,-0.140521160614066,-0.141346391758095,-0.142167393213635,-0.142977879120278,-0.143770014976292,-0.144534105407535,-0.145258229768724,-0.145927820169687,-0.146525177263727,-0.147028920601423,-0.147413372833334,-0.147647880907389,-0.147696083096874,-0.147515138724002,-0.147054948354242,-0.146257406532457,-0.145055747160963,-0.143374063385948,-0.141127108748979,-0.138220512773063,-0.134551569039034,-0.130010772181429,-0.124484284797011,-0.117857496420548,-0.110019783405514,-0.100870480285397,-0.0903259238363079,-0.0783272339482036,-0.0648482688630774,-0.0499029732102561,-0.0335511793656851,-0.0159018872429189,0.00288681435299995,0.0226116915867917,0.0430321908259879,0.063881595438607,0.0848804447182445,0.105750795250542,0.126229808170854,0.14608131881338,0.165104433558611,0.183138698381312,0.200065878261844,0.215808782283839,0.230327814996703,0.243616024888215,0.255693383638356,0.266600909540184,0.276395090091737,0.285142898098517,0.292917555578146,0.299795091107735,0.305851660745142,0.311161556559148,0.315795803918847,0.319821242403363,0.323299989629349,0.326289197816688,0.328841026173395,0.331002765959012,0,-0.0951750268081464,-0.0953438447050532,-0.095547145985045,-0.0957721549005507,-0.0960104066946385,-0.0962556561519618,-0.0965031664731706,-0.0967493813294734,-0.0969917113322046,-0.0972283585336866,-0.0974581615599091,-0.0976804600062496,-0.0978949789384347,-0.0981017331613701,-0.09830094962586,-0.0984930056418667,-0.0986783803889261,-0.0988576173506828,-0.0990312955814807,-0.0992000080344066,-0.0993643454885141,-0.0995248848854947,-0.0996821811167472,-0.0998367614923642,-0.0999891222788224,-0.100139726817691,-0.100289004838667,-0.100437352661319,-0.100585134044891,-0.100732681497464,-0.100880297897361,-0.101028258312826,-0.101176811932449,-0.101326184039824,-0.1014765779826,-0.101628177099265,-0.101781146577358,-0.101935635224913,-0.102091777143243,-0.102249693294045,-0.102409492957486,-0.102571275080744,-0.10273512951857,-0.102901138168904,-0.103069376007699,-0.103239912027804,-0.103412810087258,-0.103588129672587,-0.103765926582872,-0.103946253540331,-0.104129160733139,-0.104314696296056,-0.104502906734326,-0.104693837296076,-0.104887532298299,-0.105084035411254,-0.105283389905924,-0.105485638868942,-0.105690825389193,-0.105898992720045,-0.106110184420992,-0.106324444482227,-0.106541817435474,-0.106762348454207,-0.106986083446123,-0.107213069140597,-0.107443353173583,-0.107676984172255,-0.107914011841474,-0.108154487053979,-0.108398461945998,-0.108645990019798,-0.108897126254518,-0.109151927226434,-0.109410451239662,-0.109672758468109,-0.109938911109364,-0.110208973551031,-0.110483012549886,-0.110761097424091,-0.111043300258584,-0.111329696123609,-0.111620363306269,-0.111915383554855,-0.112214842335593,-0.112518829101391,-0.112827437572034,-0.113140766025223,-0.113458917597765,-0.113782000596144,-0.114110128815659,-0.11444342186721,-0.114782005510794,-0.115126011994702,-0.115475580399325,-0.115830856984466,-0.116191995538941,-0.116559157731239,-0.116932513459876,-0.117312241202045,-0.11769852835902,-0.118091571596635,-0.11849157717904,-0.118898761293659,-0.119313350365067,-0.119735581355122,-0.120165702046269,-0.12060397130436,-0.121050659316615,-0.121506047799434,-0.121970430169556,-0.122444111670599,-0.12292740944503,-0.12342065253924,-0.123924181826234,-0.124438349826588,-0.124963520403379,-0.125500068300603,-0.126048378486883,-0.126608845256585,-0.12718187102851,-0.127767864767407,-0.128367239935284,-0.128980411856874,-0.129607794356026,-0.130249795486041,-0.130906812136011,-0.131579223245554,-0.132267381300565,-0.132971601710771,-0.13369214958412,-0.134429223311064,-0.135182934251168,-0.135953281672616,-0.136740121929331,-0.13754313066778,-0.138361756633537,-0.139195165393996,-0.140042171006647,-0.14090115334183,-0.141769958416037,-0.142645778711382,-0.143525010056891,-0.144403081242632,-0.145274252151146,-0.14613137585685,-0.146965619913629,-0.14776614199532,-0.148519715272866,-0.14921029954044,-0.149818555319754,-0.150321300207979,-0.150690909879032,-0.15089467074841,-0.150894097765454,-0.150644239525757,-0.150093004295744,-0.149180554894844,-0.147838837726403,-0.145991331187103,-0.143553120117523,-0.140431423761612,-0.136526721378762,-0.131734627017183,-0.125948656072312,-0.119063992829946,-0.110982301818101,-0.101617520257504,-0.090902423669545,-0.0787955809760302,-0.0652881315285038,-0.0504096605160468,-0.0342323666756993,-0.0168727518563181,0.001509755524829,0.0207175043700727,0.0405224851774852,0.0606767369937146,0.0809243024510286,0.101013518986498,0.120708424286766,0.139798245985779,0.158104285250401,0.175483907506397,0.191831735431125,0.207078434713262,0.221187660064012,0.234151787897484,0.24598702617464,0.25672839476243,0.266424944652798,0.27513545792889,0.282924759478244,0.289860684361512,0.296011683044384,0.30144500786594,0.306225403661746,0.310414218452966,0.314068852069653,0.317242467865549,0,-0.0959306366637923,-0.0960790890521244,-0.0962728529678135,-0.0964929185169652,-0.0967277519895199,-0.0969694975204174,-0.0972126007169818,-0.0974531519759577,-0.0976884848808245,-0.0979168835313535,-0.0981373529138592,-0.0983494361179571,-0.0985530699458186,-0.098748472306047,-0.098936055497051,-0.0991163601860984,-0.099290005686404,-0.0994576529331655,-0.0996199772815902,-0.0997776488609654,-0.0999313187152983,-0.100081609355027,-0.100229108652948,-0.100374366257807,-0.100517891885681,-0.10066015499431,-0.100801585458352,-0.100942574951347,-0.1010834788087,-0.101224618199455,-0.101366282476369,-0.101508731606374,-0.101652198608926,-0.101796891949486,-0.101942997850697,-0.102090682495661,-0.102240094106756,-0.10239136489036,-0.102544612843031,-0.102699943418548,-0.102857451058037,-0.103017220587421,-0.103179328487812,-0.103343844045374,-0.103510830387744,-0.103680345414384,-0.103852442628317,-0.10402717187667,-0.104204580007273,-0.104384711448364,-0.104567608718183,-0.104753312870964,-0.104941863885513,-0.105133301002274,-0.105327663014487,-0.105524988518711,-0.105725316129726,-0.105928684664526,-0.106135133299831,-0.106344701707289,-0.106557430170258,-0.106773359685818,-0.106992532055407,-0.10721498996721,-0.107440777073236,-0.107669938063736,-0.107902518741426,-0.108138566097735,-0.108378128393086,-0.10862125524303,-0.108867997711811,-0.109118408414773,-0.109372541630829,-0.109630453426002,-0.109892201788908,-0.110157846778849,-0.110427450687049,-0.110701078211394,-0.110978796644893,-0.111260676077958,-0.11154678961444,-0.111837213601257,-0.112132027871337,-0.112431315999472,-0.112735165570601,-0.113043668459935,-0.113356921124264,-0.113675024903681,-0.113998086332924,-0.114326217461441,-0.114659536181224,-0.11499816656142,-0.115342239188652,-0.115691891511938,-0.116047268191053,-0.116408521447124,-0.116775811414189,-0.117149306490409,-0.117529183687546,-0.117915628977262,-0.118308837632684,-0.11870901456361,-0.11911637464356,-0.119531143026748,-0.119953555452815,-0.120383858536916,-0.120822310042417,-0.121269179133012,-0.121724746600537,-0.12218930506406,-0.122663159134911,-0.123146625541202,-0.123640033203928,-0.124143723254924,-0.124658048984612,-0.125183375704575,-0.125720080506303,-0.126268551892849,-0.126829189254343,-0.127402402151154,-0.127988609359482,-0.128588237623134,-0.129201720041514,-0.129829494007033,-0.130471998584496,-0.131129671199846,-0.131802943474974,-0.132492236008183,-0.13319795185511,-0.133920468411129,-0.1346601273319,-0.13541722205224,-0.136191982372799,-0.136984555477321,-0.137794982618201,-0.138623170562614,-0.139468856723271,-0.140331566705072,-0.141210562779726,-0.142104781553932,-0.143012758822985,-0.14393253930249,-0.144861568610357,-0.145796564537231,-0.14673336430863,-0.147666744226038,-0.148590207806053,-0.149495738358272,-0.15037351191246,-0.151211566603819,-0.151995425159688,-0.152707668142797,-0.153327457276077,-0.153830010726153,-0.154186035925168,-0.154361130668107,-0.154315170157747,-0.154001706684956,-0.153367419950639,-0.152351669704758,-0.150886218135345,-0.148895206533757,-0.146295487724626,-0.142997430147466,-0.138906317688747,-0.133924466473233,-0.127954159811576,-0.120901458933553,-0.112680874576942,-0.103220780734718,-0.0924693207159278,-0.0804004097535221,-0.0670193004997447,-0.0523670794849434,-0.0365234389612388,-0.0196071484990478,-0.00177384593490729,0.0167889371224172,0.0358692480860018,0.0552400749891309,0.0746697258903082,0.0939322304881423,0.112816804535294,0.131135599799709,0.148729243227951,0.165469984948377,0.181262564552896,0.196043124672163,0.209776630084597,0.222453291756767,0.234084466076461,0.244698424794455,0.254336295146904,0.263048371692561,0.270890914347408,0.277923477427681,0.284206763862497,0.28980096562452,0.29476453276652,0.299153305674686,0,-0.0966398579531498,-0.0967805219604169,-0.0969716075444375,-0.0971905880875417,-0.0974240225007265,-0.0976631004896057,-0.0979018737088427,-0.0981363717568948,-0.0983640572139347,-0.0985834404200863,-0.098793791475175,-0.0989949223052124,-0.0991870224689208,-0.0993705365409296,-0.0995460734066139,-0.0997143398070606,-0.0998760921678626,-0.100032102139619,-0.100183132383623,-0.100329919989369,-0.100473165557842,-0.100613526471507,-0.100751613237186,-0.100887988062189,-0.10102316503043,-0.101157611401183,-0.10129174967127,-0.101425960131347,-0.101560583715477,-0.101695924995475,-0.10183225521148,-0.101969815260759,-0.102108818589973,-0.102249453953854,-0.10239188801657,-0.102536267782088,-0.102682722847281,-0.102831367476969,-0.102982302503994,-0.103135617060165,-0.10329139014575,-0.103449692046365,-0.103610585606754,-0.103774127371266,-0.103940368600853,-0.104109356176257,-0.104281133396759,-0.104455740683511,-0.104633216196031,-0.104813596370044,-0.104996916384343,-0.105183210563964,-0.105372512726494,-0.105564856477936,-0.105760275464133,-0.105958803583416,-0.106160475165719,-0.106365325123114,-0.10657338907634,-0.106784703461633,-0.106999305621806,-0.107217233885288,-0.107438527636506,-0.107663227380759,-0.107891374806442,-0.108123012847238,-0.108358185746648,-0.10859693912699,-0.108839320064774,-0.109085377174115,-0.10933516069967,-0.109588722620347,-0.109846116764841,-0.11010739893989,-0.110372627071912,-0.11064186136257,-0.110915164458602,-0.11119260163612,-0.11147424099944,-0.111760153694345,-0.112050414135588,-0.112345100248285,-0.112644293722773,-0.11294808028237,-0.113256549963414,-0.113569797406835,-0.11388792216047,-0.114211028991219,-0.114539228206116,-0.114872635981287,-0.115211374697746,-0.115555573282896,-0.115905367556592,-0.116260900580545,-0.116622323009821,-0.116989793445137,-0.11736347878463,-0.1177435545737,-0.118130205351503,-0.118523624992594,-0.118924017042162,-0.119331595043198,-0.119746582853848,-0.120169214953071,-0.120599736732542,-0.121038404772563,-0.121485487099448,-0.121941263421552,-0.122406025340671,-0.122880076535006,-0.123363732909236,-0.123857322706337,-0.124361186574753,-0.124875677583111,-0.125401161172974,-0.125938015037904,-0.126486628914426,-0.127047404266985,-0.12762075384475,-0.128207101082742,-0.128806879313106,-0.129420530744137,-0.130048505154457,-0.130691258237255,-0.131349249514113,-0.132022939719211,-0.132712787531858,-0.133419245507612,-0.134142755024872,-0.13488374002363,-0.13564259926504,-0.136419696783199,-0.137215350132672,-0.138029815955302,-0.138863272295971,-0.139715796987606,-0.140587341299014,-0.141477697893432,-0.142386461979492,-0.14331298434851,-0.14425631478212,-0.145215134082716,-0.146187672727952,-0.147171613883618,-0.148163978233639,-0.149160987812826,-0.15015790577412,-0.151148848811816,-0.152126568829983,-0.153082200438611,-0.154004971043102,-0.154881870750882,-0.155697280162579,-0.156432555484423,-0.157065572465327,-0.157570233630472,-0.157915947383327,-0.158067093021813,-0.157982492788873,-0.157614920920859,-0.156910690311232,-0.155809369696043,-0.154243697673136,-0.152139773376882,-0.149417615567463,-0.145992189756482,-0.141775003361122,-0.136676357499489,-0.13060831618957,-0.123488405039454,-0.115243979401428,-0.105817107384456,-0.0951697026442315,-0.0832885291044128,-0.0701896053085631,-0.0559214850829488,-0.0405669079594836,-0.0242424135319342,-0.0070956990588483,0.0106992507081658,0.028948957549838,0.0474486143781713,0.0659908929632557,0.0843746029067561,0.102412465013478,0.119937419672809,0.136807113184592,0.152906445753775,0.168148281468444,0.182472583269013,0.195844331748239,0.208250617899515,0.219697279446483,0.230205395665048,0.239807884028678,0.248546367703316,0.256468415510868,0.26362520069214,0.270069583342388,0.275854593106461,0,-0.0973042350518393,-0.0974499218429999,-0.0976451205317807,-0.0978666069966279,-0.0981003175862917,-0.098337216162869,-0.098571424029144,-0.098799221547849,-0.0990184121235889,-0.0992278744547753,-0.0994272362856551,-0.0996166357559543,-0.0997965479302312,-0.0999676598199242,-0.100130781200069,-0.100286781653069,-0.100436546731708,-0.100580948015179,-0.100720823236181,-0.100856963688086,-0.100990106871987,-0.101120932888931,-0.10125006347979,-0.101378062905586,-0.101505440074387,-0.101632651478555,-0.101760104623003,-0.101888161712268,-0.102017143429224,-0.102147332686873,-0.102278978271034,-0.102412298318831,-0.102547483598049,-0.102684700567308,-0.102824094207869,-0.102965790625751,-0.103109899428347,-0.103256515883592,-0.103405722872172,-0.103557592644848,-0.103712188397761,-0.103869565678885,-0.104029773638713,-0.104192856137976,-0.104358852724647,-0.104527799491947,-0.10469972982839,-0.10487467507026,-0.105052665066224,-0.105233728663172,-0.105417894121734,-0.105605189469351,-0.105795642798215,-0.105989282514902,-0.106186137548011,-0.106386237519689,-0.106589612886503,-0.106796295054702,-0.107006316474562,-0.107219710718134,-0.107436512544383,-0.107656757955395,-0.107880484247,-0.108107730056884,-0.10833853541297,-0.108572941784586,-0.108810992138657,-0.109052731002925,-0.109298204537956,-0.109547460619459,-0.109800548932205,-0.110057521076657,-0.110318430689181,-0.110583333576535,-0.110852287865155,-0.111125354165561,-0.111402595752068,-0.111684078757808,-0.111969872384958,-0.112260049129893,-0.112554685022891,-0.112853859881893,-0.113157657579706,-0.113466166323934,-0.113779478948873,-0.114097693218459,-0.114420912139341,-0.114749244283065,-0.115082804116268,-0.115421712337787,-0.115766096221469,-0.116116089963482,-0.11647183503285,-0.116833480523909,-0.11720118350935,-0.117575109392471,-0.117955432257229,-0.11834233521463,-0.118736010743984,-0.119136661027471,-0.119544498276408,-0.119959745047575,-0.120382634547815,-0.120813410925078,-0.121252329543888,-0.121699657243109,-0.122155672573633,-0.122620666013378,-0.123094940156661,-0.123578809874594,-0.124072602442634,-0.124576657630793,-0.125091327751161,-0.125616977656413,-0.126153984681627,-0.126702738520179,-0.127263641022403,-0.127837105903171,-0.128423558341398,-0.129023434450485,-0.129637180593825,-0.130265252513391,-0.130908114231918,-0.131566236679911,-0.132240095987365,-0.132930171366188,-0.133636942492374,-0.134360886276489,-0.135102472886172,-0.135862160854567,-0.136640391072773,-0.137437579421855,-0.138254107749291,-0.139090312835051,-0.139946472922352,-0.140822791306238,-0.141719376378135,-0.14263621741503,-0.143573155276688,-0.144529847032276,-0.145505723378294,-0.146499937532561,-0.147511304095154,-0.148538226158478,-0.149578608729002,-0.150629756298988,-0.151688252187309,-0.152749817068722,-0.153809143950828,-0.154859706765803,-0.155893539758104,-0.156900985020908,-0.157870405929979,-0.158787864929711,-0.159636765249533,-0.160397457800328,-0.161046816872899,-0.161557791505082,-0.161898943678866,-0.162033990019483,-0.161921370516459,-0.161513876002744,-0.160758375588603,-0.159595695590297,-0.157960712019175,-0.15578272825224,-0.152986216378686,-0.149492002567448,-0.145218970685267,-0.14008634097046,-0.134016548566935,-0.126938697774827,-0.118792501665609,-0.109532536338054,-0.0991325522405323,-0.0875895043677854,-0.0749269055780576,-0.0611970909831565,-0.046482021534072,-0.0308923585137482,-0.0145647019883955,0.00234291456265392,0.0196569758879382,0.0371954105782248,0.0547749068933559,0.0722180068786685,0.0893594241946725,0.106051158470125,0.122166148395232,0.13760038465159,0.152273563098039,0.166128478530166,0.179129431233687,0.191259944077983,0.202520075722232,0.212923577637153,0.222495091204463,0.23126752627647,0.23927971144713,0.24657436310135,0,-0.0979286022945969,-0.0980906069178223,-0.0982958797692718,-0.0985227751722867,-0.0987578514271074,-0.0989925741706161,-0.0992215985941797,-0.099441762337245,-0.0996514113553714,-0.0998499220493562,-0.100037358963087,-0.100214231173803,-0.100381320749133,-0.100539563303835,-0.100689965843352,-0.100833551105841,-0.100971320655535,-0.101104231207864,-0.10123318026419,-0.101358998266793,-0.101482445285101,-0.101604210810537,-0.10172491564016,-0.101845115117413,-0.10196530320585,-0.102085917021964,-0.102207341562613,-0.102329914442354,-0.102453930514341,-0.102579646291107,-0.102707284112618,-0.102837036031555,-0.102969067401969,-0.103103520168974,-0.103240515865102,-0.10338015832438,-0.103522536128618,-0.103667724802462,-0.103815788774801,-0.103966783124396,-0.104120755127382,-0.104277745623724,-0.104437790218931,-0.104600920336397,-0.104767164134785,-0.104936547303838,-0.105109093751074,-0.105284826190843,-0.105463766646374,-0.105645936874578,-0.105831358722658,-0.106020054424809,-0.106212046846703,-0.106407359684808,-0.106606017627076,-0.106808046480982,-0.107013473274491,-0.107222326335009,-0.107434635351037,-0.107650431420813,-0.107869747091882,-0.108092616395184,-0.108319074876925,-0.108549159631176,-0.108782909335855,-0.109020364294448,-0.109261566485568,-0.10950655962218,-0.109755389222055,-0.110008102690815,-0.110264749418669,-0.110525380891727,-0.1107900508186,-0.111058815272767,-0.111331732851022,-0.111608864848148,-0.111890275447789,-0.112176031929342,-0.112466204890571,-0.112760868485475,-0.113060100676869,-0.113363983502994,-0.113672603357371,-0.113986051281055,-0.114304423266321,-0.114627820570765,-0.114956350040732,-0.115290124442918,-0.11562926280294,-0.115973890749633,-0.116324140863767,-0.116680153029874,-0.117042074789793,-0.117410061696573,-0.117784277667268,-0.118164895333209,-0.118552096386232,-0.118946071919376,-0.119347022760478,-0.119755159797074,-0.120170704290978,-0.120593888180818,-0.121024954370785,-0.121464157003711,-0.121911761716535,-0.122368045876052,-0.122833298792692,-0.123307821909866,-0.12379192896617,-0.124285946127421,-0.124790212085103,-0.125305078117315,-0.125830908107709,-0.126368078517121,-0.126916978301661,-0.127478008769816,-0.128051583369636,-0.128638127395188,-0.129238077599161,-0.129851881695568,-0.130479997732927,-0.131122893313814,-0.131781044631187,-0.132454935285067,-0.133145054834825,-0.133851897032133,-0.134575957667143,-0.135317731945369,-0.136077711294425,-0.136856379477729,-0.137654207865827,-0.138471649684421,-0.13930913302065,-0.140167052324807,-0.141045758092503,-0.14194554435128,-0.14286663350475,-0.143809158005467,-0.144773138233854,-0.145758455853749,-0.146764821794755,-0.147791737877336,-0.148838450948613,-0.149903898236071,-0.150986642455066,-0.152084795027567,-0.153195925589818,-0.15431695579391,-0.155444035254787,-0.156572397376825,-0.157696192735934,-0.158808297724864,-0.159900096331573,-0.160961233265281,-0.16197933723808,-0.162939714133186,-0.163825011141835,-0.164614854842647,-0.165285468755064,-0.165809279250415,-0.166154522967756,-0.166284874140487,-0.166159116511548,-0.165730891707397,-0.164948563796513,-0.163755247787783,-0.162089057235013,-0.159883631740405,-0.15706900740701,-0.153572890182071,-0.149322381262973,-0.1442461829767,-0.138277280910678,-0.131356052836154,-0.123433698403736,-0.114475819833483,-0.104465920354516,-0.0934085346032557,-0.0813316760801228,-0.0682882930767046,-0.0543564744309268,-0.0396382412158395,-0.0242568919853032,-0.00835302028117648,0.0079205298845674,0.0244043869469783,0.04093860109865,0.0573683599566772,0.0735490616260592,0.0893504339739639,0.104659513572434,0.119382427244452,0.133445034184129,0.14679257407641,0.159388520731766,0.171212862328195,0.182260023956097,0.192536623686714,0.202059218030043,0.210852153498983,0,-0.0985199733615526,-0.098707112295981,-0.0989269368273041,-0.0991610957103478,-0.0993978413998419,-0.099629803311187,-0.0998525988660003,-0.10006390143213,-0.100262776015718,-0.10044920334096,-0.100623744115714,-0.100787306421596,-0.100940987193425,-0.10108596590151,-0.101223434542771,-0.101354552690789,-0.101480419758381,-0.10160205903517,-0.101720409735468,-0.101836324444292,-0.101950570143242,-0.102063831547152,-0.102176715865016,-0.102289758367101,-0.102403428329794,-0.10251813506445,-0.102634233832528,-0.102752031517851,-0.102871791975755,-0.102993741013615,-0.103118070981751,-0.103244944970759,-0.103374500622973,-0.103506853573438,-0.103642100540615,-0.103780322089815,-0.103921585093638,-0.104065944913934,-0.104213447329353,-0.1043641302316,-0.104518025112278,-0.10467515836081,-0.104835552392458,-0.104999226624,-0.105166198313181,-0.105336483276717,-0.10551009650035,-0.105687052653297,-0.105867366518332,-0.106051053347801,-0.106238129154963,-0.106428610949229,-0.106622516923177,-0.10681986659853,-0.10702068093768,-0.107224982426813,-0.107432795136143,-0.107644144762317,-0.107859058657608,-0.108077565850097,-0.108299697058673,-0.10852548470629,-0.108754962934608,-0.108988167622797,-0.109225136412969,-0.109465908744425,-0.109710525898604,-0.109959031056361,-0.110211469368942,-0.110467888043783,-0.110728336446033,-0.110992866216466,-0.111261531406267,-0.111534388628967,-0.111811497229619,-0.112092919471146,-0.112378720737639,-0.112668969754206,-0.112963738822892,-0.113263104074002,-0.113567145732104,-0.113875948395848,-0.114189601330657,-0.114508198773257,-0.114831840246959,-0.1151606308865,-0.115494681771226,-0.115834110265339,-0.116179040363872,-0.11652960304303,-0.116885936613498,-0.117248187075285,-0.117616508472637,-0.117991063247543,-0.118372022590332,-0.118759566785809,-0.119153885553397,-0.119555178379692,-0.119963654841821,-0.120379534919962,-0.120803049297326,-0.121234439645891,-0.12167395889606,-0.122121871488407,-0.122578453605531,-0.123043993381969,-0.123518791089972,-0.124003159298777,-0.12449742300483,-0.12500191973017,-0.125516999585857,-0.126043025296997,-0.126580372185436,-0.127129428105632,-0.127690593328518,-0.128264280367283,-0.128850913737927,-0.129450929646072,-0.130064775589849,-0.130692909866552,-0.13133580096819,-0.131993926847803,-0.132667774034448,-0.133357836569819,-0.134064614733411,-0.134788613515745,-0.135530340790039,-0.136290305121741,-0.137069013141909,-0.137866966394269,-0.138684657546391,-0.139522565832154,-0.14038115156504,-0.141260849529009,-0.142162061015125,-0.14308514422686,-0.144030402724351,-0.144998071516926,-0.145988300343197,-0.147001133598172,-0.148036486276525,-0.149094115200044,-0.150173584685273,-0.151274225684859,-0.152395087304327,-0.15353487945692,-0.154691905276151,-0.155863981763928,-0.157048347018792,-0.158241552274285,-0.159439336895672,-0.160636484452986,-0.161826658034194,-0.16300221311606,-0.164153986612334,-0.165271061219463,-0.166340504940222,-0.167347086757788,-0.168272970939327,-0.169097394458609,-0.169796334631785,-0.170342177339504,-0.170703400216241,-0.170844289929454,-0.170724718073928,-0.170300006082116,-0.169520915553649,-0.168333805987828,-0.16668100626868,-0.164501448337625,-0.161731609960443,-0.158306806814694,-0.154162860700855,-0.149238149149201,-0.143476011325625,-0.136827446364191,-0.129253995210685,-0.120730650004791,-0.111248592380528,-0.100817531885812,-0.0894674064827509,-0.077249225819302,-0.0642348881272455,-0.0505158813128699,-0.0362008800389134,-0.0214123599218272,-0.00628245089720822,0.00905167175700392,0.0244525203724225,0.0397868154503101,0.0549294989228103,0.0697670169534556,0.0841997377497832,0.0981434609894259,0.111530056637683,0.124307333628579,0.136438279177335,0.14789982766413,0.158681317393183,0.168782779046252,0,-0.0990867878060766,-0.099304736440315,-0.0995416262414122,-0.0997835873108239,-0.100021380884203,-0.10024934739633,-0.100464428347332,-0.100665363096899,-0.100852073738721,-0.101025220750927,-0.101185895381056,-0.101335413112464,-0.101475178385324,-0.101606598166722,-0.101731028476923,-0.101849742940045,-0.101963915951609,-0.102074615470038,-0.102182802065899,-0.102289331953498,-0.102394962462795,-0.10250035890601,-0.102606102132138,-0.102712696295556,-0.102820576526273,-0.102930116301395,-0.103041634395371,-0.10315540134065,-0.103271645367679,-0.103390557818544,-0.103512298045518,-0.103636997816688,-0.103764765257519,-0.10389568836085,-0.104029838099371,-0.104167271174696,-0.104308032436242,-0.104452157001601,-0.104599672108167,-0.104750598723649,-0.104904952940944,-0.105062747180646,-0.105223991222412,-0.105388693084419,-0.105556859768352,-0.105728497885667,-0.105903614179387,-0.106082215954299,-0.106264311427215,-0.106449910007842,-0.106639022519847,-0.106831661370788,-0.107027840678837,-0.10722757636347,-0.107430886206673,-0.107637789890627,-0.107848309017294,-0.108062467114831,-0.108280289635304,-0.108501803947737,-0.10872703933015,-0.108956026963839,-0.109188799932815,-0.109425393230965,-0.1096658437792,-0.109910190454527,-0.110158474132717,-0.110410737745948,-0.110667026356569,-0.110927387247853,-0.111191870032412,-0.111460526778702,-0.111733412155865,-0.112010583596939,-0.112292101480321,-0.112578029329179,-0.112868434028362,-0.113163386058232,-0.113462959744697,-0.113767233524605,-0.114076290225583,-0.114390217359275,-0.11470910742686,-0.11503305823568,-0.115362173225694,-0.115696561804466,-0.116036339689311,-0.116381629255193,-0.116732559886926,-0.117089268334216,-0.117451899068016,-0.117820604636692,-0.118195546020434,-0.118576892982351,-0.118964824414668,-0.119359528678423,-0.119761203935032,-0.120170058468099,-0.120586310993782,-0.121010190958034,-0.121441938818979,-0.121881806312654,-0.122330056700286,-0.122786964995222,-0.123252818167547,-0.12372791532434,-0.124212567863409,-0.124707099598212,-0.125211846851526,-0.125727158515228,-0.126253396073328,-0.126790933585112,-0.12734015762494,-0.127901467174788,-0.128475273465164,-0.129061999759373,-0.129662081075333,-0.130275963838212,-0.130904105455922,-0.131546973808072,-0.132205046637115,-0.132878810828147,-0.133568761561005,-0.134275401314795,-0.134999238700672,-0.135740787093396,-0.136500563025685,-0.137279084301408,-0.138076867774063,-0.138894426725203,-0.139732267763436,-0.140590887147637,-0.141470766417813,-0.142372367193052,-0.143296124967595,-0.144242441702749,-0.145211676973458,-0.146204137383197,-0.147220063908843,-0.148259616777758,-0.149322857411811,-0.150409726897325,-0.151520020355581,-0.152653356495843,-0.153809141532399,-0.154986526540079,-0.156184357211137,-0.157401114863339,-0.158634847439126,-0.159883089135186,-0.161142767219204,-0.162410094537727,-0.163680446210958,-0.164948219066618,-0.166206672510567,-0.167447749797655,-0.168661879090266,-0.16983775431956,-0.170962096748175,-0.172019399332385,-0.172991657558859,-0.173858092448156,-0.174594873926254,-0.175174855798841,-0.175567337116455,-0.175737868730907,-0.175648128173411,-0.175255890383858,-0.174515125905541,-0.173376261388671,-0.171786638905498,-0.169691209788339,-0.167033494450207,-0.163756830889037,-0.159805920384517,-0.155128658703942,-0.149678215038233,-0.143415289988701,-0.136310450595138,-0.128346408397172,-0.119520080802201,-0.10984426213761,-0.0993487338381105,-0.0880806667592506,-0.0761042132442642,-0.0634992492469184,-0.0503593007284639,-0.0367887640427798,-0.0228995963059818,-0.00880769906216033,0.00537075975892328,0.0195228467752297,0.0335419797226162,0.0473305029777963,0.0608016262606844,0.0738806929329318,0.0865058000055207,0.0986278357857657,0.110210030431392,0.121227129484726,0,-0.0996381988355508,-0.0998890151345989,-0.10014324612016,-0.100392079471131,-0.100629307451831,-0.100851383647238,-0.101056846272826,-0.101245666807673,-0.101418713561075,-0.101577364623623,-0.101723247575198,-0.101858072240319,-0.101983527304268,-0.102101219245668,-0.102212638758649,-0.102319144797008,-0.102421959769069,-0.102522171658027,-0.102620740307445,-0.10271850606578,-0.102816199608799,-0.102914452171777,-0.103013805698765,-0.103114722601156,-0.103217594942531,-0.103322752950776,-0.103430472814866,-0.103540983761035,-0.103654474427218,-0.103771098569784,-0.103890980145373,-0.104014217815131,-0.104140888920183,-0.1042710529767,-0.104404754737199,-0.104542026862103,-0.104682892242636,-0.104827366012816,-0.1049754572851,-0.105127170640991,-0.105282507404881,-0.105441466726561,-0.105604046495212,-0.105770244105285,-0.105940057092568,-0.106113483656778,-0.106290523085349,-0.106471176091524,-0.106655445078568,-0.106843334340695,-0.10703485021028,-0.107230001159982,-0.107428797867576,-0.107631253250559,-0.10783738247692,-0.108047202957852,-0.108260734327647,-0.108477998415485,-0.10869901921339,-0.108923822844137,-0.109152437532549,-0.109384893583183,-0.109621223367067,-0.10986146131981,-0.110105643953079,-0.110353809881122,-0.110605999863738,-0.110862256866826,-0.111122626141364,-0.111387155321459,-0.111655894541852,-0.111928896575063,-0.112206216988173,-0.11248791431902,-0.11277405027146,-0.113064689929157,-0.113359901987227,-0.113659759000937,-0.11396433765054,-0.114273719021206,-0.114587988896943,-0.114907238067277,-0.115231562645424,-0.115561064396597,-0.115895851075036,-0.116236036768329,-0.116581742247493,-0.116933095321327,-0.117290231193446,-0.11765329282043,-0.118022431269497,-0.118397806074052,-0.118779585585528,-0.119167947319824,-0.119563078296736,-0.119965175370669,-0.120374445550983,-0.120791106310245,-0.121215385878695,-0.121647523523156,-0.122087769808625,-0.122536386840742,-0.122993648487257,-0.123459840576599,-0.12393526107157,-0.12442022021611,-0.124915040652993,-0.125420057510213,-0.125935618453686,-0.126462083703761,-0.126999826012862,-0.12754923060136,-0.128110695048568,-0.12868462913543,-0.129271454635131,-0.129871605047439,-0.130485525272052,-0.13111367121556,-0.13175650932586,-0.132414516046821,-0.133088177184782,-0.133777987176896,-0.134484448249404,-0.135208069451505,-0.135949365547548,-0.136708855746505,-0.137487062243219,-0.138284508540246,-0.139101717512328,-0.139939209167162,-0.140797498046035,-0.141677090195735,-0.142578479628488,-0.143502144169271,-0.14444854056916,-0.145418098738947,-0.146411214928743,-0.147428243645938,-0.148469488065499,-0.149535188642416,-0.150625509585913,-0.151740522798385,-0.152880188818754,-0.154044334240064,-0.155232624994921,-0.15644453482061,-0.157679308129522,-0.158935916421922,-0.160213007289857,-0.161508844977192,-0.162821241386792,-0.164147476369018,-0.165484206095613,-0.166827358331784,-0.168172013482577,-0.169512270426668,-0.170841096385186,-0.172150160433475,-0.173429650783202,-0.174668076678644,-0.175852056706072,-0.176966096551469,-0.177992360800166,-0.178910445284612,-0.179697158769321,-0.180326325403779,-0.18076862232236,-0.180991469916191,-0.180958995463691,-0.180632093713256,-0.179968610291332,-0.178923674983033,-0.177450211422599,-0.175499646886184,-0.173022840032137,-0.169971234992067,-0.166298236799366,-0.161960785756728,-0.156921087576263,-0.15114843331086,-0.144621020406876,-0.137327666590262,-0.129269295186001,-0.120460067280155,-0.11092804557114,-0.100715298078741,-0.0898773862933129,-0.0784822287601128,-0.0666083823504076,-0.0543428331144197,-0.0417784300207999,-0.0290111225393396,-0.0161371735487607,-0.00325051181964924,0.00955963457993773,0.0222107169684659,0.0346283902746231,0.0467475572863042,0.0585129443743159,0.0698792497632637,0,-0.100183179184667,-0.100465183356651,-0.100734731352082,-0.100988008766638,-0.101222078068461,-0.101435751199359,-0.101629332332209,-0.101804116079521,-0.101961950171319,-0.102104926740058,-0.102235185182342,-0.102354794725106,-0.10246568945433,-0.102569636434762,-0.10266822414402,-0.10276286307856,-0.102854793417206,-0.102945096545328,-0.103034708444617,-0.103124433708428,-0.10321495942105,-0.103306868445396,-0.103400651861168,-0.103496720423472,-0.103595414994385,-0.103697015952588,-0.10380175161881,-0.103909805754165,-0.104021324198798,-0.104136420722739,-0.104255182161379,-0.104377672905989,-0.104503938816188,-0.104634010616796,-0.104767906836609,-0.104905636341586,-0.105047200509947,-0.105192595091906,-0.105341811792261,-0.105494839609888,-0.105651665964448,-0.105812277637122,-0.10597666154919,-0.106144805399527,-0.10631669817967,-0.106492330583044,-0.106671695323049,-0.106854787373116,-0.10704160414042,-0.107232145583697,-0.107426414284543,-0.10762441548059,-0.107826157068141,-0.108031649581049,-0.108240906151998,-0.108453942461673,-0.108670776680805,-0.108891429409505,-0.109115923617891,-0.109344284591497,-0.109576539884621,-0.109812719284299,-0.110052854787305,-0.110296980592171,-0.110545133107936,-0.110797350981023,-0.111053675141327,-0.111314148868364,-0.111578817878057,-0.111847730430489,-0.112120937458759,-0.112398492718831,-0.112680452960118,-0.112966878116327,-0.113257831515958,-0.113553380111681,-0.113853594727704,-0.114158550324091,-0.114468326276918,-0.114783006673029,-0.115102680618092,-0.115427442556549,-0.115757392602039,-0.116092636876766,-0.116433287858274,-0.116779464732042,-0.11713129374828,-0.117488908581274,-0.117852450689632,-0.118222069675748,-0.118597923642785,-0.118980179547501,-0.119369013547191,-0.119764611339048,-0.120167168490216,-0.120576890756821,-0.120993994390224,-0.121418706428768,-0.121851264973232,-0.122291919444222,-0.122740930819668,-0.123198571850593,-0.123665127253246,-0.124140893875687,-0.124626180836811,-0.125121309635765,-0.12562661422963,-0.126142441077146,-0.126669149146183,-0.127207109882522,-0.127756707137425,-0.12831833705129,-0.128892407890558,-0.129479339834821,-0.130079564710869,-0.130693525670131,-0.131321676805641,-0.131964482704263,-0.132622417929381,-0.133295966428667,-0.133985620860732,-0.134691881833498,-0.13541525704587,-0.136156260322742,-0.136915410531401,-0.13769323036494,-0.138490244975241,-0.139306980434258,-0.14014396199765,-0.141001712139021,-0.141880748315943,-0.142781580420335,-0.143704707855374,-0.144650616168607,-0.145619773155998,-0.146612624333971,-0.147629587655614,-0.148671047322834,-0.149737346517886,-0.150828778845052,-0.151945578235883,-0.153087907029139,-0.154255841889067,-0.155449357173006,-0.156668305301534,-0.157912393621947,-0.159181157189527,-0.160473926822065,-0.161789791713229,-0.163127555822247,-0.164485687194509,-0.165862259314789,-0.167254883557965,-0.168660631789213,-0.170075948186613,-0.171496549426119,-0.17291731249694,-0.174332149622453,-0.175733870068948,-0.177114029055877,-0.17846276456368,-0.179768623597218,-0.181018380432621,-0.182196850578418,-0.183286705636176,-0.184268295956413,-0.185119489936388,-0.185815540951916,-0.18632899517006,-0.186629655718277,-0.186684620694715,-0.1864584140361,-0.185913228992278,-0.185009303512133,-0.183705444810602,-0.181959716347126,-0.179730294044751,-0.176976489592775,-0.173659927111819,-0.169745845664198,-0.165204484842857,-0.160012495233762,-0.154154301646382,-0.147623336698749,-0.140423057749376,-0.132567663111836,-0.124082435078857,-0.115003657545329,-0.105378083668453,-0.0952619614629612,-0.0847196589325856,-0.0738219612715966,-0.0626441370534439,-0.0512638852791669,-0.0397592791979729,-0.0282068160405884,-0.0166796658013899,-0.00524618963243968,0.00603122752423533,0.0170970115634967,0,-0.100729588920088,-0.101037676368047,-0.101318349276048,-0.101572234138343,-0.10179966260077,-0.102001896842652,-0.102181066766961,-0.102339800328847,-0.102480898749122,-0.102607122120083,-0.102721067104261,-0.102825106506911,-0.102921366682948,-0.103011726777026,-0.10309782991375,-0.103181100450362,-0.103262763848628,-0.103343867177498,-0.103425299117816,-0.103507808850663,-0.103592023516641,-0.103678464117848,-0.103767559845546,-0.103859660882581,-0.103955049767339,-0.104053951425719,-0.104156541985897,-0.104262956491701,-0.104373295627022,-0.104487631557639,-0.10460601298936,-0.104728469533201,-0.104855015460014,-0.104985652918795,-0.105120374685138,-0.105259166498993,-0.105402009044151,-0.105548879615756,-0.105699753516613,-0.105854605218086,-0.106013409317025,-0.106176141316253,-0.106342778252762,-0.106513299194831,-0.106687685626649,-0.106865921736871,-0.107047994625539,-0.107233894442178,-0.107423614466416,-0.10761715114122,-0.107814504067746,-0.108015675969864,-0.108220672635543,-0.108429502841539,-0.108642178267182,-0.108858713402395,-0.109079125454577,-0.109303434258429,-0.10953166219237,-0.109763834104704,-0.109999977252331,-0.11024012125439,-0.110484298062855,-0.110732541951785,-0.110984889526581,-0.111241379754331,-0.111502054016017,-0.111766956181104,-0.112036132704789,-0.112309632747929,-0.112587508319505,-0.112869814441216,-0.113156609333675,-0.113447954623469,-0.113743915570221,-0.114044561312636,-0.114349965132412,-0.114660204734759,-0.114975362544202,-0.115295526014244,-0.115620787949384,-0.115951246837951,-0.116287007194135,-0.11662817990756,-0.116974882598728,-0.117327239978605,-0.117685384210631,-0.118049455273388,-0.118419601322189,-0.118795979047804,-0.119178754030567,-0.119568101088085,-0.119964204614792,-0.120367258911556,-0.120777468503587,-0.121195048444849,-0.121620224607213,-0.122053233952532,-0.122494324785858,-0.122943756987952,-0.123401802225245,-0.123868744135378,-0.124344878486382,-0.124830513307565,-0.12532596899008,-0.125831578355119,-0.126347686687615,-0.126874651733256,-0.127412843656559,-0.127962644957658,-0.128524450345387,-0.129098666564151,-0.129685712171962,-0.130286017266935,-0.130900023159381,-0.131528181986535,-0.132170956266752,-0.132828818389807,-0.13350225003971,-0.134191741546071,-0.13489779115969,-0.135620904247462,-0.136361592401036,-0.137120372452722,-0.137897765391016,-0.138694295166578,-0.139510487377598,-0.140346867821055,-0.141203960893269,-0.142082287819329,-0.142982364686147,-0.14390470024802,-0.144849793466296,-0.145818130735947,-0.146810182741234,-0.147826400869918,-0.148867213100331,-0.149933019257828,-0.151024185516268,-0.152141037996,-0.15328385528203,-0.154452859654354,-0.155648206786739,-0.156869973630308,-0.158118144154337,-0.159392592568801,-0.160693063601963,-0.162019149352473,-0.163370262180168,-0.164745603044881,-0.166144124650254,-0.167564488703041,-0.169005016561683,-0.170463632526184,-0.171937799020979,-0.173424442951626,-0.174919872584288,-0.176419684415839,-0.177918659685476,-0.17941065044144,-0.180888455436249,-0.182343686599219,-0.183766627445089,-0.185146085540256,-0.186469242078063,-0.187721502720053,-0.188886355138757,-0.189945240131044,-0.190877444719549,-0.191660027255069,-0.192267786073222,-0.192673284604107,-0.192846946804311,-0.192757237159255,-0.192370939044359,-0.191653543676462,-0.190569758983683,-0.189084143269979,-0.187161862438503,-0.184769561798049,-0.181876334342376,-0.178454757344437,-0.174481958902402,-0.169940666727212,-0.164820184177047,-0.15911723458249,-0.152836615391635,-0.145991609363453,-0.138604111150007,-0.130704443621994,-0.122330857954449,-0.113528732916442,-0.104349509733815,-0.0948494170107127,-0.0850880535252143,-0.075126903919355,-0.0650278628805047,-0.0548518377227658,-0.0446574884332607,-0.0345001498664931,0,-0.101283391665651,-0.101609713924825,-0.101895443521128,-0.102144887129751,-0.102361465641372,-0.102548844096254,-0.102710929308018,-0.102851611503168,-0.102974561022061,-0.103083119069664,-0.103180257245353,-0.103268577572412,-0.103350333461035,-0.103427460005779,-0.10350160727576,-0.103574173325576,-0.103646335340259,-0.103719078222445,-0.103793220396607,-0.103869436845372,-0.103948279513747,-0.104030195274389,-0.104115541669829,-0.10420460065126,-0.104297590526617,-0.104394676318159,-0.10449597871438,-0.104601581784664,-0.104711539608705,-0.104825881956834,-0.10494461914253,-0.105067746154606,-0.10519524616389,-0.105327093487847,-0.10546325608622,-0.105603697651584,-0.105748379350516,-0.105897261263828,-0.10605030356797,-0.106207467494124,-0.106368716096705,-0.106534014858758,-0.106703332158161,-0.106876639615428,-0.10705391234123,-0.107235129099503,-0.107420272400041,-0.107609328532801,-0.10780228755472,-0.107999143238604,-0.10819989299257,-0.10840453775759,-0.108613081889857,-0.108825533033957,-0.109041901992175,-0.10926220259468,-0.109486451574759,-0.109714668452812,-0.109946875432309,-0.110183097310537,-0.110423361406494,-0.110667697507969,-0.110916137839452,-0.111168717052203,-0.11142547223749,-0.111686442963707,-0.11195167133782,-0.112221202091319,-0.112495082690622,-0.112773363471661,-0.113056097798162,-0.113343342242958,-0.113635156791504,-0.113931605066593,-0.114232754573148,-0.11453867696185,-0.114849448310215,-0.11516514941969,-0.115485866127206,-0.115811689629587,-0.116142716819142,-0.116479050628719,-0.116820800384463,-0.117168082164484,-0.117521019161632,-0.117879742048536,-0.118244389343083,-0.118615107772482,-0.118992052634079,-0.119375388151068,-0.119765287821279,-0.120161934757188,-0.12056552201534,-0.120976252913355,-0.121394341332687,-0.121820012005342,-0.122253500782699,-0.122695054884634,-0.123144933127083,-0.123603406126198,-0.124070756477211,-0.1245472789061,-0.125033280392125,-0.125529080259231,-0.126035010234347,-0.126551414470462,-0.127078649532418,-0.127617084343216,-0.128167100088654,-0.128729090078026,-0.129303459558558,-0.129890625481263,-0.130491016215783,-0.131105071211817,-0.131733240604667,-0.132375984762403,-0.13303377377214,-0.133707086862857,-0.134396411762161,-0.135102243984307,-0.135825086046688,-0.136565446611806,-0.137323839551522,-0.138100782929941,-0.138896797900814,-0.139712407514515,-0.140548135428682,-0.141404504515162,-0.142282035354116,-0.143181244603714,-0.144102643230791,-0.145046734583955,-0.146014012285719,-0.147004957914198,-0.148020038437456,-0.149059703354535,-0.150124381486325,-0.151214477346435,-0.152330367006868,-0.153472393355374,-0.154640860620504,-0.155836028016515,-0.157058102333123,-0.158307229264593,-0.159583483238814,-0.160886855469874,-0.162217239917641,-0.163574416795368,-0.164958033222279,-0.166367580573559,-0.167802368036762,-0.169261491843555,-0.170743799611548,-0.172247849206353,-0.17377186152329,-0.175313666596543,-0.176870642477786,-0.178439646393663,-0.180016937801303,-0.181598093123147,-0.183177912168382,-0.184750316550194,-0.18630824079876,-0.187843517361384,-0.18934675728433,-0.190807229092838,-0.192212739228345,-0.19354951835808,-0.194802118923118,-0.195953330401469,-0.196984119878526,-0.197873606560326,-0.198599079733499,-0.199136070243114,-0.199458485678963,-0.199538818972356,-0.199348438848957,-0.198857968414715,-0.198037754966418,-0.196858429875932,-0.195291552151705,-0.193310323208164,-0.190890353791589,-0.188010457389625,-0.184653438397825,-0.180806838533782,-0.176463602203906,-0.17162262139002,-0.166289123591243,-0.160474872588897,-0.154198161076309,-0.147483585884034,-0.140361609646194,-0.132867926059346,-0.125042658064843,-0.116929428130881,-0.108574346397008,-0.100024965257154,-0.0913292479459394,-0.0825345942440809,0,-0.101848222663163,-0.102182995274341,-0.102466245479885,-0.102705269830123,-0.102906284610848,-0.103075190186555,-0.103217519235855,-0.103338276299002,-0.103441862483425,-0.103532076930445,-0.103612160154876,-0.10368485405391,-0.103752464773927,-0.10381692204407,-0.103879832580535,-0.103942527070633,-0.104006101051317,-0.104071450279054,-0.104139301242478,-0.104210237435392,-0.104284721945713,-0.104363116849906,-0.104445699840718,-0.104532678460914,-0.104624202267244,-0.104720373206509,-0.104821254448677,-0.104926877889745,-0.105037250509003,-0.105152359740831,-0.105272177999824,-0.105396666479373,-0.105525778327577,-0.105659461290169,-0.105797659897766,-0.10594031726401,-0.106087376551847,-0.106238782157101,-0.106394480651572,-0.106554421521894,-0.106718557735292,-0.106886846158996,-0.107059247856375,-0.107235728279707,-0.107416257376819,-0.107600809626589,-0.107789364016366,-0.107981903972763,-0.108178417255863,-0.1083788958257,-0.108583335688844,-0.108791736732025,-0.109004102548932,-0.109220440265637,-0.109440760369439,-0.109665076545374,-0.109893405524105,-0.110125766944412,-0.110362183233073,-0.110602679504483,-0.110847283481999,-0.11109602544259,-0.111348938186064,-0.111606057029795,-0.111867419829573,-0.11213306702694,-0.11240304172306,-0.112677389778987,-0.112956159941916,-0.113239403996837,-0.113527176942772,-0.113819537192658,-0.114116546795739,-0.114418271681213,-0.11472478192174,-0.115036152015328,-0.115352461184006,-0.115673793687609,-0.116000239150939,-0.116331892902516,-0.116668856323068,-0.117011237201889,-0.117359150099174,-0.117712716712393,-0.118072066244798,-0.118437335774107,-0.118808670619451,-0.119186224704648,-0.119570160915884,-0.119960651451893,-0.120357878164751,-0.120762032889377,-0.121173317759886,-0.121591945510924,-0.122018139762123,-0.122452135283827,-0.122894178242233,-0.123344526422096,-0.123803449425112,-0.124271228842113,-0.124748158397172,-0.125234544061675,-0.125730704136424,-0.126236969299775,-0.126753682619786,-0.127281199528324,-0.127819887755038,-0.128370127219058,-0.128932309876279,-0.129506839520053,-0.130094131533079,-0.130694612588325,-0.131308720296789,-0.131936902799965,-0.132579618304913,-0.133237334559909,-0.133910528268753,-0.134599684441902,-0.135305295682742,-0.13602786140743,-0.136767886996895,-0.137525882879689,-0.138302363544493,-0.139097846481108,-0.139912851048725,-0.140747897270085,-0.14160350454981,-0.142480190314592,-0.14337846857203,-0.144298848383666,-0.14524183224593,-0.14620791437037,-0.147197578851384,-0.14821129770562,-0.14924952876214,-0.150312713376059,-0.151401273930572,-0.152515611082791,-0.153656100697481,-0.154823090399279,-0.156016895658242,-0.157237795305251,-0.158486026352844,-0.159761777973327,-0.161065184459411,-0.162396316963353,-0.163755173778576,-0.165141668893693,-0.166555618512941,-0.167996725200352,-0.169464559268538,-0.170958536998174,-0.17247789524324,-0.1740216619521,-0.175588622118707,-0.177177278675314,-0.178785807852498,-0.180412008569325,-0.182053245482229,-0.183706385422518,-0.185367727097036,-0.187032924122685,-0.188696901721641,-0.190353767728747,-0.191996718962842,-0.1936179444956,-0.195208527916902,-0.196758351342472,-0.198256004627882,-0.199688704024475,-0.201042225306613,-0.202300857171843,-0.203447381406335,-0.204463086842028,-0.205327824420075,-0.206020110617939,-0.206517285991892,-0.206795734535743,-0.206831167881661,-0.206598976023882,-0.206074643232601,-0.205234224208596,-0.204054871449647,-0.202515400480665,-0.200596875345024,-0.198283192936923,-0.195561641786476,-0.192423409202059,-0.188864010585043,-0.184883616504799,-0.180487256834094,-0.175684886770124,-0.170491306561935,-0.164925934695431,-0.159012442479243,-0.152778265699616,-0.146254015580292,-0.139472816133904,-0.132469597763976,-0.125280377547295,0,-0.102425418592252,-0.102757520976213,-0.103029765830817,-0.103251809328097,-0.103432309474607,-0.103579133594535,-0.103699197438473,-0.103798403764143,-0.103881699985483,-0.103953190483838,-0.104016260608945,-0.104073692322378,-0.104127764639259,-0.10418033819445,-0.104232925607793,-0.104286749895602,-0.104342793047689,-0.10440183655492,-0.104464495328808,-0.104531246164101,-0.104602451666016,-0.104678380386787,-0.104759223779337,-0.104845110469052,-0.104936118259868,-0.105032284222795,-0.10513361315956,-0.105240084688435,-0.105351659161464,-0.105468282590648,-0.105589890733995,-0.105716412469821,-0.105847772568505,-0.105983893954642,-0.106124699538606,-0.106270113684684,-0.106420063372835,-0.106574479102539,-0.106733295579882,-0.106896452222862,-0.107063893514677,-0.107235569230367,-0.107411434558485,-0.10759145013639,-0.107775582015155,-0.1079638015679,-0.108156085353556,-0.108352414946491,-0.108552776741149,-0.108757161739726,-0.108965565329929,-0.109177987059055,-0.109394430409856,-0.109614902583014,-0.109839414290452,-0.110067979563157,-0.110300615576716,-0.11053734249726,-0.110778183350141,-0.111023163913198,-0.111272312636159,-0.111525660587305,-0.111783241428247,-0.112045091417311,-0.112311249441775,-0.112581757078894,-0.112856658685426,-0.113136001515131,-0.113419835863493,-0.113708215238749,-0.114001196558097,-0.114298840367827,-0.114601211085971,-0.114908377265931,-0.115220411879465,-0.115537392617279,-0.115859402205433,-0.116186528735688,-0.116518866007851,-0.11685651388217,-0.117199578639771,-0.117548173349124,-0.117902418236508,-0.118262441058427,-0.118628377473971,-0.119000371415069,-0.119378575452634,-0.119763151156602,-0.12015426944788,-0.120552110940235,-0.12095686627019,-0.121368736412997,-0.121787932982777,-0.122214678514927,-0.122649206728917,-0.123091762769599,-0.12354260342514,-0.124001997319716,-0.124470225079073,-0.124947579467054,-0.125434365491186,-0.125930900475377,-0.126437514097776,-0.126954548391791,-0.127482357708268,-0.128021308636764,-0.128571779883883,-0.129134162106562,-0.129708857698238,-0.130296280525819,-0.130896855615383,-0.131511018784613,-0.132139216220002,-0.132781903996996,-0.133439547541331,-0.134112621030036,-0.134801606730726,-0.135506994278078,-0.136229279886675,-0.136968965499693,-0.137726557873281,-0.138502567596865,-0.139297508049969,-0.140111894296552,-0.14094624191822,-0.141801065787927,-0.142676878786015,-0.14357419046046,-0.144493505633035,-0.145435322952648,-0.146400133396316,-0.147388418716943,-0.148400649835229,-0.14943728517046,-0.150498768901538,-0.151585529145148,-0.152697976032384,-0.153836499658151,-0.155001467869137,-0.156193223845858,-0.157412083422054,-0.158658332070372,-0.159932221466673,-0.161233965526297,-0.16256373578422,-0.163921655967157,-0.165307795579517,-0.166722162296837,-0.168164692930403,-0.169635242695671,-0.171133572485754,-0.17265933382066,-0.174212051114559,-0.175791100878993,-0.177395687461692,-0.179024814911393,-0.180677254561816,-0.182351507946649,-0.184045764696273,-0.185757855131001,-0.187485197360124,-0.189224738826919,-0.190972892412875,-0.192725467435533,-0.194477596148818,-0.196223656686597,-0.197957193781394,-0.199670839039964,-0.201356233060366,-0.203003952220562,-0.204603443538396,-0.20614297157042,-0.207609581846233,-0.208989085779517,-0.210266072300813,-0.211423951556954,-0.212445035850842,-0.213310662487435,-0.214001362291074,-0.214497076226804,-0.214777420782615,-0.214822000574538,-0.214610764089807,-0.214124395699816,-0.21334473421735,-0.212255205546035,-0.210841254608469,-0.209090759987795,-0.206994413805405,-0.204546049471109,-0.201742901194522,-0.19858578155323,-0.195079166877611,-0.191231184523769,-0.187053500955739,-0.182561114569071,-0.177772061956944,-0.172707050465635,-0.167389033093147,-0.161842743839329,0,-0.103013834832666,-0.10333153902443,-0.10358377136997,-0.103782073185392,-0.103937166456076,-0.104058532713587,-0.104154149825507,-0.104230547021286,-0.104292998203233,-0.104345739488584,-0.104392165715699,-0.104434993817497,-0.104476394171366,-0.10451809511181,-0.104561466176489,-0.104607584822477,-0.104657290308297,-0.104711227532675,-0.104769882924711,-0.104833613969372,-0.10490267358267,-0.104977230282337,-0.105057384901695,-0.105143184445721,-0.105234633574403,-0.105331704109893,-0.105434342893936,-0.105542478265969,-0.105656025386959,-0.105774890596905,-0.105898974963423,-0.106028177153406,-0.106162395738632,-0.106301531028433,-0.106445486507659,-0.106594169945654,-0.106747494231454,-0.10690537798158,-0.107067745959415,-0.107234529338978,-0.107405665840744,-0.10758109976291,-0.107760781927907,-0.107944669561054,-0.108132726115779,-0.108324921057807,-0.108521229619032,-0.108721632530351,-0.108926115741579,-0.109134670135485,-0.10934729124218,-0.109563978959252,-0.109784737282423,-0.110009574050844,-0.110238500710636,-0.110471532099746,-0.110708686256741,-0.11094998425571,-0.111195450069052,-0.111445110459534,-0.111698994902649,-0.111957135539969,-0.112219567163856,-0.112486327233633,-0.112757455922999,-0.113032996198253,-0.113312993926635,-0.113597498013899,-0.113886560570003,-0.114180237101675,-0.114478586730406,-0.114781672434308,-0.115089561312164,-0.115402324867853,-0.115720039313286,-0.116042785887881,-0.116370651192567,-0.116703727536247,-0.11704211329261,-0.117385913265178,-0.117735239058433,-0.118090209452886,-0.118450950781935,-0.118817597308374,-0.119190291598437,-0.11956918489127,-0.119954437461741,-0.120346218974547,-0.12074470882757,-0.121150096482493,-0.121562581780684,-0.121982375242401,-0.122409698347379,-0.12284478379489,-0.123287875741364,-0.123739230013688,-0.124199114296285,-0.124667808290096,-0.125145603841562,-0.125632805039698,-0.126129728279353,-0.126636702288701,-0.127154068119017,-0.127682179094758,-0.128221400721944,-0.12877211055284,-0.129334698004904,-0.129909564132002,-0.130497121345879,-0.131097793085928,-0.131712013435355,-0.132340226681923,-0.132982886821596,-0.133640457003528,-0.134313408915102,-0.135002222105924,-0.13570738325003,-0.136429385345902,-0.13716872685433,-0.137925910774635,-0.138701443660307,-0.139495834575733,-0.140309593996281,-0.141143232654724,-0.141997260337643,-0.142872184636104,-0.143768509655545,-0.144686734690315,-0.145627352868696,-0.146590849774429,-0.147577702050635,-0.148588375991608,-0.149623326126957,-0.150682993801107,-0.151767805748929,-0.152878172665168,-0.154014487761283,-0.15517712529802,-0.156366439075488,-0.157582760854319,-0.158826398671778,-0.160097635004956,-0.161396724719595,-0.162723892727303,-0.164079331255998,-0.165463196618329,-0.166875605340515,-0.168316629489889,-0.169786291013522,-0.171284554873131,-0.172811320733755,-0.174366412936067,-0.175949568455887,-0.177560422530803,-0.179198491614433,-0.180863153305889,-0.182553622897796,-0.184268926193665,-0.186007868267749,-0.187768997881397,-0.189550567333325,-0.191350487611469,-0.193166278835453,-0.194995016135561,-0.196833271310136,-0.198677050841664,-0.200521731133988,-0.202361992158711,-0.204191751064682,-0.206004097703659,-0.207791234445997,-0.209544423085699,-0.211253942040699,-0.212909057411956,-0.214498011737136,-0.216008034419755,-0.217425377787318,-0.218735382487426,-0.219922575428714,-0.220970802683724,-0.221863398679246,-0.222583391614524,-0.223113743403818,-0.223437620602044,-0.223538690835313,-0.223401437344128,-0.223011482497352,-0.222355909700766,-0.221423572151295,-0.220205376502685,-0.218694529800265,-0.216886739050712,-0.214780354496729,-0.212376449981821,-0.209678836572803,-0.206694008665592,-0.203431024911919,-0.199901329243505,-0.196118519826244,-0.192098075780221,0,-0.103609946655975,-0.103901607998734,-0.104124846159402,-0.104292846186675,-0.10441800506646,-0.104510993974226,-0.10458046994332,-0.10463327683618,-0.104674772808307,-0.104709141424747,-0.104739647890181,-0.104768839232953,-0.104798698059926,-0.104830760646059,-0.104866208352213,-0.104905939162619,-0.104950624274935,-0.105000753293328,-0.105056670598152,-0.10511860478649,-0.10518669260392,-0.105260998452246,-0.105341530315511,-0.105428252767732,-0.105521097591176,-0.105619972430885,-0.105724767830944,-0.105835362934791,-0.105951630081417,-0.106073438488686,-0.106200657181975,-0.106333157299245,-0.106470813881383,-0.106613507238168,-0.106761123964935,-0.10691355767228,-0.107070709480606,-0.107232488322561,-0.107398811089166,-0.107569602649482,-0.107744795768723,-0.107924330945685,-0.108108156187073,-0.108296226733542,-0.1084885047501,-0.108684958991634,-0.108885564452842,-0.10909030201057,-0.109299158065501,-0.109512124189241,-0.109729196782051,-0.109950376745809,-0.110175669176167,-0.110405083077307,-0.110638631102225,-0.110876329320972,-0.111118197018869,-0.111364256526306,-0.111614533081339,-0.111869054725953,-0.112127852236509,-0.112390959088593,-0.112658411456158,-0.112930248244612,-0.113206511157212,-0.113487244793907,-0.113772496781568,-0.114062317934318,-0.114356762442519,-0.114655888088821,-0.114959756489523,-0.115268433359389,-0.115581988797954,-0.11590049759527,-0.116224039554981,-0.116552699832531,-0.116886569286314,-0.117225744839495,-0.117570329850247,-0.117920434488137,-0.118276176114367,-0.118637679663631,-0.119005078025329,-0.119378512421912,-0.119758132782162,-0.120144098107247,-0.120536576827406,-0.120935747147164,-0.121341797377021,-0.121754926249565,-0.122175343218028,-0.12260326873529,-0.123038934511404,-0.123482583747708,-0.123934471345611,-0.124394864088166,-0.124864040792538,-0.125342292431463,-0.125829922221829,-0.126327245678457,-0.126834590631184,-0.127352297203299,-0.127880717749423,-0.128420216750847,-0.128971170666384,-0.129533967736762,-0.130109007740608,-0.130696701700089,-0.131297471534328,-0.131911749658781,-0.132539978528845,-0.133182610126138,-0.133840105386035,-0.134512933565287,-0.135201571548844,-0.135906503095331,-0.136628218021042,-0.137367211322818,-0.13812398224071,-0.138899033261986,-0.139692869068751,-0.14050599543223,-0.141338918057631,-0.142192141384396,-0.143066167347633,-0.143961494107434,-0.144878614753789,-0.14581801599565,-0.146780176843548,-0.147765567295744,-0.148774647038375,-0.149807864170084,-0.150865653961394,-0.151948437658224,-0.153056621337549,-0.15419059482101,-0.155350730649174,-0.156537383115028,-0.157750887349931,-0.158991558448548,-0.160259690611011,-0.161555556270673,-0.162879405164041,-0.164231463285824,-0.16561193165637,-0.167020984811033,-0.168458768901361,-0.169925399276396,-0.171420957389167,-0.172945486848921,-0.174498988414285,-0.176081413697016,-0.177692657321188,-0.179332547259652,-0.181000833049706,-0.182697171574835,-0.184421110091002,-0.186172066176545,-0.187949304296912,-0.189751908702007,-0.191578752418083,-0.193428462161108,-0.195299379087872,-0.19718951541792,-0.199096507106804,-0.201017562931331,-0.202949410561719,-0.204888240443695,-0.206829648593212,-0.208768579712669,-0.210699272362191,-0.212615208250467,-0.214509068030459,-0.21637269627512,-0.218197078541585,-0.219972333579966,-0.221687723773424,-0.22333168677768,-0.224891891031398,-0.226355317310911,-0.227708367791154,-0.22893700315101,-0.230026907145155,-0.230963676795586,-0.231733034994357,-0.232321060933183,-0.232714432478138,-0.232900673488365,-0.232868398234951,-0.232607544596473,-0.232109587656728,-0.231367725743316,-0.230377031822915,-0.229134564471583,-0.227639434290989,-0.225892823537949,-0.223897958747592,-0.221660038123456,-0.219186117308382,-0.216484958722521,0,-0.104208381026379,-0.104462762232223,-0.104648530881842,-0.104780264688585,-0.104871624816481,-0.104933985706238,-0.104976257240138,-0.105005263862147,-0.105026197650963,-0.105043005208787,-0.10505868688866,-0.105075520614169,-0.105095228328041,-0.105119100673244,-0.105148091576504,-0.105182890993819,-0.105223981568843,-0.105271683225497,-0.105326188550779,-0.105387591038118,-0.105455907724427,-0.105531097378754,-0.105613075132137,-0.105701724241914,-0.10579690553729,-0.10589846498167,-0.106006239701511,-0.106120062764484,-0.106239766936776,-0.106365187607117,-0.106496165031058,-0.106632546021412,-0.106774185188194,-0.106920945812933,-0.107072700427049,-0.107229331151524,-0.107390729844859,-0.107556798097935,-0.10772744710752,-0.10790259745461,-0.108082178809224,-0.108266129579613,-0.108454396520852,-0.10864693431539,-0.108843705136153,-0.109044678201232,-0.109249829327855,-0.10945914049229,-0.109672599401389,-0.109890199080723,-0.110111937483594,-0.110337817124596,-0.110567844740872,-0.110802030983728,-0.111040390142815,-0.111282939904642,-0.11152970114683,-0.111780697769092,-0.112035956561614,-0.112295507111134,-0.112559381744749,-0.112827615511132,-0.113100246198608,-0.113377314389255,-0.11365886354798,-0.113944940145291,-0.114235593812289,-0.114530877526254,-0.114830847825013,-0.115135565048166,-0.115445093603113,-0.115759502253747,-0.116078864429574,-0.116403258552975,-0.116732768382256,-0.117067483368123,-0.117407499021167,-0.117752917287953,-0.118103846933298,-0.118460403926338,-0.118822711827993,-0.119190902177471,-0.119565114875486,-0.119945498561886,-0.120332210985436,-0.120725419363551,-0.12112530072979,-0.121532042266999,-0.121945841624,-0.122366907213787,-0.122795458491221,-0.123231726208229,-0.123675952644592,-0.124128391812364,-0.124589309632042,-0.125058984078586,-0.125537705295414,-0.126025775674479,-0.126523509900571,-0.127031234957926,-0.127549290097276,-0.128078026761422,-0.128617808467421,-0.129169010643467,-0.129732020418576,-0.130307236363146,-0.130895068178562,-0.131495936333992,-0.132110271648669,-0.132738514817986,-0.133381115881943,-0.134038533634619,-0.134711234973617,-0.135399694188706,-0.136104392189268,-0.136825815670566,-0.137564456219404,-0.13832080936031,-0.139095373544105,-0.139888649081454,-0.140701137024921,-0.141533338003975,-0.142385751018441,-0.143258872197041,-0.14415319352879,-0.145069201576266,-0.146007376180947,-0.146968189172011,-0.147952103091065,-0.148959569946268,-0.149991030010019,-0.151046910674934,-0.152127625382863,-0.15323357264141,-0.154365135141425,-0.155522678987306,-0.156706553049444,-0.157917088444643,-0.159154598145757,-0.160419376715835,-0.161711700154745,-0.163031825837311,-0.164379992511348,-0.165756420311554,-0.167161310730846,-0.168594846474506,-0.170057191104297,-0.171548488359811,-0.173068861022684,-0.174618409166458,-0.176197207611012,-0.17780530237636,-0.179442705906783,-0.181109390813827,-0.182805281866638,-0.184530245941917,-0.186284079635042,-0.188066494230521,-0.189877097736038,-0.191715373702401,-0.193580656584236,-0.195472103446013,-0.197388661887849,-0.19932903415805,-0.201291637536975,-0.203274561221429,-0.205275520111314,-0.207291806100555,-0.20932023770042,-0.21135710907153,-0.213398139804374,-0.215438427057952,-0.217472401929417,-0.219493792168523,-0.221495593550052,-0.223470052353559,-0.225408661449155,-0.227302172427078,-0.229140626015756,-0.230913402690637,-0.232609294874051,-0.23421660146492,-0.235723244628646,-0.237116907848955,-0.238385193236002,-0.239515795053541,-0.240496685437701,-0.241316307401412,-0.241963769522302,-0.242429036260545,-0.242703107695725,-0.242778182636692,-0.242647799550409,-0.242306950553641,-0.241752164769259,-0.2409815586003,-0.239994851838363,-0.238793349909615,-0.237379893884138,-0.235758781053377,0,-0.1048019936499,-0.105008759322354,-0.105149530686172,-0.105240001466149,-0.10529463530936,-0.105324972168145,-0.10533972625491,-0.105345365690597,-0.10534667286054,-0.105347183457117,-0.105349509027802,-0.105355569933873,-0.105366764283726,-0.105384092103056,-0.105408248120284,-0.105439692206125,-0.105478703572824,-0.105525422919589,-0.105579885460561,-0.10564204694619,-0.105711804231276,-0.105789011555959,-0.105873493430193,-0.105965054811178,-0.106063489113641,-0.106168584479701,-0.106280128648278,-0.106397912696554,-0.106521733873028,-0.106651397699642,-0.10678671948683,-0.106927525378197,-0.107073653019585,-0.107224951929421,-0.107381283632751,-0.107542521609522,-0.107708551098122,-0.107879268787415,-0.108054582424262,-0.108234410358475,-0.10841868104315,-0.108607332505077,-0.108800311797394,-0.108997574444588,-0.109199083888318,-0.10940481094121,-0.109614733254723,-0.109828834806285,-0.11004710541015,-0.110269540255818,-0.110496139477276,-0.110726907755829,-0.110961853958813,-0.111200990816107,-0.11144433463588,-0.111691905060718,-0.11194372486484,-0.112199819792828,-0.112460218439918,-0.112724952173644,-0.112994055096285,-0.113267564047331,-0.113545518644908,-0.113827961364891,-0.114114937656194,-0.114406496090558,-0.114702688544982,-0.115003570414776,-0.115309200855109,-0.115619643048789,-0.115934964497933,-0.116255237337113,-0.116580538665487,-0.116910950895406,-0.117246562114938,-0.117587466461744,-0.117933764505745,-0.118285563638022,-0.118642978463389,-0.119006131194153,-0.119375152042562,-0.119750179609495,-0.120131361267024,-0.120518853532469,-0.120912822431668,-0.121313443849211,-0.121720903863445,-0.122135399064103,-0.122557136850469,-0.122986335708028,-0.123423225461591,-0.123868047502937,-0.124321054991018,-0.124782513022846,-0.12525269877314,-0.125731901600892,-0.126220423120964,-0.126718577238879,-0.127226690146931,-0.127745100279769,-0.128274158227585,-0.128814226605039,-0.129365679874063,-0.12992890411869,-0.130504296770058,-0.131092266279803,-0.131693231740076,-0.132307622448515,-0.132935877416613,-0.133578444820063,-0.134235781389848,-0.134908351743109,-0.135596627653104,-0.136301087257961,-0.137022214208362,-0.13776049675485,-0.138516426776024,-0.139290498749674,-0.14008320866965,-0.140895052912237,-0.141726527056793,-0.142578124666548,-0.143450336036654,-0.144343646917907,-0.145258537225861,-0.146195479746519,-0.14715493885114,-0.148137369234102,-0.149143214689091,-0.15017290694,-0.151226864543965,-0.152305491884618,-0.153409178273988,-0.154538297181343,-0.15569320560657,-0.156874243614254,-0.158081734042422,-0.159315982396664,-0.160577276936077,-0.161865888951888,-0.163182073232635,-0.164526068701353,-0.165898099199991,-0.167298374384492,-0.168727090680192,-0.170184432231706,-0.171670571764086,-0.173185671252949,-0.174729882280611,-0.17630334593333,-0.17790619207185,-0.179538537784175,-0.181200484806415,-0.182892115675586,-0.184613488358357,-0.186364629083151,-0.18814552309123,-0.189956103017027,-0.191796234610954,-0.193665699531374,-0.195564174958532,-0.197491209824481,-0.199446197511793,-0.201428344952325,-0.203436638157696,-0.205469804336739,-0.20752627090297,-0.209604121846649,-0.211701052139666,-0.213814321053698,-0.215940705497455,-0.218076454709214,-0.220217247865791,-0.222358156375386,-0.224493612793871,-0.226617388424344,-0.228722581709763,-0.230801619489567,-0.232846273046674,-0.23484769060792,-0.23679644757156,-0.2386826152202,-0.240495848046295,-0.242225489090885,-0.243860691906038,-0.245390556939062,-0.246804279351111,-0.248091304577802,-0.249241487367904,-0.250245249645711,-0.251093732370476,-0.251778936634648,-0.252293849556396,-0.252632551066919,-0.252790298437247,-0.252763586285498,-0.252550180795782,-0.252149127901083,-0.251560736171462,-0.250786536049055,0,-0.10538206414853,-0.105532387881567,-0.105621979391899,-0.105667491123225,-0.105683641184894,-0.105681560702793,-0.105669321133276,-0.105652714375394,-0.10563589056983,-0.105621820823313,-0.105612621747804,-0.105609782789394,-0.105614327677418,-0.105626931355085,-0.105648006365766,-0.105677767781187,-0.105716282664615,-0.105763508123533,-0.105819320776678,-0.105883539660231,-0.105955944060633,-0.106036287388859,-0.106124307945153,-0.106219737229024,-0.10632230630483,-0.106431750623986,-0.106547813621238,-0.106670249337564,-0.106798824271526,-0.106933318620739,-0.107073527043172,-0.107219259042354,-0.107370339059939,-0.107526606342481,-0.107687914635868,-0.107854131750086,-0.108025139028368,-0.108200830747851,-0.108381113473432,-0.108565905382156,-0.108755135572066,-0.108948743366802,-0.109146677625133,-0.109348896062961,-0.109555364594104,-0.109766056695074,-0.109980952798329,-0.110200039717721,-0.110423310109354,-0.11065076197055,-0.110882398179154,-0.11111822607504,-0.111358257085279,-0.111602506394056,-0.111850992658098,-0.112103737768029,-0.112360766655728,-0.112622107147497,-0.112887789862497,-0.11315784815568,-0.113432318104141,-0.113711238535587,-0.113994651097397,-0.114282600364522,-0.114575133984303,-0.114872302856105,-0.115174161343539,-0.115480767516887,-0.115792183423283,-0.116108475382059,-0.116429714302665,-0.116755976022455,-0.117087341661645,-0.117423897992704,-0.117765737821439,-0.118112960377046,-0.11846567170841,-0.118823985083974,-0.119188021392519,-0.119557909542258,-0.119933786855687,-0.120315799457687,-0.120704102654441,-0.121098861300785,-0.12150025015366,-0.121908454209426,-0.122323669022822,-0.122746101005441,-0.123175967701632,-0.123613498039795,-0.124058932557085,-0.124512523595566,-0.12497453546792,-0.125445244590811,-0.125924939584065,-0.126413921333789,-0.126912503017645,-0.127421010090402,-0.127939780227994,-0.128469163228228,-0.12900952086635,-0.129561226703649,-0.130124665847307,-0.130700234659711,-0.131288340415499,-0.131889400904647,-0.132503843980004,-0.133132107047765,-0.133774636499561,-0.134431887084992,-0.135104321223717,-0.135792408256486,-0.136496623634897,-0.137217448050106,-0.137955366501237,-0.138710867304907,-0.139484441047956,-0.140276579486353,-0.141087774394157,-0.141918516367481,-0.142769293589552,-0.143640590564243,-0.144532886826799,-0.145446655641928,-0.146382362700939,-0.147340464831165,-0.148321408732424,-0.149325629756848,-0.150353550749793,-0.151405580970853,-0.152482115115092,-0.153583532455352,-0.154710196126948,-0.155862452575939,-0.157040631191493,-0.158245044141497,-0.159475986428289,-0.160733736178202,-0.162018555174285,-0.163330689635956,-0.164670371242424,-0.166037818388206,-0.167433237648992,-0.168856825424323,-0.170308769709948,-0.171789251937445,-0.173298448801532,-0.174836533976794,-0.176403679605292,-0.178000057415045,-0.179625839307068,-0.181281197225887,-0.182966302106044,-0.184681321665598,-0.186426416798227,-0.188201736299196,-0.190007409648624,-0.191843537569677,-0.193710180081315,-0.195607341776849,-0.197534954083087,-0.199492854292194,-0.201480761211833,-0.203498247350771,-0.205544707648435,-0.207619324869434,-0.209721031918089,-0.211848471483248,-0.213999953598216,-0.216173411891242,-0.218366359503326,-0.220575845854902,-0.222798415641635,-0.225030071620369,-0.227266242895642,-0.229501760520038,-0.231730842262334,-0.23394708836066,-0.236143489950484,-0.238312451629166,-0.240445829285177,-0.242534983882581,-0.244570851359747,-0.246544028193518,-0.248444871523067,-0.250263612055581,-0.251990477328855,-0.25361582232646,-0.255130263971127,-0.256524815698618,-0.257791018165971,-0.258921062191501,-0.259907900261985,-0.26074534336334,-0.261428140469187,-0.261952038720009,-0.262313823099166,-0.262511335211952,-0.262543471552022,-0.262410162352325,0,-0.1059388427073,-0.106025819907603,-0.106059746616453,-0.106058183925692,-0.106035441705907,-0.106001653971992,-0.105963829369053,-0.105926799909797,-0.1058938949607,-0.105867396021044,-0.105848841809239,-0.105839236010899,-0.105839192222369,-0.105849037731426,-0.105868889543825,-0.105898711078732,-0.105938354982655,-0.10598759571939,-0.106046154482142,-0.106113718257248,-0.106189954387372,-0.106274521646221,-0.106367078595614,-0.10646728981853,-0.106574830489357,-0.106689389642198,-0.106810672421241,-0.106938401537585,-0.107072318110341,-0.107212182033043,-0.10735777197724,-0.107508885121851,-0.107665336678257,-0.107826959266229,-0.107993602183933,-0.108165130605841,-0.108341424734893,-0.108522378929489,-0.108707900821264,-0.108897910436162,-0.109092339328573,-0.109291129736271,-0.109494233762336,-0.109701612589032,-0.109913235727714,-0.110129080308154,-0.110349130410052,-0.110573376439109,-0.110801814549574,-0.111034446114864,-0.111271277247491,-0.111512318369248,-0.111757583832261,-0.112007091591233,-0.112260862926908,-0.112518922220471,-0.112781296778335,-0.11304801670648,-0.113319114833221,-0.113594626679086,-0.113874590472177,-0.114159047207223,-0.114448040746305,-0.114741617959067,-0.115039828900055,-0.115342727020692,-0.11565036941329,-0.115962817084369,-0.11628013525452,-0.116602393681941,-0.116929667006777,-0.117262035113331,-0.117599583507233,-0.117942403704637,-0.118290593630552,-0.118644258023418,-0.119003508843101,-0.119368465679514,-0.119739256159123,-0.12011601634668,-0.120498891139551,-0.120888034652122,-0.121283610587802,-0.12168579259623,-0.122094764613361,-0.122510721182177,-0.122933867751838,-0.123364420953149,-0.123802608848292,-0.124248671152793,-0.124702859427802,-0.125165437240745,-0.125636680292487,-0.126116876509157,-0.126606326096816,-0.127105341557169,-0.127614247662523,-0.128133381388233,-0.128663091800838,-0.129203739900156,-0.129755698413564,-0.130319351540735,-0.130895094647125,-0.131483333904539,-0.132084485877158,-0.132698977051495,-0.133327243308872,-0.133969729339132,-0.134626887994519,-0.135299179582875,-0.135987071099653,-0.136691035398559,-0.137411550301133,-0.1381490976461,-0.138904162279926,-0.139677230990802,-0.140468791389037,-0.141279330737856,-0.142109334739636,-0.142959286283768,-0.143829664163668,-0.144720941771824,-0.145633585783265,-0.146568054839406,-0.147524798245871,-0.148504254699508,-0.149506851061509,-0.150533001195105,-0.15158310488781,-0.152657546879506,-0.153756696018747,-0.154880904570391,-0.156030507698032,-0.157205823144503,-0.158407151132898,-0.159634774509017,-0.160888959143654,-0.162169954609721,-0.163477995144593,-0.164813300902186,-0.166176079492005,-0.167566527793664,-0.168984834024949,-0.170431180029456,-0.171905743736078,-0.173408701727042,-0.174940231834084,-0.176500515663534,-0.178089740930971,-0.179708103464834,-0.181355808716367,-0.183033072591015,-0.184740121394477,-0.186477190665876,-0.188244522651812,-0.190042362159578,-0.191870950516845,-0.193730517360074,-0.19562126997661,-0.197543379937498,-0.199496966781622,-0.201482078548724,-0.203498669011201,-0.205546571524088,-0.20762546950085,-0.209734863630427,-0.211874036078756,-0.214042012064891,-0.216237519365925,-0.218458946482635,-0.220704300383823,-0.222971164934582,-0.225256661292921,-0.227557411719472,-0.229869508373652,-0.232188488753316,-0.234509319459643,-0.236826389922148,-0.239133517589262,-0.241423965870696,-0.243690475806374,-0.245925312036607,-0.248120323169942,-0.250267016106452,-0.252356643300019,-0.254380301363789,-0.256329038872944,-0.258193970734139,-0.259966396105489,-0.261637916594381,-0.263200551353917,-0.264646845754032,-0.265969970519894,-0.267163808596211,-0.268223027488478,-0.269143135419388,-0.269920520283045,-0.270552471041314,-0.271037181846921,-0.271373739762094,0,-0.106462135698445,-0.106480991092964,-0.106456773493485,-0.106407814322669,-0.106347233731658,-0.106283598744294,-0.106222488561692,-0.106167545229053,-0.10612113351637,-0.106084755364748,-0.106059315633134,-0.106045298174149,-0.106042886817764,-0.106052051273455,-0.106072609692177,-0.106104275022231,-0.106146689705964,-0.106199451765219,-0.106262134411344,-0.106334300728424,-0.10641551458014,-0.106505348608966,-0.106603389991339,-0.106709244460059,-0.106822538990416,-0.106942923459161,-0.107070071518155,-0.107203680872389,-0.107343473111206,-0.107489193209352,-0.107640608789,-0.107797509213664,-0.107959704568837,-0.108127024571488,-0.108299317440565,-0.10847644875281,-0.108658300302164,-0.108844768976412,-0.109035765661209,-0.109231214179026,-0.109431050268624,-0.109635220609268,-0.109843681892867,-0.110056399946527,-0.110273348907429,-0.110494510451593,-0.110719873077741,-0.110949431447232,-0.111183185780806,-0.111421141312638,-0.111663307801972,-0.111909699102396,-0.112160332788551,-0.112415229839831,-0.112674414380376,-0.112937913474411,-0.113205756975719,-0.113477977429811,-0.1137546100271,-0.114035692605169,-0.114321265698026,-0.11461137263003,-0.114906059652007,-0.115205376116937,-0.115509374692435,-0.115818111607162,-0.1161316469282,-0.11645004486636,-0.116773374106333,-0.117101708158583,-0.117435125729832,-0.117773711109024,-0.118117554565642,-0.118466752757301,-0.11882140914356,-0.119181634402971,-0.119547546850416,-0.11991927285187,-0.120296947233794,-0.120680713684431,-0.121070725144377,-0.121467144183858,-0.121870143364247,-0.122279905581438,-0.122696624388744,-0.12312050429712,-0.123551761050522,-0.123990621874344,-0.124437325694893,-0.124892123327946,-0.125355277634485,-0.125827063641731,-0.126307768627665,-0.126797692167234,-0.127297146138482,-0.127806454686849,-0.12832595414591,-0.12885599291285,-0.129396931276949,-0.129949141199407,-0.130513006042829,-0.131088920248741,-0.131677288961525,-0.132278527597251,-0.13289306135594,-0.133521324675915,-0.134163760629048,-0.1348208202559,-0.135492961839985,-0.136180650120707,-0.136884355444871,-0.137604552857126,-0.138341721130233,-0.139096341736653,-0.1398688977637,-0.140659872775332,-0.141469749624575,-0.14229900922168,-0.143148129264258,-0.144017582936953,-0.144907837589624,-0.145819353404509,-0.14675258206447,-0.147707965436054,-0.148685934282851,-0.149686907026341,-0.15071128857311,-0.151759469228957,-0.152831823721836,-0.153928710356922,-0.155050470328006,-0.156197427210096,-0.15736988665821,-0.158568136336973,-0.159792446104483,-0.161043068472026,-0.162320239358396,-0.163624179153653,-0.164955094102109,-0.166313178007938,-0.167698614259028,-0.169111578155353,-0.170552239517256,-0.17202076553645,-0.173517323818261,-0.175042085547784,-0.176595228695019,-0.178176941155168,-0.17978742369998,-0.181426892594868,-0.183095581714748,-0.184793743969737,-0.186521651830615,-0.188279596724099,-0.19006788705043,-0.191886844561725,-0.193736798830141,-0.195618079531794,-0.197531006277089,-0.199475875732366,-0.201452945803621,-0.203462416692117,-0.205504408686017,-0.207578936623175,-0.209685881049259,-0.211824956203066,-0.213995675087234,-0.216197312026242,-0.218428863272521,-0.220689006391493,-0.22297605933206,-0.22528794026295,-0.227622129418407,-0.229975634338135,-0.232344959994306,-0.234726085360276,-0.237114447979215,-0.239504938024887,-0.241891903203074,-0.24426916561553,-0.246630051398904,-0.248967433564579,-0.251273788013962,-0.253541262205801,-0.255761755431838,-0.257927009142972,-0.26002870529141,-0.262058570245902,-0.264008481525811,-0.265870574408404,-0.267637345408234,-0.269301749713901,-0.270857289892175,-0.272298093518639,-0.273618977845389,-0.274815500140817,-0.275883992901241,-0.276821583705029,-0.277626200024654,-0.278296559802856,0,-0.106941875500762,-0.106889999901778,-0.106807421954732,-0.106712669448986,-0.106616806458119,-0.106526322783077,-0.106445080270993,-0.106375368678812,-0.106318496734868,-0.106275135998175,-0.106245530589467,-0.106229632263855,-0.10622719202724,-0.106237824868762,-0.106261056748314,-0.106296359199381,-0.106343174932517,-0.106400936731624,-0.106469081279899,-0.106547059125734,-0.10663434170182,-0.106730426094568,-0.106834838099625,-0.106947133977198,-0.107066901227722,-0.107193758636769,-0.107327355782651,-0.107467372156943,-0.107613516014207,-0.107765523040477,-0.107923154908935,-0.108086197774512,-0.108254460746089,-0.108427774364692,-0.108605989108228,-0.108788973937269,-0.108976614891883,-0.109168813746221,-0.109365486725166,-0.109566563285712,-0.1097719849646,-0.109981704293024,-0.110195683778746,-0.110413894955688,-0.110636317500932,-0.110862938418918,-0.111093751292612,-0.111328755601301,-0.111567956104608,-0.111811362292219,-0.112058987898666,-0.112310850482353,-0.112566971067849,-0.112827373850242,-0.113092085960172,-0.113361137287914,-0.113634560364681,-0.113912390299099,-0.114194664766589,-0.11448142404922,-0.114772711123391,-0.115068571792556,-0.115369054862069,-0.115674212353077,-0.115984099752328,-0.116298776294641,-0.116618305274757,-0.116942754385229,-0.117272196077,-0.117606707939311,-0.117946373095589,-0.118291280612,-0.118641525915391,-0.118997211217394,-0.119358445941534,-0.119725347150248,-0.12009803996881,-0.120476658003244,-0.120861343749372,-0.121252248990279,-0.12164953517954,-0.122053373807644,-0.12246394674919,-0.122881446588454,-0.123306076921085,-0.123738052629714,-0.124177600131385,-0.124624957594766,-0.125080375125172,-0.1255441149155,-0.126016451361225,-0.126497671137646,-0.126988073237632,-0.127487968968131,-0.127997681903731,-0.128517547795613,-0.129047914434223,-0.129589141464023,-0.130141600148704,-0.130705673085266,-0.131281753865391,-0.131870246682605,-0.132471565883752,-0.133086135463429,-0.133714388500089,-0.13435676653273,-0.135013718877214,-0.135685701881554,-0.136373178119762,-0.137076615524244,-0.137796486457162,-0.138533266721684,-0.139287434514703,-0.140059469323291,-0.140849850767978,-0.141659057396916,-0.142487565436011,-0.143335847501297,-0.144204371281134,-0.145093598197204,-0.146003982054804,-0.146935967694564,-0.147889989659393,-0.148866470892201,-0.149865821481743,-0.15088843747563,-0.151934699781313,-0.153004973177353,-0.154099605458755,-0.155218926741226,-0.156363248950092,-0.157532865519943,-0.158728051330967,-0.159949062907161,-0.161196138900086,-0.162469500879456,-0.163769354448467,-0.165095890697338,-0.16644928800276,-0.167829714173975,-0.169237328937645,-0.170672286743699,-0.172134739862692,-0.173624841731955,-0.175142750492966,-0.176688632645839,-0.178262666728919,-0.179865046912115,-0.181495986372284,-0.18315572029776,-0.184844508347691,-0.186562636370546,-0.188310417165806,-0.190088190054154,-0.191896319005583,-0.193735189062649,-0.195605200789221,-0.197506762474709,-0.199440279831721,-0.201406142943049,-0.203404710243574,-0.205436289366012,-0.207501114737884,-0.209599321892205,-0.211730918547042,-0.213895752619658,-0.216093477468864,-0.218323514802986,-0.220585015847437,-0.222876821531001,-0.225197422617456,-0.227544920871402,-0.229916992494682,-0.23231085519209,-0.234723240310486,-0.2371503715324,-0.239587951582582,-0.242031158314635,-0.244474651378321,-0.246912590423916,-0.249338665480832,-0.251746139761576,-0.254127904703109,-0.256476546585423,-0.258784423585923,-0.261043751665496,-0.263246697266482,-0.265385474461583,-0.267452443949888,-0.269440211169507,-0.271341720796118,-0.273150345024388,-0.274859963277344,-0.276465031341346,-0.277960638358626,-0.279342550597664,-0.280607241434008,-0.281751907480765,-0.282774471281555,-0.283673571396722,0,-0.107368654793912,-0.107245517867837,-0.107106821527356,-0.10696984257708,-0.106842716641175,-0.106729451994553,-0.106632005712269,-0.106551230499001,-0.106487344081014,-0.106440177414348,-0.106409316393129,-0.106394190020737,-0.106394129598048,-0.106408410562818,-0.106436282844234,-0.106476993017529,-0.106529800341737,-0.106593988144751,-0.106668871651102,-0.10675380309572,-0.106848174778991,-0.106951420572902,-0.107063016274275,-0.107182479112233,-0.107309366647639,-0.107443275248119,-0.107583838279886,-0.107730724124269,-0.107883634100585,-0.108042300356288,-0.108206483768974,-0.108375971892101,-0.108550576966382,-0.10873013401128,-0.108914499005424,-0.109103547160665,-0.109297171291607,-0.109495280280529,-0.109697797636389,-0.109904660145899,-0.110115816614361,-0.110331226693887,-0.110550859796677,-0.11077469409124,-0.111002715579601,-0.111234917253723,-0.111471298329544,-0.111711863557095,-0.111956622605244,-0.112205589519585,-0.112458782251967,-0.112716222260015,-0.11297793417493,-0.113243945535635,-0.113514286587206,-0.113788990141322,-0.114068091496275,-0.114351628413925,-0.114639641150765,-0.114932172540137,-0.115229268122475,-0.115530976320306,-0.115837348654669,-0.116148439999476,-0.116464308870297,-0.116785017744014,-0.117110633405717,-0.117441227319258,-0.117776876017851,-0.118117661511147,-0.118463671705259,-0.118815000832248,-0.119171749885672,-0.119534027058854,-0.119901948182637,-0.12027563715945,-0.120655226390661,-0.121040857194239,-0.121432680209893,-0.121830855788956,-0.122235554366373,-0.122646956812279,-0.123065254760747,-0.123490650913384,-0.123923359315565,-0.124363605603157,-0.124811627217712,-0.125267673588136,-0.125732006276965,-0.126204899089385,-0.126686638143252,-0.127177521898359,-0.127677861143268,-0.128187978938067,-0.128708210511408,-0.129238903110252,-0.129780415800721,-0.130333119218542,-0.130897395267534,-0.131473636764669,-0.132062247030271,-0.132663639421982,-0.13327823681119,-0.133906471000767,-0.134548782083074,-0.135205617737384,-0.135877432466135,-0.136564686769679,-0.137267846259591,-0.13798738071101,-0.138723763054995,-0.139477468312535,-0.140248972472481,-0.141038751316569,-0.141847279195563,-0.142675027761632,-0.143522464663236,-0.144390052210071,-0.145278246017044,-0.146187493637755,-0.147118233199585,-0.148070892054186,-0.14904588545892,-0.150043615306601,-0.151064468922669,-0.15210881795067,-0.153177017348566,-0.154269404519861,-0.155386298604815,-0.156527999957937,-0.157694789838528,-0.15888693034109,-0.160104664591925,-0.161348217236976,-0.162617795243992,-0.163913589039044,-0.165235773993487,-0.16658451227219,-0.167959955047462,-0.169362245075188,-0.170791519620431,-0.172247913708851,-0.17373156366789,-0.175242610907615,-0.176781205875508,-0.178347512102418,-0.17994171023837,-0.181564001957362,-0.183214613589683,-0.18489379931931,-0.186601843762811,-0.188339063725663,-0.190105808912641,-0.19190246135182,-0.193729433277822,-0.195587163210385,-0.197476109960503,-0.199396744299786,-0.201349538040942,-0.203334950300048,-0.2053534107464,-0.207405299694727,-0.209490924958986,-0.211610495467989,-0.213764091741273,-0.215951633438941,-0.218172844330615,-0.22042721517396,-0.222713965148983,-0.225032002655389,-0.22737988644007,-0.229755788172028,-0.232157457713173,-0.234582192434722,-0.237026811989285,-0.239487639957319,-0.24196049373373,-0.244440683898597,-0.246923024121186,-0.249401852378754,-0.251871063936378,-0.254324156141743,-0.256754284655884,-0.259154330287984,-0.261516975154185,-0.263834786463468,-0.26610030587443,-0.268306142089208,-0.270445064174391,-0.272510093036315,-0.274494588535155,-0.276392329895468,-0.278197587349227,-0.279905183312665,-0.281510541826838,-0.283009725456954,-0.284399459319489,-0.285677142362517,-0.286840846440649,-0.287889304082966,0,-0.107733746396983,-0.107541206347916,-0.107351196451424,-0.107177456878202,-0.107024434041199,-0.106893401098334,-0.10678433901456,-0.106696660677791,-0.106629514593658,-0.106581920371625,-0.106552836157957,-0.106541197812221,-0.106545945047633,-0.10656604022108,-0.10660048202199,-0.106648315175362,-0.10670863692355,-0.10678060092485,-0.106863419124949,-0.106956362076701,-0.107058758102668,-0.107169991619224,-0.107289500874861,-0.107416775300168,-0.107551352621958,-0.107692815857957,-0.107840790279598,-0.107994940407479,-0.108154967085772,-0.108320604667399,-0.108491618330534,-0.108667801538283,-0.108848973646904,-0.109034977663209,-0.109225678148503,-0.109420959264323,-0.109620722954002,-0.109824887253552,-0.110033384725306,-0.110246161007993,-0.110463173477428,-0.110684390012522,-0.110909787861953,-0.111139352607356,-0.111373077219459,-0.111610961203975,-0.111853009834406,-0.112099233469194,-0.112349646950769,-0.112604269084158,-0.112863122192821,-0.113126231749329,-0.113393626078426,-0.113665336129884,-0.113941395318425,-0.114221839427821,-0.114506706576139,-0.114796037238916,-0.115089874326941,-0.115388263315142,-0.115691252418995,-0.115998892814768,-0.116311238899801,-0.116628348589027,-0.116950283643844,-0.117277110029473,-0.117608898296923,-0.117945723985705,-0.1182876680435,-0.118634817259004,-0.118987264704284,-0.119345110183028,-0.119708460681179,-0.120077430816559,-0.120452143284148,-0.120832729293869,-0.121219328997777,-0.121612091903723,-0.122011177272656,-0.122416754496851,-0.122829003456492,-0.123248114852121,-0.123674290510603,-0.124107743662358,-0.124548699187712,-0.124997393830306,-0.125454076375619,-0.125919007792693,-0.126392461337281,-0.12687472261464,-0.127366089600314,-0.127866872617234,-0.128377394267557,-0.128897989317678,-0.129429004534882,-0.129970798474142,-0.130523741213584,-0.1310882140372,-0.131664609063387,-0.132253328817994,-0.132854785750571,-0.133469401692635,-0.134097607256871,-0.134739841176322,-0.135396549582818,-0.136068185224128,-0.136755206619583,-0.137458077154323,-0.138177264112679,-0.138913237651771,-0.139666469716964,-0.140437432901537,-0.141226599253706,-0.142034439035098,-0.142861419435752,-0.143708003251917,-0.144574647534189,-0.145461802214893,-0.146369908725171,-0.147299398613786,-0.148250692181414,-0.149224197145893,-0.150220307355748,-0.15123940157109,-0.152281842332762,-0.153347974942295,-0.154438126576776,-0.155552605564051,-0.156691700844747,-0.157855681648282,-0.159044797410229,-0.160259277958091,-0.161499333991538,-0.162765157881375,-0.16405692480886,-0.165374794263346,-0.166718911911415,-0.168089411844704,-0.169486419206274,-0.170910053186671,-0.172360430370548,-0.173837668403026,-0.175341889931596,-0.176873226764537,-0.178431824170466,-0.180017845225895,-0.181631475098745,-0.183272925135828,-0.184942436601762,-0.186640283895972,-0.188366777053933,-0.190122263319265,-0.191907127555478,-0.193721791251011,-0.195566709859837,-0.197442368213508,-0.19934927374054,-0.20128794723696,-0.203258910949325,-0.205262673760251,-0.207299713308059,-0.209370454928149,-0.211475247375379,-0.213614335374868,-0.215787829153591,-0.217995671226237,-0.220237600844457,-0.222513116666115,-0.224821438356049,-0.227161467986522,-0.229531752256632,-0.231930446686696,-0.234355283056112,-0.236803541430896,-0.23927202815928,-0.241757061190494,-0.244254463985143,-0.246759569129865,-0.249267232542658,-0.251771858861251,-0.254267438253244,-0.256747594486746,-0.259205643672031,-0.261634662650506,-0.264027565591802,-0.266377186988461,-0.268676368934594,-0.270918050360471,-0.273095355784539,-0.275201681145949,-0.277230774394788,-0.279176808736532,-0.28103444673718,-0.282798893875956,-0.284465940559046,-0.286031992054691,-0.287494086251415,-0.288849899554112,-0.290097741597777,-0.291236539761728,0,-0.108029050396499,-0.107772130239147,-0.107538154744568,-0.10733484603802,-0.107162448484685,-0.107019432595589,-0.106903854986924,-0.106813766472133,-0.106747321277816,-0.106702792848447,-0.106678567067227,-0.10667313417818,-0.106685083584353,-0.106713100873463,-0.106755965734437,-0.106812549826099,-0.106881814145914,-0.106962805779694,-0.107054654090557,-0.107156566478269,-0.107267823855368,-0.107387775974803,-0.107515836722289,-0.107651479463479,-0.107794232514643,-0.107943674787086,-0.10809943163999,-0.108261170963529,-0.108428599503769,-0.108601459432683,-0.108779525160309,-0.108962600381563,-0.10915051534705,-0.109343124345338,-0.109540303383241,-0.109741948050503,-0.109947971555705,-0.110158302921028,-0.110372885324562,-0.110591674580018,-0.110814637744912,-0.111041751849421,-0.111273002739188,-0.111508384026246,-0.111747896143054,-0.111991545495243,-0.112239343709183,-0.112491306970839,-0.112747455452632,-0.11300781282516,-0.113272405850718,-0.113541264055506,-0.113814419477414,-0.114091906486129,-0.114373761672231,-0.114660023801792,-0.114950733832865,-0.115245934990141,-0.1155456728939,-0.115849995739317,-0.116158954522064,-0.116472603306122,-0.116790999529637,-0.117114204344647,-0.11744228298653,-0.117775305168979,-0.118113345500432,-0.118456483917863,-0.118804806133956,-0.119158404093765,-0.119517376437048,-0.119881828962577,-0.120251875090854,-0.120627636321765,-0.121009242683863,-0.121396833172078,-0.121790556170795,-0.122190569859395,-0.122597042597458,-0.123010153286984,-0.123430091709115,-0.123857058832942,-0.124291267094153,-0.124732940641322,-0.125182315547816,-0.12563963998734,-0.126105174371264,-0.126579191445952,-0.127061976348363,-0.12755382661831,-0.128055052165753,-0.128565975191619,-0.129086930060636,-0.129618263124723,-0.130160332495534,-0.130713507764748,-0.131278169670774,-0.131854709710556,-0.132443529695232,-0.133045041248464,-0.133659665246333,-0.134287831197822,-0.134929976565036,-0.135586546022516,-0.13625799065519,-0.136944767094844,-0.137647336595293,-0.138366164046874,-0.139101716931393,-0.139854464219205,-0.140624875210851,-0.141413418326394,-0.142220559846584,-0.143046762610906,-0.143892484678794,-0.144758177961479,-0.145644286833371,-0.14655124673334,-0.147479482767858,-0.148429408329666,-0.149401423747369,-0.150395914983171,-0.151413252397772,-0.152453789603235,-0.153517862426345,-0.154605788006554,-0.155717864053989,-0.156854368294156,-0.158015558126689,-0.159201670525895,-0.160412922210618,-0.161649510110148,-0.162911612151336,-0.164199388389684,-0.165512982503798,-0.166852523668189,-0.168218128813774,-0.169609905278559,-0.171027953842736,-0.17247237213273,-0.173943258367581,-0.175440715408297,-0.176964855056668,-0.17851580253427,-0.180093701055369,-0.181698716389104,-0.183331041286959,-0.184990899631498,-0.186678550141812,-0.188394289450826,-0.190138454349919,-0.191911422978041,-0.193713614716553,-0.195545488538232,-0.197407539550581,-0.199300293470976,-0.201224298775713,-0.203180116278283,-0.205168305915785,-0.207189410557931,-0.209243936702151,-0.211332331982227,-0.213454959497627,-0.215612069066883,-0.217803765620592,-0.220029975076863,-0.222290408182062,-0.224584522948791,-0.226911486476299,-0.229270137089363,-0.231658947872098,-0.234075992793914,-0.236518916715948,-0.238984910617156,-0.241470693380016,-0.243972501417695,-0.246486087301264,-0.249006728353837,-0.251529245919481,-0.254048035694267,-0.256557109135523,-0.259050145559312,-0.261520554115208,-0.263961544414793,-0.266366204210428,-0.268727582197599,-0.271038773769138,-0.273293007399411,-0.275483729292033,-0.277604683989076,-0.279649988809188,-0.281614200245073,-0.283492370790142,-0.285280095057775,-0.286973544480127,-0.288569490301961,-0.290065314995137,-0.291459012591191,-0.292749178747001,-0.293934991611468,0,-0.10824774697031,-0.107935155929457,-0.107666920468104,-0.107442680319645,-0.10725833213977,-0.107109680624024,-0.106993029714541,-0.106905218904992,-0.106843529152172,-0.106805583223137,-0.106789271021848,-0.106792699504921,-0.106814159857504,-0.106852105247547,-0.106905134629544,-0.106971979910692,-0.107051495012267,-0.107142646073257,-0.107244502429404,-0.107356228197052,-0.10747707438552,-0.107606371504381,-0.107743522649585,-0.107887997058031,-0.108039324120429,-0.108197087840095,-0.10836092172221,-0.108530504074861,-0.108705553700365,-0.108885825953152,-0.109071109139097,-0.109261221230584,-0.109456006871759,-0.109655334649271,-0.109859094605156,-0.110067195970293,-0.110279565098814,-0.110496143585988,-0.110716886554161,-0.110941761093358,-0.111170744845012,-0.111403824718938,-0.111640995735126,-0.111882259983154,-0.112127625693023,-0.112377106412012,-0.112630720282786,-0.112888489418389,-0.113150439370129,-0.113416598684469,-0.113686998545205,-0.113961672497173,-0.114240656247734,-0.114523987542185,-0.114811706109173,-0.115103853672056,-0.115400474022081,-0.115701613149121,-0.116007319425643,-0.1163176438395,-0.11663264027109,-0.116952365810401,-0.117276881109449,-0.117606250765617,-0.117940543731468,-0.11827983374662,-0.11862419978738,-0.118973726529891,-0.119328504822669,-0.119688632164527,-0.120054213183974,-0.120425360116364,-0.120802193275165,-0.121184841513892,-0.121573442675391,-0.121968144025303,-0.122369102666705,-0.12277648593306,-0.123190471756765,-0.123611249010728,-0.124039017820539,-0.124473989844933,-0.124916388522382,-0.125366449281745,-0.125824419715047,-0.126290559710529,-0.126765141544217,-0.127248449928356,-0.127740782015086,-0.128242447353859,-0.128753767801095,-0.129275077380679,-0.129806722093906,-0.130349059677547,-0.130902459308729,-0.131467301255395,-0.13204397647112,-0.13263288613314,-0.133234441122515,-0.133849061445427,-0.134477175594739,-0.135119219851063,-0.1357756375228,-0.136446878124793,-0.137133396495561,-0.137835651853388,-0.13855410679196,-0.139289226216751,-0.140041476223898,-0.140811322924024,-0.141599231214203,-0.142405663502167,-0.143231078387869,-0.144075929308611,-0.144940663155203,-0.145825718867985,-0.146731526023007,-0.14765850342025,-0.148607057687437,-0.14957758191474,-0.150570454337468,-0.151586037085645,-0.152624675021169,-0.153686694684978,-0.154772403378248,-0.155882088403082,-0.157016016489322,-0.158174433434965,-0.159357563988116,-0.16056561199832,-0.161798760864483,-0.163057174305177,-0.16434099747497,-0.165650358447303,-0.166985370080288,-0.168346132276548,-0.169732734641702,-0.171145259538284,-0.172583785522668,-0.17404839114189,-0.175539159055124,-0.177056180430926,-0.178599559556238,-0.180169418576726,-0.181765902270222,-0.183389182736296,-0.185039463865332,-0.186716985430374,-0.188422026624876,-0.190154908849804,-0.191915997534987,-0.193705702763033,-0.19552447845031,-0.197372819829669,-0.199251258974856,-0.201160358108331,-0.203100700443991,-0.205072878335578,-0.207077478532035,-0.209115064384221,-0.211186154904688,-0.213291200654731,-0.215430556521399,-0.21760445155159,-0.219812956130087,-0.222055946921508,-0.224333070139789,-0.22664370385847,-0.228986920224935,-0.231361448584577,-0.233765640647914,-0.236197438935538,-0.238654349802029,-0.24113342236085,-0.243631234598542,-0.246143887871083,-0.248667010813724,-0.251195773467432,-0.253724912133986,-0.256248765126594,-0.258761319197386,-0.261256266015158,-0.263727067658078,-0.266167029700011,-0.268569380129668,-0.27092735207073,-0.273234268086802,-0.275483623770122,-0.277669168333708,-0.27978498005174,-0.281825534614125,-0.283785764763591,-0.285661109947467,-0.287447555118659,-0.289141658236939,-0.290740566429197,-0.292242021144917,-0.293644352973789,-0.294946467063985,-0.296147820284885,0,-0.108384795809327,-0.108029300230208,-0.10773849135563,-0.107503029576645,-0.107314753216209,-0.107167138278625,-0.107055013742122,-0.106974218568707,-0.106921317547079,-0.106893401385457,-0.106887956006211,-0.106902778559932,-0.106935922240166,-0.106985658153531,-0.10705044723502,-0.107128918229033,-0.107219849527803,-0.107322153640434,-0.107434863593946,-0.107557120849448,-0.107688164468769,-0.107827321351754,-0.107973997413836,-0.108127669603626,-0.108287878679128,-0.108454222673342,-0.108626350988005,-0.108803959059659,-0.108986783546235,-0.109174597985727,-0.109367208881592,-0.109564452172663,-0.109766190048656,-0.109972308075751,-0.110182712600248,-0.110397328401827,-0.110616096571373,-0.110838972591586,-0.111065924601628,-0.111296931829816,-0.111531983180751,-0.111771075965412,-0.11201421476448,-0.112261410416611,-0.112512679124578,-0.112768041673068,-0.113027522752647,-0.113291150384873,-0.113558955443889,-0.113830971270034,-0.114107233371097,-0.114387779206902,-0.114672648052874,-0.114961880938159,-0.115255520653835,-0.115553611826637,-0.115856201053539,-0.116163337092475,-0.116475071104424,-0.116791456942034,-0.11711255147995,-0.11743841498203,-0.117769111500638,-0.118104709303272,-0.118445281321837,-0.118790905619997,-0.119141665874094,-0.119497651863286,-0.119858959964689,-0.120225693649406,-0.12059796397555,-0.120975890074462,-0.121359599626535,-0.121749229323199,-0.122144925311796,-0.122546843620245,-0.122955150558558,-0.123370023094436,-0.123791649200323,-0.124220228169461,-0.124655970898622,-0.125099100135336,-0.125549850687575,-0.126008469593947,-0.126475216252592,-0.126950362507069,-0.127434192687594,-0.127927003606102,-0.128429104503661,-0.128940816948837,-0.129462474685662,-0.129994423429912,-0.130537020612462,-0.131090635068505,-0.131655646671485,-0.132232445910652,-0.132821433411187,-0.133423019395928,-0.134037623087813,-0.134665672052279,-0.135307601478969,-0.13596385340232,-0.136634875860776,-0.13732112199469,-0.138023049083287,-0.138741117521456,-0.139475789737651,-0.1402275290547,-0.140996798496029,-0.141784059540526,-0.142589770830181,-0.143414386835586,-0.144258356485507,-0.145122121767958,-0.146006116311539,-0.146910763957262,-0.147836477332666,-0.148783656441631,-0.149752687285103,-0.150743940529644,-0.151757770242602,-0.152794512714432,-0.153854485390458,-0.154937985935988,-0.15604529146016,-0.157176657925087,-0.158332319767823,-0.159512489763161,-0.160717359155319,-0.161947098086039,-0.163201856345394,-0.164481764469606,-0.165786935207283,-0.167117465371627,-0.168473438091157,-0.16985492546535,-0.171261991624167,-0.172694696181596,-0.174153098063184,-0.175637259675837,-0.177147251375053,-0.178683156170237,-0.180245074592769,-0.181833129634355,-0.183447471644865,-0.185088283059711,-0.186755782807088,-0.188450230225472,-0.190171928302157,-0.191921226024925,-0.193698519621862,-0.19550425244973,-0.197338913280237,-0.199203032727043,-0.201097177555825,-0.20302194262648,-0.204977940232209,-0.206965786626246,-0.208986085565061,-0.21103940874826,-0.213126273101543,-0.215247114930646,-0.217402261071574,-0.219591897275236,-0.221816034191343,-0.224074471454697,-0.22636676052299,-0.228692167063625,-0.231049633831296,-0.233437745110046,-0.235854693904101,-0.238298253141164,-0.240765752190035,-0.243254059982072,-0.245759575955246,-0.248278229905081,-0.250805491626503,-0.253336390966679,-0.255865548588217,-0.258387217376218,-0.260895334027908,-0.263383579959838,-0.265845450277681,-0.26827432920069,-0.270663570039368,-0.273006577610272,-0.27529689085069,-0.277528263376803,-0.279694739813233,-0.281790725903989,-0.283811050682541,-0.28575101931432,-0.287606455606868,-0.289373733587723,-0.291049797954559,-0.29263217358466,-0.294118964633413,-0.295508844040435,-0.296801034488218,-0.297995282018028,0,-0.108437690265575,-0.108055989301284,-0.107755707028958,-0.107519358400301,-0.107335440159404,-0.107195609006562,-0.107093579002225,-0.107024442026694,-0.106984227916818,-0.106969628958263,-0.106977829249879,-0.107006396866035,-0.107053212529438,-0.107116419518037,-0.107194386259351,-0.107285676890517,-0.10738902714706,-0.107503324057027,-0.107627588512823,-0.107760960119564,-0.107902683906209,-0.108052098599732,-0.108208626235985,-0.108371762930263,-0.108541070664683,-0.108716169973567,-0.108896733425399,-0.109082479812784,-0.109273168971884,-0.109468597161069,-0.109668592935662,-0.109873013462216,-0.110081741221866,-0.110294681058083,-0.110511757529611,-0.110732912534507,-0.110958103175901,-0.111187299844398,-0.11142048449586,-0.111657649106657,-0.111898794291332,-0.11214392807008,-0.112393064775405,-0.112646224088936,-0.112903430200673,-0.11316471108387,-0.113430097879513,-0.113699624384818,-0.113973326640569,-0.114251242612261,-0.114533411960164,-0.114819875893431,-0.115110677103366,-0.115405859770914,-0.115705469643374,-0.116009554175281,-0.116318162728324,-0.11663134682515,-0.11694916045185,-0.117271660403954,-0.11759890667075,-0.117930962852801,-0.118267896607604,-0.118609780118408,-0.118956690581326,-0.119308710706007,-0.119665929225246,-0.120028441409106,-0.120396349579249,-0.120769763619375,-0.121148801477835,-0.121533589658661,-0.121924263697464,-0.122320968618808,-0.122723859371878,-0.123133101241428,-0.123548870231177,-0.123971353416997,-0.124400749267402,-0.124837267928994,-0.125281131474705,-0.125732574112768,-0.126191842354535,-0.126659195139339,-0.127134903914732,-0.127619252670529,-0.128112537925175,-0.128615068663037,-0.129127166221304,-0.129649164125221,-0.130181407870466,-0.130724254651526,-0.13127807303496,-0.131843242576522,-0.132420153381143,-0.133009205604842,-0.133610808897723,-0.134225381787279,-0.134853351001357,-0.13549515073027,-0.136151221827718,-0.136822010950396,-0.137507969636444,-0.138209553323203,-0.138927220305153,-0.139661430633373,-0.140412644958402,-0.141181323319047,-0.141967923880427,-0.142772901625374,-0.14359670700431,-0.144439784549782,-0.145302571463042,-0.146185496181392,-0.147088976936424,-0.148013420314858,-0.148959219835285,-0.14992675455586,-0.150916387729738,-0.151928465526867,-0.152963315842498,-0.154021247214565,-0.155102547873662,-0.156207484950875,-0.157336303869959,-0.158489227951304,-0.15966645825575,-0.16086817369641,-0.162094531446244,-0.163345667668055,-0.164621698591723,-0.165922721960837,-0.167248818867205,-0.168600055987055,-0.169976488226846,-0.171378161779543,-0.172805117583765,-0.174257395168467,-0.175735036854575,-0.177238092272393,-0.178766623139538,-0.180320708228769,-0.181900448438365,-0.183505971859969,-0.185137438720013,-0.18679504605156,-0.188479031933684,-0.19018967911603,-0.19192731782743,-0.193692327550005,-0.19548513752494,-0.197306225744036,-0.199156116173102,-0.201035373950777,-0.202944598310521,-0.204884412985937,-0.206855453881723,-0.208858353826017,-0.210893724266038,-0.212962133829255,-0.215064083747543,-0.217199980232708,-0.219370103998005,-0.221574577240975,-0.22381332853596,-0.226086056226774,-0.228392191056513,-0.230730858916339,-0.233100844730793,-0.235500558615093,-0.237928005530469,-0.240380759717059,-0.242855945190522,-0.245350223540253,-0.247859790157395,-0.250380379846567,-0.252907282536952,-0.25543536951113,-0.257959130223638,-0.260472719400045,-0.262970013709962,-0.26544467691534,-0.267890232031441,-0.270300138724775,-0.272667873930363,-0.274987013516212,-0.27725131276648,-0.279454783500514,-0.281591765789686,-0.283656992468042,-0.285645644940476,-0.287553399153496,-0.289376460986134,-0.291111590718998,-0.29275611662588,-0.294307938085715,-0.295765518917688,-0.297127871888613,-0.298394535523558,-0.299565544467166,0,-0.108407459359419,-0.108019182840888,-0.107723218314471,-0.107496452822142,-0.107325098318224,-0.107199624618652,-0.107113041923817,-0.107059970958389,-0.107036099009556,-0.107037860210218,-0.107062243548363,-0.107106672098404,-0.10716892209704,-0.107247064971559,-0.107339423303161,-0.107444535840681,-0.107561128813681,-0.107688091899583,-0.107824457789345,-0.10796938462853,-0.108122140811689,-0.108282091738534,-0.108448688229714,-0.108621456363276,-0.108799988538465,-0.108983935606887,-0.109172999935873,-0.109366929287872,-0.109565511414726,-0.109768569278158,-0.109975956818495,-0.110187555203165,-0.110403269495148,-0.110623025689381,-0.110846768072348,-0.111074456866529,-0.111306066127231,-0.11154158186443,-0.111781000366729,-0.112024326708327,-0.112271573423121,-0.112522759332668,-0.112777908516897,-0.113037049418127,-0.11330021407025,-0.113567437445928,-0.11383875691532,-0.114114211810393,-0.114393843089147,-0.114677693094274,-0.114965805400883,-0.11525822474792,-0.115554997047901,-0.115856169469538,-0.116161790587788,-0.116471910595799,-0.116786581573206,-0.117105857805221,-0.11742979614695,-0.11775845642741,-0.118091901887809,-0.118430199648663,-0.118773421200512,-0.119121642913051,-0.119474946557685,-0.119833419838651,-0.120197156928033,-0.120566259000186,-0.12094083476126,-0.12132100096974,-0.121706882944107,-0.122098615053922,-0.122496341190863,-0.122900215216427,-0.123310401383222,-0.123727074726958,-0.124150421426449,-0.124580639129099,-0.125017937239543,-0.125462537169252,-0.12591467254509,-0.126374589374929,-0.126842546168592,-0.12731881401248,-0.12780367659639,-0.128297430191094,-0.128800383575371,-0.129312857911241,-0.129835186566241,-0.130367714881629,-0.130910799885485,-0.131464809949715,-0.132030124390022,-0.132607133007986,-0.13319623557443,-0.133797841253349,-0.134412367965758,-0.135040241692931,-0.135681895718642,-0.13633776981018,-0.137008309338156,-0.137693964335338,-0.138395188495106,-0.139112438110489,-0.139846170955198,-0.140596845108634,-0.141364917727447,-0.142150843766989,-0.142955074656813,-0.143778056935337,-0.144620230849832,-0.145482028929111,-0.146363874537544,-0.14726618042049,-0.148189347252701,-0.149133762202922,-0.150099797529553,-0.15108780922403,-0.152098135720329,-0.15313109669082,-0.154186991950376,-0.155266100492332,-0.156368679681365,-0.157494964629642,-0.158645167783609,-0.159819478749425,-0.161018064385253,-0.162241069188296,-0.163488616003512,-0.164760807079248,-0.166057725492558,-0.167379436963503,-0.1687259920733,-0.170097428895606,-0.171493776043448,-0.172915056126248,-0.17436128960202,-0.17583249899901,-0.177328713468914,-0.1788499736202,-0.180396336565193,-0.18196788109835,-0.183564712905864,-0.185186969688437,-0.186834826060084,-0.188508498066462,-0.19020824714686,-0.191934383345188,-0.193687267557634,-0.195467312588879,-0.197274982775768,-0.199110791928063,-0.200975299331638,-0.202869103561346,-0.204792833860305,-0.206747138861013,-0.208732672452933,-0.210750076642602,-0.212799961307187,-0.214882880811866,-0.216999307546143,-0.219149602534298,-0.221333983389964,-0.223552490012688,-0.225804948562386,-0.228090934391822,-0.230409734762037,-0.232760312304129,-0.235141270314767,-0.237550821073167,-0.239986758434194,-0.242446435976239,-0.244926751954789,-0.247424142226032,-0.249934582155199,-0.252453598310672,-0.254976290470652,-0.257497364142296,-0.260011173426505,-0.262511773671908,-0.264992982969297,-0.267448451165252,-0.269871734743555,-0.272256375656416,-0.274595982002067,-0.276884308353724,-0.279115333553499,-0.281283333893203,-0.283382949804636,-0.285409244461475,-0.287357753034896,-0.289224521724029,-0.291006136077417,-0.292699738510563,-0.294303035287301,-0.295814293552801,-0.297232329271302,-0.298556487125012,-0.299786613569283,-0.300923024314753,0,-0.108299626004673,-0.107925329628152,-0.107647355602062,-0.107440282466547,-0.107289283821079,-0.107184334173376,-0.107118166238479,-0.107085206892409,-0.107080991704763,-0.107101835559661,-0.107144638329369,-0.107206761845819,-0.107285945635344,-0.107380244973257,-0.107487982829109,-0.107607711196599,-0.107738179225332,-0.107878306541376,-0.108027160663748,-0.108183937729159,-0.108347945933805,-0.10851859123692,-0.108695364968698,-0.108877833057192,-0.109065626642098,-0.109258433883238,-0.109455992801866,-0.109658085016563,-0.109864530254507,-0.110075181534792,-0.110289920934132,-0.110508655857339,-0.110731315745697,-0.110957849165978,-0.111188221231486,-0.111422411314071,-0.111660411012801,-0.111902222350696,-0.112147856175878,-0.112397330747587,-0.11265067049091,-0.112907904906817,-0.113169067626242,-0.113434195598661,-0.113703328406856,-0.113976507700494,-0.114253776741799,-0.11453518005702,-0.114820763187687,-0.115110572535763,-0.115404655296894,-0.115703059475935,-0.116005833978932,-0.116313028775673,-0.116624695126918,-0.116940885870346,-0.117261655759317,-0.117587061848486,-0.117917163920428,-0.11825202494744,-0.118591711582825,-0.118936294676053,-0.119285849806379,-0.119640457829604,-0.120000205432902,-0.120365185692801,-0.120735498631617,-0.121111251767855,-0.121492560656327,-0.121879549413935,-0.122272351227315,-0.122671108838758,-0.12307597500704,-0.123487112940005,-0.123904696695993,-0.124328911551351,-0.124759954331518,-0.125198033703325,-0.125643370426354,-0.126096197561333,-0.126556760633754,-0.127025317750981,-0.127502139671295,-0.127987509823432,-0.128481724275268,-0.12898509165041,-0.129497932991562,-0.130020581569567,-0.13055338263715,-0.131096693126423,-0.131650881289272,-0.132216326279831,-0.132793417678278,-0.133382554955294,-0.133984146876558,-0.134598610846794,-0.135226372192946,-0.135867863386242,-0.136523523203043,-0.137193795824601,-0.137879129876105,-0.138579977405695,-0.139296792804522,-0.140030031669355,-0.140780149609784,-0.141547601002666,-0.142332837697214,-0.143136307674885,-0.143958453669219,-0.14479971175177,-0.145660509891462,-0.146541266495952,-0.147442388944994,-0.148364272127271,-0.149307296993771,-0.150271829142432,-0.151258217450538,-0.152266792773093,-0.15329786672717,-0.154351730583974,-0.155428654291982,-0.156528885656044,-0.157652649698635,-0.158800148230481,-0.159971559658484,-0.161167039059157,-0.162386718545525,-0.163630707954622,-0.164899095881161,-0.166191951080641,-0.167509324261887,-0.168851250284838,-0.170217750774046,-0.171608837151921,-0.173024514088004,-0.174464783351547,-0.175929648044313,-0.177419117178755,-0.178933210553644,-0.180471963864755,-0.182035433972525,-0.183623704231734,-0.185236889770421,-0.186875142586627,-0.188538656312519,-0.190227670476257,-0.191942474073201,-0.193683408240204,-0.195450867810554,-0.197245301513353,-0.199067210570775,-0.200917145440789,-0.202795700452755,-0.204703506090241,-0.206641218690809,-0.208609507357976,-0.210609037917482,-0.212640453799869,-0.214704353795325,-0.216801266705633,-0.218931623012218,-0.221095723788312,-0.223293707205905,-0.225525513121994,-0.227790846370141,-0.230089139527487,-0.232419516067722,-0.23478075493948,-0.237171257718366,-0.239589019559834,-0.24203160521988,-0.244496131401771,-0.246979256622302,-0.249477179664866,-0.251985647496916,-0.254499973277893,-0.257015064776812,-0.259525463167309,-0.262025391787562,-0.264508814062062,-0.266969499403414,-0.269401095567732,-0.2717972056483,-0.274151467677986,-0.276457634685902,-0.278709653026461,-0.280901736871415,-0.283028436922549,-0.285084701653323,-0.28706592970523,-0.288968012428514,-0.290787365944858,-0.292520952499283,-0.294166291238972,-0.295721458890469,-0.297185081090093,-0.298556315346502,-0.299834826774964,-0.301020757840134,-0.302114693381828,0,-0.108123806723432,-0.107783134754504,-0.107535902674628,-0.107357806355449,-0.107234241792972,-0.107155369376928,-0.10711404983276,-0.107104774891816,-0.107123106165628,-0.107165369797237,-0.107228477207233,-0.107309809185508,-0.107407133717503,-0.107518543505322,-0.107642406268477,-0.107777324139663,-0.107922099962197,-0.108075709028412,-0.108237275201526,-0.108406050617672,-0.108581398343031,-0.108762777493356,-0.108949730423372,-0.109141871669424,-0.1093388783863,-0.109540482062925,-0.109746461335521,-0.109956635743725,-0.110170860297083,-0.110389020737939,-0.110611029402714,-0.110836821597681,-0.111066352417786,-0.111299593948134,-0.111536532797453,-0.111777167921315,-0.112021508700211,-0.112269573243756,-0.112521386897472,-0.112776980932857,-0.113036391404908,-0.113299658163938,-0.113566824010696,-0.113837933985334,-0.114113034781982,-0.114392174281487,-0.114675401195446,-0.11496276481501,-0.115254314858152,-0.115550101409153,-0.115850174944128,-0.116154586436374,-0.116463387535275,-0.11677663081251,-0.117094370069231,-0.117416660697921,-0.117743560092639,-0.118075128101425,-0.118411427514704,-0.118752524583656,-0.119098489562645,-0.119449397269964,-0.119805327661332,-0.120166366410798,-0.120532605493899,-0.120904143768177,-0.121281087546363,-0.121663551157825,-0.122051657494074,-0.122445538534413,-0.122845335848029,-0.123251201069098,-0.123663296341669,-0.124081794731379,-0.124506880601215,-0.124938749948801,-0.125377610702845,-0.125823682976621,-0.126277199276489,-0.126738404663668,-0.127207556867611,-0.127684926349464,-0.128170796314253,-0.128665462670536,-0.129169233936367,-0.129682431090527,-0.130205387368058,-0.130738447999214,-0.131281969891,-0.131836321250578,-0.132401881149837,-0.13297903903051,-0.133568194149316,-0.134169754962629,-0.134784138450329,-0.135411769378556,-0.136053079501257,-0.136708506700556,-0.137378494066206,-0.138063488914619,-0.138763941748282,-0.139480305156729,-0.140213032660678,-0.140962577501461,-0.141729391378474,-0.142513923138075,-0.143316617418148,-0.144137913253477,-0.144978242648075,-0.145838029121758,-0.146717686239508,-0.147617616133506,-0.148538208029227,-0.149479836788516,-0.150442861484227,-0.151427624022719,-0.152434447832243,-0.153463636637007,-0.154515473338422,-0.155590219026691,-0.156688112147388,-0.157809367849028,-0.158954177538678,-0.160122708673425,-0.161315104815834,-0.162531485981386,-0.163771949305159,-0.165036570053587,-0.166325403004964,-0.167638484219329,-0.168975833214329,-0.170337455558632,-0.17172334588827,-0.173133491343891,-0.174567875418233,-0.176026482193151,-0.177509300934238,-0.179016330998345,-0.180547586995412,-0.182103104130684,-0.183682943637076,-0.18528719818996,-0.186915997178501,-0.188569511688875,-0.190247959035763,-0.191951606659825,-0.193680775190886,-0.195435840460031,-0.197217234229429,-0.199025443397358,-0.200861007428671,-0.202724513758921,-0.204616590924916,-0.206537899186945,-0.208489118429803,-0.210470933162572,-0.212484014482217,-0.214528998924806,-0.216606464201482,-0.218716901904666,-0.220860687373341,-0.223038047023656,-0.225249023580523,-0.227493439784295,-0.229770861289458,-0.23208055961375,-0.234421476129019,-0.236792188201093,-0.23919087867571,-0.241615309961597,-0.244062803970813,-0.246530229132242,-0.249013995590513,-0.251510059536269,-0.254013937384905,-0.256520730234428,-0.259025158698177,-0.261521607838494,-0.26400418154095,-0.266466765286062,-0.268903095918706,-0.271306836706737,-0.273671655739551,-0.275991305560514,-0.278259701864993,-0.280470999132538,-0.282619661195041,-0.284700524963441,-0.286708855828932,-0.288640393601623,-0.290491388228449,-0.292258624920532,-0.293939438696701,-0.295531718695785,-0.297033902910598,-0.298444964240774,-0.299764388943854,-0.300992148683063,-0.302128667428372,-0.30317478447062,0,-0.107893396111595,-0.107603155852036,-0.10739779098028,-0.10725673429519,-0.107166717911946,-0.107118693125237,-0.107106000540716,-0.107123419878325,-0.10716669415716,-0.107232277288018,-0.107317183856592,-0.10741888757824,-0.107535245425061,-0.107664437386925,-0.107804917147588,-0.107955371109816,-0.108114684105918,-0.108281910562726,-0.10845625015006,-0.108637027131833,-0.108823672790768,-0.109015710420249,-0.109212742474142,-0.109414439541226,-0.10962053086939,-0.109830796210051,-0.110045058788935,-0.110263179238159,-0.1104850503485,-0.110710592521197,-0.110939749816409,-0.111172486511074,-0.111408784092708,-0.111648638627712,-0.1118920584533,-0.112139062151154,-0.112389676768574,-0.112643936259265,-0.112901880121166,-0.113163552212924,-0.113428999733986,-0.113698272355845,-0.11397142149395,-0.114248499711208,-0.11452956024502,-0.114814656650489,-0.115103842552861,-0.115397171502518,-0.115694696925954,-0.115996472166209,-0.116302550606208,-0.116612985868431,-0.116927832084271,-0.117247144226449,-0.117570978497795,-0.117899392769784,-0.118232447064232,-0.118570204071654,-0.118912729699919,-0.119260093646983,-0.11961236999164,-0.119969637796478,-0.120331981717393,-0.120699492614318,-0.12107226815802,-0.121450413428104,-0.121834041497655,-0.122223274000157,-0.122618241674672,-0.123019084885468,-0.123425954112589,-0.123839010410091,-0.12425842582894,-0.124684383801779,-0.125117079487033,-0.125556720070004,-0.126003525018843,-0.126457726293458,-0.126919568505612,-0.127389309028618,-0.127867218055204,-0.128353578602249,-0.128848686461233,-0.129352850093347,-0.129866390468318,-0.130389640846101,-0.130922946500667,-0.131466664385201,-0.132021162738095,-0.132586820629187,-0.133164027445762,-0.13375318231793,-0.134354693483034,-0.13496897758889,-0.135596458935708,-0.136237568656753,-0.136892743837893,-0.137562426576446,-0.138247062979941,-0.138947102105734,-0.139662994842754,-0.140395192737101,-0.141144146763703,-0.141910306046843,-0.142694116533029,-0.14349601962048,-0.14431645075038,-0.145155837966031,-0.14601460044718,-0.146893147027999,-0.147791874708524,-0.148711167170824,-0.149651393312694,-0.150612905813289,-0.151596039746804,-0.15260111126203,-0.153628416347348,-0.154678229702434,-0.155750803739576,-0.156846367739039,-0.157965127184231,-0.159107263303543,-0.160272932846496,-0.161462268122252,-0.162675377328444,-0.163912345197653,-0.16517323398758,-0.166458084838924,-0.167766919522095,-0.169099742590131,-0.170456543950336,-0.171837301861261,-0.173241986354572,-0.174670563072999,-0.176122997505986,-0.177599259593716,-0.179099328657969,-0.18062319860471,-0.182170883328543,-0.183742422233202,-0.185337885765268,-0.186957380840524,-0.188601056023869,-0.190269106305096,-0.191961777294164,-0.193679368641646,-0.195422236473199,-0.197190794612008,-0.198985514350938,-0.200806922527693,-0.202655597652547,-0.204532163840642,-0.206437282310554,-0.208371640229477,-0.210335936714262,-0.212330865838243,-0.214357096547542,-0.216415249458465,-0.218505870590376,-0.220629402186181,-0.222786150884617,-0.224976253633419,-0.227199641867362,-0.22945600461619,-0.231744751349317,-0.234064975500038,-0.236415419734065,-0.238794444126492,-0.241199998478378,-0.24362960002956,-0.246080317799583,-0.248548764706656,-0.251031098471047,-0.253523032103236,-0.256019854511579,-0.258516461446778,-0.261007396643257,-0.263486902637059,-0.265948980355582,-0.268387456208304,-0.270796055081549,-0.273168477375128,-0.275498478031793,-0.277779945414456,-0.280006977887727,-0.282173956059437,-0.28427560882756,-0.286307071645739,-0.28826393574865,-0.290142287446125,-0.291938736979841,-0.293650436816926,-0.295275089611196,-0.296810946378725,-0.298256795697965,-0.299611944948227,-0.300876194741054,-0.30204980777817,-0.303133473391778,-0.304128268995286,0,-0.107624441307171,-0.107397267955624,-0.107242736329062,-0.107145258547251,-0.107093753502267,-0.107080438344444,-0.107099406017878,-0.107145899408659,-0.107215969451759,-0.10730629645533,-0.107414078058549,-0.10753694659807,-0.107672902292747,-0.107820257245071,-0.10797758809761,-0.108143696020617,-0.108317572947556,-0.108498373089705,-0.108685388874022,-0.108878030572697,-0.109075809015278,-0.109278320883321,-0.109485236178191,-0.109696287524986,-0.10991126103235,-0.110129988472669,-0.110352340583037,-0.110578221316962,-0.110807562901837,-0.111040321578831,-0.111276473920871,-0.111516013641042,-0.111758948818381,-0.112005299480749,-0.112255095495412,-0.112508374727229,-0.112765181432076,-0.113025564859459,-0.113289578043419,-0.113557276764804,-0.113828718671144,-0.114103962542663,-0.11438306769472,-0.114666093508109,-0.114953099079533,-0.115244142984997,-0.115539283149214,-0.115838576814208,-0.116142080600331,-0.116449850652909,-0.116761942867636,-0.117078413187793,-0.117399317966333,-0.117724714385828,-0.118054660929316,-0.118389217895119,-0.118728447948813,-0.119072416705625,-0.119421193336756,-0.119774851193243,-0.120133468441275,-0.120497128703067,-0.120865921697678,-0.121239943876451,-0.121619299047996,-0.122004098987994,-0.122394464029323,-0.122790523628363,-0.123192416903587,-0.123600293142855,-0.124014312276079,-0.124434645310234,-0.124861474723905,-0.125294994818839,-0.12573541202618,-0.126182945165304,-0.126637825653368,-0.127100297663868,-0.127570618232711,-0.128049057310428,-0.12853589775934,-0.12903143529461,-0.129535978368233,-0.130049847995137,-0.13057337752067,-0.131106912328831,-0.131650809490681,-0.132205437352478,-0.132771175063105,-0.133348412040477,-0.133937547376678,-0.13453898918163,-0.135153153865258,-0.13578046535815,-0.136421354270903,-0.137076256992485,-0.13774561472813,-0.138429872477551,-0.139129477954515,-0.139844880449197,-0.14057652963513,-0.141324874323062,-0.142090361164598,-0.142873433309189,-0.143674529018751,-0.144494080245105,-0.145332511176374,-0.146190236759567,-0.147067661207778,-0.147965176501737,-0.14888316089686,-0.149821977448456,-0.15078197256935,-0.151763474635821,-0.152766792659488,-0.153792215044451,-0.154840008450724,-0.155910416786604,-0.157003660354141,-0.158119935173233,-0.159259412510974,-0.16042223864371,-0.161608534879724,-0.162818397870415,-0.164051900237362,-0.165309091541416,-0.166589999618141,-0.167894632301166,-0.169222979551468,-0.170575016005974,-0.17195070395325,-0.173349996737243,-0.174772842582048,-0.176219188821442,-0.177688986506367,-0.179182195351772,-0.180698788971067,-0.182238760332159,-0.183802127353493,-0.185388938542017,-0.186999278557551,-0.188633273569988,-0.190291096257292,-0.191972970273852,-0.193679174000714,-0.195410043372241,-0.197165973558353,-0.198947419268632,-0.200754893434939,-0.20258896402405,-0.204450248732162,-0.206339407320419,-0.208257131366116,-0.210204131229522,-0.212181120072729,-0.214188794815941,-0.216227813979365,-0.218298772436154,-0.220402173194062,-0.222538396430172,-0.224707666123168,-0.226910014758725,-0.229145246722306,-0.231412901135123,-0.23371221502701,-0.236042087867067,-0.238401048580533,-0.240787226259225,-0.243198325813544,-0.245631609807603,-0.248083887657937,-0.25055151325503,-0.253030391883467,-0.255515997072278,-0.258003397708103,-0.26048729540061,-0.262962071717074,-0.265421844519606,-0.267860532265358,-0.27027192478911,-0.272649758800215,-0.274987796110714,-0.277279902482867,-0.279520124951238,-0.281702765539035,-0.283822449446262,-0.285874186027756,-0.287853421186301,-0.289756080160112,-0.291578600063071,-0.29331795191845,-0.294971652291819,-0.296537764959043,-0.298014893327061,-0.299402164549515,-0.300699206441741,-0.301906118400038,-0.30302343757185,-0.304052101512976,-0.304993408513272,0,-0.10733390702232,-0.10717805526888,-0.107080844581004,-0.107031772033834,-0.107022474815814,-0.107046744352815,-0.107099602795104,-0.107176876657621,-0.107275019192572,-0.107391015804934,-0.107522313732901,-0.107666759972038,-0.107822544779855,-0.107988151137658,-0.108162310567815,-0.108343965170175,-0.108532235338691,-0.108726392442219,-0.108925835737161,-0.109130072845947,-0.109338703230131,-0.109551404181028,-0.109767918932212,-0.109988046564584,-0.110211633427514,-0.110438565842079,-0.110668763887215,-0.110902176099006,-0.111138774938711,-0.111378552907387,-0.111621519204576,-0.111867696845835,-0.112117120168905,-0.11236983267133,-0.112625885133345,-0.112885333989047,-0.113148239916424,-0.11341466662286,-0.11368467980753,-0.113958346285747,-0.114235733263097,-0.114516907749168,-0.114801936102082,-0.115090883695951,-0.11538381470394,-0.115680791989912,-0.115981877101765,-0.11628713035956,-0.116596611031458,-0.116910377590432,-0.117228488044565,-0.117551000333723,-0.117877972785308,-0.118209464621804,-0.118545536512897,-0.118886251164982,-0.119231673941063,-0.119581873504173,-0.119936922477685,-0.120296898116104,-0.120661882980197,-0.12103196561062,-0.121407241194478,-0.121787812219586,-0.122173789111508,-0.122565290848773,-0.122962445551989,-0.123365391042888,-0.123774275369633,-0.124189257295054,-0.124610506744708,-0.125038205212008,-0.125472546117848,-0.125913735122477,-0.126361990387558,-0.126817542786583,-0.127280636062025,-0.127751526927797,-0.12823048511574,-0.128717793365061,-0.129213747353743,-0.129718655571123,-0.13023283913091,-0.130756631524065,-0.131290378311018,-0.131834436752835,-0.132389175380976,-0.132954973505413,-0.133532220660917,-0.134121315991422,-0.134722667572452,-0.135336691671703,-0.135963811947958,-0.136604458588678,-0.137259067386748,-0.137928078757059,-0.13861193669384,-0.139311087669926,-0.140025979479518,-0.140757060026337,-0.141504776059626,-0.142269571860927,-0.14305188788528,-0.143852159361172,-0.144670814854457,-0.145508274802369,-0.146364950024848,-0.147241240221551,-0.14813753246419,-0.149054199695257,-0.149991599245629,-0.150950071385157,-0.151929937921938,-0.152931500867672,-0.15395504118818,-0.155000817659842,-0.156069065854341,-0.157159997275592,-0.158273798674109,-0.159410631565198,-0.1605706319782,-0.161753910464523,-0.162960552392254,-0.164190618554666,-0.165444146118908,-0.166721149939363,-0.168021624257656,-0.169345544807877,-0.170692871341204,-0.172063550578736,-0.173457519594836,-0.174874709625592,-0.176315050288137,-0.177778474186405,-0.179264921867498,-0.180774347080149,-0.182306722272895,-0.183862044254498,-0.185440339923053,-0.187041671953237,-0.188666144313399,-0.190313907466099,-0.191985163087404,-0.193680168122317,-0.195399237976581,-0.197142748629377,-0.198911137437873,-0.200704902394046,-0.20252459958762,-0.204370838627582,-0.206244275779625,-0.208145604589621,-0.210075543785006,-0.212034822278481,-0.214024161142891,-0.216044252483877,-0.218095735208891,-0.22017916777782,-0.222294998121859,-0.224443531032387,-0.226624893448621,-0.228838998208721,-0.231085506969454,-0.233363793138778,-0.235672905796866,-0.238011535695851,-0.240377984518026,-0.242770138626925,-0.245185448556476,-0.247620915442233,-0.250073085499267,-0.252538053490307,-0.255011475905222,-0.257488594293435,-0.259964268863112,-0.262433022098409,-0.264889091765819,-0.267326492303156,-0.269739083231438,-0.272120642922741,-0.274464945815596,-0.276765841009759,-0.279017330104917,-0.281213642177874,-0.283349303917798,-0.285419203150851,-0.287418644269672,-0.289343394421277,-0.291189719677896,-0.292954410797021,-0.294634798548456,-0.296228758928881,-0.297734708883323,-0.299151593397426,-0.300478865008437,-0.301716456904682,-0.3028647508453,-0.303924541139389,-0.304896995884236,-0.305783616584806,0,-0.107038506573281,-0.106958195447033,-0.106922214326118,-0.106924589519524,-0.106959886847669,-0.107023597592768,-0.107111749305921,-0.107220817141019,-0.107347718926228,-0.107489803629403,-0.107644820674601,-0.10781087732294,-0.107986392403065,-0.108170051754374,-0.108360767996306,-0.108557645460136,-0.108759950180044,-0.108967084437846,-0.109178565244979,-0.109394006169091,-0.109613101984653,-0.1098356157063,-0.110061367634286,-0.110290226099834,-0.110522099645475,-0.11075693041437,-0.11099468855541,-0.111235367479347,-0.111478979826286,-0.11172555402718,-0.111975131361777,-0.112227763432843,-0.112483509991579,-0.112742437061986,-0.113004615322692,-0.113270118713595,-0.113539023241733,-0.113811405966395,-0.114087344147701,-0.114366914546099,-0.114650192862442,-0.114937253309912,-0.115228168310023,-0.115523008305561,-0.115821841683559,-0.11612473480152,-0.116431752110018,-0.116742956364684,-0.117058408920427,-0.117378170100579,-0.117702299633541,-0.118030857149385,-0.118363902728873,-0.118701497497358,-0.11904370425609,-0.119390588143603,-0.119742217320027,-0.120098663667378,-0.12046000349914,-0.120826318272752,-0.121197695298892,-0.121574228441803,-0.121956018805234,-0.122343175398909,-0.122735815780801,-0.123134066670809,-0.1235380645318,-0.123947956114299,-0.124363898961424,-0.124786061870996,-0.125214625312026,-0.12564978179307,-0.126091736180219,-0.126540705962724,-0.126996921464495,-0.127460625999944,-0.127932075972806,-0.128411540916804,-0.128899303477145,-0.129395659332028,-0.129900917053453,-0.130415397906757,-0.130939435588436,-0.131473375901863,-0.13201757637068,-0.132572405789642,-0.133138243712859,-0.133715479879393,-0.134304513576293,-0.13490575293921,-0.135519614190853,-0.13614652081764,-0.136786902685042,-0.137441195092257,-0.138109837767065,-0.138793273801912,-0.139491948532581,-0.140206308361099,-0.140936799524941,-0.141683866815065,-0.142447952245819,-0.143229493680419,-0.144028923416398,-0.144846666736254,-0.145683140429445,-0.146538751292918,-0.147413894618484,-0.148308952676627,-0.149224293207655,-0.150160267932587,-0.15111721109767,-0.152095438068045,-0.153095243987721,-0.154116902524688,-0.155160664721647,-0.156226757974457,-0.157315385161887,-0.158426723951633,-0.15956092630871,-0.1607181182332,-0.16189839975488,-0.163101845212381,-0.164328503844128,-0.16557840071737,-0.166851538019973,-0.168147896737253,-0.169467438732911,-0.170810109248977,-0.172175839834526,-0.173564551706671,-0.174976159540017,-0.176410575672169,-0.17786771470313,-0.179347498455417,-0.180849861249452,-0.18237475543533,-0.183922157107482,-0.185492071913022,-0.187084540848057,-0.188699645918826,-0.190337515526755,-0.191998329418453,-0.193682323023809,-0.195389790988169,-0.197121089688535,-0.198876638509666,-0.200656919644526,-0.202462476175774,-0.204293908191886,-0.206151866694346,-0.208037045062362,-0.20995016786018,-0.21189197680079,-0.213863213719949,-0.21586460046738,-0.217896815688773,-0.219960468553494,-0.222056069578869,-0.224183998811988,-0.226344471752565,-0.228537503533096,-0.230762872011292,-0.233020080569529,-0.23530832155026,-0.237626441377196,-0.23997290851087,-0.242345785454732,-0.244742706054786,-0.247160859313531,-0.249596980860744,-0.252047353084798,-0.254507814727756,-0.256973780488155,-0.259440270864518,-0.261901952121825,-0.264353185888535,-0.266788087512277,-0.269200591939494,-0.271584525559731,-0.273933682189641,-0.276241901182276,-0.278503145546809,-0.280711577959201,-0.282861632635931,-0.284948081224391,-0.286966091122737,-0.288911274961858,-0.290779730342296,-0.29256806929773,-0.294273437332402,-0.295893522233269,-0.297426553172297,-0.298871290878081,-0.300227009861228,-0.301493473821362,-0.302670905446381,-0.303759951840711,-0.304761646795935,-0.305677371052629,-0.306508811606026,0,-0.10675387726437,-0.106749894435738,-0.106776563085821,-0.106831687062589,-0.106912681017943,-0.107016682822494,-0.107140707157907,-0.107281892357219,-0.107437653769466,-0.107605743350149,-0.10778425156864,-0.107971580887623,-0.108166408559888,-0.108367648025927,-0.108574413105321,-0.108785986454962,-0.109001792468373,-0.109221374257721,-0.109444374200565,-0.109670517533914,-0.109899598534019,-0.110131468885901,-0.110366027905658,-0.110603214327809,-0.110842999410612,-0.111085381146803,-0.111330379397306,-0.111578031792447,-0.111828390269512,-0.112081518137402,-0.112337487578652,-0.112596377516166,-0.112858271786684,-0.113123257575357,-0.113391424075933,-0.113662861349237,-0.11393765935898,-0.114215907168805,-0.114497692288053,-0.11478310015626,-0.115072213758088,-0.115365113361449,-0.115661876372159,-0.11596257729866,-0.116267287820369,-0.116576076953026,-0.116889011304209,-0.117206155411903,-0.117527572158789,-0.117853323254694,-0.118183469779512,-0.118518072778805,-0.1188571939043,-0.119200896091519,-0.119549244266932,-0.119902306077155,-0.120260152632983,-0.12062285926128,-0.12099050625807,-0.121363179636506,-0.121740971863733,-0.122123982581036,-0.122512319302034,-0.122906098084064,-0.12330544416825,-0.123710492584151,-0.124121388715212,-0.124538288821597,-0.12496136051733,-0.125390783198949,-0.125826748423225,-0.12626946023174,-0.126719135420398,-0.127176003752203,-0.127640308111842,-0.128112304600827,-0.128592262572175,-0.129080464603726,-0.129577206409418,-0.130082796687935,-0.13059755690832,-0.13112182103222,-0.131655935172584,-0.132200257188686,-0.13275515621748,-0.133321012141342,-0.13389821499237,-0.134487164293471,-0.135088268336555,-0.135701943398288,-0.136328612893901,-0.136968706469756,-0.137622659035451,-0.138290909736495,-0.138973900868754,-0.139672076736163,-0.140385882453518,-0.141115762696518,-0.141862160401707,-0.142625515419462,-0.143406263123796,-0.144204832983434,-0.14502164709943,-0.145857118715477,-0.146711650708065,-0.147585634064774,-0.148479446360189,-0.149393450240241,-0.15032799192722,-0.151283399759185,-0.152259982779067,-0.153258029390407,-0.154277806098269,-0.15531955635556,-0.156383499536503,-0.157469830060603,-0.158578716691693,-0.159710302037917,-0.160864702279332,-0.16204200715042,-0.163242280204976,-0.164465559390525,-0.165711857958553,-0.166981165735334,-0.168273450775899,-0.169588661420627,-0.170926728770005,-0.172287569588177,-0.173671089639953,-0.175077187458862,-0.176505758535638,-0.177956699907097,-0.179429915114753,-0.180925319490663,-0.182442845714976,-0.183982449575485,-0.18554411584425,-0.187127864170179,-0.188733754869532,-0.190361894478769,-0.192012440916412,-0.193685608082835,-0.195381669709686,-0.197100962254429,-0.198843886620942,-0.200610908474943,-0.202402556914188,-0.204219421248752,-0.206062145647602,-0.207931421415236,-0.209827976677766,-0.211752563282954,-0.21370594075474,-0.215688857191099,-0.217702027055761,-0.219746105890303,-0.221821662063682,-0.223929145781172,-0.226068855692673,-0.228240903569352,-0.230445177654193,-0.232681305431453,-0.234948616696418,-0.237246107932708,-0.239572409111454,-0.24192575410576,-0.244303955955725,-0.246704388215034,-0.249123973552283,-0.251559180663239,-0.254006030371884,-0.256460111559663,-0.25891660726945,-0.261370330993587,-0.263815772788369,-0.266247154478556,-0.268658492845615,-0.271043669354101,-0.273396504682974,-0.275710836111244,-0.277980595674756,-0.280199886972071,-0.282363058555008,-0.284464771989445,-0.286500062904386,-0.288464393646614,-0.290353696505144,-0.292164406842864,-0.293893485850487,-0.295538432999975,-0.297097288603408,-0.298568627165302,-0.299951542442211,-0.30124562528863,-0.302450935471961,-0.30356796868505,-0.304597619978378,-0.305541144783482,-0.306400118613711,-0.307176396417376,0,-0.106494012389824,-0.106564408243954,-0.106652899543249,-0.106760472691379,-0.106887064440963,-0.107031249796348,-0.107190934233298,-0.107363893073467,-0.107548047859691,-0.10774157622113,-0.107942935672755,-0.108150848329123,-0.108364270938636,-0.108582361854245,-0.1088044498827,-0.109030006718707,-0.109258623236547,-0.109489989357983,-0.109723877055979,-0.109960126050682,-0.110198631800253,-0.110439335442249,-0.110682215388284,-0.110927280314078,-0.111174563320474,-0.111424117070688,-0.111676009736136,-0.111930321608354,-0.112187142257714,-0.112446568140766,-0.112708700576852,-0.112973644031015,-0.113241504654092,-0.113512389042345,-0.113786403188226,-0.114063651601031,-0.114344236581681,-0.1146282576398,-0.114915811044024,-0.115206989498259,-0.115501881937656,-0.115800573438547,-0.116103145236731,-0.116409674848297,-0.116720236286908,-0.117034900371059,-0.11735373511445,-0.11767680619221,-0.118004177475449,-0.118335911626318,-0.118672070745652,-0.119012717065166,-0.119357913676217,-0.119707725287219,-0.120062219001971,-0.120421465111389,-0.120785537891391,-0.121154516400029,-0.121528485267306,-0.121907535471474,-0.122291765096037,-0.12268128006206,-0.123076194830794,-0.123476633072033,-0.12388272829402,-0.124294624431086,-0.124712476385588,-0.125136450521079,-0.125566725103941,-0.126003490691085,-0.126446950461565,-0.126897320490284,-0.127354829962191,-0.127819721325628,-0.128292250383703,-0.128772686322775,-0.129261311677305,-0.129758422230517,-0.130264326850446,-0.130779347261108,-0.131303817748629,-0.131838084802309,-0.132382506690666,-0.132937452972635,-0.133503303944166,-0.134080450020549,-0.134669291054886,-0.135270235593222,-0.135883700066941,-0.136510107923139,-0.137149888693818,-0.137803477004896,-0.138471311526197,-0.13915383386382,-0.139851487396522,-0.140564716058069,-0.14129396306788,-0.142039669612714,-0.142802273482658,-0.143582207665268,-0.144379898902381,-0.145195766214903,-0.146030219401738,-0.146883657519996,-0.14775646735472,-0.148649021887532,-0.149561678774901,-0.150494778848125,-0.151448644648573,-0.152423579013271,-0.153419863727527,-0.154437758262873,-0.15547749862024,-0.156539296299826,-0.157623337420634,-0.158729782013975,-0.159858763516439,-0.161010388488736,-0.162184736587418,-0.163381860816732,-0.16460178808762,-0.165844520110072,-0.16711003464371,-0.168398287129304,-0.169709212721103,-0.171042728736066,-0.172398737531418,-0.173777129816244,-0.175177788396048,-0.17660059234133,-0.178045421562159,-0.179512161760478,-0.181000709720448,-0.18251097888453,-0.184042905149268,-0.185596452799937,-0.187171620487484,-0.188768447134617,-0.190387017640772,-0.192027468238131,-0.19368999133333,-0.195374839652309,-0.197082329489376,-0.198812842846643,-0.200566828237206,-0.202344799915593,-0.204147335293056,-0.205975070294384,-0.207828692418156,-0.209708931275192,-0.211616546401695,-0.213552312175702,-0.215516999709272,-0.217511355645711,-0.219536077861799,-0.221591788160265,-0.223679002137309,-0.225798096523246,-0.22794927441929,-0.230132528987392,-0.232347606288554,-0.234593968102666,-0.236870755692818,-0.23917675559118,-0.241510368573075,-0.243869583041505,-0.246251954057111,-0.248654589210219,-0.251074142436149,-0.253506816718624,-0.255948376409075,-0.258394169615811,-0.260839160795067,-0.263277973318713,-0.265704941417727,-0.26811417052634,-0.27049960470029,-0.27285509947545,-0.275174498289744,-0.27745171042785,-0.279680788375616,-0.281856002494512,-0.283971911044045,-0.286023423783982,-0.288005857664755,-0.289914983445539,-0.291747062444496,-0.293498873002902,-0.295167726613331,-0.296751474003343,-0.298248501765096,-0.299657720367203,-0.300978544571699,-0.302210867404188,-0.303355028891053,-0.304411780789131,-0.305382248497784,-0.306267891269713,-0.30707046173441,-0.307791965626103,0,-0.106271019751954,-0.106411671922443,-0.106559258793915,-0.106717597995549,-0.106888616458604,-0.107071999206391,-0.10726639241918,-0.107470154468782,-0.107681703878623,-0.107899652846429,-0.1081228403396,-0.108350322578689,-0.108581348253849,-0.108815330538859,-0.109051820689615,-0.109290484758558,-0.109531083625707,-0.109773456079466,-0.110017504565717,-0.110263183233379,-0.110510487945965,-0.110759447970236,-0.111010119088023,-0.111262577906587,-0.111516917169128,-0.11177324189187,-0.112031666178163,-0.112292310583237,-0.112555299925076,-0.112820761456886,-0.113088823334413,-0.113359613326587,-0.113633257730703,-0.113909880463592,-0.114189602308202,-0.11447254030102,-0.114758807250049,-0.115048511375984,-0.115341756071015,-0.115638639770662,-0.115939255934401,-0.11624369313072,-0.116552035221903,-0.116864361643309,-0.117180747771311,-0.117501265373468,-0.117825983133983,-0.11815496724701,-0.118488282070038,-0.11882599082931,-0.119168156369103,-0.119514841936652,-0.119866111994558,-0.120222033052677,-0.120582674511692,-0.120948109510855,-0.121318415772744,-0.121693676438223,-0.122073980885206,-0.12245942552526,-0.122850114572504,-0.123246160779687,-0.123647686136781,-0.124054822527843,-0.124467712342294,-0.12488650903719,-0.125311377647414,-0.1257424952411,-0.126180051317898,-0.126624248148072,-0.127075301050644,-0.127533438609126,-0.127998902823607,-0.128471949198209,-0.128952846763119,-0.129441878030619,-0.129939338884703,-0.130445538404012,-0.130960798617998,-0.131485454196318,-0.132019852071605,-0.132564350995853,-0.133119321030752,-0.133685142972419,-0.134262207711028,-0.134850915525952,-0.13545167531712,-0.136064903773375,-0.136691024478744,-0.137330466957646,-0.137983665660207,-0.138651058889047,-0.139333087669079,-0.140030194562142,-0.140742822428569,-0.141471413138146,-0.142216406233354,-0.142978237548245,-0.143757337786896,-0.144554131066042,-0.145369033427212,-0.146202451324553,-0.147054780095485,-0.147926402422354,-0.148817686794422,-0.14972898598078,-0.150660635526124,-0.151612952282759,-0.152586232993701,-0.153580752943318,-0.154596764693509,-0.155634496925021,-0.15669415340506,-0.157775912103793,-0.158879924483738,-0.160006314987145,-0.161155180747489,-0.162326591551758,-0.163520590080566,-0.164737192452876,-0.165976389101504,-0.167238146004223,-0.168522406293376,-0.16982909226413,-0.171158107798003,-0.172509341213758,-0.173882668552371,-0.175277957296244,-0.17669507051527,-0.178133871423649,-0.179594228321458,-0.18107601988398,-0.182579140749575,-0.184103507343592,-0.185649063861457,-0.18721578831874,-0.188803698559884,-0.190412858100448,-0.192043381660511,-0.193695440229542,-0.195369265485894,-0.19706515337767,-0.198783466656457,-0.200524636142106,-0.20228916048603,-0.204077604193317,-0.205890593661431,-0.207728810996374,-0.209592985377451,-0.211483881760284,-0.213402286736165,-0.215348991405395,-0.217324771174341,-0.219330362451564,-0.221366436298287,-0.223433569182772,-0.225532211096424,-0.227662651410145,-0.229824982980134,-0.232019065149259,-0.234244486428233,-0.236500527773754,-0.238786127500924,-0.241099848966026,-0.243439852223997,-0.245803870893526,-0.248189195443056,-0.25059266403633,-0.253010661941674,-0.255439130313877,-0.257873584903636,-0.26030914494425,-0.262740572119681,-0.265162319147963,-0.267568587137946,-0.269953390516435,-0.272310627998575,-0.274634157807108,-0.276917875153406,-0.279155789887771,-0.281342102215635,-0.283471274460762,-0.285538097030393,-0.287537746989027,-0.289465837960391,-0.291318460431425,-0.293092211906159,-0.294784216729985,-0.29639213575662,-0.297914166344583,-0.299349033435043,-0.300695972670508,-0.301954706660513,-0.303125415586961,-0.304208703372027,-0.305205560612135,-0.30611732542091,-0.306945643231215,-0.30769242649086,-0.308359815057075,0,-0.106095008199205,-0.106300038277645,-0.106502511204397,-0.106708816454632,-0.106922175836816,-0.107142990319962,-0.107370471947396,-0.107603494804278,-0.107840954050852,-0.108081894665216,-0.108325541307023,-0.108571289438916,-0.108818683869868,-0.10906739532122,-0.109317198800326,-0.109567954786547,-0.109819593224858,-0.110072100030251,-0.110325505769002,-0.110579876215429,-0.110835304521686,-0.111091904768456,-0.111349806687323,-0.111609151365173,-0.111870087760358,-0.112132769880613,-0.112397354493881,-0.11266399926438,-0.112932861226593,-0.113204095528461,-0.113477854391408,-0.113754286248615,-0.114033535034147,-0.114315739604211,-0.114601033278336,-0.1148895434928,-0.115181391561635,-0.11547669254227,-0.11577555520364,-0.116078082094711,-0.116384369710952,-0.116694508755631,-0.117008584491978,-0.117326677181356,-0.11764886260176,-0.117975212640164,-0.118305795951589,-0.11864067867725,-0.11897992521374,-0.119323599024975,-0.119671763488516,-0.120024482767883,-0.120381822702595,-0.120743851707886,-0.121110641676319,-0.121482268873874,-0.121858814823472,-0.122240367169344,-0.12262702051607,-0.123018877236622,-0.123416048244173,-0.123818653722919,-0.12422682381363,-0.124640699250042,-0.125060431942689,-0.125486185507126,-0.1259181357339,-0.126356470997989,-0.126801392605746,-0.127253115077708,-0.12771186636593,-0.128177888004725,-0.128651435193992,-0.129132776814483,-0.129622195374595,-0.130119986888432,-0.130626460685065,-0.131141939149048,-0.131666757392395,-0.132201262858341,-0.132745814857311,-0.133300784035631,-0.133866551777602,-0.134443509541662,-0.135032058131422,-0.135632606902485,-0.136245572906035,-0.136871379970287,-0.137510457721037,-0.138163240542659,-0.138830166481095,-0.139511676090573,-0.140208211226027,-0.140920213783486,-0.141648124391047,-0.142392381053425,-0.143153417753581,-0.143931663015446,-0.144727538432412,-0.145541457166966,-0.146373822427679,-0.147225025930662,-0.14809544635363,-0.148985447791819,-0.149895378226254,-0.150825568016121,-0.151776328428463,-0.152747950219821,-0.153740702286001,-0.154754830397706,-0.15579055604129,-0.156848075385447,-0.157927558396105,-0.159029148123115,-0.16015296018351,-0.161299082467074,-0.162467575090608,-0.163658470627601,-0.164871774639922,-0.166107466537514,-0.16736550079091,-0.168645808519542,-0.16994829947626,-0.171272864445073,-0.172619378064897,-0.173987702086873,-0.175377689066588,-0.1767891864853,-0.178222041285824,-0.179676104799306,-0.1811512380284,-0.182647317240637,-0.184164239812877,-0.1857019302538,-0.187260346316526,-0.188839485097697,-0.19043938900293,-0.19206015144166,-0.193701922097254,-0.195364911601296,-0.197049395424445,-0.198755716780855,-0.200484288329308,-0.20223559244279,-0.204010179809971,-0.205808666128002,-0.20763172664726,-0.209480088336427,-0.211354519451891,-0.213255816320314,-0.215184787178759,-0.217142232964225,-0.219128925005154,-0.221145579642082,-0.223192829893623,-0.225271194387153,-0.227381043889653,-0.229522565901325,-0.231695727909294,-0.23390024003657,-0.236135517956484,-0.238400647067895,-0.240694349033328,-0.243014951861912,-0.245360364762286,-0.247728058988758,-0.250115055849477,-0.25251792293252,-0.254932779432325,-0.257355311225695,-0.259780796059151,-0.26220413887741,-0.264619916960361,-0.267022434160661,-0.26940578316643,-0.271763914374784,-0.2740907096732,-0.276380059205357,-0.278625939060948,-0.280822487784189,-0.282964079646411,-0.285045392770789,-0.287061470422197,-0.289007774067537,-0.290880227152724,-0.292675248910841,-0.294389777890345,-0.296021285252416,-0.297567778215018,-0.299027794304349,-0.300400387302409,-0.301685105947692,-0.302881966553536,-0.303991420758358,-0.305014319619677,-0.305951875217229,-0.306805620848508,-0.307577370792153,-0.30826918048963,-0.308883307861891,0,-0.105973889952738,-0.106236123692091,-0.106488248977374,-0.106738890234447,-0.10699175973311,-0.107247571446604,-0.107505933528578,-0.107766168755455,-0.10802762362235,-0.108289766242932,-0.108552202424034,-0.108814663457329,-0.109076986684252,-0.109339096303389,-0.109600986536165,-0.109862707386004,-0.110124352704762,-0.110386050221621,-0.110647953246134,-0.110910233814881,-0.111173077086979,-0.111436676812199,-0.111701231706671,-0.11196694258167,-0.112234010084321,-0.112502632925391,-0.112773006488028,-0.113045321730549,-0.113319764315138,-0.113596513911229,-0.113875743636974,-0.114157619614172,-0.114442300621322,-0.114729937836372,-0.115020674665436,-0.115314646656735,-0.11561198150054,-0.115912799116382,-0.116217211828506,-0.116525324629726,-0.116837235532776,-0.11715303600694,-0.117472811496551,-0.117796642016699,-0.118124602820421,-0.118456765130757,-0.11879319693028,-0.119133963800185,-0.11947912980064,-0.119828758383861,-0.120182913331379,-0.120541659706951,-0.120905064816854,-0.12127319916948,-0.121646137426584,-0.122023959338905,-0.122406750659344,-0.122794604027372,-0.12318761981883,-0.123585906955796,-0.123989583671674,-0.124398778227181,-0.124813629573345,-0.125234287958123,-0.125660915473628,-0.12609368654142,-0.126532788333638,-0.126978421128149,-0.12743079859619,-0.127890148021286,-0.128356710448518,-0.12883074076344,-0.12931250770019,-0.129802293778555,-0.130300395169906,-0.130807121492128,-0.131322795533786,-0.13184775290793,-0.132382341636053,-0.132926921662818,-0.133481864302315,-0.134047551616639,-0.13462437572773,-0.135212738063476,-0.135813048539176,-0.136425724675559,-0.137051190654666,-0.137689876315006,-0.138342216087561,-0.139008647874358,-0.139689611871532,-0.140385549339036,-0.141096901319427,-0.141824107308485,-0.142567603880826,-0.143327823274092,-0.144105191935867,-0.144900129038042,-0.145713044964082,-0.146544339775396,-0.147394401663951,-0.14826360539919,-0.149152310778468,-0.150060861091336,-0.150989581609331,-0.151938778114261,-0.152908735479394,-0.153899716319488,-0.154911959727064,-0.155945680113889,-0.157001066178114,-0.158078280018961,-0.159177456422168,-0.160298702340595,-0.161442096595334,-0.162607689823372,-0.163795504698199,-0.165005536449725,-0.166237753709294,-0.167492099704556,-0.16876849382719,-0.17006683359409,-0.17138699701941,-0.172728845410805,-0.174092226598244,-0.175476978597823,-0.176882933706022,-0.178309923011804,-0.179757781304805,-0.181226352347608,-0.182715494468726,-0.184225086420448,-0.185755033432243,-0.1873052733759,-0.188875782943328,-0.19046658372183,-0.192077748035163,-0.193709404401773,-0.195361742444806,-0.197035017071989,-0.198729551727928,-0.200445740507132,-0.202184048904009,-0.203945012966849,-0.205729236617395,-0.207537386897037,-0.209370186906182,-0.211228406216142,-0.213112848554438,-0.21502433659605,-0.216963693736279,-0.218931722776692,-0.220929181525123,-0.222956755394427,-0.225015027182646,-0.227104444328615,-0.229225284060215,-0.231377616984499,-0.23356126980581,-0.235775787994279,-0.238020399356116,-0.240293979570923,-0.242595020851249,-0.244921604936449,-0.247271381647801,-0.249641554196572,-0.252028872345109,-0.254429634369323,-0.256839698558987,-0.259254504723734,-0.261669105855841,-0.264078209748267,-0.266476229994488,-0.268857345424851,-0.271215566683678,-0.273544808343336,-0.275838964705615,-0.278091987273085,-0.280297961794999,-0.28245118280896,-0.284546223709941,-0.286578000574783,-0.288541828239792,-0.290433467453949,-0.292249162290284,-0.293985667371461,-0.295640264832068,-0.297210771280755,-0.298695535325176,-0.300093426470657,-0.301403816393014,-0.302626553714807,-0.303761933484106,-0.304810662570443,-0.305773822161156,-0.306652828471294,-0.307449392681028,-0.308165480995054,-0.308803275587526,-0.309365137060897,0,-0.105913361970195,-0.106224757304155,-0.106520748098941,-0.106811543249178,-0.107100513455589,-0.107388333207787,-0.107674868743795,-0.107959836034315,-0.108243007431919,-0.108524258885632,-0.108803565207998,-0.109080982346743,-0.109356629442254,-0.109630673824716,-0.109903319007053,-0.110174795041181,-0.110445350662869,-0.110715246843423,-0.110984751513188,-0.111254135299012,-0.111523668146752,-0.111793616705738,-0.112064242352063,-0.112335799730326,-0.112608535701837,-0.112882688600646,-0.113158487715347,-0.113436152932174,-0.113715894491873,-0.113997912827881,-0.114282398465888,-0.114569531974691,-0.114859483965381,-0.115152415140725,-0.115448476399375,-0.115747809000782,-0.116050544796672,-0.11635680653415,-0.116666708234111,-0.116980355646962,-0.117297846785883,-0.117619272536062,-0.11794471733671,-0.118274259931196,-0.118607974179377,-0.118945929925201,-0.1192881939119,-0.119634830736505,-0.119985903835126,-0.120341476490247,-0.12070161285133,-0.121066378960165,-0.121435843772659,-0.121810080169149,-0.122189165945704,-0.122573184779417,-0.12296222716115,-0.123356391289772,-0.123755783922434,-0.124160521175993,-0.1245707292752,-0.124986545243791,-0.125408117535092,-0.125835606599227,-0.126269185384427,-0.126709039770363,-0.127155368931782,-0.12760838563108,-0.128068316438756,-0.128535401880965,-0.129009896513686,-0.129492068923206,-0.129982201652882,-0.130480591056297,-0.130987547077126,-0.131503392956169,-0.132028464866144,-0.132563111474967,-0.133107693438367,-0.133662582822752,-0.134228162459394,-0.134804825231035,-0.135392973292158,-0.135993017224217,-0.136605375127235,-0.137230471649297,-0.137868736955545,-0.138520605638458,-0.139186515571335,-0.139866906707094,-0.140562219824725,-0.141272895226003,-0.141999371385374,-0.142742083556318,-0.143501462337898,-0.144277932205749,-0.145071910012319,-0.145883803461845,-0.146714009566338,-0.147562913089648,-0.148430884987701,-0.14931828085398,-0.150225439380517,-0.151152680845878,-0.15210030564293,-0.153068592860607,-0.154057798935288,-0.155068156388937,-0.1560998726726,-0.157153129135357,-0.158228080140223,-0.159324852349826,-0.160443544205838,-0.161584225627119,-0.162746937952238,-0.163931694152427,-0.165138479341028,-0.166367251605026,-0.167617943183277,-0.168890462014451,-0.170184693675404,-0.171500503727711,-0.172837740486188,-0.174196238218517,-0.175575820779404,-0.17697630567599,-0.178397508553526,-0.179839248081516,-0.181301351210656,-0.182783658759922,-0.184286031281118,-0.185808355135143,-0.187350548700187,-0.188912568617172,-0.190494415962109,-0.192096142218818,-0.193717854908891,-0.195359722719096,-0.197021979950086,-0.1987049300945,-0.200408948338134,-0.202134482765152,-0.203882054038232,-0.205652253317958,-0.207445738183521,-0.209263226320233,-0.211105486749571,-0.212973328395878,-0.214867585811783,-0.216789101923362,-0.218738707707163,-0.220717198775699,-0.222725308926468,-0.224763680802268,-0.226832833917087,-0.228933130420679,-0.231064739103868,-0.233227598281857,-0.235421378329571,-0.237645444774986,-0.239898822976145,-0.242180165506596,-0.244487723443277,-0.2468193227814,-0.24917234718407,-0.251543728203358,-0.25392994397954,-0.256327027234778,-0.258730583128847,-0.261135817244337,-0.263537573627911,-0.265930382447928,-0.268308516455435,-0.270666055075869,-0.272996954634154,-0.275295122946493,-0.277554496315614,-0.279769116855513,-0.281933208054485,-0.284041246562528,-0.286088028355772,-0.288068727675175,-0.289978947443298,-0.291814760211913,-0.29357273906338,-0.295249978258948,-0.296844103778057,-0.29835327420782,-0.299776172708755,-0.301111990993212,-0.302360406403248,-0.30352155326511,-0.304595989731869,-0.30558466131036,-0.306488862211643,-0.30731019557471,-0.308050533500387,-0.308711977705041,-0.309296821469757,-0.309807513426667,0,-0.105917451076865,-0.106269034912968,-0.106602997385568,-0.106929454900002,-0.107250688344859,-0.107567083648654,-0.107878678547332,-0.108185545469396,-0.108487859811246,-0.108785885773271,-0.109079948352008,-0.109370409990499,-0.109657654448807,-0.109942076204734,-0.110224073324007,-0.110504042360741,-0.110782374487393,-0.111059452472756,-0.111335648341595,-0.111611321632772,-0.111886818189295,-0.112162469405674,-0.112438591847765,-0.112715487156873,-0.112993442154772,-0.113272729077671,-0.113553605882178,-0.113836316582318,-0.114121091591728,-0.114408148058057,-0.11469769018676,-0.114989909558845,-0.115284985451868,-0.115583085175965,-0.115884364437462,-0.116188967741964,-0.116497028847307,-0.116808671274608,-0.117124008883272,-0.117443146513272,-0.117766180695649,-0.118093200429925,-0.118424288025175,-0.118759519999833,-0.119098968033949,-0.119442699966569,-0.119790780830139,-0.120143273913355,-0.120500241843573,-0.120861747679901,-0.121227856008122,-0.121598634028914,-0.121974152631162,-0.122354487442593,-0.122739719850501,-0.123129937985859,-0.123525237664684,-0.123925723281116,-0.12433150864724,-0.124742717775244,-0.125159485598069,-0.125581958625196,-0.126010295530748,-0.126444667671488,-0.126885259532792,-0.127332269100996,-0.127785908160926,-0.128246402517735,-0.128713992142455,-0.12918893124096,-0.129671488246272,-0.130161945734355,-0.130660600263746,-0.131167762139539,-0.131683755102402,-0.132208915943442,-0.132743594045863,-0.133288150854471,-0.133842959274189,-0.134408402998844,-0.13498487577157,-0.135572780578279,-0.136172528775708,-0.136784539155703,-0.137409236947432,-0.138047052759399,-0.13869842146322,-0.139363781021292,-0.140043571260677,-0.140738232595708,-0.141448204702123,-0.142173925145792,-0.142915827969483,-0.143674342241539,-0.144449890570791,-0.145242887592628,-0.146053738431772,-0.146882837148033,-0.147730565172153,-0.148597289739754,-0.149483362332416,-0.15038911713603,-0.151314869527742,-0.152260914604112,-0.153227525764433,-0.154214953364591,-0.155223423458259,-0.156253136643713,-0.157304267035964,-0.158376961385317,-0.159471338364755,-0.160587488049711,-0.161725471614753,-0.162885321272464,-0.164067040480181,-0.165270604440339,-0.166495960919759,-0.167743031412325,-0.169011712668006,-0.17030187860905,-0.171613382651289,-0.172946060444867,-0.174299733044148,-0.175674210511149,-0.177069295950432,-0.178484789965968,-0.179920495522038,-0.181376223180722,-0.182851796677944,-0.18434705878842,-0.185861877417214,-0.187396151841996,-0.188949819015621,-0.19052285982341,-0.192115305173632,-0.193727241783453,-0.195358817506143,-0.197010246029079,-0.198681810756336,-0.200373867674905,-0.202086846990513,-0.203821253308128,-0.205577664124559,-0.20735672639686,-0.209159150951755,-0.210985704509069,-0.212837199107658,-0.214714478746755,-0.216618403090604,-0.218549828130833,-0.220509583760578,-0.222498448287644,-0.224517120001455,-0.226566186009959,-0.228646088677051,-0.230757090116345,-0.232899235330233,-0.235072314719587,-0.237275826823407,-0.239508942272324,-0.241770470046785,-0.244058827211341,-0.246372013341478,-0.248707590860132,-0.251062672449907,-0.253433916598416,-0.255817532165394,-0.258209292632178,-0.260604560411765,-0.262998321270475,-0.265385228553837,-0.267759656537069,-0.270115761854395,-0.272447551622726,-0.274748956584643,-0.277013907371918,-0.279236411848621,-0.281410631442015,-0.28353095441307,-0.285592064153839,-0.287589000816711,-0.289517214866395,-0.291372611480784,-0.293151585091018,-0.294851043722673,-0.296468423159031,-0.298001691276208,-0.299449343184498,-0.300810388041119,-0.302084328571184,-0.30327113444517,-0.304371210715001,-0.305385362512545,-0.306314757171556,-0.30716088485551,-0.307925518668724,-0.308610675105481,-0.309218575559884,-0.309751609484881,-0.3102122996583,0,-0.105987866201581,-0.106370467448422,-0.106736780887236,-0.107094286403251,-0.107443643965217,-0.107784843575268,-0.108118069254474,-0.108443734308025,-0.108762397693395,-0.109074688493387,-0.109381257026732,-0.109682747833314,-0.109979786441312,-0.110272973587692,-0.11056288299979,-0.110850060702463,-0.11113502494503,-0.111418266423199,-0.111700248716796,-0.111981408935574,-0.112262158563139,-0.112542884466571,-0.112823950020653,-0.113105696288034,-0.113388443199767,-0.113672490691053,-0.113958119760985,-0.114245593439572,-0.114535157658348,-0.114827042031322,-0.115121460560512,-0.115418612284915,-0.115718681893892,-0.116021840325988,-0.116328245372822,-0.116638042305174,-0.116951364535346,-0.117268334326508,-0.117589063556338,-0.117913654539054,-0.118242200906982,-0.118574788550216,-0.11891149661074,-0.119252398525592,-0.119597563112256,-0.119947055688439,-0.120300939217681,-0.120659275471853,-0.121022126201422,-0.121389554304432,-0.121761624985351,-0.122138406895317,-0.122519973245753,-0.122906402887876,-0.123297781351193,-0.123694201834716,-0.124095766145224,-0.124502585577549,-0.124914781732463,-0.125332487268318,-0.125755846583172,-0.126185016424649,-0.126620166425246,-0.127061479561301,-0.127509152534202,-0.127963396072817,-0.128424435156479,-0.128892509158129,-0.129367871907549,-0.129850791674822,-0.130341551074402,-0.130840446890364,-0.131347789823594,-0.131863904161819,-0.132389127373527,-0.132923809626953,-0.133468313235425,-0.134023012030451,-0.134588290664046,-0.135164543841877,-0.135752175488891,-0.136351597849188,-0.136963230521996,-0.137587499435688,-0.138224835761922,-0.138875674772079,-0.13954045463836,-0.140219615182036,-0.140913596571595,-0.141622837973733,-0.142347776160457,-0.143088844075896,-0.143846469366808,-0.144621072881255,-0.145413067140433,-0.146222854789281,-0.147050827032177,-0.147897362060825,-0.148762823482323,-0.149647558756351,-0.150551897651526,-0.151476150732074,-0.152420607887253,-0.153385536917237,-0.15437118219054,-0.155377763389497,-0.156405474361675,-0.157454482096583,-0.158524925848324,-0.15961691642619,-0.160730535676298,-0.161865836178369,-0.163022841182479,-0.164201544811072,-0.165401912551608,-0.166623882064908,-0.167867364333421,-0.16913224517229,-0.170418387124056,-0.171725631755165,-0.173053802368928,-0.174402707145334,-0.175772142712867,-0.177161898151395,-0.178571759418065,-0.180001514180028,-0.181450957028662,-0.182919895039766,-0.18440815363299,-0.185915582671522,-0.187442062729905,-0.188987511443768,-0.19055188984043,-0.192135208533868,-0.193737533651562,-0.195358992344561,-0.196999777715985,-0.198660152987412,-0.200340454707743,-0.202041094795609,-0.203762561194907,-0.205505416914371,-0.20727029721705,-0.209057904725311,-0.210869002212502,-0.212704402865176,-0.214564957820909,-0.216451540817855,-0.218365029834441,-0.220306285652373,-0.222276127344311,-0.224275304769767,-0.226304468259104,-0.228364135775125,-0.230454657963121,-0.232576181630637,-0.23472861233358,-0.236911576880503,-0.239124386695197,-0.241366003091582,-0.243635005605457,-0.245929564586142,-0.248247419268171,-0.25058586251126,-0.252941733309063,-0.255311418020186,-0.257690861067943,-0.260075585591912,-0.262460724222359,-0.26484105980022,-0.267211075496568,-0.269565013415627,-0.271896940415179,-0.274200819568917,-0.27647058544631,-0.278700221213346,-0.280883835473468,-0.283015736777944,-0.285090503838021,-0.287103049660531,-0.289048678091448,-0.290923131571052,-0.292722629259784,-0.294443895064439,-0.296084175459147,-0.297641247336289,-0.299113416423607,-0.300499507054178,-0.301798844268744,-0.303011229362576,-0.304136910062964,-0.305176546543169,-0.30613117445103,-0.307002166063964,-0.307791190585789,-0.30850017448385,-0.309131262635761,-0.30968678092131,-0.310169200762884,-0.310581105992196,0,-0.106123619615045,-0.106529213448863,-0.106922795694193,-0.107306730292856,-0.107679870270134,-0.108041860139226,-0.108393065040057,-0.108734242158284,-0.109066316478771,-0.109390254554842,-0.10970700155462,-0.110017454228567,-0.110322452190842,-0.110622777459216,-0.110919157116804,-0.111212266791476,-0.111502734101469,-0.111791141863143,-0.112078031085786,-0.112363903818483,-0.112649225887484,-0.112934429526264,-0.113219915875668,-0.113506057322319,-0.113793199646488,-0.114081663961009,-0.114371748436092,-0.114663729817836,-0.114957864758946,-0.115254390987868,-0.115553528347058,-0.115855479732702,-0.116160431967565,-0.116468556636152,-0.116780010907812,-0.117094938369093,-0.117413469882162,-0.117735724481566,-0.118061810317382,-0.11839182564896,-0.118725859890104,-0.119063994703683,-0.119406305141375,-0.119752860822375,-0.120103727143613,-0.120458966512994,-0.120818639596663,-0.121182806570975,-0.121551528369842,-0.12192486791833,-0.122302891343708,-0.122685669155644,-0.12307327738782,-0.123465798693835,-0.123863323390953,-0.124265950445924,-0.124673788397783,-0.125086956213168,-0.125505584070367,-0.125929814068875,-0.126359800861816,-0.126795712209099,-0.127237729449666,-0.12768604789161,-0.128140877119363,-0.128602441217476,-0.129070978910859,-0.129546743621629,-0.130030003442954,-0.130521041030527,-0.131020153412485,-0.131527651718767,-0.132043860831085,-0.132569118954778,-0.133103777113999,-0.13364819857173,-0.134202758176293,-0.13476784163607,-0.135343844724245,-0.135931172415491,-0.136530237956583,-0.137141461873026,-0.137765270913882,-0.138402096937092,-0.139052375737694,-0.13971654582152,-0.140395047127076,-0.141088319698539,-0.141796802313024,-0.142520931065561,-0.143261137915529,-0.144017849198696,-0.144791484109441,-0.145582453158249,-0.146391156610175,-0.147217982910609,-0.148063307105471,-0.148927489263767,-0.149810872911399,-0.150713783486147,-0.15163652682482,-0.152579387694823,-0.153542628383585,-0.154526487360668,-0.155531178028723,-0.156556887580824,-0.157603775983122,-0.158671975103068,-0.159761588004719,-0.160872688433803,-0.162005320516143,-0.163159498693853,-0.164335207924135,-0.165532404165691,-0.166751015177473,-0.167990941653759,-0.16925205871828,-0.170534217798243,-0.171837248896532,-0.173160963277086,-0.174505156574353,-0.175869612332767,-0.177254105976342,-0.178658409201656,-0.180082294779714,-0.181525541743366,-0.182987940927175,-0.184469300815762,-0.185969453644895,-0.187488261686792,-0.189025623637521,-0.190581481009893,-0.192155824420199,-0.193748699641496,-0.195360213280253,-0.196990537917195,-0.198639916537491,-0.20030866606048,-0.201997179765244,-0.203705928396362,-0.20543545972457,-0.20718639633089,-0.20895943138084,-0.210755322158843,-0.212574881143122,-0.214418964419412,-0.216288457259272,-0.218184256726919,-0.220107251228605,-0.222058296981779,-0.224038191458259,-0.226047643946775,-0.228087243484953,-0.230157424527973,-0.232258430848296,-0.234390278294663,-0.236552717174039,-0.23874519515143,-0.240966821681985,-0.243216335089389,-0.245492073475128,-0.247791950675863,-0.250113438472376,-0.252453556186254,-0.254808868674986,-0.257175493550526,-0.259549118202825,-0.261925026914482,-0.264298138016236,-0.266663050670157,-0.26901410049633,-0.271345422899888,-0.27365102262967,-0.275924847827746,-0.27816086662829,-0.280353144248002,-0.282495918486432,-0.284583671624693,-0.286611196870385,-0.288573657734333,-0.290466639025241,-0.29228618849256,-0.294028848514543,-0.295691677596885,-0.29727226179783,-0.298768716511827,-0.300179679312878,-0.301504294772285,-0.302742192319537,-0.303893458309652,-0.304958603498764,-0.305938527118384,-0.306834478685407,-0.307648018598609,-0.308380978462168,-0.309035421951406,-0.309613606903434,-0.310117949182266,-0.310550988739916,-0.310915358175844,0,-0.106321605741915,-0.106744373540279,-0.107160784793527,-0.107566573676048,-0.107959025507378,-0.108337636600582,-0.108703035741523,-0.109056338693055,-0.109398817903087,-0.109731745176843,-0.110056324782569,-0.110373671096687,-0.110684806217291,-0.110990665253911,-0.111292103715943,-0.111589904821498,-0.111884786100006,-0.11217740526403,-0.112468365488971,-0.112758220230681,-0.113047477657088,-0.113336604722038,-0.113626030882035,-0.113916151448294,-0.114207330571126,-0.114499903864913,-0.114794180694591,-0.115090446155816,-0.115388962789075,-0.115689972072584,-0.115993695740053,-0.116300336967829,-0.116610081472391,-0.116923098554149,-0.117239542117808,-0.117559551693574,-0.117883253477599,-0.118210761404568,-0.118542178260399,-0.118877596838695,-0.119217101140972,-0.119560767617699,-0.119908666444868,-0.120260862829042,-0.120617418332564,-0.120978392209867,-0.121343842745329,-0.12171382858308,-0.122088410039273,-0.122467650387678,-0.122851617109988,-0.123240383102784,-0.123634027833806,-0.124032638440903,-0.124436310767737,-0.12484515033109,-0.125259273215294,-0.125678806890023,-0.126103890948312,-0.126534677762272,-0.126971333054546,-0.127414036384022,-0.127862981544822,-0.128318376877963,-0.128780445495494,-0.129249425417197,-0.129725569620288,-0.130209146002751,-0.130700437261217,-0.131199740684472,-0.131707367863848,-0.132223644321934,-0.13274890906115,-0.133283514033869,-0.133827823535865,-0.134382213524992,-0.134947070867046,-0.135522792510901,-0.136109784595061,-0.136708461487853,-0.137319244763612,-0.137942562117251,-0.138578846219763,-0.139228533517285,-0.139892062976518,-0.140569874779436,-0.141262408970418,-0.141970104059158,-0.142693395582969,-0.143432714632401,-0.144188486344464,-0.144961128368158,-0.145751049307518,-0.14655864714791,-0.147384307671993,-0.148228402872441,-0.149091289369358,-0.149973306841199,-0.150874776478982,-0.15179599947468,-0.152737255555782,-0.153698801579261,-0.154680870199471,-0.155683668625786,-0.156707377487169,-0.157752149822171,-0.15881811021419,-0.159905354093034,-0.161013947224972,-0.162143925414415,-0.163295294441125,-0.164468030257376,-0.165662079469619,-0.166877360129046,-0.168113762854744,-0.169371152311992,-0.170649369066475,-0.171948231832797,-0.173267540132545,-0.174607077373277,-0.175966614355086,-0.177345913205782,-0.178744731739227,-0.180162828223887,-0.181599966540193,-0.18305592169589,-0.184530485658097,-0.186023473449435,-0.187534729443211,-0.189064133779461,-0.190611608809618,-0.192177125462883,-0.193760709412099,-0.195362446901316,-0.196982490081482,-0.1986210616851,-0.200278458855655,-0.201955055933534,-0.20365130598768,-0.205367740871885,-0.207104969577361,-0.20886367464981,-0.210644606440838,-0.212448574971292,-0.214276439199273,-0.21612909350957,-0.218007451275418,-0.219912425389129,-0.221844905716486,-0.223805733501648,-0.225795672835229,-0.227815379397902,-0.229865366804543,-0.231945970997533,-0.234057313269369,-0.236199262629907,-0.23837139836664,-0.240572973770716,-0.242802882108634,-0.24505962600128,-0.247341291418893,-0.249645527504042,-0.25196953338715,-0.254310053054783,-0.256663379166903,-0.259025366496239,-0.261391455385509,-0.26375670529549,-0.266115838162239,-0.268463290912052,-0.270793276117735,-0.27309984944052,-0.275376982209171,-0.277618637260276,-0.279818846016299,-0.281971784720713,-0.284071847786183,-0.286113716339867,-0.288092420260754,-0.290003392283525,-0.29184251307358,-0.293606146538281,-0.295291165008806,-0.296894964285324,-0.298415468867719,-0.299851127980708,-0.301200903235906,-0.302464248948801,-0.303641086244048,-0.304731772140554,-0.305737064813589,-0.306658086192087,-0.307496282974062,-0.308253387040655,-0.308931376128862,-0.309532435492481,-0.310058921147621,-0.310513325168971,-0.310898243380598,-0.311216345673501,0,-0.106577456253239,-0.107014304784807,-0.107449664951258,-0.107872767132549,-0.108279986263697,-0.108670976321228,-0.109046738615499,-0.109408763985,-0.109758648874142,-0.110097932386393,-0.110428037248453,-0.110750257053603,-0.111065761841316,-0.111375609339324,-0.111680756751836,-0.111982071441361,-0.112280340254087,-0.112576277684449,-0.112870533129097,-0.113163697411532,-0.113456308678168,-0.113748857711237,-0.114041792677674,-0.114335523328546,-0.114630424671279,-0.114926840149394,-0.115225084376545,-0.115525445480826,-0.115828187120325,-0.116133550232079,-0.116441754574236,-0.116753000116413,-0.117067468326738,-0.117385323396609,-0.117706713436513,-0.118031771668716,-0.118360617635622,-0.118693358436305,-0.119030089998256,-0.119370898386789,-0.119715861150784,-0.120065048700487,-0.120418525710851,-0.120776352542292,-0.121138586669685,-0.12150528410984,-0.121876500837472,-0.122252294179807,-0.122632724180272,-0.123017854922268,-0.12340775580463,-0.12380250276116,-0.124202179417345,-0.124606878178229,-0.12501670124216,-0.12543176153594,-0.125852183567631,-0.126278104193985,-0.126709673300101,-0.127147054389518,-0.127590425083481,-0.128039977528626,-0.128495918712737,-0.128958470688642,-0.12942787070663,-0.129904371256089,-0.130388240017306,-0.130879759724632,-0.131379227942352,-0.131886956754852,-0.132403272372748,-0.13292851465683,-0.133463036561771,-0.134007203501638,-0.134561392639383,-0.135125992102522,-0.135701400127355,-0.136288024134102,-0.136886279735463,-0.137496589681165,-0.138119382741158,-0.138755092530234,-0.139404156276933,-0.140067013539767,-0.140744104873909,-0.141435870451695,-0.142142748640506,-0.142865174541808,-0.14360357849548,-0.144358384553837,-0.14513000893021,-0.145918858427376,-0.146725328851662,-0.147549803419185,-0.148392651161321,-0.149254225337323,-0.150134861862819,-0.151034877763875,-0.151954569667341,-0.152894212339276,-0.15385405728445,-0.154834331421116,-0.15583523584656,-0.156856944710215,-0.157899604212415,-0.158963331748185,-0.160048215216602,-0.161154312517436,-0.162281651257696,-0.163430228691496,-0.16460001191716,-0.165790938355691,-0.167002916534606,-0.168235827200508,-0.169489524782715,-0.170763839228638,-0.172058578229298,-0.173373529850474,-0.174708465581243,-0.176063143807193,-0.177437313710255,-0.178830719590857,-0.18024310560093,-0.18167422086821,-0.183123824983186,-0.184591693810004,-0.186077625571643,-0.187581447147776,-0.189103020510914,-0.190642249212828,-0.192199084818969,-0.193773533173655,-0.195365660363527,-0.196975598231228,-0.198603549275828,-0.20024979076144,-0.201914677841262,-0.20359864549135,-0.205302209037502,-0.207025963050345,-0.208770578378995,-0.210536797093544,-0.212325425112108,-0.214137322300659,-0.21597338985459,-0.217834554801312,-0.219721751504582,-0.221635900104817,-0.223577881896509,-0.225548511724509,-0.2275485075756,-0.229578457649682,-0.231638785314566,-0.233729712477194,-0.235851222038163,-0.238003020230651,-0.240184499772746,-0.24239470487615,-0.244632299245773,-0.246895538264874,-0.249182246580149,-0.25148980227252,-0.253815128715879,-0.256154695083514,-0.258504526260017,-0.260860222657913,-0.263216990130962,-0.26556967983152,-0.267912837493517,-0.270240761254147,-0.27254756677712,-0.274827258129214,-0.277073802609461,-0.279281207553179,-0.281443597042913,-0.283555286461351,-0.285610852917147,-0.287605199756857,-0.289533613632494,-0.291391812907977,-0.293175986539013,-0.294882822928872,-0.29650952862624,-0.298053837072408,-0.299514007907884,-0.300888817601679,-0.302177542362909,-0.303379934431045,-0.304496192919307,-0.305526930409543,-0.306473136473202,-0.307336139229912,-0.308117565961782,-0.308819303686863,-0.309443460467766,-0.309992328098751,-0.310468346683106,-0.310874071487199,-0.311212142342111,-0.311485255760547,0,-0.106886396030747,-0.107336895317397,-0.107787632991697,-0.108223493562817,-0.108640907053504,-0.109040039289025,-0.109422372602842,-0.109789780118313,-0.11014414999354,-0.110487244222774,-0.110820659033866,-0.111145825999154,-0.111464026658323,-0.111776409551251,-0.112084005872363,-0.112387742960583,-0.112688455856764,-0.11298689735617,-0.113283746900719,-0.113579618523683,-0.11387506795782,-0.114170598961246,-0.114466668894825,-0.114763693586507,-0.115062051529851,-0.115362087477726,-0.115664115503337,-0.115968421607208,-0.116275265950348,-0.116584884791074,-0.116897492196981,-0.117213281595338,-0.117532427215842,-0.117855085469898,-0.11818139630112,-0.118511484532897,-0.118845461230946,-0.119183425091951,-0.119525463863563,-0.119871655796388,-0.120222071124844,-0.120576773570967,-0.120935821863221,-0.12129927126102,-0.121667175074864,-0.122039586171703,-0.122416558455145,-0.122798148310504,-0.123184416005183,-0.12357542703563,-0.123971253412875,-0.124371974879517,-0.124777680051942,-0.125188467482367,-0.125604446636232,-0.126025738781213,-0.126452477784909,-0.126884810818982,-0.127322898968115,-0.127766917742801,-0.128217057495411,-0.128673523739532,-0.129136537372887,-0.129606334804565,-0.130083167987548,-0.130567304357804,-0.131059026681448,-0.131558632811643,-0.132066435357111,-0.132582761264244,-0.133107951314943,-0.133642359542424,-0.134186352567326,-0.134740308856547,-0.135304617907309,-0.135879679359053,-0.136465902035809,-0.137063702921809,-0.137673506073144,-0.138295741468391,-0.138930843801218,-0.139579251218087,-0.140241404004291,-0.140917743221734,-0.141608709301996,-0.142314740598453,-0.143036271901459,-0.143773732920841,-0.144527546740328,-0.145298128248877,-0.146085882554307,-0.146891203385158,-0.14771447148727,-0.148556053022199,-0.149416297975365,-0.150295538582582,-0.15119408778457,-0.152112237719979,-0.15305025826854,-0.15400839565707,-0.154986871142238,-0.155985879785243,-0.157005589334788,-0.158046139236032,-0.159107639784387,-0.160190171444267,-0.161293784353931,-0.162418498038551,-0.163564301354379,-0.164731152687435,-0.165918980430382,-0.167127683761129,-0.168357133746215,-0.169607174791024,-0.170877626457351,-0.172168285666735,-0.173478929305179,-0.174809317241374,-0.176159195766288,-0.177528301456865,-0.178916365460634,-0.180323118191177,-0.18174829441661,-0.18319163871452,-0.184652911257152,-0.186131893880025,-0.187628396375648,-0.189142262941663,-0.190673378699503,-0.19222167618579,-0.193787141704142,-0.19536982141008,-0.19696982698648,-0.198587340751689,-0.200222620027468,-0.201876000579508,-0.203547898930116,-0.205238813331083,-0.206949323175679,-0.208680086622781,-0.210431836204377,-0.212205372191193,-0.214001553501087,-0.21582128595253,-0.217665507692265,-0.219535171663492,-0.221431225029918,-0.223354585532944,-0.225306114834711,-0.227286588989263,-0.229296666287081,-0.231336852833707,-0.233407466348756,-0.235508598804032,-0.237640078653908,-0.239801433541793,-0.241991854486046,-0.244210162648984,-0.246454779864737,-0.248723704136712,-0.251014491304791,-0.253324244019036,-0.255649609035647,-0.257986783670222,-0.260331532004733,-0.262679211154041,-0.265024807565409,-0.267362982964783,-0.269688129194362,-0.27199443082739,-0.274275934119162,-0.276526620578191,-0.278740483236182,-0.280911603573338,-0.283034227024905,-0.285102835057847,-0.287112211958669,-0.28905750470452,-0.290934274584477,-0.292738539577596,-0.294466806857968,-0.296116095163956,-0.297683947119322,-0.299168431911539,-0.300568139004202,-0.301882163777424,-0.303110086148103,-0.304251943320741,-0.305308197862181,-0.30627970228624,-0.307167661284414,-0.307973592655534,-0.308699287879506,-0.309346773156775,-0.309918271603848,-0.310416167162934,-0.310842970655897,-0.311201288293555,-0.31149379284373,-0.311723197567109,0,-0.107244175394238,-0.10770974495028,-0.108172240458433,-0.108616234408584,-0.10903928801116,-0.109442409749914,-0.109827643575689,-0.110197232520053,-0.110553312257472,-0.110897816646328,-0.111232467026434,-0.111558790018889,-0.111878141411941,-0.112191728371748,-0.112500628216561,-0.11280580406024,-0.11310811807573,-0.113408343014441,-0.113707172388331,-0.114005229534111,-0.114303075666155,-0.11460121697444,-0.114900110813594,-0.115200171039079,-0.115501772562851,-0.115805255215583,-0.116110927011994,-0.116419066919021,-0.116729927224124,-0.117043735594115,-0.117360696905101,-0.117680994912595,-0.118004793818798,-0.118332239782261,-0.118663462404104,-0.118998576215146,-0.119337682179726,-0.119680869224875,-0.120028215797635,-0.120379791448734,-0.120735658437322,-0.121095873348976,-0.121460488717468,-0.121829554639768,-0.122203120373334,-0.122581235904712,-0.122963953478797,-0.123351329078718,-0.12374342384705,-0.124140305439955,-0.124542049306805,-0.124948739888807,-0.12536047173112,-0.125777350503906,-0.126199493928628,-0.126627032606756,-0.127060110748792,-0.127498886802222,-0.127943533977622,-0.128394240672693,-0.128851210794482,-0.129314663980456,-0.12978483571947,-0.130261977373979,-0.130746356105079,-0.13123825470224,-0.131737971319721,-0.132245819121868,-0.132762125839609,-0.13328723324058,-0.13382149651542,-0.134365283582869,-0.134918974316377,-0.13548295969501,-0.136057640881526,-0.136643428230527,-0.137240740229727,-0.137850002377391,-0.138471645999127,-0.139106107007292,-0.139753824606362,-0.140415239947768,-0.141090794737806,-0.141780929802412,-0.142486083612771,-0.143206690775965,-0.1439431804951,-0.144695975003688,-0.145465487979391,-0.14625212294266,-0.147056271646264,-0.147878312462249,-0.148718608773485,-0.149577507377652,-0.150455336912253,-0.151352406310152,-0.152269003296001,-0.153205392934966,-0.154161816246219,-0.155138488894806,-0.156135599976676,-0.157153310912859,-0.158191754470031,-0.159251033925863,-0.16033122239873,-0.161432362362406,-0.162554465367333,-0.163697511990777,-0.164861452038782,-0.16604620502307,-0.167251660935989,-0.168477681346157,-0.169724100836565,-0.17099072880546,-0.172277351648372,-0.173583735337006,-0.174909628407411,-0.176254765365787,-0.17761887051543,-0.179001662202631,-0.180402857472793,-0.181822177120569,-0.183259351109462,-0.184714124327035,-0.186186262631674,-0.187675559135756,-0.189181840658099,-0.190704974265802,-0.192244873812077,-0.193801506362523,-0.195374898387647,-0.196965141584464,-0.198572398174893,-0.200196905513755,-0.201838979824773,-0.203499018869474,-0.205177503341945,-0.206874996772494,-0.208592143716274,-0.210329665999758,-0.212088356799476,-0.213869072335057,-0.215672720973345,-0.217500249563775,-0.219352626858482,-0.221230823915232,-0.223135791438315,-0.225068434082976,-0.227029581833226,-0.229019958660958,-0.231040148785206,-0.233090560972387,-0.235171391448509,-0.237282586128307,-0.239423802998772,-0.241594375618576,-0.243793278802813,-0.246019097645396,-0.248270001080592,-0.250543721191572,-0.252837539430049,-0.255148280811101,-0.25747231698807,-0.259805578894314,-0.262143579365976,-0.264481445841503,-0.266813962882333,-0.269135623891677,-0.271440691044055,-0.27372326209806,-0.275977342469503,-0.278196920710343,-0.280376045385859,-0.282508901278717,-0.284589882878092,-0.286613663232906,-0.288575256452193,-0.290470072409159,-0.292293962530842,-0.294043255912183,-0.295714785360851,-0.297305903337108,-0.298814488083622,-0.300238940528996,-0.301578172785849,-0.302831589243426,-0.303999061374506,-0.305080897438634,-0.306077808273549,-0.306990870331355,-0.307821487043884,-0.308571349501949,-0.309242397314654,-0.309836780385902,-0.310356822212835,-0.310804985181261,-0.311183838210597,-0.311496026989067,-0.311744246940728,-0.311931218980736,0,-0.107648266903401,-0.108130216458166,-0.108600435375443,-0.109047833927891,-0.109472050311305,-0.109875173735656,-0.110259838939158,-0.110628619265003,-0.110983840240791,-0.1113275505867,-0.111661546185957,-0.111987405353594,-0.112306521170413,-0.11262012778732,-0.112929321387282,-0.113235077270419,-0.113538264287759,-0.113839657408023,-0.114139948840646,-0.114439757913964,-0.114739639797686,-0.11504009312346,-0.115341566561458,-0.115644464430396,-0.115949151438941,-0.116255956671269,-0.116565176936317,-0.116877079599391,-0.117191905007732,-0.117509868610434,-0.117831162859357,-0.118155958963078,-0.118484408551394,-0.118816645294377,-0.119152786507784,-0.119492934766123,-0.119837179535828,-0.120185598833839,-0.12053826091119,-0.120895225956975,-0.121256547814911,-0.121622275702673,-0.121992455922861,-0.122367133553929,-0.122746354109291,-0.123130165153207,-0.123518617862672,-0.123911768525396,-0.124309679964956,-0.124712422885243,-0.125120077127453,-0.125532732833917,-0.125950491514126,-0.126373467009293,-0.126801786352695,-0.127235590523882,-0.127675035095586,-0.128120290772828,-0.128571543824308,-0.129028996406673,-0.129492866782686,-0.129963389434704,-0.130440815075172,-0.130925410556118,-0.131417458679835,-0.131917257913146,-0.132425122007762,-0.132941379529409,-0.133466373298484,-0.134000459745083,-0.134544008181367,-0.135097399994241,-0.135661027761451,-0.136235294294225,-0.136820611609679,-0.137417399836242,-0.138026086055478,-0.1386471030837,-0.139280888196916,-0.1399278818027,-0.14058852606273,-0.141263263469837,-0.141952535383587,-0.142656780528581,-0.143376433459866,-0.144111923000113,-0.144863670653475,-0.1456320890014,-0.146417580086033,-0.147220533787316,-0.148041326200355,-0.148880318020257,-0.149737852942242,-0.15061425608559,-0.15150983245077,-0.152424865419984,-0.153359615312318,-0.15431431800571,-0.155289183639024,-0.156284395408663,-0.157300108475304,-0.158336448997519,-0.159393513310215,-0.16047136726691,-0.161570045765963,-0.162689552481738,-0.163829859822481,-0.164990909137254,-0.166172611194542,-0.167374846955147,-0.168597468661621,-0.169840301265614,-0.171103144213282,-0.172385773606973,-0.173687944758991,-0.175009395150076,-0.176349847801411,-0.177709015064341,-0.179086602826555,-0.180482315127253,-0.181895859166642,-0.183326950687113,-0.184775319694512,-0.186240716478102,-0.187722917877121,-0.189221733730275,-0.19073701343215,-0.192268652507433,-0.193816599100038,-0.195380860259977,-0.196961507896088,-0.198558684247909,-0.200172606715116,-0.201803571868587,-0.203451958453446,-0.205118229182081,-0.206802931104623,-0.208506694336372,-0.210230228917194,-0.211974319577704,-0.21373981819248,-0.215527633712599,-0.217338719389983,-0.21917405713559,-0.221034638893848,-0.22292144496811,-0.224835419297309,-0.22677744176314,-0.228748297700039,-0.230748644886482,-0.232778978414177,-0.23483959395904,-0.236930550110748,-0.239051630551077,-0.24120230699885,-0.243381703953694,-0.245588566363447,-0.247821231402096,-0.250077605567652,-0.252355148284219,-0.254650863113194,-0.256961297540754,-0.259282552111715,-0.261610299426221,-0.263939813212828,-0.266266007350673,-0.268583484350143,-0.270886592434115,-0.273169490011162,-0.275426216018818,-0.277650764358891,-0.279837160464428,-0.281979537941468,-0.284072213224739,-0.286109756274988,-0.288087055520947,-0.289999375498904,-0.291842405951444,-0.293612301494336,-0.29530571132618,-0.296919798818426,-0.298452251165195,-0.299901279577155,-0.301265610759984,-0.302544470618045,-0.303737561264831,-0.304845032504191,-0.305867448974375,-0.306805754127052,-0.307661232153698,-0.308435468881147,-0.309130312545575,-0.309747835228311,-0.310290295605206,-0.310760103530203,-0.311159786848497,-0.311491960718826,-0.311759299620764,-0.311964512132734,-0.312110318490372,0,-0.108098088872519,-0.108595353574815,-0.109068579153289,-0.109514564994329,-0.109935619694169,-0.110335005342491,-0.110715909819237,-0.111081166432625,-0.111433219916454,-0.111774172449034,-0.112105843324652,-0.112429820133146,-0.112747497671647,-0.113060106842404,-0.113368736744256,-0.113674352473731,-0.113977810211339,-0.114279870434423,-0.11458120964207,-0.114882430744099,-0.115184072176123,-0.115486615790616,-0.115790493595458,-0.116096093440516,-0.116403763776515,-0.116713817623881,-0.117026535892137,-0.117342170184545,-0.117660945210677,-0.117983060913762,-0.118308694402253,-0.118638001757543,-0.118971119773204,-0.119308167666245,-0.119649248788014,-0.119994452351503,-0.120343855183087,-0.120697523499808,-0.121055514708093,-0.121417879216057,-0.12178466224896,-0.122155905655886,-0.122531649694957,-0.122911934784295,-0.123296803206335,-0.123686300753801,-0.124080478306654,-0.124479393330399,-0.124883111287402,-0.125291706954036,-0.125705265637744,-0.126123884289238,-0.126547672506178,-0.126976753425645,-0.127411264503698,-0.127851358181054,-0.128297202434712,-0.128748981215932,-0.129206894775529,-0.129671159877898,-0.130142009905578,-0.130619694856452,-0.131104481235989,-0.131596651847099,-0.132096505480372,-0.13260435650761,-0.13312053438167,-0.133645383045719,-0.134179260255119,-0.134722536815162,-0.135275595738018,-0.135838831322231,-0.136412648158228,-0.136997460063311,-0.137593688949692,-0.138201763629185,-0.138822118558241,-0.139455192527103,-0.140101427296944,-0.14076126618896,-0.141435152629519,-0.142123528655598,-0.142826833384933,-0.143545501455464,-0.144279961438937,-0.145030634233739,-0.145797931442394,-0.146582253739479,-0.147383989236157,-0.148203511847969,-0.149041179673098,-0.149897333388901,-0.150772294675204,-0.151666364673592,-0.152579822492784,-0.153512923771054,-0.154465899307657,-0.155438953776232,-0.156432264534238,-0.157445980543597,-0.15848022141885,-0.159535076620224,-0.160610604810133,-0.161706833392621,-0.162823758256169,-0.163961343741056,-0.165119522853017,-0.166298197745287,-0.167497240491114,-0.168716494168528,-0.169955774278399,-0.17121487051562,-0.172493548911515,-0.173791554363265,-0.175108613563182,-0.176444438337018,-0.177798729396122,-0.179171180503078,-0.180561483044496,-0.181969330997786,-0.183394426271076,-0.184836484386853,-0.18629524047049,-0.187770455494487,-0.18926192271813,-0.190769474250322,-0.1922929876506,-0.193832392470039,-0.195387676619747,-0.196958892440318,-0.198546162330974,-0.200149683782458,-0.20176973364337,-0.203406671435835,-0.205060941523716,-0.206733073925474,-0.208423683554992,-0.210133467667964,-0.211863201289715,-0.213613730403676,-0.215385962689309,-0.217180855615437,-0.218999401720916,-0.2208426109509,-0.22271148996478,-0.224607018392386,-0.226530122089064,-0.228481643528046,-0.230462309569932,-0.232472696962896,-0.234513196051296,-0.236583973301537,-0.238684933387608,-0.240815681708918,-0.242975488332859,-0.245163254455684,-0.247377482549151,-0.249616251397861,-0.251877197224951,-0.254157502044465,-0.256453890262259,-0.258762634371492,-0.261079570355046,-0.26340012312118,-0.265719341970284,-0.268031945733784,-0.270332376858524,-0.272614863351368,-0.27487348717009,-0.277102257368282,-0.279295186091809,-0.281446365396151,-0.283550042816511,-0.285600693678199,-0.287593088279853,-0.289522352306596,-0.291384019119463,-0.293174072902862,-0.294888982012836,-0.296525722234602,-0.298081790008841,-0.299555206005461,-0.300944509698047,-0.302248745812802,-0.303467443687958,-0.304600590682735,-0.30564860082193,-0.306612279858739,-0.307492787892192,-0.308291600595209,-0.309010470003874,-0.309651385696755,-0.310216537062941,-0.310708277225738,-0.311129089061345,-0.311481553632409,-0.311768321248261,-0.311992085268616,-0.312155558686465,-0.312261453458854,0,-0.10859391028552,-0.109101696447464,-0.109572454324835,-0.11001220164588,-0.110426018748881,-0.110818260497117,-0.111192558882632,-0.111551907439378,-0.111898789155327,-0.11223529633119,-0.112563221876656,-0.112884122556963,-0.113199361702525,-0.113510138912805,-0.113817512179541,-0.114122415715453,-0.114425675220571,-0.114728021372061,-0.115030101829752,-0.115332491840802,-0.115635703473897,-0.115940193531505,-0.116246370228962,-0.116554598766666,-0.116865205946489,-0.117178483993728,-0.117494693743473,-0.117814067338664,-0.118136810569597,-0.118463104964405,-0.118793109719106,-0.119126963535839,-0.119464786419826,-0.119806681469875,-0.120152736684056,-0.120503026791536,-0.120857615113161,-0.121216555447103,-0.121579893971335,-0.12194767115166,-0.122319923642165,-0.122696686164118,-0.123077993349178,-0.123463881533248,-0.123854390488115,-0.124249565079184,-0.124649456838852,-0.125054125446506,-0.125463640107483,-0.12587808082475,-0.126297539558361,-0.126722121268967,-0.127151944842811,-0.127587143896628,-0.128027867461776,-0.128474280547724,-0.128926564585667,-0.129384917753644,-0.12984955518498,-0.130320709062309,-0.13079862859971,-0.131283579915783,-0.131775845800691,-0.132275725380324,-0.132783533680915,-0.133299601097501,-0.133824272769707,-0.134357907868399,-0.134900878796807,-0.135453570309745,-0.13601637855463,-0.136589710038018,-0.13717398052144,-0.137769613850376,-0.138377040720235,-0.138996697383328,-0.139629024300836,-0.140274464743917,-0.140933463348158,-0.141606464625722,-0.142293911439658,-0.142996243445007,-0.143713895501528,-0.144447296063059,-0.145196865548801,-0.145963014702086,-0.146746142942532,-0.147546636717859,-0.148364867862096,-0.149201191967404,-0.150055946777296,-0.150929450609697,-0.151822000818961,-0.152733872306776,-0.153665316092708,-0.15461655795607,-0.155587797161777,-0.156579205283859,-0.157590925141387,-0.158623069862628,-0.159675722094338,-0.160748933374132,-0.161842723684871,-0.162957081210884,-0.164091962316599,-0.165247291768735,-0.166422963223545,-0.167618840000658,-0.168834756164826,-0.170070517936176,-0.171325905448525,-0.172600674873638,-0.173894560927205,-0.175207279769489,-0.176538532310168,-0.17788800792273,-0.179255388568891,-0.180640353327769,-0.182042583318056,-0.183461766994073,-0.184897605788368,-0.186349820064454,-0.187818155333379,-0.189302388677056,-0.19080233530975,-0.1923178551968,-0.1938488596367,-0.195395317699061,-0.196957262396938,-0.198534796457658,-0.20012809754178,-0.201737422745538,-0.203363112208215,-0.20500559163301,-0.206665373518317,-0.20834305688688,-0.210039325293414,-0.21175494288819,-0.213490748315529,-0.215247646233402,-0.21702659625465,-0.21882859913296,-0.220654680049167,-0.222505868896888,-0.224383177522248,-0.226287573941408,-0.228219953642279,-0.230181108173209,-0.232171691330715,-0.234192183378811,-0.236242853861262,-0.238323723701151,-0.24043452741405,-0.242574676385233,-0.244743224269964,-0.246938835660372,-0.249159759213815,-0.251403806447197,-0.253668337361737,-0.255950253967124,-0.258246002619664,-0.260551585875783,-0.262862584294387,-0.265174188307238,-0.267481239928394,-0.269778283708173,-0.272059625973273,-0.274319401053245,-0.276551642895293,-0.278750360233108,-0.280909613316793,-0.283023590140311,-0.285086680125216,-0.287093543333056,-0.289039173476037,-0.290918953263189,-0.292728700940015,-0.294464707233378,-0.296123762279317,-0.297703172469441,-0.299200767483558,-0.300614898067682,-0.301944425357047,-0.303188702727077,-0.3043475512793,-0.305421230135881,-0.306410402730348,-0.307316100250487,-0.308139683320356,-0.308882802911182,-0.309547361354244,-0.310135474201071,-0.310649433544688,-0.311091673286119,-0.311464736707798,-0.311771246603219,-0.312013878112419,-0.31219533432688,-0.312318324655442,-0.312385545884607,0,-0.10913543494218,-0.109645064239414,-0.110107283043177,-0.110536103963356,-0.110938968333048,-0.111321076637968,-0.111686331616572,-0.112037764146737,-0.112377808898048,-0.11270848619547,-0.113031516147703,-0.113348388232958,-0.113660404414965,-0.113968707764367,-0.11427430357962,-0.114578076643543,-0.114880806265691,-0.115183179722343,-0.115485804244236,-0.115789217553847,-0.116093896953246,-0.11640026701612,-0.116708705995625,-0.117019551103001,-0.117333102835029,-0.117649628533191,-0.117969365348227,-0.118292522765606,-0.118619284824431,-0.118949812137676,-0.119284243797769,-0.119622699229614,-0.119965280034112,-0.120312071849225,-0.120663146242726,-0.121018562640655,-0.121378370287929,-0.121742610232174,-0.122111317318159,-0.122484522178136,-0.12286225320231,-0.123244538473583,-0.123631407651251,-0.124022893789313,-0.1244190350764,-0.124819876485837,-0.125225471325943,-0.125635882682302,-0.126051184745329,-0.126471464017928,-0.12689682039947,-0.127327368143535,-0.127763236688039,-0.12820457135733,-0.12865153393671,-0.129104303120557,-0.129563074835855,-0.130028062443423,-0.130499496819548,-0.130977626321064,-0.131462716637148,-0.131955050531339,-0.132454927477371,-0.132962663192587,-0.133478589072735,-0.134003051532004,-0.134536411252233,-0.135079042345231,-0.135631331432175,-0.136193676644112,-0.136766486547573,-0.137350178999405,-0.1379451799349,-0.138551922093422,-0.139170843685729,-0.139802387007304,-0.140446997002062,-0.141105119780914,-0.141777201099765,-0.142463684801662,-0.143165011227946,-0.143881615603435,-0.144613926400879,-0.145362363690122,-0.146127337477719,-0.146909246043017,-0.147708474277102,-0.148525392031387,-0.149360352483109,-0.150213690525505,-0.151085721191041,-0.151976738116714,-0.152887012061187,-0.153816789484309,-0.154766291200424,-0.155735711117801,-0.15672521507749,-0.157734939805915,-0.158764991996534,-0.159815447536947,-0.160886350898826,-0.161977714708996,-0.16308951952088,-0.164221713806232,-0.165374214187699,-0.166546905933078,-0.167739643732256,-0.168952252777612,-0.170184530168041,-0.171436246655801,-0.172707148753847,-0.17399696121933,-0.175305389926303,-0.176632125137435,-0.177976845180592,-0.17933922053149,-0.180718918298188,-0.182115607096985,-0.183528962302218,-0.184958671644654,-0.186404441124385,-0.187866001194687,-0.189343113162884,-0.190835575743149,-0.192343231684267,-0.193865974382794,-0.195403754378844,-0.196956585618013,-0.198524551348897,-0.200107809511352,-0.201706597456481,-0.203321235825407,-0.204952131400801,-0.20659977873313,-0.208264760333423,-0.209947745216612,-0.211649485575033,-0.213370811361445,-0.215112622566027,-0.216875878983438,-0.218661587285506,-0.220470785243825,-0.222304522985778,-0.224163841218636,-0.226049746420333,-0.227963183073082,-0.229905003107332,-0.231875932828138,-0.233876537712528,-0.235907185592396,-0.237968008869264,-0.240058866540046,-0.242179306940435,-0.24432853222747,-0.246505365716797,-0.248708223254231,-0.250935089826704,-0.253183502596178,-0.255450541465071,-0.257732828148735,-0.260026534538355,-0.262327400888817,-0.264630764067532,-0.266931595762783,-0.269224550189174,-0.271504020461307,-0.273764202455307,-0.275999164662104,-0.278202922276137,-0.28036951357536,-0.282493076545371,-0.284567923689358,-0.286588613046811,-0.28855001361219,-0.290447363588658,-0.292276320215444,-0.294033000251341,-0.29571401056041,-0.29731646860859,-0.298838013022743,-0.300276804670855,-0.301631518981638,-0.302901330425916,-0.304085890227424,-0.305185298457516,-0.306200071700559,-0.307131107460704,-0.307979646424313,-0.308747233604394,-0.309435679282953,-0.310047020542743,-0.310583484049059,-0.311047450611559,-0.311441421930726,-0.311767989817418,-0.312029808069636,-0.312229567099696,-0.312369971328049,-0.312453719296937,-0.312483486407171,0,-0.109720313299055,-0.110220385640983,-0.110667775744363,-0.111081319706926,-0.111469997711172,-0.11183947628094,-0.112193708675577,-0.112535627471849,-0.112867532999106,-0.113191316287564,-0.11350858360245,-0.113820725458852,-0.114128956553054,-0.11443434153145,-0.114737814244332,-0.115040193964017,-0.115342199883916,-0.115644464229007,-0.115947543952174,-0.116251930935543,-0.11655806067824,-0.116866319539476,-0.117177050678349,-0.117490558876669,-0.117807114449141,-0.118126956442183,-0.118450295305431,-0.118777315194794,-0.119108176037383,-0.119443015460217,-0.11978195065826,-0.120125080254262,-0.120472486183508,-0.120824235620943,-0.121180382955962,-0.121540971811118,-0.121906037094536,-0.122275607071578,-0.122649705438814,-0.123028353382227,-0.123411571601506,-0.123799382282979,-0.124191811004949,-0.124588888560823,-0.124990652687173,-0.125397149685768,-0.125808435930522,-0.126224579252086,-0.126645660194598,-0.12707177314061,-0.127503027301732,-0.127939547573717,-0.128381475255885,-0.128828968635682,-0.129282203439992,-0.129741373155464,-0.130206689220669,-0.130678381093284,-0.131156696195882,-0.131641899744113,-0.132134274461254,-0.132634120183243,-0.13314175335839,-0.133657506446009,-0.134181727218258,-0.134714777969494,-0.135257034637446,-0.135808885840539,-0.136370731835695,-0.136942983400968,-0.137526060647381,-0.13812039176437,-0.138726411703273,-0.139344560803377,-0.139975283365064,-0.140619026174708,-0.141276236986034,-0.141947362962781,-0.142632849087609,-0.143333136542333,-0.144048661064744,-0.144779851287427,-0.14552712706423,-0.146290897790265,-0.147071560721603,-0.14786949930116,-0.148685081497637,-0.14951865816479,-0.150370561428816,-0.151241103112149,-0.152130573202608,-0.153039238377461,-0.153967340592775,-0.154915095749158,-0.155882692445914,-0.156870290836514,-0.157878021599252,-0.158905985037932,-0.159954250328419,-0.16102285492783,-0.162111804164105,-0.163221071024503,-0.164350596162314,-0.165500288141666,-0.166670023940664,-0.167859649733246,-0.169068981969973,-0.170297808777459,-0.171545891695234,-0.172812967767445,-0.17409875200494,-0.17540294023082,-0.176725212319468,-0.178065235835384,-0.179422670073688,-0.180797170499025,-0.182188393573683,-0.18359600195898,-0.185019670066504,-0.186459089927405,-0.187913977338798,-0.189384078236375,-0.190869175231568,-0.192369094240115,-0.193883711116672,-0.195412958197294,-0.196956830638232,-0.198515392425716,-0.200088781917362,-0.201677216761747,-0.203280998028876,-0.204900513370965,-0.206536239020685,-0.208188740423285,-0.209858671290383,-0.211546770857635,-0.213253859126643,-0.214980829874609,-0.216728641224362,-0.218498303583905,-0.220290864789803,-0.222107392323978,-0.22394895252009,-0.225816586734802,-0.227711284531673,-0.229633954011679,-0.231585389524037,-0.233566237103292,-0.235576958101248,-0.237617791612329,-0.23968871642379,-0.241789413352154,-0.243919228947407,-0.246077141648762,-0.248261731551542,-0.250471154984899,-0.252703125096308,-0.254954899583537,-0.257223276603042,-0.25950459971276,-0.261794772478497,-0.264089283091532,-0.26638323902035,-0.268671411365279,-0.27094828821835,-0.273208135971788,-0.275445067187866,-0.277653113360893,-0.279826300686714,-0.281958726820689,-0.28404463656054,-0.286078494438758,-0.288055052347146,-0.289969410534184,-0.291817070599699,-0.293593979442778,-0.295296563477408,-0.296921752795194,-0.298466995306161,-0.299930261209956,-0.301310038427298,-0.302605319846038,-0.30381558340264,-0.304940766127495,-0.305981233333778,-0.306937744130123,-0.30781141439461,-0.308603678270122,-0.30931624913794,-0.309951080906297,-0.310510330321451,-0.310996320877636,-0.311411508774623,-0.311758451251926,-0.312039777519982,-0.312258162412864,-0.312416302805145,-0.312516896767585,-0.312562625381859,-0.312556137092539,0,-0.110343211399735,-0.110821648984982,-0.111248224222218,-0.111642704688622,-0.112014561808859,-0.112369471905023,-0.112711196718081,-0.113042435222334,-0.113365274820273,-0.113681428203634,-0.113992353861736,-0.114299317340527,-0.114603424668663,-0.114905643844419,-0.115206821619277,-0.115507698376025,-0.115808921856178,-0.116111059707404,-0.116414610638653,-0.116720014032679,-0.117027657994988,-0.117337885936656,-0.117651001869365,-0.117967274632184,-0.118286941278663,-0.118610209839606,-0.118937261650537,-0.11926825340043,-0.11960331902466,-0.119942571533512,-0.120286104839632,-0.120633995624345,-0.120986305263822,-0.121343081821441,-0.121704362101842,-0.12207017375456,-0.122440537410138,-0.122815468828807,-0.123194981040579,-0.123579086455672,-0.123967798925069,-0.124361135732592,-0.124759119501763,-0.125161780002919,-0.125569155848252,-0.12598129606467,-0.126398261536526,-0.126820126312227,-0.127246978770587,-0.127678922644388,-0.128116077900062,-0.128558581473661,-0.129006587864294,-0.129460269587115,-0.129919817488631,-0.130385440927702,-0.130857367825981,-0.131335844591957,-0.131821135922912,-0.132313524489354,-0.132813310506521,-0.133320811197663,-0.133836360153818,-0.13436030659478,-0.134893014536009,-0.13543486186614,-0.135986239339811,-0.136547549490451,-0.137119205467727,-0.137701629804299,-0.138295253116605,-0.138900512744373,-0.139517851333658,-0.140147715368204,-0.140790553654041,-0.141446815762288,-0.142116950435232,-0.142801403960884,-0.143500618521305,-0.144215030520186,-0.144945068895306,-0.145691153421685,-0.146453693011505,-0.147233084017075,-0.148029708543467,-0.148843932777745,-0.149676105342114,-0.150526555678753,-0.151395592474587,-0.152283502134816,-0.153190547314632,-0.154116965519241,-0.155062967783053,-0.15602873743971,-0.157014428995459,-0.158020167119295,-0.159046045764218,-0.160092127434858,-0.161158442617687,-0.16224498939088,-0.163351733231747,-0.164478607040329,-0.165625511398376,-0.166792315083273,-0.167978855856681,-0.169184941547523,-0.170410351448501,-0.171654838044529,-0.172918129090174,-0.174199930051472,-0.175499926925196,-0.176817789445774,-0.178153174686548,-0.179505731057881,-0.18087510269973,-0.182260934260658,-0.183662876048847,-0.185080589533494,-0.186513753166969,-0.187962068489334,-0.189425266467246,-0.190903114008901,-0.192395420585573,-0.193902044878513,-0.19542290135749,-0.196957966684265,-0.198507285820799,-0.200070977708223,-0.201649240368673,-0.203242355268344,-0.204850690766695,-0.20647470446428,-0.208114944250379,-0.209772047842332,-0.211446740601766,-0.213139831409701,-0.214852206383758,-0.2165848202276,-0.218338685016355,-0.220114856243716,-0.221914415987743,-0.223738453094729,-0.225588040334839,-0.227464208550682,-0.229367917901096,-0.231300026397131,-0.233261256034963,-0.235252156949477,-0.237273070139786,-0.2393240894502,-0.241405023621629,-0.243515359352781,-0.245654226420014,-0.247820365990846,-0.250012103319986,-0.25222732602962,-0.254463469139633,-0.256717507922481,-0.258985959507903,-0.261264893954403,-0.263549955241146,-0.265836392323582,-0.26811910005102,-0.270392669380431,-0.272651445957104,-0.274889595789812,-0.277101176446673,-0.279280211956937,-0.281420769439176,-0.283517035398868,-0.2855633896533,-0.287554474948098,-0.289485260520115,-0.291351098123349,-0.293147769350828,-0.294871523436289,-0.296519105084127,-0.298087772234312,-0.299575304002661,-0.300979999331228,-0.302300667127758,-0.303536608860732,-0.304687594705094,-0.305753834404836,-0.306735944036706,-0.307634909831326,-0.308452050142118,-0.309188976557659,-0.309847555038215,-0.310429867830647,-0.310938176784824,-0.3113748885654,-0.311742522129894,-0.312043678731262,-0.312281014602608,-0.312457216394838,-0.312574979365118,-0.312636988254832,-0.312645900749387,-0.312604333377642,0,-0.110995800549956,-0.111442010254989,-0.111842644600984,-0.11221506057229,-0.112568162612626,-0.112907169083913,-0.11323541505348,-0.113555244956283,-0.113868468798878,-0.114176583170703,-0.114480873240018,-0.114782459786266,-0.115082323532159,-0.115381321450693,-0.115680200801361,-0.115979612543098,-0.116280124147656,-0.116582231389876,-0.116886368732178,-0.117192918111476,-0.117502216128841,-0.117814559782768,-0.118130210967813,-0.118449399991629,-0.118772328359481,-0.11909917105001,-0.119430078469834,-0.119765178235163,-0.120104576890605,-0.120448361641452,-0.1207966021472,-0.121149352401066,-0.121506652702597,-0.121868531717475,-0.122235008609591,-0.122606095224713,-0.12298179830184,-0.123362121687113,-0.123747068525372,-0.124136643405682,-0.124530854439135,-0.124929715249604,-0.125333246860722,-0.125741479465086,-0.126154454064254,-0.126572223970678,-0.126994856164975,-0.127422432504107,-0.127855050777857,-0.128292825612653,-0.12873588922318,-0.129184392013389,-0.129638503029457,-0.130098410268066,-0.130564320843918,-0.131036461020914,-0.131515076111709,-0.132000430250626,-0.132492806045026,-0.132992504110332,-0.133499842493913,-0.134015155993058,-0.134538795372214,-0.135071126484632,-0.13561252930353,-0.136163396867818,-0.136724134147423,-0.137295156833183,-0.137876890056334,-0.138469767042539,-0.139074227705496,-0.139690717185149,-0.140319684335593,-0.140961580167828,-0.141616856252591,-0.14228596308857,-0.14296934844145,-0.143667455659311,-0.144380721970075,-0.145109576766827,-0.145854439887042,-0.146615719891919,-0.14739381235227,-0.1481890981477,-0.149001941786058,-0.149832689750555,-0.150681668882286,-0.151549184806372,-0.152435520410428,-0.153340934384626,-0.154265659833269,-0.155209902968438,-0.156173841897054,-0.157157625513459,-0.158161372510492,-0.159185170522862,-0.160229075417541,-0.161293110746749,-0.162377267379966,-0.163481503332204,-0.16460574380644,-0.165749881468733,-0.166913776974893,-0.168097259767838,-0.169300129164612,-0.170522155751762,-0.17176308310695,-0.17302262986358,-0.174300492133579,-0.175596346301354,-0.176909852199251,-0.178240656671547,-0.179588397530039,-0.180952707899685,-0.182333220947358,-0.183729574980716,-0.185141418897266,-0.186568417956128,-0.188010259836513,-0.189466660937778,-0.190937372865917,-0.192422189040661,-0.193920951345915,-0.19543355673422,-0.19695996368322,-0.198500198389004,-0.200054360567651,-0.201622628722597,-0.203205264721755,-0.204802617514933,-0.206415125809353,-0.208043319509451,-0.209687819717201,-0.211349337081514,-0.213028668280847,-0.21472669042264,-0.216444353148007,-0.218182668241122,-0.219942696561498,-0.221725532145103,-0.223532283358382,-0.225364051039018,-0.227221903619827,-0.229106849308105,-0.23101980548251,-0.232961565572511,-0.234932763800455,-0.236933838290979,-0.238964993183341,-0.24102616051451,-0.243116962768404,-0.245236677102309,-0.247384202356915,-0.249558030022797,-0.251756220364665,-0.253976384887042,-0.256215676254347,-0.258470786650218,-0.260737955373617,-0.26301298622526,-0.265291274943493,-0.267567846614709,-0.269837402624443,-0.272094376349467,-0.274332996438621,-0.276547356211652,-0.278731487440775,-0.280879436586075,-0.282985341446185,-0.285043506167125,-0.28704847262612,-0.288995086368471,-0.290878555513348,-0.292694501342996,-0.294438999630405,-0.296108612122302,-0.297700407956814,-0.299211975139317,-0.300641422509741,-0.301987372897709,-0.303248948370176,-0.30442574862601,-0.305517823683341,-0.306525642042067,-0.307450055491683,-0.308292261681439,-0.309053765484601,-0.309736340080088,-0.310341988551668,-0.31087290667486,-0.311331447431229,-0.311720087664266,-0.312041397174407,-0.312298010445685,-0.31249260110474,-0.312627859135004,-0.312706470804842,-0.312731101217647,-0.312704379353194,-0.312628885441841,0,-0.111667625369642,-0.112074058283496,-0.112444965595852,-0.112793285304516,-0.113126470444914,-0.113448864411063,-0.11376317544142,-0.114071299844519,-0.114374725434859,-0.114674708319596,-0.11497234384698,-0.115268594586339,-0.115564304094122,-0.115860207804726,-0.116156944392255,-0.116455067758542,-0.116755058859575,-0.11705733657236,-0.117362267094783,-0.117670171686533,-0.117981332800686,-0.11829599880489,-0.118614387561898,-0.118936689153827,-0.119263068014104,-0.119593664692082,-0.119928597429311,-0.120267963680749,-0.120611841672887,-0.120960292055859,-0.12131335967851,-0.121671075493963,-0.122033458587569,-0.122400518308426,-0.122772256478953,-0.123148669653425,-0.123529751395134,-0.123915494542388,-0.124305893435244,-0.124700946077389,-0.125100656210567,-0.125505035282127,-0.125914104289513,-0.126327895488685,-0.126746453956395,-0.127169838998999,-0.127598125402908,-0.128031404523987,-0.128469785215014,-0.128913394591961,-0.129362378641121,-0.129816902670193,-0.130277151607287,-0.13074333015244,-0.131215662786726,-0.131694393644366,-0.132179786253476,-0.132672123151193,-0.13317170537898,-0.133678851863904,-0.134193898691628,-0.134717198276802,-0.135249118436448,-0.135790041371874,-0.136340362564534,-0.136900489591248,-0.137470840864081,-0.138051844300201,-0.138643935926988,-0.139247558427687,-0.139863159632904,-0.140491190963315,-0.141132105828969,-0.141786357990685,-0.14245439988908,-0.143136680946912,-0.143833645850495,-0.144545732816088,-0.14527337184731,-0.146016982989781,-0.146776974589365,-0.14755374156063,-0.148347663672337,-0.149159103857058,-0.14998840655234,-0.150835896081156,-0.151701875079812,-0.152586622981903,-0.153490394567452,-0.154413418586886,-0.155355896470179,-0.15631800113212,-0.157299875885432,-0.158301633474231,-0.15932335524111,-0.160365090441993,-0.161426855723699,-0.162508634779991,-0.163610378202631,-0.164732003544647,-0.165873395613599,-0.167034407013006,-0.168214858950376,-0.169414542330193,-0.170633219149948,-0.17187062421663,-0.173126467200053,-0.174400435037912,-0.175692194705494,-0.177001396360436,-0.178327676869858,-0.179670663723448,-0.181029979331707,-0.182405245703464,-0.183796089490996,-0.185202147384514,-0.186623071830477,-0.188058537040161,-0.189508245246016,-0.190971933153831,-0.192449378528335,-0.193940406838877,-0.195444897880104,-0.19696279227026,-0.198494097716906,-0.200038894926623,-0.201597343021765,-0.203169684313759,-0.204756248269083,-0.206357454491159,-0.20797381452949,-0.209605932316805,-0.211254503026542,-0.212920310137334,-0.214604220489186,-0.216307177118815,-0.218030189670219,-0.21977432219237,-0.221540678160169,-0.223330382588966,-0.225144561158283,-0.226984316318085,-0.228850700421834,-0.230744686015218,-0.232667133507543,-0.234618756563483,-0.236600085674249,-0.238611430496116,-0.240652841676501,-0.242724073017605,-0.24482454494832,-0.246953310378641,-0.249109024088617,-0.251289916846868,-0.253493775453551,-0.255717929851658,-0.257959248343492,-0.260214141783175,-0.262478577392056,-0.264748102566777,-0.267017878728646,-0.269282724911281,-0.271537170418132,-0.273775515521949,-0.275991898845343,-0.278180369775685,-0.280334964046806,-0.282449780479038,-0.284519056817311,-0.286537242647882,-0.288499067504981,-0.290399602490289,-0.292234314006787,-0.293999108536024,-0.295690367744236,-0.297304973567016,-0.298840323274821,-0.300294334845186,-0.301665443248432,-0.302952588482185,-0.30415519636104,-0.305273153179825,-0.306306775424685,-0.307256775710777,-0.308124226086064,-0.308910519766139,-0.309617332263964,-0.3102465827598,-0.310800396428353,-0.311281068309351,-0.311691029180055,-0.312032813768114,-0.312309031533776,-0.312522340153868,-0.312675421757056,-0.312770961891011,-0.312811631146608,-0.312800069321455,-0.312738871973448,-0.312630579193565,0,-0.112347572344277,-0.112710195907667,-0.113049248193488,-0.113372528342025,-0.113685439854594,-0.113991134613084,-0.114291552560833,-0.114588085788033,-0.114881878421822,-0.115173935983715,-0.115465156497402,-0.115756336976199,-0.116048176516442,-0.116341282243028,-0.116636178397014,-0.116933317069876,-0.117233089013152,-0.117535833428772,-0.117841846180605,-0.118151386286328,-0.118464680817796,-0.118781928479315,-0.119103302182783,-0.119428950930405,-0.119759001275917,-0.120093558582012,-0.12043270823646,-0.120776516938702,-0.121125034125538,-0.121478293569949,-0.121836315160756,-0.122199106851873,-0.122566666757112,-0.122938985358667,-0.123316047793414,-0.12369783618008,-0.12408433195121,-0.124475518156258,-0.124871381705331,-0.125271915526842,-0.125677120616304,-0.126087007957401,-0.126501600300281,-0.126920933785546,-0.12734505940564,-0.127774044298196,-0.128207972868411,-0.128646947739687,-0.129091090533552,-0.129540542481368,-0.129995464871541,-0.130456039336829,-0.130922467987106,-0.131394973393363,-0.131873798429142,-0.13235920597572,-0.132851478497529,-0.133350917494237,-0.13385784283593,-0.134372591987687,-0.134895519129782,-0.135426994179571,-0.135967401721048,-0.136517139847896,-0.137076618925802,-0.137646260279685,-0.138226494811471,-0.138817761553967,-0.139420506166435,-0.140035179377402,-0.14066223538035,-0.141302130187916,-0.141955319950336,-0.142622259243923,-0.143303399335489,-0.143999186428688,-0.144710059898415,-0.145436450519511,-0.146178778696149,-0.146937452698488,-0.147712866913313,-0.148505400115619,-0.149315413768324,-0.150143250357551,-0.150989231771256,-0.151853657729291,-0.152736804273415,-0.153638922326215,-0.154560236328382,-0.155500942964376,-0.156461209987099,-0.157441175152894,-0.158440945278864,-0.159460595435287,-0.160500168286655,-0.161559673595655,-0.162639087905168,-0.163738354414107,-0.164857383063547,-0.165996050850198,-0.167154202384651,-0.168331650712111,-0.169528178413315,-0.170743539003105,-0.171977458643548,-0.173229638187552,-0.174499755567594,-0.175787468542322,-0.177092417811477,-0.17841423050669,-0.17975252406218,-0.181106910465285,-0.182477000881904,-0.183862410646455,-0.185262764599696,-0.186677702750806,-0.188106886232388,-0.189550003508606,-0.191006776787444,-0.192476968578141,-0.193960388324199,-0.195456899031037,-0.19696642379544,-0.198488952131427,-0.200024545974257,-0.201573345231012,-0.203135572732771,-0.204711538430107,-0.20630164266062,-0.207906378305076,-0.209526331637679,-0.211162181666837,-0.212814697756073,-0.214484735311373,-0.216173229322206,-0.217881185549825,-0.219609669169466,-0.221359790694085,-0.223132689037596,-0.224929511616658,-0.22675139144304,-0.228599421224539,-0.230474624571926,-0.232377924502555,-0.234310109537445,-0.236271797806245,-0.238263399700963,-0.240285079750758,-0.242336718521358,-0.244417875467391,-0.246527753776436,-0.248665168331623,-0.250828517976068,-0.253015763278717,-0.255224410969224,-0.257451506123139,-0.259693633034062,-0.261946925506109,-0.264207087041318,-0.266469421090188,-0.268728871191297,-0.270980070463503,-0.273217399550464,-0.275435051772463,-0.277627103935588,-0.279787591002295,-0.281910582656436,-0.283990259711175,-0.286020988315711,-0.287997390015711,-0.289914405906106,-0.291767353371113,-0.293551974218346,-0.295264473362047,-0.296901547574062,-0.298460404179911,-0.299938769912999,-0.30133489043742,-0.302647521297998,-0.303875911248194,-0.305019779039757,-0.306079284833568,-0.307054997413467,-0.307947858360498,-0.308759144282249,-0.309490428099498,-0.310143540279275,-0.310720530777953,-0.311223632327442,-0.311655225568287,-0.312017806410284,-0.312313955887773,-0.312546312675459,-0.3127175483428,-0.312830345351078,-0.312887377737074,-0.312891294380017,-0.312844704712982,-0.312750166714941,-0.312610177003723,0,-0.113024926442306,-0.113343071320693,-0.113649916604188,-0.113948340800755,-0.114241414382131,-0.114530913387849,-0.114817943010145,-0.115103378412378,-0.115388022979094,-0.115672635338391,-0.115957916909009,-0.116244497279787,-0.116532927959695,-0.116823684505026,-0.117117173990199,-0.117413744735587,-0.117713696080373,-0.118017286940838,-0.118324742636194,-0.118636259947943,-0.118952010646355,-0.119272143831729,-0.119596787455454,-0.119926049349463,-0.120260018031871,-0.120598763489504,-0.120942338075092,-0.121290777602889,-0.121644102683323,-0.122002320304554,-0.122365425645565,-0.122733404089908,-0.123106233400034,-0.123483886007686,-0.123866331374905,-0.124253538381699,-0.12464547769964,-0.125042124114806,-0.125443458768197,-0.125849471286655,-0.126260161782121,-0.126675542701667,-0.127095640514939,-0.127520497229512,-0.127950171727997,-0.128384740923685,-0.128824300733993,-0.129268966873032,-0.12971887546633,-0.130174183492028,-0.13063506905393,-0.131101731492521,-0.131574391340604,-0.132053290130521,-0.132538690060124,-0.133030873524711,-0.133530142522104,-0.134036817937952,-0.134551238718197,-0.135073760935472,-0.135604756756027,-0.136144613313603,-0.13669373149653,-0.137252524654159,-0.137821417228662,-0.138400843318108,-0.138991245176712,-0.139593071658072,-0.14020677660726,-0.140832817207595,-0.141471652288029,-0.142123740597083,-0.142789539049372,-0.143469500950852,-0.144164074208991,-0.144873699534224,-0.14559880863912,-0.146339822441867,-0.147097149280787,-0.147871183146798,-0.148662301940858,-0.149470865763696,-0.15029721524531,-0.151141669921993,-0.152004526668965,-0.152886058197005,-0.153786511621879,-0.154706107115811,-0.155645036650723,-0.15660346284353,-0.157581517914368,-0.158579302769293,-0.159596886219657,-0.1606343043511,-0.161691560055809,-0.162768622742435,-0.163865428238732,-0.164981878902641,-0.166117843958071,-0.167273160072077,-0.168447632190375,-0.169641034648223,-0.170853112573474,-0.172083583598145,-0.173332139893992,-0.17459845054637,-0.175882164278961,-0.177182912539818,-0.178500312956433,-0.179833973164306,-0.181183495009561,-0.182548479121632,-0.183928529846799,-0.185323260527478,-0.186732299105454,-0.188155294019952,-0.18959192036327,-0.191041886247889,-0.192504939329405,-0.193980873419349,-0.195469535111009,-0.196970830329806,-0.198484730707604,-0.200011279667708,-0.201550598094279,-0.203102889446694,-0.204668444166101,-0.206247643208436,-0.207840960525786,-0.209448964306549,-0.211072316775055,-0.212711772343658,-0.214368173905682,-0.216042447056921,-0.217735592037616,-0.219448673197304,-0.221182805802846,-0.222939140036658,-0.22471884206914,-0.226523072137736,-0.228352959626085,-0.230209575211177,-0.2320939002345,-0.234006793554653,-0.23594895625242,-0.237920894682825,-0.239922882498653,-0.241954922401814,-0.244016708506638,-0.246107590315701,-0.248226539405806,-0.25037211999052,-0.252542464557417,-0.25473525576437,-0.256947715713119,-0.259176603595016,-0.261418222521573,-0.263668436113127,-0.265922695128696,-0.26817607408924,-0.270423317489526,-0.272658894828329,-0.274877063332874,-0.277071936931883,-0.279237559762469,-0.281367982296536,-0.283457338055716,-0.285499918857855,-0.287490246604501,-0.289423139773128,-0.291293773009509,-0.293097728509575,-0.294831038217424,-0.296490216226396,-0.298072281132732,-0.299574768437069,-0.300995733401615,-0.302333745037721,-0.303587872111256,-0.304757662207619,-0.305843114994265,-0.306844650859507,-0.307763076098054,-0.308599545763848,-0.309355525228104,-0.310032751373927,-0.310633194237003,-0.311159019772486,-0.311612554297943,-0.311996251036411,-0.312312659066462,-0.312564394880288,-0.312754116658101,-0.312884501288263,-0.312958224097492,-0.312977941203719,-0.312946274364573,-0.312865798165896,-0.312739029375597,-0.312568418277211,0,-0.113689822713028,-0.113965988152758,-0.114241977947641,-0.114516809937549,-0.114791214604649,-0.115065552967686,-0.115340111204997,-0.115615279005091,-0.115891544806047,-0.116169435989764,-0.116449464907686,-0.116732096428268,-0.117017734981526,-0.117306724503867,-0.117599355094956,-0.117895871993453,-0.118196484267456,-0.11850137196917,-0.118810691382578,-0.119124578490607,-0.119443151021182,-0.119766509499207,-0.120094737707015,-0.12042790288777,-0.1207660559443,-0.121109231806618,-0.121457450072814,-0.12181071597317,-0.12216902166608,-0.122532347845281,-0.122900665618881,-0.12327393860969,-0.123652125221298,-0.124035181013707,-0.124423061134657,-0.124815722757023,-0.125213127478112,-0.125615243642596,-0.126022048556939,-0.12643353056908,-0.126849690992702,-0.127270545860497,-0.127696127495426,-0.128126485892903,-0.128561689910322,-0.129001828263162,-0.129447010329348,-0.129897366765404,-0.130353049939465,-0.130814234187344,-0.131281115898647,-0.131753913440508,-0.132232866926831,-0.132718237841073,-0.133210308520642,-0.133709381510869,-0.13421577879637,-0.134729840917406,-0.135251925978609,-0.135782408557221,-0.136321678517752,-0.136870139739749,-0.137428208765209,-0.13799631337199,-0.138574891079467,-0.139164387592605,-0.139765255190544,-0.140377951065819,-0.141002935620283,-0.141640670723896,-0.142291617942558,-0.142956236741251,-0.14363498266883,-0.14432830553091,-0.145036647557395,-0.145760441571297,-0.146500109165632,-0.147256058895288,-0.148028684490908,-0.148818363101994,-0.14962545357657,-0.150450294784976,-0.151293203995559,-0.152154475310268,-0.153034378168486,-0.15393315592771,-0.154851024530117,-0.155788171264457,-0.156744753633186,-0.157720898335331,-0.158716700376077,-0.159732222314791,-0.160767493663746,-0.161822510450576,-0.162897234958097,-0.16399159565583,-0.165105487338156,-0.166238771484568,-0.167391276857935,-0.16856280035695,-0.169753108139047,-0.170961937029951,-0.17218899623557,-0.173433969371275,-0.174696516822429,-0.175976278448568,-0.177272876641585,-0.178585919745821,-0.179915005844837,-0.181259726916057,-0.182619673350137,-0.183994438827008,-0.185383625534907,-0.186786849712395,-0.188203747486324,-0.18963398097096,-0.191077244585,-0.192533271533994,-0.19400184039583,-0.195482781736331,-0.196975984670802,-0.19848140327555,-0.199999062741099,-0.201529065146026,-0.20307159471737,-0.204626922430397,-0.206195409787532,-0.207777511603714,-0.209373777613708,-0.210984852706557,-0.212611475583858,-0.214254475632847,-0.21591476780298,-0.217593345277089,-0.219291269736193,-0.221009659032054,-0.222749672104918,-0.224512491016847,-0.226299300015133,-0.228111261596524,-0.229949489612374,-0.231815019537892,-0.233708776125191,-0.235631538769118,-0.237583905034897,-0.239566252924612,-0.241578702591224,-0.243621078338683,-0.24569287186806,-0.247793207834535,-0.249920812860083,-0.252073989192686,-0.25425059420647,-0.25644802689056,-0.258663222372186,-0.260892655358578,-0.26313235316306,-0.265377918708006,-0.267624563579711,-0.269867150860935,-0.272100247102304,-0.274318182433467,-0.276515117479469,-0.278685115457661,-0.280822217604117,-0.282920519930825,-0.284974249255694,-0.28697783648071,-0.288925985217022,-0.290813734060969,-0.292636511098446,-0.294390179538853,-0.29607107373418,-0.297676025202677,-0.299202378630331,-0.300647998149486,-0.302011264478397,-0.303291063738394,-0.304486768940932,-0.305598215253716,-0.306625670215337,-0.307569800076479,-0.308431633410006,-0.309212523060437,-0.30991410740446,-0.310538271776914,-0.311087110789307,-0.311562892137344,-0.31196802236614,-0.312305014941125,-0.312576460862526,-0.312785001963784,-0.312933306950365,-0.313024050165471,-0.313059893012684,-0.313043467921732,-0.31297736471117,-0.312864119179417,-0.312706203741892,-0.312506019925417,0,-0.114334239457806,-0.114573244492345,-0.114821209829426,-0.11507466806982,-0.115332204663598,-0.115592868178024,-0.11585622117663,-0.116122238954779,-0.116391139455717,-0.116663243413318,-0.11693888659193,-0.11721837534056,-0.117501970561294,-0.117789887388093,-0.118082301837681,-0.118379359220011,-0.118681181642393,-0.118987873564077,-0.119299525280656,-0.119616214669601,-0.119938007692055,-0.120264958149949,-0.120597107124225,-0.120934482419045,-0.121277098235464,-0.121624955209441,-0.121978040877986,-0.122336330584196,-0.122699788794855,-0.123068370780441,-0.123442024593947,-0.123820693279088,-0.124204317238193,-0.124592836693441,-0.12498619418078,-0.125384337022868,-0.125787219734918,-0.126194806324895,-0.126607072456857,-0.12702400745297,-0.127445616115901,-0.127871920358714,-0.128302960634149,-0.12873879715914,-0.129179510933839,-0.129625204557104,-0.130076002842644,-0.130532053241656,-0.130993526079084,-0.131460614611497,-0.131933534915183,-0.13241252561334,-0.132897847451426,-0.133389782729636,-0.133888634601352,-0.13439472624619,-0.134908399925955,-0.135430015931547,-0.135959951428519,-0.136498599208726,-0.137046366355208,-0.137603672827228,-0.138170949972183,-0.138748638970958,-0.13933718922317,-0.139937056678677,-0.140548702121698,-0.141172589413878,-0.141809183702661,-0.142458949601382,-0.14312234934756,-0.143799840945949,-0.144491876302998,-0.145198899359482,-0.145921344228147,-0.146659633343344,-0.147414175629722,-0.148185364697171,-0.148973577069348,-0.149779170453221,-0.150602482057257,-0.151443826966015,-0.152303496579149,-0.153181757123007,-0.154078848243329,-0.154994981687827,-0.155930340087816,-0.156885075848453,-0.15785931015762,-0.158853132123989,-0.159866598055369,-0.160899730889009,-0.161952519786175,-0.163024919903924,-0.164116852357625,-0.165228204388353,-0.166358829749832,-0.167508549329987,-0.168677152022526,-0.169864395864044,-0.171070009452123,-0.172293693659521,-0.173535123658944,-0.174793951271876,-0.176069807653601,-0.177362306324671,-0.178671046556817,-0.179995617118402,-0.181335600381135,-0.182690576785712,-0.184060129659411,-0.185443850373346,-0.186841343821061,-0.188252234193465,-0.189676171017689,-0.191112835419324,-0.192561946558663,-0.194023268182065,-0.195496615219317,-0.196981860347031,-0.198478940426644,-0.199987862713572,-0.201508710721605,-0.203041649613817,-0.204586930978277,-0.206144896833912,-0.207715982699191,-0.209300719544377,-0.210899734437201,-0.212513749682675,-0.214143580250959,-0.215790129283588,-0.217454381468942,-0.219137394083614,-0.220840285508652,-0.222564221049711,-0.224310395919433,-0.226080015280166,-0.227874271296743,-0.22969431721347,-0.231541238547424,-0.233416021581742,-0.235319519447279,-0.237252416197291,-0.239215189405243,-0.2412080719466,-0.243231013756593,-0.245283644481147,-0.247365238049885,-0.249474680290092,-0.25161044075978,-0.253770549997796,-0.255952583361192,-0.258153652538434,-0.260370405687389,-0.262599036948662,-0.264835305830676,-0.267074566660343,-0.269311807953557,-0.27154170119872,-0.273758658182377,-0.275956895639304,-0.278130505700716,-0.28027353036299,-0.282380038021851,-0.284444200025005,-0.28646036519609,-0.288423130374313,-0.290327405191173,-0.292168469556228,-0.293942022631643,-0.295644222420904,-0.297271715459774,-0.298821656457065,-0.300291718070664,-0.301680091305003,-0.302985477268499,-0.30420707122613,-0.305344540020333,-0.306397994013631,-0.307367954733008,-0.308255319375408,-0.309061323274006,-0.309787501334807,-0.310435649341681,-0.3110077859034,-0.311506115686205,-0.31193299444603,-0.312290896250933,-0.312582383170113,-0.312810077603675,-0.312976637338472,-0.313084733340394,-0.313137030232221,-0.313136169357929,-0.313084754297914,-0.312985338673858,-0.312840416065199,-0.312652411850272,-0.312423676782428,0,-0.114952247667522,-0.115160366730942,-0.11538429956386,-0.115619367982628,-0.11586233385674,-0.116111161777762,-0.116364853994814,-0.116623072756837,-0.116885822288639,-0.117153246415326,-0.117425519623344,-0.11770279832821,-0.117985205914423,-0.118272834061138,-0.118565750048511,-0.118864004652329,-0.119167638275607,-0.119476684679976,-0.119791172536249,-0.120111125357839,-0.120436560444229,-0.120767487388661,-0.121103906579012,-0.121445807988761,-0.121793170437849,-0.122145961409286,-0.122504137437515,-0.122867645036238,-0.123236422102814,-0.123610399719393,-0.123989504264051,-0.12437365974529,-0.12476279027795,-0.125156822626139,-0.125555688747756,-0.125959328284762,-0.126367690952836,-0.126780738793103,-0.127198448256865,-0.127620812101739,-0.128047841084118,-0.128479565438477,-0.128916036138791,-0.129357325941262,-0.12980353021068,-0.130254767535311,-0.130711180137044,-0.131172934084991,-0.131640219321643,-0.13211324951136,-0.132592261721204,-0.133077515944276,-0.13356929447558,-0.134067901150213,-0.134573660453372,-0.135086916511305,-0.13560803197193,-0.136137386783451,-0.136675376878955,-0.137222412774604,-0.137778918088751,-0.138345327989074,-0.138922087574589,-0.139509650199294,-0.140108475744066,-0.140719028843388,-0.14134177707348,-0.141977189108381,-0.142625732850641,-0.143287873543273,-0.143964071869761,-0.144654782048953,-0.145360449931815,-0.146081511107084,-0.146818389022967,-0.147571493132145,-0.148341217067418,-0.149127936855437,-0.149932009176084,-0.150753769675147,-0.151593531338107,-0.152451582932958,-0.153328187530191,-0.154223581108278,-0.155137971253205,-0.156071535960956,-0.15702442255212,-0.157996746708249,-0.158988591639968,-0.16000000739739,-0.161031010333857,-0.162081582734624,-0.16315167262266,-0.164241193754333,-0.165350025818274,-0.166478014851251,-0.167624973885301,-0.168790683840679,-0.169974894679372,-0.171177326833872,-0.172397672925683,-0.173635599787459,-0.17489075080184,-0.176162748568775,-0.177451197911503,-0.178755689229194,-0.180075802201643,-0.181411109848215,-0.182761182939474,-0.184125594755534,-0.185503926180155,-0.186895771113908,-0.188300742183347,-0.189718476716075,-0.191148642943802,-0.19259094638703,-0.194045136365847,-0.19551101257143,-0.196988431622396,-0.198477313519001,-0.199977647896474,-0.201489499966631,-0.203013016024308,-0.204548428382348,-0.206096059585981,-0.20765632574477,-0.209229738808101,-0.210816907598966,-0.212418537410991,-0.214035427965965,-0.215668469524268,-0.217318636939531,-0.218986981452601,-0.220674620029634,-0.222382722066165,-0.22411249330473,-0.225865156849323,-0.227641931207095,-0.229444005347246,-0.231272510839957,-0.233128491224752,-0.235012868857626,-0.236926409598468,-0.238869685822676,-0.240843038370111,-0.242846538176098,-0.244879948457228,-0.246942688442193,-0.249033799736663,-0.251151916482561,-0.25329524050713,-0.255461522647466,-0.257648051374658,-0.259851649723274,-0.262068681354692,-0.264295066348187,-0.26652630702754,-0.268757523803166,-0.270983500654538,-0.273198739512441,-0.275397522445181,-0.277573980228214,-0.279722165602549,-0.281836129321596,-0.283909996962314,-0.285938044442841,-0.287914770247655,-0.289834962508516,-0.291693759315054,-0.29348670091813,-0.295209772823304,-0.296859439130651,-0.298432665840047,-0.299926934188564,-0.301340244402312,-0.302671110515877,-0.303918547129808,-0.305082049135843,-0.306161565540383,-0.307157468562059,-0.308070519174818,-0.308901830221406,-0.309652828141999,-0.310325214258082,-0.310920926430981,-0.311442101785687,-0.311891041060355,-0.312270175015805,-0.312582033221432,-0.312829215427243,-0.313014365637983,-0.31314014892538,-0.313209230948388,-0.313224260098536,-0.313187852146922,-0.313102577239937,-0.31297094907101,-0.312795416044022,-0.312578354239277,-0.312322061993504,0,-0.115540293916497,-0.115724231212093,-0.115928925041038,-0.116149119748902,-0.11638015168757,-0.116619231032882,-0.116865011281753,-0.117116960133103,-0.117374929497396,-0.117638917031777,-0.117908951999024,-0.118185050842542,-0.118467207391133,-0.118755397437661,-0.119049587073265,-0.11934973992395,-0.119655821630348,-0.11996780151353,-0.120285652047733,-0.12060934694088,-0.120938858562509,-0.121274155301805,-0.12161519926266,-0.121961944544334,-0.122314336229052,-0.122672310103751,-0.123035793078682,-0.123404704225187,-0.123778956333012,-0.12415845787888,-0.124543115298546,-0.124932835460939,-0.125327528252863,-0.125727109194278,-0.126131502016359,-0.126540641146394,-0.126954474054761,-0.127372963429382,-0.127796089152085,-0.128223850059121,-0.128656265474789,-0.129093376512697,-0.129535247143773,-0.129981965033807,-0.130433642156183,-0.130890415187602,-0.131352445696171,-0.131819920132282,-0.13229304963333,-0.132772069653615,-0.133257239430805,-0.133748841300142,-0.134247179867277,-0.134752581050193,-0.13526539100019,-0.135785974911438,-0.136314715728095,-0.136852012757534,-0.137398280197798,-0.137953945587049,-0.138519448182439,-0.139095237275614,-0.139681770451853,-0.140279511799712,-0.140888930077999,-0.141510496846809,-0.142144684569433,-0.142791964691931,-0.14345280570726,-0.144127671210907,-0.144817017955095,-0.145521293908676,-0.14624093632998,-0.146976369859934,-0.147728004642871,-0.148496234482523,-0.149281435040781,-0.150083962086858,-0.150904149804595,-0.151742309165702,-0.15259872637687,-0.153473661408751,-0.154367346615015,-0.155279985449807,-0.156211751292207,-0.157162786386518,-0.158133200907548,-0.159123072160395,-0.160132443924695,-0.161161325953695,-0.162209693639071,-0.163277487852887,-0.164364614978643,-0.165470947143885,-0.16659632266733,-0.167740546733891,-0.168903392311319,-0.170084601322379,-0.171283886086512,-0.172500931044726,-0.173735394781066,-0.174986912353206,-0.176255097943647,-0.177539547841493,-0.178839843762835,-0.180155556515341,-0.181486250009715,-0.182831485617134,-0.184190826867695,-0.185563844480141,-0.186950121707748,-0.188349259979209,-0.189760884806606,-0.191184651925146,-0.192620253621195,-0.194067425196375,-0.195525951505957,-0.196995673499674,-0.19847649468227,-0.199968387399753,-0.201471398845412,-0.202985656667351,-0.204511374046634,-0.206048854102396,-0.207598493467524,-0.209160784866259,-0.210736318513452,-0.212325782144893,-0.213929959479636,-0.21554972690926,-0.217186048206449,-0.218839967047121,-0.220512597147719,-0.22220510983344,-0.223918718875537,-0.225654662467648,-0.227414182253856,-0.229198499376005,-0.231008787575675,-0.232846143467687,-0.234711554197058,-0.236605862799177,-0.238529731701851,-0.240483604934994,-0.242467669744964,-0.244481818440576,-0.246525611419932,-0.248598242433688,-0.250698507222672,-0.252824776716909,-0.254974975990495,-0.257146570124662,-0.25933655803398,-0.261541475154687,-0.263757405679912,-0.265980004758075,-0.268204530756715,-0.270425887346782,-0.272638674798671,-0.274837249519947,-0.277015790526544,-0.279168371244667,-0.281289034808422,-0.283371870863519,-0.285411091820596,-0.28740110652726,-0.289336589444079,-0.291212543608503,-0.293024355938961,-0.294767843751566,-0.296439291714278,-0.298035478827105,-0.299553695372037,-0.300991750105306,-0.302347968252782,-0.303621181106701,-0.304810708202364,-0.305916333175215,-0.306938274463563,-0.307877152034986,-0.308733951282214,-0.309509985165313,-0.310206855580203,-0.310826414817745,-0.311370727850981,-0.311842036057776,-0.312242722857982,-0.31257528162307,-0.312842286105158,-0.313046363533843,-0.313190170444315,-0.313276371229138,-0.313307619348563,-0.313286541089429,-0.313215721729374,-0.313097693939972,-0.312934928247987,-0.312729825366827,-0.312484710209067,-0.312201827394402,0,-0.116096783963602,-0.116263082392841,-0.116453773530338,-0.116662887292793,-0.116884796804968,-0.117116356669728,-0.117356105979784,-0.117603438233895,-0.117858110967909,-0.118120003478439,-0.118389014818648,-0.118665032012918,-0.118947928865955,-0.11923757481117,-0.119533844243464,-0.119836622734747,-0.120145809495747,-0.120461316731736,-0.120783066936674,-0.121110989141579,-0.121445014933001,-0.121785074817244,-0.122131095286171,-0.122482996763702,-0.122840692482033,-0.123204088248235,-0.123573083007112,-0.123947570076761,-0.124327438921912,-0.124712577330937,-0.125102873870846,-0.125498220507419,-0.125898515292511,-0.126303665035959,-0.126713587894456,-0.127128215823612,-0.127547496851922,-0.127971397146298,-0.128399902848296,-0.128833021668121,-0.129270784230086,-0.129713245168598,-0.130160483977948,-0.130612605622522,-0.13106974091644,-0.131532046683413,-0.131999705708713,-0.132472926495819,-0.13295194284055,-0.133437013235472,-0.133928420117078,-0.134426468967803,-0.134931487284433,-0.135443823423818,-0.13596384533624,-0.136491939196147,-0.13702850793941,-0.13757396971575,-0.138128756264524,-0.138693311221691,-0.139268088365454,-0.139853549807866,-0.140450164139497,-0.141058404534176,-0.141678746820771,-0.142311667528953,-0.142957641915942,-0.143617141981294,-0.144290634476861,-0.144978578919155,-0.145681425611445,-0.146399613682999,-0.147133569152987,-0.147883703026619,-0.148650409431162,-0.149434063799554,-0.150235021109346,-0.151053614184763,-0.151890152069736,-0.152744918479751,-0.153618170340486,-0.154510136421244,-0.155421016071326,-0.156350978067626,-0.157300159581918,-0.158268665276566,-0.159256566537633,-0.160263900854759,-0.161290671357518,-0.162336846518423,-0.163402360033211,-0.164487110889528,-0.165590963635595,-0.166713748860958,-0.167855263901788,-0.169015273783588,-0.170193512414366,-0.171389684041433,-0.172603464984851,-0.173834505660239,-0.175082432902966,-0.17634685260486,-0.177627352673155,-0.17892350631971,-0.180234875686259,-0.181561015808744,-0.182901478920524,-0.184255819090378,-0.185623597186781,-0.187004386154847,-0.188397776586575,-0.189803382558645,-0.191220847704921,-0.192649851483021,-0.194090115585899,-0.195541410440225,-0.197003561723544,-0.198476456821779,-0.199960051137591,-0.201454374148497,-0.202959535101619,-0.204475728219461,-0.206003237278509,-0.207542439409738,-0.209093807957744,-0.210657914223341,-0.212235427903724,-0.213827116035034,-0.215433840235231,-0.217056552041243,-0.218696286134483,-0.220354151253982,-0.222031318607927,-0.223729007613496,-0.225448468823068,-0.227190963933381,-0.228957742824479,-0.230750017638159,-0.232568933982112,-0.23441553943594,-0.236290749638546,-0.238195312351389,-0.240129770016605,-0.242094421459161,-0.244089283513358,-0.246114053479732,-0.248168073431497,-0.250250297481678,-0.252359263184309,-0.254493068266455,-0.256649353864485,-0.258825295361111,-0.261017601785199,-0.263222524542878,-0.265435875998938,-0.26765305812868,-0.269869101123443,-0.272078711473188,-0.274276328684922,-0.276456189446819,-0.278612397735221,-0.280738999105009,-0.282830057219598,-0.284879730577433,-0.286882347383868,-0.288832476601306,-0.290724993380671,-0.292555137322198,-0.294318562317192,-0.296011377065571,-0.297630175726014,-0.299172058515992,-0.300634642419161,-0.302016062461965,-0.30331496427793,-0.304530488879642,-0.305662250701321,-0.306710310059939,-0.307675141213722,-0.308557597180055,-0.309358872418078,-0.310080464393547,-0.310724134933659,-0.311291872155941,-0.311785853625614,-0.312208411266318,-0.312561998424962,-0.312849159376527,-0.313072501451451,-0.313234669878291,-0.313338325358296,-0.313386124326222,-0.313380701802382,-0.313324656703667,-0.313220539454566,-0.313070841721858,-0.312877988087014,-0.312644329467168,-0.31237213809744,-0.312063603893236,0,-0.116621330819116,-0.11677647052744,-0.116958500261261,-0.117160346560834,-0.11737596230359,-0.117602276450889,-0.11783794211993,-0.118082385219068,-0.118335315950241,-0.11859651691573,-0.118865769680728,-0.119142842529081,-0.11942750011474,-0.119719516785022,-0.120018686416493,-0.120324827028487,-0.12063778079922,-0.12095741089129,-0.121283596529762,-0.121616227512661,-0.121955198994223,-0.122300407066909,-0.122651745415836,-0.123009103134929,-0.123372363669751,-0.123741404775669,-0.124116099339297,-0.124496316895415,-0.124881925672382,-0.125272795010015,-0.125668798010512,-0.1260698143021,-0.126475732814664,-0.126886454485408,-0.127301894829827,-0.127721986328661,-0.12814668059486,-0.128575950295992,-0.129009790817016,-0.129448221656192,-0.129891287553147,-0.130339059353057,-0.130791634614672,-0.131249137972674,-0.131711721266757,-0.132179563451094,-0.132652870298454,-0.133131873913519,-0.133616832069734,-0.134108027383717,-0.134605766340618,-0.135110378183184,-0.135622213676515,-0.136141643759754,-0.136669058095212,-0.137204863524755,-0.13774948244262,-0.138303351093335,-0.138866917802906,-0.139440641151098,-0.140024988092343,-0.140620432032585,-0.141227450869276,-0.141846525001638,-0.142478135318309,-0.143122761169531,-0.143780878331081,-0.144452956967249,-0.145139459600257,-0.145840839093616,-0.146557536656997,-0.147289979880315,-0.148038580804742,-0.148803734038459,-0.149585814924978,-0.150385177771873,-0.151202154147787,-0.152037051255561,-0.152890150389346,-0.153761705483543,-0.154651941761471,-0.155561054491648,-0.156489207859719,-0.157436533964103,-0.158403131943643,-0.159389067245738,-0.160394371043685,-0.161419039812296,-0.162463035071205,-0.163526283305702,-0.164608676075345,-0.165710070321078,-0.16683028888202,-0.167969121233486,-0.169126324458188,-0.170301624462807,-0.171494717452245,-0.172705271673861,-0.173932929443686,-0.175177309466153,-0.176438009458002,-0.17771460908588,-0.179006673225561,-0.180313755548699,-0.181635402440528,-0.182971157248888,-0.184320564861371,-0.185683176603222,-0.187058555443804,-0.18844628149405,-0.189845957771197,-0.191257216200365,-0.19267972381512,-0.194113189111021,-0.195557368497397,-0.197012072783127,-0.198477173622101,-0.199952609833331,-0.201438393499365,-0.202934615734889,-0.204441452005164,-0.20595916686146,-0.207488117948055,-0.209028759122873,-0.210581642521854,-0.21214741938591,-0.213726839459549,-0.215320748762341,-0.216930085529302,-0.21855587411476,-0.220199216657418,-0.221861282313379,-0.223543293879969,-0.2252465116579,-0.22697221443378,-0.228721677510753,-0.230496147773131,-0.232296815842268,-0.234124785465937,-0.235981040381947,-0.237866409007635,-0.239781527428205,-0.241726801285432,-0.243702367299628,-0.245708055286239,-0.247743351646978,-0.249807365416092,-0.251898798016339,-0.254015917917762,-0.256156541386783,-0.258318020456261,-0.260497239133859,-0.262690618693787,-0.264894132667223,-0.267103331864597,-0.269313379438221,-0.271519095640197,-0.273715011565316,-0.275895430811656,-0.278054497663365,-0.280186270121004,-0.282284795892731,-0.284344189328341,-0.286358707236822,-0.288322821579076,-0.290231287167595,-0.292079202724381,-0.293862063932981,-0.295575807451758,-0.297216845213138,-0.298782088696944,-0.300268963215449,-0.301675412566717,-0.30299989468784,-0.304241369161728,-0.305399277595368,-0.306473517993147,-0.307464414298751,-0.308372682278686,-0.309199392877251,-0.309945934095232,-0.31061397234175,-0.311205414089164,-0.31172236853264,-0.312167111825767,-0.312542053337092,-0.312849704253794,-0.313092648751083,-0.313273517851063,-0.313394966013749,-0.313459650435684,-0.313470212977702,-0.313429264601888,-0.313339372167429,-0.313203047414469,-0.313022737952821,-0.312800820067048,-0.312539593149593,-0.312241275578209,-0.311908001861716,0,-0.117115049525304,-0.117265136885121,-0.117443632898166,-0.117641810474426,-0.117853841662393,-0.118077146495112,-0.118310685755393,-0.118553996727185,-0.118806772641561,-0.119068712890722,-0.119339491428154,-0.119618768497863,-0.119906211744557,-0.120201513277961,-0.120504399047022,-0.120814631091425,-0.121132004666001,-0.121456342374368,-0.12178748707839,-0.122125294849125,-0.122469628759652,-0.122820353949218,-0.123177334119544,-0.123540429444828,-0.123909495767807,-0.124284384896267,-0.124664945791645,-0.125051026441626,-0.125442476222597,-0.125839148579256,-0.126240903873231,-0.126647612277494,-0.127059156617045,-0.127475435077899,-0.127896363725371,-0.128321878789028,-0.128751938685392,-0.129186525760931,-0.129625647747071,-0.130069338926334,-0.130517661014435,-0.13097070376743,-0.131428585326179,-0.131891452312449,-0.132359479692347,-0.132832870423394,-0.13331185490171,-0.13379669022552,-0.134287659290661,-0.134785069733037,-0.135289252732092,-0.135800561688502,-0.136319370788298,-0.136846073464808,-0.137381080768909,-0.137924819657391,-0.138477731208519,-0.139040268773384,-0.139612896071139,-0.140196085235899,-0.140790314822835,-0.141396067780809,-0.142013829398825,-0.142644085233559,-0.143287319025237,-0.143944010609209,-0.144614633830659,-0.145299654469991,-0.14599952818654,-0.14671469848835,-0.147445594735863,-0.148192630187398,-0.148956200094386,-0.149736679854288,-0.150534423229172,-0.151349760637864,-0.152182997529548,-0.153034412846657,-0.153904257584833,-0.154792753457674,-0.155700091673988,-0.156626431835256,-0.157571900961028,-0.158536592650083,-0.159520566385292,-0.160523846990315,-0.161546424246492,-0.162588252678611,-0.163649251518549,-0.164729304856183,-0.165828261987385,-0.166945937969328,-0.168082114393739,-0.169236540389085,-0.170408933862999,-0.17159898299639,-0.172806348000739,-0.174030663149907,-0.175271539097363,-0.176528565489092,-0.177801313881369,-0.179089340971253,-0.180392192145775,-0.181709405353579,-0.183040515299923,-0.184385057962684,-0.185742575423064,-0.187112621000218,-0.1884947646739,-0.189888598773441,-0.191293743904951,-0.192709855081552,-0.194136628013656,-0.195573805507878,-0.197021183914051,-0.19847861955005,-0.199946035023736,-0.201423425360332,-0.20291086383204,-0.204408507374699,-0.205916601463983,-0.207435484311116,-0.208965590225601,-0.210507451980292,-0.212061702002636,-0.213629072205543,-0.215210392262704,-0.216806586126949,-0.218418666587268,-0.22004772766145,-0.221694934627938,-0.22336151151386,-0.225048725877474,-0.226757870753975,-0.228490243675003,-0.230247122725617,-0.232029739668867,-0.233839250248035,-0.235676701870224,-0.237542998981426,-0.239438866560995,-0.241364812289771,-0.24332108807699,-0.245307651761375,-0.247324129924804,-0.249369782865056,-0.251443472858899,-0.253543636899136,-0.25566826510059,-0.257814885932465,-0.259980559342116,-0.262161878684399,-0.264354982161421,-0.266555574213442,-0.268758956990973,-0.270960071693102,-0.273153549193879,-0.275333769016133,-0.277494925370962,-0.279631098682004,-0.281736330775276,-0.283804701753553,-0.285830406499639,-0.287807828770568,-0.289731610953468,-0.291596717746048,-0.293398492287759,-0.29513270358432,-0.296795584418905,-0.298383859306981,-0.299894762408483,-0.301326045642816,-0.302675977544431,-0.303943333638752,-0.305127379303721,-0.30622784620898,-0.307244903494307,-0.308179124865913,-0.30903145276052,-0.30980316066099,-0.310495814552547,-0.311111234394221,-0.31165145635411,-0.312118696426932,-0.312515315923829,-0.312843789202541,-0.313106673894171,-0.313306583783144,-0.313446164410899,-0.313528071401621,-0.313554951449702,-0.313529425862764,-0.313454076519843,-0.313331434080412,-0.313163968264759,-0.312954080018595,-0.312704095373028,-0.312416260814205,-0.312092739983603,-0.311735611539364,0,-0.117580025599405,-0.117730858023126,-0.117910431296114,-0.118108128634862,-0.118319060972133,-0.118541494026612,-0.118774829436584,-0.119018756828035,-0.119272962836229,-0.119537068367911,-0.119810647015093,-0.120093261956252,-0.120384497289486,-0.120683977156062,-0.120991373283608,-0.121306404010183,-0.121628828111562,-0.121958436178476,-0.122295041510566,-0.122638471777822,-0.12298856213725,-0.123345150090264,-0.123708072101044,-0.12407716183604,-0.124452249800037,-0.124833164110345,-0.125219732149225,-0.125611782852269,-0.126009149418096,-0.126411672256316,-0.126819202022626,-0.127231602619907,-0.1276487540712,-0.128070555193969,-0.128496926025091,-0.128927809962717,-0.129363175604762,-0.129803018274786,-0.130247361234595,-0.130696256589531,-0.131149785897318,-0.131608060494822,-0.132071221559423,-0.132539439923069,-0.133012915657709,-0.133491877450856,-0.133976581789598,-0.134467311970697,-0.134964376953423,-0.135468110070755,-0.135978867613428,-0.136497027300189,-0.137022986646549,-0.13755716124332,-0.138099982955322,-0.138651898049863,-0.139213365263943,-0.139784853818578,-0.140366841388265,-0.140959812033255,-0.141564254102156,-0.142180658112244,-0.14280951461484,-0.143451312053138,-0.144106534619935,-0.14477566012281,-0.145459157864432,-0.146157486545763,-0.146871092200059,-0.147600406165642,-0.148345843105492,-0.14910779908174,-0.149886649693137,-0.150682748283562,-0.151496424229557,-0.152327981314811,-0.153177696199395,-0.154045816991457,-0.154932561928971,-0.155838118179024,-0.156762640762064,-0.157706251608472,-0.158669038754826,-0.159651055687254,-0.160652320839402,-0.161672817252675,-0.162712492406654,-0.163771258227864,-0.164848991285398,-0.165945533182281,-0.167060691151826,-0.168194238868686,-0.169345917484582,-0.170515436899115,-0.171702477276184,-0.172906690816712,-0.174127703798263,-0.175365118891846,-0.176618517765665,-0.177887463984702,-0.179171506213815,-0.180470181730392,-0.18178302025059,-0.183109548070586,-0.184449292521243,-0.185801786730947,-0.187166574687163,-0.18854321658243,-0.189931294425064,-0.19133041788873,-0.192740230368261,-0.194160415201696,-0.195590702010364,-0.197030873100091,-0.198480769857167,-0.199940299062625,-0.201409439037711,-0.202888245522164,-0.204376857175206,-0.205875500576981,-0.207384494595797,-0.208904253974089,-0.210435291973709,-0.211978221909425,-0.213533757388674,-0.215102711066302,-0.216685991715773,-0.218284599414107,-0.219899618637365,-0.221532209068023,-0.223183593926317,-0.224855045655745,-0.226547868820003,-0.228263380105855,-0.230002885375292,-0.231767653771794,-0.233558888960398,-0.235377697669875,-0.237225055807138,-0.239101772527927,-0.241008452771319,-0.242945458895399,-0.244912872182558,-0.246910455109353,-0.248937615390345,-0.250993372899572,-0.253076330638517,-0.255184650946608,-0.257316038131357,-0.259467728623267,-0.261636489631165,-0.263818627085263,-0.266010003410226,-0.268206065375456,-0.270401881935502,-0.272592191614688,-0.27477145862491,-0.276933936554196,-0.279073738146846,-0.281184909433528,-0.283261506278603,-0.285297671304814,-0.287287709139547,-0.289226158003168,-0.291107855823194,-0.292927999297346,-0.294682194628056,-0.296366498991781,-0.297977452167953,-0.299512098113883,-0.300967996614792,-0.302343225446185,-0.303636373747041,-0.304846527508765,-0.305973248232877,-0.307016545900355,-0.307976847430864,-0.308854961797095,-0.309652042905803,-0.310369551271725,-0.311009215402262,-0.3115729936881,-0.312063037465526,-0.312481655786457,-0.312831282307529,-0.313114444593716,-0.31333373602776,-0.313491790425575,-0.3135912593806,-0.313634792296577,-0.313625019017912,-0.313564534928442,-0.313455888361962,-0.313301570149682,-0.313104005119598,-0.31286554535902,-0.312588465053045,-0.312274956717262,-0.311927128651501,-0.311547003452061,0,-0.118018603413066,-0.118176248720749,-0.118360714542883,-0.118560571801408,-0.118772603885966,-0.118996165427551,-0.119231152597887,-0.119477405016105,-0.119734592779489,-0.120002255266501,-0.120279871289581,-0.120566918751487,-0.120862913113147,-0.121167426066068,-0.121480089601148,-0.121800590937844,-0.122128662758295,-0.122464071899735,-0.122806608509016,-0.123156076779228,-0.123512287768665,-0.123875054399923,-0.124244188496779,-0.124619499589846,-0.125000795170295,-0.125387882065995,-0.125780568636362,-0.126178667517899,-0.126581998693305,-0.126990392698029,-0.127403693816379,-0.127821763153322,-0.128244481497421,-0.128671751915004,-0.129103502035972,-0.129539686008006,-0.129980286108978,-0.130425314017413,-0.130874811748522,-0.131328852268873,-0.131787539806709,-0.132251009877426,-0.132719429045154,-0.133192994441957,-0.133671933066059,-0.134156500879894,-0.134646981727818,-0.135143686092167,-0.135646949704962,-0.136157132031266,-0.136674614638766,-0.137199799466925,-0.137733107007789,-0.138274974409523,-0.138825853512758,-0.139386208829106,-0.139956515470526,-0.140537257037734,-0.141128923475515,-0.141732008902545,-0.142347009423168,-0.142974420928597,-0.143614736894947,-0.144268446185657,-0.144936030865932,-0.145617964036953,-0.146314707697784,-0.147026710642956,-0.147754406403878,-0.148498211242225,-0.149258522203541,-0.150035715239255,-0.150830143405258,-0.15164213514512,-0.152471992665901,-0.153319990414333,-0.154186373661029,-0.155071357200159,-0.155975124171888,-0.156897825014694,-0.157839576554573,-0.158800461238034,-0.159780526515752,-0.160779784383758,-0.161798211089146,-0.162835747007387,-0.163892296698587,-0.164967729150296,-0.166061878214776,-0.167174543249027,-0.168305489966241,-0.169454451507715,-0.170621129744627,-0.171805196819299,-0.173006296935781,-0.174224048409575,-0.175458045986146,-0.176707863437455,-0.177973056445043,-0.179253165777144,-0.180547720765927,-0.181856243089078,-0.183178250857659,-0.184513263009367,-0.185860804002923,-0.187220408805462,-0.188591628160173,-0.189974034116391,-0.191367225798457,-0.19277083538328,-0.194184534249399,-0.195608039252564,-0.197041119074413,-0.198483600581724,-0.199935375123934,-0.20139640468627,-0.20286672780484,-0.204346465138576,-0.205835824580934,-0.207335105782062,-0.208844703939705,-0.21036511270479,-0.211896926035688,-0.213440838823955,-0.214997646104397,-0.216568240654253,-0.218153608780794,-0.2197548240947,-0.221373039069077,-0.223009474192274,-0.224665404537823,-0.22634214359843,-0.228041024264206,-0.229763376869762,-0.231510504291422,-0.233283654145714,-0.235083988223794,-0.236912549393549,-0.238770226310773,-0.240657716401129,-0.24257548770259,-0.244523740289315,-0.246502368126845,-0.248510922328306,-0.250548576883884,-0.252614098012682,-0.254705818328055,-0.256821617006274,-0.258958907096243,-0.261114630999811,-0.263285264985059,-0.265466833369955,-0.267654932735729,-0.269844766207624,-0.272031187488712,-0.274208753967241,-0.276371787859068,-0.278514444014921,-0.280630782737868,-0.282714845737575,-0.284760733209192,-0.286762679975255,-0.288715128672162,-0.290612798095579,-0.29245074503256,-0.294224418188021,-0.295929703141509,-0.297562957626752,-0.299121036790337,-0.300601308437672,-0.302001658596702,-0.303320488009314,-0.304556700387371,-0.305709683439732,-0.306779283787332,-0.307765776937964,-0.308669833496011,-0.30949248274248,-0.310235074645752,-0.310899241262405,-0.311486858369025,-0.312000008038113,-0.312440942740862,-0.312812051432574,-0.313115827957034,-0.313354841997463,-0.313531712705738,-0.313649085059287,-0.313709608926665,-0.313715920767829,-0.313670627852579,-0.313576294849404,-0.313435432615586,-0.313250489006489,-0.313023841516078,-0.312757791560404,-0.312454560220059,-0.312116285265095,-0.311745019295872,-0.311342728844829,0,-0.118434169278582,-0.118604528417044,-0.118796669887497,-0.119000712274549,-0.119215735825661,-0.11944227326258,-0.119680680011697,-0.119930900657414,-0.120192561285414,-0.120465111394064,-0.120747940484509,-0.12104045450773,-0.12134211676883,-0.121652463051544,-0.121971100481462,-0.122297697614197,-0.122631970961353,-0.122973671240495,-0.123322571200019,-0.123678455887241,-0.124041115602189,-0.124410341411471,-0.124785922903564,-0.125167647786755,-0.125555302919471,-0.125948676389923,-0.126347560308311,-0.126751754028144,-0.127161067566307,-0.127575325040557,-0.127994367986281,-0.128418058451057,-0.128846281796079,-0.129278949158233,-0.129715999546396,-0.13015740156092,-0.130603154737136,-0.13105329052244,-0.131507872902927,-0.131966998699821,-0.132430797558663,-0.132899431655687,-0.133373095146218,-0.133852013379645,-0.134336441904655,-0.134826665287144,-0.135322995761757,-0.135825771736353,-0.136335356167042,-0.136852134819789,-0.137376514433036,-0.137908920794353,-0.138449796742879,-0.138999600108193,-0.139558801595318,-0.140127882624848,-0.140707333136568,-0.141297649364525,-0.141899331591237,-0.142512881888543,-0.14313880185256,-0.143777590340216,-0.144429741214943,-0.145095741109194,-0.145776067211643,-0.146471185087033,-0.147181546536814,-0.14790758750878,-0.148649726064039,-0.149408360409637,-0.150183867005168,-0.150976598751635,-0.151786883270697,-0.152615021282293,-0.153461285088431,-0.154325917170725,-0.155209128908974,-0.156111099427896,-0.157031974578847,-0.15797186606315,-0.158930850703496,-0.159908969869733,-0.160906229065293,-0.161922597680504,-0.16295800891911,-0.164012359904436,-0.165085511971901,-0.166177291154799,-0.167287488870648,-0.168415862815744,-0.169562138075947,-0.170726008462078,-0.171907138078628,-0.173105163134695,-0.174319694006195,-0.17555031755828,-0.176796599736665,-0.178058088435973,-0.179334316652382,-0.180624805926621,-0.181929070081753,-0.183246619258086,-0.18457696424504,-0.18591962110665,-0.187274116093786,-0.188639990831909,-0.190016807768339,-0.19140415585753,-0.192801656456719,-0.194208969397527,-0.195625799191623,-0.19705190132046,-0.198487088550295,-0.199931237204238,-0.201384293313046,-0.202846278555633,-0.204317295889085,-0.205797534756202,-0.207287275746534,-0.208786894574516,-0.210296865225995,-0.211817762112312,-0.213350261059598,-0.214895138950504,-0.216453271826707,-0.218025631254028,-0.219613278748591,-0.221217358063159,-0.222839085138789,-0.224479735539349,-0.226140629206761,-0.227823112404322,-0.229528536755586,-0.231258235338291,-0.233013495857693,-0.23479553100217,-0.236605446176069,-0.238444204909977,-0.240312592365289,-0.242211177475563,-0.244140274397782,-0.246099904077173,-0.24808975685326,-0.250109157144647,-0.252157031337327,-0.254231880057012,-0.256331756021409,-0.258454248635486,-0.26059647640543,-0.262755088101303,-0.264926273394005,-0.267105783432456,-0.269288961519565,-0.271470783702682,-0.273645908731469,-0.275808736472425,-0.277953473525056,-0.280074204480762,-0.282164967020865,-0.284219828881049,-0.286232964626849,-0.288198730194491,-0.29011173325243,-0.291966897624653,-0.293759520274612,-0.295485319661801,-0.297140474631851,-0.298721653364793,-0.300226032264547,-0.301651305007652,-0.302995682265653,-0.304257882862494,-0.305437117318943,-0.306533064867976,-0.307545845099518,-0.308475985414209,-0.309324385440819,-0.310092279508603,-0.310781198173276,-0.311392929682108,-0.311929482138341,-0.312393046994997,-0.312785964379288,-0.313110690626232,-0.313369768287176,-0.313565798778228,-0.313701417746267,-0.313779273156826,-0.31380200604835,-0.313772233850411,-0.313692536128298,-0.313565442591605,-0.3133934231886,-0.313178880099898,-0.312924141442767,-0.312631456500159,-0.312302992294976,-0.311940831339265,-0.311546970399058,-0.31112332012779,0,-0.118831474963968,-0.11901924581125,-0.119220660434059,-0.119430311330638,-0.119649933367643,-0.119881145375272,-0.12012464007734,-0.12038038607654,-0.12064792606483,-0.120926609615632,-0.121215744190497,-0.121514679391456,-0.121822844462056,-0.122139756524451,-0.122465012641641,-0.122798274570429,-0.123139251711329,-0.123487685354582,-0.123843335720678,-0.124205972297476,-0.124575367400246,-0.124951292582003,-0.125333517395966,-0.125721809989248,-0.126115939040428,-0.126515676614491,-0.126920801578672,-0.127331103292235,-0.127746385346632,-0.128166469187664,-0.128591197497608,-0.129020437253218,-0.129454082405864,-0.129892056153954,-0.130334312796146,-0.130780839167687,-0.131231655672343,-0.131686816929542,-0.132146412061073,-0.132610564644573,-0.13307943236238,-0.133553206374637,-0.134032110444882,-0.134516399845195,-0.13500636006634,-0.135502305356468,-0.136004577109939,-0.136513542125807,-0.13702959075352,-0.137553134941554,-0.138084606202982,-0.138624453510489,-0.139173141132032,-0.13973114641724,-0.140298957543806,-0.140877071232377,-0.141465990438003,-0.142066222025836,-0.142678274438609,-0.143302655363299,-0.143939869404482,-0.144590415771901,-0.145254785989979,-0.145933461637124,-0.146626912122883,-0.147335592511147,-0.14805994139773,-0.148800378850759,-0.149557304422314,-0.150331095239779,-0.151122104185242,-0.151930658171187,-0.152757056520495,-0.153601569458544,-0.15446443672492,-0.155345866311942,-0.156246033336878,-0.15716507905442,-0.158103110015686,-0.159060197379735,-0.160036376383375,-0.161031645974871,-0.162045968617079,-0.163079270265498,-0.164131440526832,-0.165202333003772,-0.166291765831964,-0.167399522415396,-0.168525352366815,-0.169668972660133,-0.170830069002183,-0.172008297431532,-0.173203286152359,-0.174414637611577,-0.175641930827453,-0.176884723977801,-0.178142557255439,-0.17941495599794,-0.180701434097659,-0.182001497696625,-0.183314649169062,-0.184640391391968,-0.185978232301382,-0.187327689728582,-0.188688296506514,-0.190059605832208,-0.19144119686575,-0.19283268054056,-0.194233705553259,-0.195643964494275,-0.197063200072506,-0.198491211378915,-0.199927860124782,-0.201373076780556,-0.20282686653085,-0.204289314950146,-0.205760593292278,-0.20724096327482,-0.208730781227334,-0.210230501460046,-0.211740678697344,-0.213261969408737,-0.214795131858986,-0.216341024689632,-0.217900603836624,-0.219474917584098,-0.221065099553377,-0.222672359430154,-0.224297971242646,-0.225943259020749,-0.227609579692076,-0.229298303106825,-0.231010789130862,-0.232748361806407,-0.234512280653179,-0.236303709269918,-0.238123681496792,-0.239973065511866,-0.241852526357579,-0.243762487522499,-0.24570309233489,-0.247674166051876,-0.249675179643976,-0.25170521637131,-0.253762942316089,-0.255846582067058,-0.257953900737144,-0.260082193428547,-0.262228283135274,-0.264388527889808,-0.26655883772021,-0.268734701692669,-0.270911224982701,-0.273083175560497,-0.275245039710002,-0.277391085247455,-0.279515430984005,-0.281612120708705,-0.283675199769925,-0.285698792218205,-0.287677176449463,-0.289604857355921,-0.291476633148356,-0.293287655246821,-0.295033479932388,-0.296710110790923,-0.29831403134087,-0.299842227599789,-0.301292200689954,-0.302661969895314,-0.30395006684812,-0.305155521735175,-0.306277842566962,-0.307316988647876,-0.308273339425645,-0.309147659888899,-0.309941063631331,-0.310654974617837,-0.311291088581242,-0.311851334856388,-0.31233783932915,-0.312752889047954,-0.313098898919997,-0.313378380797612,-0.313593915154837,-0.313748125462005,-0.313843655287678,-0.313883148092648,-0.313869229629212,-0.313804492819684,-0.313691484959658,-0.313532697072679,-0.313330555232092,-0.313087413661632,-0.312805549427408,-0.312487158539133,-0.312134353286764,-0.311749160649125,-0.311333521622994,-0.310889291333709,0,-0.119216282405198,-0.119423967008816,-0.11963505009126,-0.119851223677649,-0.120076823476379,-0.12031427829615,-0.120564424206438,-0.120827149200481,-0.121101869075934,-0.121387826035308,-0.121684256553499,-0.121990472367202,-0.122305888240383,-0.122630020141833,-0.122962469284116,-0.123302901421427,-0.123651026654361,-0.124006582317924,-0.124369319909208,-0.124738996094333,-0.125115367364919,-0.125498187716564,-0.125887208680468,-0.126282181081347,-0.126682857975599,-0.127088998317288,-0.127500370991331,-0.127916758936327,-0.12833796315066,-0.128763806434487,-0.129194136767814,-0.129628830262293,-0.130067793653391,-0.130510966321454,-0.13095832184643,-0.131409869112617,-0.131865652987817,-0.132325754606421,-0.132790291288903,-0.133259416131408,-0.133733317299126,-0.134212217056115,-0.13469637056263,-0.1351860644689,-0.135681615331974,-0.136183367879775,-0.136691693144075,-0.137206986481698,-0.137729665501079,-0.138260167909273,-0.138798949292726,-0.139346480843606,-0.139903247042174,-0.140469743304674,-0.141046473605392,-0.141633948080962,-0.142232680624596,-0.142843186477696,-0.143465979826212,-0.144101571409148,-0.14475046614671,-0.145413160795774,-0.146090141640536,-0.146781882226414,-0.147488841145451,-0.148211459881638,-0.148950160724667,-0.149705344760685,-0.150477389948591,-0.151266649290344,-0.152073449103575,-0.152898087404588,-0.153740832409534,-0.154601921161225,-0.15548155828866,-0.156379914905971,-0.157297127657064,-0.158233297911871,-0.159188491119732,-0.160162736325155,-0.161156025850896,-0.162168315153159,-0.16319952285359,-0.164249530952747,-0.165318185229799,-0.166405295833393,-0.167510638068877,-0.168633953387389,-0.169774950582718,-0.170933307202213,-0.172108671178441,-0.173300662688642,-0.174508876249294,-0.175732883053274,-0.176972233557079,-0.178226460325312,-0.179495081139193,-0.180777602374951,-0.182073522656844,-0.183382336787902,-0.184703539959433,-0.186036632237799,-0.187381123323836,-0.188736537576659,-0.190102419289325,-0.191478338198935,-0.192863895208276,-0.194258728289904,-0.195662518536759,-0.197074996315915,-0.198495947473882,-0.199925219533057,-0.201362727809443,-0.202808461371621,-0.204262488750242,-0.205724963296046,-0.207196128072667,-0.208676320158398,-0.210165974218814,-0.211665625199857,-0.213175909979065,-0.21469756780133,-0.216231439315483,-0.21777846401966,-0.219339675917553,-0.220916197185185,-0.222509229649763,-0.224120043889615,-0.225749965778517,-0.227400360320202,-0.229072612650937,-0.230768106131132,-0.232488197502169,-0.234234189153088,-0.2360072986238,-0.237808625567217,-0.239639116501135,-0.241499527800103,-0.243390387504939,-0.245311956658769,-0.247264191007977,-0.249246704027521,-0.251258732334704,-0.253299104635215,-0.255366215390895,-0.25745800440174,-0.259571943447509,-0.261705031031183,-0.263853796104659,-0.266014311436816,-0.268182217010213,-0.270352753513933,-0.272520805649694,-0.274680954602989,-0.276827538670139,-0.278954720696549,-0.281056560691631,-0.283127091760232,-0.285160397343892,-0.287150687707588,-0.289092373642738,-0.290980135482613,-0.292808985733505,-0.294574323900126,-0.296271982409127,-0.297898262890019,-0.299449962437435,-0.300924389832744,-0.302319372029017,-0.303633251487354,-0.304864875184754,-0.306013576288447,-0.30707914960752,-0.308061821991999,-0.308962218857312,-0.309781327975575,-0.310520461602786,-0.311181217911773,-0.311765442583382,-0.312275191280961,-0.312712693602737,-0.313080318979136,-0.313380544861695,-0.313615927440513,-0.313789075029972,-0.313902624178978,-0.313959218492338,-0.313961490093745,-0.313912043617237,-0.313813442581852,-0.313668197981983,-0.313478758912369,-0.313247505040138,-0.312976740735672,-0.312668690677878,-0.312325496756757,-0.311949216105923,-0.311541820109126,-0.31110519423726,-0.310641138585186,0,-0.119594966767329,-0.119821956488981,-0.120042064196105,-0.120265326536638,-0.120498135485249,-0.12074329616091,-0.121001548011323,-0.121272586400467,-0.121555661580339,-0.121849907904834,-0.122154507403095,-0.122468755604371,-0.122792073502676,-0.12312399310174,-0.123464132804966,-0.123812171611541,-0.124167826534954,-0.124530834980193,-0.124900942334651,-0.125277894283076,-0.125661433044999,-0.12605129666248,-0.126447220520063,-0.126848940388759,-0.127256196412851,-0.127668737581692,-0.128086326338699,-0.128508743072721,-0.128935790312846,-0.129367296507836,-0.129803119317963,-0.13024314838241,-0.130687307551587,-0.131135556592778,-0.131587892390777,-0.132044349674114,-0.132505001302954,-0.132969958157665,-0.133439368668006,-0.13391341802242,-0.134392327095402,-0.13487635112869,-0.135365778199359,-0.135860927504958,-0.136362147492836,-0.136869813857806,-0.137384327429479,-0.13790611196795,-0.13843561188413,-0.138973289898919,-0.139519624653632,-0.14007510828254,-0.140640243957236,-0.141215543411532,-0.141801524454977,-0.142398708482568,-0.143007617988004,-0.143628774087707,-0.144262694062891,-0.144909888927042,-0.145570861026426,-0.146246101681416,-0.146936088876695,-0.14764128500862,-0.148362134698199,-0.149099062678273,-0.149852471763575,-0.150622740912303,-0.151410223387767,-0.152215245028504,-0.153038102634965,-0.153879062480604,-0.15473835895476,-0.155616193344328,-0.156512732760712,-0.157428109218094,-0.158362418868554,-0.15931572139913,-0.160288039595489,-0.161279359076526,-0.162289628203931,-0.163318758170564,-0.16436662327142,-0.165433061360936,-0.166517874500542,-0.167620829800566,-0.168741660460888,-0.169880067015144,-0.171035718783664,-0.17220825554078,-0.173397289402583,-0.17460240694151,-0.175823171534485,-0.177059125951383,-0.178309795190558,-0.179574689567816,-0.180853308064613,-0.182145141940278,-0.183449678611678,-0.184766405801956,-0.186094815957649,-0.187434410930685,-0.188784706918375,-0.190145239650548,-0.191515569808384,-0.192895288654311,-0.19428402384644,-0.195681445404514,-0.197087271787143,-0.198501276032228,-0.199923291903969,-0.201353219980621,-0.202791033607352,-0.204236784628079,-0.205690608799126,-0.207152730776013,-0.208623468552738,-0.210103237220688,-0.211592551902053,-0.213092029700482,-0.21460239050017,-0.216124456433954,-0.217659149831893,-0.219207489454957,-0.220770584814546,-0.222349628378731,-0.223945885471318,-0.225560681681412,-0.227195387620427,-0.228851400891852,-0.230530125177875,-0.232232946397661,-0.233961205955444,-0.235716171173689,-0.237499003097274,-0.239310721958584,-0.241152170709127,-0.243023977148171,-0.244926515309369,-0.246859866897237,-0.248823783690405,-0.250817651940228,-0.252840459883251,-0.254890769545149,-0.256966694033356,-0.259065881487479,-0.261185506774381,-0.263322271874389,-0.265472415705678,-0.267631733878578,-0.269795608567669,-0.271959048348628,-0.274116737484553,-0.276263093781341,-0.278392333784297,-0.280498543779155,-0.282575754809673,-0.284618019747133,-0.286619490356336,-0.288574492304025,-0.290477596149047,-0.292323682532516,-0.29410800003877,-0.295826214507522,-0.297474448924785,-0.299049313384033,-0.300547924969428,-0.30196791775107,-0.303307443383082,-0.304565163047289,-0.305740231681293,-0.306832275567005,-0.307841364435108,-0.30876797926664,-0.309612976951497,-0.310377552903252,-0.311063202639094,-0.31167168322187,-0.312204975336469,-0.312665246642699,-0.31305481691748,-0.31337612537576,-0.313631700445608,-0.313824132171021,-0.31395604732741,-0.314030087260101,-0.314048888395172,-0.314015065323972,-0.313931196326496,-0.31379981117311,-0.313623381027613,-0.313404310265686,-0.313144930020174,-0.312847493266975,-0.312514171271472,-0.312147051224391,-0.311748134906897,-0.311319338236828,-0.31086249156075,-0.31037934056942,0,-0.119973728042109,-0.1202158997993,-0.120443701630394,-0.120674477559825,-0.120915666655734,-0.121169915249697,-0.121437614473714,-0.1217181659305,-0.122010629478743,-0.122314041918657,-0.122627553977825,-0.122950469656066,-0.123282237376138,-0.123622421325303,-0.123970668349202,-0.124326677933786,-0.124690178324722,-0.125060909415987,-0.125438611850653,-0.125823021286625,-0.126213866666294,-0.12661087140268,-0.127013756548604,-0.127422245191519,-0.127836067485302,-0.128254965878325,-0.12867870022025,-0.129107052528698,-0.129539831273736,-0.129976875096646,-0.130418055922784,-0.130863281459984,-0.131312497096183,-0.131765687225189,-0.132222876039278,-0.132684127833055,-0.133149546865723,-0.133619276829405,-0.134093499970052,-0.134572435905245,-0.135056340180232,-0.135545502600115,-0.136040245372458,-0.136540921090901,-0.137047910586761,-0.137561620672197,-0.138082481795392,-0.138610945625365,-0.139147482581574,-0.13969257932133,-0.140246736196314,-0.140810464688051,-0.141384284831111,-0.141968722632031,-0.142564307491377,-0.143171569636124,-0.143791037569345,-0.144423235544296,-0.145068681070101,-0.145727882456472,-0.14640133640518,-0.147089525656263,-0.147792916697233,-0.148511957543756,-0.14924707560047,-0.149998675610657,-0.150767137703533,-0.151552815547788,-0.152356034619856,-0.153177090595081,-0.154016247869621,-0.154873738220454,-0.155749759610369,-0.156644475144278,-0.157558012182616,-0.158490461617001,-0.159441877312817,-0.160412275722821,-0.161401635675437,-0.16240989834104,-0.163436967379217,-0.164482709269856,-0.16554695383081,-0.166629494924981,-0.16773009135982,-0.168848467982501,-0.169984316974433,-0.17113729934916,-0.172307046658218,-0.173493162909969,-0.174695226706888,-0.175912793607175,-0.177145398716774,-0.178392559517996,-0.179653778940769,-0.180928548682133,-0.182216352778817,-0.183516671436622,-0.184828985118757,-0.186152778893232,-0.187487547036887,-0.188832797890481,-0.190188058955657,-0.191552882220234,-0.192926849693415,-0.194309579126904,-0.195700729891706,-0.1971000089735,-0.198507177041892,-0.199922054540631,-0.201344527736944,-0.20277455465859,-0.204212170837033,-0.205657494764328,-0.207110732959987,-0.208572184532301,-0.210042245106481,-0.211521409979681,-0.213010276350807,-0.214509544461141,-0.216020017470828,-0.217542599886493,-0.21907829434747,-0.220628196573003,-0.222193488271264,-0.22377542781424,-0.225375338491537,-0.226994594172404,-0.228634602230078,-0.230296783617305,-0.231982550028056,-0.233693278139001,-0.235430280996327,-0.23719477669917,-0.23898785463018,-0.240810439595332,-0.242663254357093,-0.244546781173998,-0.246461223091163,-0.248406465854333,-0.250382041437627,-0.252387094274075,-0.254420351349497,-0.256480097355339,-0.258564156086221,-0.260669879206041,-0.262794143387529,-0.264933356651945,-0.267083474499931,-0.269240026137012,-0.271398150767994,-0.273552643577752,-0.275698010649272,-0.277828531713231,-0.279938329297881,-0.282021442573557,-0.284071903980604,-0.286083816606314,-0.288051430244067,-0.289969214128229,-0.291831924487493,-0.29363466528703,-0.295372940821037,-0.297042699153462,-0.298640365765175,-0.300162867130009,-0.301607644290529,-0.302972656820489,-0.304256377831876,-0.305457780901442,-0.306576319950381,-0.307611903210923,-0.308564862458171,-0.309435918680324,-0.310226145313117,-0.31093693008358,-0.311569936403013,-0.312127065128033,-0.312610417379557,-0.313022258979226,-0.313364986936707,-0.313641098303517,-0.313853161602475,-0.314003790948334,-0.314095622895422,-0.314131295982257,-0.314113432890435,-0.314044625094817,-0.313927419852695,-0.313764309359943,-0.313557721890679,-0.313310014732183,-0.313023468727501,-0.312700284243083,-0.312342578386821,-0.31195238331218,-0.311531645455857,-0.311082225568983,-0.310605899414784,-0.310104359018465,0,-0.120357201883189,-0.120607721154704,-0.120841708387,-0.121080501708653,-0.121331260034173,-0.121595913266313,-0.121874278837861,-0.12216539218478,-0.122468119427063,-0.122781423512848,-0.123104453873313,-0.12343654998315,-0.123777208454979,-0.124126039934455,-0.124482728545091,-0.124846999089692,-0.125218593253228,-0.125597254153599,-0.125982717824072,-0.126374710039029,-0.126772947004474,-0.127177138658749,-0.127586993579582,-0.12800222472903,-0.12842255547059,-0.128847725458189,-0.129277496126889,-0.129711655614539,-0.130150023017567,-0.13059245193798,-0.131038833316717,-0.131489097574775,-0.131943216100756,-0.132401202134159,-0.132863111099517,-0.133329040448744,-0.133799129068833,-0.134273556310011,-0.134752540686304,-0.135236338296489,-0.135725241009057,-0.136219574450275,-0.136719695829907,-0.137225991634821,-0.137738875216622,-0.138258784295726,-0.138786178400963,-0.139321536260897,-0.139865353160548,-0.140418138275195,-0.140980411991249,-0.141552703222948,-0.142135546732714,-0.142729480462359,-0.143335042882037,-0.143952770363639,-0.144583194585446,-0.145226839974968,-0.145884221197207,-0.146555840695879,-0.147242186295481,-0.147943728872386,-0.148660920103445,-0.149394190300773,-0.150143946341507,-0.150910569701373,-0.151694414600792,-0.15249580627207,-0.153315039355933,-0.15415237643523,-0.155008046713178,-0.155882244842941,-0.156775129914694,-0.157686824605708,-0.158617414498285,-0.159566947569753,-0.160535433858064,-0.161522845306027,-0.162529115786703,-0.1635541413121,-0.164597780427073,-0.165659854790155,-0.166740149943088,-0.167838416270882,-0.168954370154543,-0.17008769531892,-0.171238044378586,-0.172405040585198,-0.173588279780272,-0.174787332557917,-0.176001746642487,-0.177231049486531,-0.178474751094658,-0.179732347078933,-0.181003321951236,-0.18228715265743,-0.183583312357318,-0.184891274453032,-0.186210516866727,-0.187540526566157,-0.188880804333908,-0.19023086977264,-0.191590266534706,-0.192958567759882,-0.194335381699648,-0.195720357500577,-0.197113191112717,-0.198513631281639,-0.199921485574825,-0.201336626384456,-0.202758996839358,-0.20418861654893,-0.205625587091312,-0.207070097146925,-0.208522427166909,-0.209982953453959,-0.211452151520846,-0.212930598579637,-0.214418975002607,-0.21591806458446,-0.217428753425161,-0.218952027244051,-0.22048896692968,-0.222040742126796,-0.223608602663206,-0.225193867625917,-0.226797911909331,-0.228422150079701,-0.230068017430972,-0.231736948148886,-0.233430350554101,-0.235149579462051,-0.236895905777906,-0.238670483539401,-0.240474314727523,-0.242308212283634,-0.244172761898481,-0.246068283269796,-0.247994791655321,-0.249951960670485,-0.25193908738677,-0.253955060869397,-0.255998335342426,-0.258066909176793,-0.260158310854645,-0.262269592965532,-0.264397335133322,-0.266537656557464,-0.268686238582372,-0.270838357393063,-0.272988926586272,-0.275132549000717,-0.277263576827283,-0.279376178680367,-0.281464412016158,-0.283522299051007,-0.285543904178542,-0.287523410818097,-0.289455195653892,-0.291333898342189,-0.293154484964518,-0.294912303775395,-0.296603132115393,-0.29822321371483,-0.299769285978755,-0.30123859720046,-0.302628913980509,-0.303938519417063,-0.305166202870742,-0.306311242287541,-0.307373380184568,-0.308352794467591,-0.309250065261406,-0.310066138901039,-0.310802290162061,-0.311460083710886,-0.312041335639604,-0.312548075822832,-0.312982511703474,-0.313346993986003,-0.313643984594654,-0.313876027142947,-0.314045720062543,-0.314155692454634,-0.314208582656145,-0.314207019455713,-0.314153605849689,-0.31405090519533,-0.313901429595274,-0.313707630333133,-0.313471890172976,-0.31319651733431,-0.312883740957728,-0.312535707883361,-0.312154480573888,-0.31174203602515,-0.311300265519755,-0.310830975091904,-0.310335886584593,-0.309816639192931,0,-0.120747196235565,-0.120998546919714,-0.121237613906783,-0.121485202949793,-0.121746791452228,-0.122023101712751,-0.122313214693605,-0.122615770907688,-0.122929466202442,-0.123253227756623,-0.123586239796635,-0.123927905340557,-0.124277788330038,-0.124635557368047,-0.125000939685734,-0.125373687499119,-0.125753555906865,-0.126140290317238,-0.126533621154677,-0.126933263779798,-0.127338921897598,-0.127750293096793,-0.128167075499745,-0.128588974785509,-0.12901571107469,-0.129447025338896,-0.12988268512779,-0.130322489501494,-0.130766273123409,-0.131213909514879,-0.131665313504055,-0.132120442920824,-0.132579299601057,-0.133041929768971,-0.133508423867863,-0.133978915908076,-0.134453582397845,-0.134932640918132,-0.135416348397393,-0.135904999136615,-0.136398922629338,-0.136898481215857,-0.137404067605504,-0.137916102296096,-0.138435030915154,-0.138961321503611,-0.139495461759293,-0.140037956254575,-0.140589323640232,-0.141150093845584,-0.141720805283589,-0.14230200206847,-0.142894231252759,-0.143498040090247,-0.144113973331177,-0.144742570556082,-0.145384363554877,-0.146039873758136,-0.146709609727854,-0.147394064715394,-0.148093714294716,-0.148809014079276,-0.149540397531305,-0.150288273872274,-0.151053026103455,-0.151835009145395,-0.152634548104926,-0.153451936678039,-0.15428743569649,-0.155141271825481,-0.156013636419143,-0.156904684539829,-0.1578145341465,-0.158743265456703,-0.159690920485919,-0.160657502767271,-0.161642977253971,-0.162647270406273,-0.163670270464201,-0.164711827907001,-0.165771756100015,-0.166849832129606,-0.167945797826842,-0.16905936098085,-0.170190196743114,-0.171337949224421,-0.172502233286747,-0.173682636532931,-0.174878721497654,-0.176090028043789,-0.177316075968737,-0.178556367825742,-0.179810391965384,-0.18107762580244,-0.182357539312945,-0.183649598765663,-0.184953270691056,-0.186268026089367,-0.187593344877383,-0.188928720570911,-0.190273665196882,-0.191627714425271,-0.192990432906689,-0.194361419796498,-0.195740314440681,-0.197126802192343,-0.198520620320757,-0.199921563967176,-0.201329492093264,-0.202744333359007,-0.204166091857215,-0.205594852621479,-0.207030786813475,-0.208474156484099,-0.209925318791048,-0.211384729543268,-0.212852945930422,-0.21433062828337,-0.215818540699968,-0.217317550359697,-0.21882862534129,-0.220352830750262,-0.221891322958918,-0.223445341760954,-0.225016200247252,-0.22660527222021,-0.228213976982164,-0.229843761360729,-0.231496078871418,-0.233172365967192,-0.234874015386615,-0.236602346687908,-0.238358574145551,-0.240143772288822,-0.241958839476353,-0.243804460025117,-0.245681065542493,-0.247588796241444,-0.249527463144951,-0.251496512199453,-0.253494991409577,-0.255521522169138,-0.25757427598717,-0.259650957784521,-0.261748796859532,-0.263864546486217,-0.265994492914091,-0.268134474287882,-0.27027990970494,-0.272425838289356,-0.274566967799904,-0.276697731922375,-0.278812355046092,-0.280904923010296,-0.282969458048413,-0.284999995973584,-0.286990663549727,-0.288935753985279,-0.290829798572245,-0.292667632665249,-0.294444454442446,-0.296155875196166,-0.29779796024663,-0.299367259936259,-0.30086083052431,-0.302276245143266,-0.303611595283679,-0.304865483531407,-0.306037008482781,-0.307125742905957,-0.308131706301248,-0.309055333043518,-0.309897437272057,-0.310659175635893,-0.311342008914048,-0.311947663419657,-0.312478092972765,-0.312935442096447,-0.313322010961097,-0.313640222477418,-0.313892591823589,-0.314081698588882,-0.314210161626146,-0.314280616629601,-0.314295696392155,-0.314258013647349,-0.31417014636381,-0.314034625333568,-0.313853923878313,-0.313630449488138,-0.313366537204193,-0.313064444558647,-0.312726347891198,-0.312354339870152,-0.311950428056855,-0.311516534364295,-0.311054495273439,-0.310566062683767,-0.310052905287232,-0.309516610367199,0,-0.121142911740127,-0.121388843924929,-0.121632821179101,-0.121890392806934,-0.12216416114616,-0.122453299284478,-0.122756080627568,-0.123070775499184,-0.123395961798388,-0.123730582407215,-0.124073896664042,-0.124425398477461,-0.124784735264553,-0.12515164140467,-0.125525889556867,-0.125907258508512,-0.126295514510343,-0.126690402776552,-0.127091646168537,-0.127498948626752,-0.12791200147463,-0.128330491212628,-0.128754107824468,-0.12918255293242,-0.129615547375326,-0.130052837955938,-0.13049420322709,-0.130939458271182,-0.131388458484272,-0.131841102412585,-0.132297333711204,-0.132757142306549,-0.133220564849074,-0.133687684542725,-0.134158630434658,-0.13463357624372,-0.135112738799939,-0.135596376160444,-0.136084785460117,-0.136578300548272,-0.137077289455889,-0.137582151731584,-0.138093315678663,-0.138611235520384,-0.13913638851589,-0.139669272045319,-0.140210400679203,-0.140760303244491,-0.141319519897365,-0.141888599211287,-0.142468095287526,-0.143058564894612,-0.143660564642701,-0.14427464819869,-0.144901363547976,-0.145541250309046,-0.146194837107413,-0.1468626390159,-0.147545155068709,-0.148242865857212,-0.148956231215758,-0.149685688006142,-0.150431648009589,-0.151194495935198,-0.151974587553735,-0.152772247965495,-0.153587770010624,-0.154421412829808,-0.155273400582697,-0.15614392133069,-0.157033126089992,-0.157941128059972,-0.158868002031022,-0.159813783975242,-0.160778470822418,-0.161762020423015,-0.162764351699174,-0.163785344984128,-0.164824842550006,-0.165882649323657,-0.166958533790016,-0.168052229082505,-0.16916343426018,-0.17029181577165,-0.171437009106247,-0.17259862063355,-0.173776229632968,-0.174969390515863,-0.176177635243318,-0.177400475943387,-0.178637407732149,-0.179887911743318,-0.18115145837131,-0.182427510732587,-0.183715528349628,-0.185014971061096,-0.186325303160475,-0.187645997763723,-0.188976541404199,-0.190316438850293,-0.191665218137746,-0.193022435804575,-0.194387682311824,-0.195760587628004,-0.197140826948998,-0.19852812651856,-0.199922269507057,-0.201323101898063,-0.202730538323622,-0.204144567779564,-0.205565259142176,-0.206992766396828,-0.208427333477928,-0.209869298607805,-0.21131909801009,-0.212777268860837,-0.214244451328408,-0.215721389541195,-0.217208931311078,-0.218708026430511,-0.220219723352994,-0.221745164061121,-0.22328557692437,-0.224842267351247,-0.226416606048667,-0.228010014716713,-0.229623949030609,-0.231259878795354,-0.232919265203234,-0.234603535181654,-0.236314052889289,-0.238052088502895,-0.239818784535074,-0.241615120033865,-0.243441873136236,-0.245299582576201,-0.247188508880017,-0.249108596109815,-0.251059435136278,-0.253040229522284,-0.255049765174234,-0.257086384956784,-0.25914796946161,-0.261231925064053,-0.263335180287882,-0.265454191325488,-0.267584957329842,-0.269723045810885,-0.271863628142327,-0.274001524829085,-0.276131259818088,-0.278247122775896,-0.280343237926427,-0.282413637761447,-0.284452339723387,-0.286453423828568,-0.288411109157917,-0.290319827194433,-0.292174290128439,-0.293969552473391,-0.295701064621992,-0.29736471730621,-0.298956876284909,-0.300474406948367,-0.301914688880447,-0.303275620739505,-0.304555616095179,-0.305753591080772,-0.306868944885258,-0.307901534214427,-0.308851642900014,-0.309719947834533,-0.310507482365505,-0.311215598204388,-0.311845926801919,-0.312400341021288,-0.312880917811771,-0.313289902454678,-0.31362967482664,-0.313902718006373,-0.314111589443296,-0.314258894811479,-0.31434726459137,-0.314379333354539,-0.314357721672903,-0.314285020532486,-0.314163778101503,-0.313996488682118,-0.313785583663018,-0.313533424284694,-0.31324229602954,-0.312914404453488,-0.312551872283717,-0.312156737617121,-0.311730953065863,-0.311276385708893,-0.310794817721206,-0.310287947565473,-0.309757391643175,-0.309204686314342,0,-0.121541462234128,-0.121778716420358,-0.12202873166509,-0.122297925069661,-0.1225852848077,-0.122888304177844,-0.12320448693638,-0.123531814659787,-0.123868826770899,-0.12421454368453,-0.124568341524875,-0.124929829526763,-0.125298750287888,-0.125674907279694,-0.12605811703735,-0.126448181084263,-0.126844872454738,-0.127247932356966,-0.127657073436278,-0.128071986980721,-0.128492352157344,-0.128917845957889,-0.129348152979534,-0.129782974493832,-0.130222036490159,-0.130665096541426,-0.131111949448269,-0.131562431688084,-0.132016424738486,-0.132473857369222,-0.132934707008419,-0.13339900029242,-0.133866812906443,-0.134338268817863,-0.134813538996417,-0.135292839707102,-0.135776430452543,-0.136264611632536,-0.136757721979794,-0.13725613582257,-0.137760260217245,-0.138270531986949,-0.138787414696103,-0.139311395585321,-0.139842982486429,-0.140382700733465,-0.140931090082272,-0.141488701648803,-0.142056094874298,-0.142633834524086,-0.1432224877259,-0.143822621053048,-0.144434797657622,-0.145059574459056,-0.145697499393608,-0.146349108730815,-0.147014924463499,-0.147695451778441,-0.148391176615402,-0.149102563322666,-0.149830052417634,-0.150574058461345,-0.15133496805587,-0.152113137973559,-0.15290889342694,-0.153722526487716,-0.154554294662865,-0.155404419635178,-0.156273086174853,-0.157160441227915,-0.158066593186291,-0.15899161134343,-0.159935525538366,-0.16089832599018,-0.161879963323904,-0.162880348788106,-0.163899354663697,-0.164936814862927,-0.165992525717145,-0.167066246951682,-0.168157702846151,-0.169266583578604,-0.170392546752317,-0.171535219104425,-0.172694198396256,-0.173869055485924,-0.175059336584555,-0.176264565698289,-0.17748424725903,-0.178717868947613,-0.179964904713613,-0.181224817996412,-0.182497065152253,-0.183781099091801,-0.185076373132174,-0.186382345066375,-0.187698481451615,-0.189024262115984,-0.190359184880365,-0.191702770489341,-0.193054567741061,-0.194414158801561,-0.19578116468401,-0.197155250867517,-0.198536133023731,-0.199923582812293,-0.201317433698374,-0.202717586737048,-0.204124016259995,-0.205536775390247,-0.206956001300167,-0.208381920116803,-0.209814851367203,-0.211255211844271,-0.212703518761517,-0.214160392052734,-0.215626555660533,-0.217102837646124,-0.218590168942186,-0.220089580561757,-0.221602199069395,-0.223129240117399,-0.224671999850493,-0.226231843988299,-0.227810194407445,-0.229408513065484,-0.23102828313863,-0.232670987285732,-0.234338083003478,-0.236030975103353,-0.237750985420162,-0.239499319954974,-0.24127703376152,-0.243084994002731,-0.24492384173057,-0.246793953073572,-0.248695400647356,-0.250627916127081,-0.25259085502989,-0.254583164840934,-0.256603357669855,-0.258649488636553,-0.260719141147962,-0.262809420135085,-0.264916954168243,-0.267037907158155,-0.269168000084882,-0.271302542884031,-0.273436476272266,-0.275564422928402,-0.277680747081342,-0.279779621212543,-0.281855098279478,-0.283901187626736,-0.285911932588722,-0.287881487713215,-0.289804193553447,-0.291674647086411,-0.293487766009445,-0.295238845432604,-0.296923605803769,-0.298538231256785,-0.300079397939235,-0.301544292235536,-0.302930619134753,-0.304236601286214,-0.30546096952902,-0.30660294586744,-0.307662219991003,-0.308638920507316,-0.309533582072068,-0.310347109571193,-0.311080740443186,-0.311736006133926,-0.312314693561157,-0.312818807339,-0.313250533382083,-0.313612204379905,-0.313906267509814,-0.314135254644807,-0.314301755212595,-0.314408391776214,-0.314457798334256,-0.314452601280161,-0.314395402914265,-0.31428876736814,-0.314135208776894,-0.313937181520083,-0.313697072344282,-0.313417194178711,-0.313099781458532,-0.312746986777148,-0.312360878698274,-0.311943440569703,-0.311496570193026,-0.311022080216358,-0.310521699130066,-0.309997072758135,-0.309449766149998,-0.308881265789121,0,-0.121938452420694,-0.122168299791157,-0.122426878709377,-0.122709724818153,-0.123012079039676,-0.123329863572991,-0.123659962197788,-0.124000201793357,-0.124349184417481,-0.124706075301985,-0.125070406727557,-0.125441922371457,-0.125820465887439,-0.126205907999004,-0.126598103525281,-0.126996870017449,-0.127401981088182,-0.127813169127521,-0.12823013353942,-0.128652551794318,-0.129080091476883,-0.129512422155762,-0.129949226363115,-0.130390209290879,-0.130835107025559,-0.131283693283295,-0.131735784694262,-0.132191244736597,-0.132649986446988,-0.133111974046002,-0.133577223617154,-0.134045802973376,-0.134517830835608,-0.134993475437384,-0.135472952657619,-0.135956523771963,-0.136444492901632,-0.13693720422772,-0.137435039028837,-0.137938412590727,-0.138447771028151,-0.138963588052001,-0.139486361708223,-0.140016611109653,-0.140554873177347,-0.141101699404262,-0.141657652651236,-0.142223303982989,-0.142799229550304,-0.143386007523505,-0.143984215081779,-0.144594425462756,-0.145217205076836,-0.145853110691184,-0.146502686688789,-0.147166462408646,-0.14784494957378,-0.148538639814447,-0.149248002294492,-0.149973481449269,-0.150715494843931,-0.151474431161075,-0.152250648326766,-0.153044471783812,-0.153856192920849,-0.154686067665267,-0.155534315247377,-0.156401117142398,-0.157286616195919,-0.158190915937502,-0.159114080086004,-0.160056132249121,-0.16101705581857,-0.161996794061337,-0.162995250406438,-0.16401228892585,-0.165047735007605,-0.166101376218518,-0.167172963353729,-0.168262211670132,-0.169368802300838,-0.17049238384814,-0.171632574152915,-0.172788962239029,-0.17396111043211,-0.175148556652919,-0.176350816886465,-0.177567387828938,-0.17879774971542,-0.180041369332054,-0.181297703216966,-0.182566201054547,-0.183846309267738,-0.185137474812661,-0.186439149179169,-0.187750792599683,-0.18907187846697,-0.190401897959186,-0.191740364867673,-0.193086820619451,-0.194440839482185,-0.195802033934634,-0.19717006018001,-0.198544623773548,-0.199925485328664,-0.201312466258524,-0.202705454501557,-0.204104410170509,-0.20550937105501,-0.206920457897362,-0.208337879350394,-0.209761936514821,-0.211193026941679,-0.212631647973241,-0.214078399283446,-0.215533984466673,-0.216999211511827,-0.21847499198775,-0.219962338756279,-0.221462362021724,-0.222976263520656,-0.224505328654919,-0.226050916374505,-0.227614446626854,-0.229197385206382,-0.230801225864182,-0.232427469574171,-0.234077600899912,-0.235753061466979,-0.23745522061999,-0.239185343431404,-0.240944556330792,-0.242733810736993,-0.244553845199308,-0.246405146684022,-0.248287911774339,-0.250202008679134,-0.252146941061394,-0.254121814792585,-0.25612530880535,-0.25815565124513,-0.26021060210293,-0.262287443439795,-0.264382978183861,-0.266493538291739,-0.268615002819616,-0.270742826152524,-0.27287207630352,-0.274997482833013,-0.277113493570438,-0.279214338966271,-0.281294102583029,-0.283346795969378,-0.285366435968905,-0.287347122407363,-0.289283114086448,-0.291168901089499,-0.292999271569583,-0.294769371432056,-0.296474755626042,-0.298111430103043,-0.299675883865297,-0.301165110890819,-0.302576622067249,-0.303908447576631,-0.305159130435884,-0.306327712105042,-0.30741371122373,-0.308417096626174,-0.309338255819942,-0.310177960099875,-0.310937327414182,-0.31161778401336,-0.312221025803323,-0.312748980200582,-0.313203769157096,-0.313587673892033,-0.313903101742468,-0.314152555428774,-0.314338604925978,-0.314463862041068,-0.314530957718956,-0.314542522036258,-0.31450116679175,-0.314409470564119,-0.314269966080166,-0.314085129718582,-0.313857372964253,-0.31358903562445,-0.313282380619805,-0.312939590168554,-0.312562763191121,-0.312153913772705,-0.311714970533551,-0.311247776769258,-0.310754091236404,-0.310235589471578,-0.309693865544258,-0.30913043415577,-0.308546733007529,0,-0.122329629261772,-0.122558170189627,-0.122829040406442,-0.123127800651638,-0.123446437171803,-0.123779639288333,-0.124123919940243,-0.124477126800588,-0.124838038428412,-0.125206031253217,-0.12558082665958,-0.125962314175064,-0.126350437380605,-0.12674512686498,-0.127146266170769,-0.127553679609488,-0.127967133742186,-0.12838634675087,-0.128811001784576,-0.129240761719771,-0.129675283733084,-0.130114232744475,-0.130557293232465,-0.131004179212594,-0.131454642352765,-0.131908478308445,-0.132365531421264,-0.132825697953408,-0.133288928039025,-0.13375522653053,-0.134224652907451,-0.134697320401458,-0.135173394475722,-0.135653090780852,-0.136136672694158,-0.136624448534388,-0.137116768530456,-0.137614021610302,-0.138116632064846,-0.138625056132087,-0.139139778537712,-0.139661309021091,-0.140190178869181,-0.140726937475605,-0.1412721489379,-0.141826388702586,-0.142390240265181,-0.142964291930501,-0.143549133637431,-0.144145353851747,-0.144753536530364,-0.145374258160617,-0.146008084878574,-0.146655569671058,-0.147317249666764,-0.147993643522665,-0.148685248912659,-0.149392540126121,-0.150115965784617,-0.150855946685485,-0.151612873781255,-0.152387106303991,-0.153178970043494,-0.153988755788015,-0.154816717935604,-0.155663073283521,-0.156528000002297,-0.157411636800025,-0.158314082281354,-0.159235394504522,-0.160175590738517,-0.161134647421299,-0.16211250031884,-0.163109044883688,-0.164124136810829,-0.165157592787811,-0.166209191435522,-0.167278674435601,-0.16836574784028,-0.169470083560509,-0.170591321028492,-0.171729069031227,-0.172882907712316,-0.174052390740167,-0.175237047641633,-0.176436386301187,-0.177649895626805,-0.17887704838472,-0.180117304206194,-0.181370112770215,-0.18263491716658,-0.183911157444119,-0.18519827434873,-0.18649571325542,-0.187802928297576,-0.189119386695285,-0.190444573282433,-0.191777995229766,-0.19311918695781,-0.19446771522968,-0.195823184409247,-0.197185241864874,-0.19855358349301,-0.199927959329281,-0.201308179207409,-0.202694118418222,-0.204085723312337,-0.205483016780686,-0.206886103537,-0.208295175115711,-0.209710514487494,-0.211132500182923,-0.212561609802638,-0.213998422780058,-0.215443622250365,-0.21689799586742,-0.218362435398877,-0.219837934919547,-0.221325587414539,-0.222826579597772,-0.224342184748801,-0.225873753372792,-0.227422701495853,-0.22899049642236,-0.230578639803489,-0.232188647898639,-0.233822028954893,-0.235480257685545,-0.237164746897898,-0.238876816403516,-0.240617659440843,-0.242388306949632,-0.244189590157134,-0.246022102064342,-0.247886158552552,-0.249781759960392,-0.251708554102306,-0.253665801803365,-0.255652346103323,-0.257666586325977,-0.259706458209547,-0.261769421242271,-0.263852454239216,-0.265952060028753,-0.26806427989093,-0.270184718110248,-0.272308576681264,-0.274430699850677,-0.276545627811222,-0.278647658500585,-0.280730916123718,-0.282789424729897,-0.284817184955084,-0.286808251900138,-0.288756812065657,-0.290657257307972,-0.292504253915076,-0.294292805116888,-0.296018305626926,-0.297676587143849,-0.299263954101113,-0.300777209320046,-0.302213669576201,-0.303571171413641,-0.304848067823101,-0.306043216628242,-0.307155961594386,-0.308186107385004,-0.309133889545566,-0.309999940697392,-0.310785254083439,-0.311491145532031,-0.312119214802506,-0.312671307157304,-0.313149475876286,-0.31355594629795,-0.31389308184451,-0.314163352367785,-0.314369305043796,-0.314513537947669,-0.314598676358016,-0.314627351771465,-0.314602183552931,-0.314525763104762,-0.314400640406651,-0.3142293127569,-0.314014215532822,-0.313757714782153,-0.313462101457257,-0.313129587108096,-0.312762300857611,-0.31236228749308,-0.311931506518627,-0.311471832026539,-0.310985053257955,-0.310472875736383,-0.309936922870049,-0.309378737931099,-0.308799786330952,-0.308201458121578,0,-0.122712532761722,-0.12294967708241,-0.123237305599653,-0.123554231563894,-0.12389019307512,-0.124239169599761,-0.124597626173822,-0.1249636311112,-0.125336254681957,-0.125715142790524,-0.126100228289008,-0.126491548151217,-0.12688913694603,-0.127292972144354,-0.127702952828887,-0.128118898757643,-0.128540560929917,-0.128967637854283,-0.129399793847262,-0.129836677137888,-0.13027793651493,-0.130723235878442,-0.13117226645205,-0.131624756652371,-0.132080479749503,-0.132539259523801,-0.133000974153849,-0.133465558574914,-0.133933005537112,-0.134403365574836,-0.134876746077831,-0.135353309632287,-0.135833271778747,-0.136316898313348,-0.136804502240203,-0.13729644046576,-0.137793110310787,-0.138294945902157,-0.13880241449477,-0.139316012763704,-0.139836263097938,-0.140363709919613,-0.140898916046705,-0.141442459112116,-0.141994928048352,-0.142556919644103,-0.143129035177025,-0.143711877125755,-0.144306045963492,-0.144912137035356,-0.145530737521936,-0.146162423492024,-0.146807757048238,-0.147467283570164,-0.148141529060535,-0.148830997600919,-0.149536168924198,-0.150257496111864,-0.150995403424691,-0.151750284275751,-0.152522499354845,-0.153312374913394,-0.154120201218529,-0.154946231184588,-0.155790679189543,-0.156653720082923,-0.157535488390788,-0.158436077722085,-0.159355540379437,-0.16029388717614,-0.161251087459747,-0.162227069341425,-0.163221720128989,-0.164234886960519,-0.16526637763451,-0.166315961631836,-0.167383371324269,-0.168468303364095,-0.169570420249321,-0.170689352059227,-0.171824698355495,-0.172976030244837,-0.174142892599938,-0.175324806436571,-0.17652127144587,-0.177731768681979,-0.178955763406445,-0.180192708091897,-0.181442045588507,-0.182703212457528,-0.183975642476721,-0.185258770322666,-0.186552035434724,-0.187854886064738,-0.189166783515389,-0.190487206568346,-0.191815656101051,-0.193151659887967,-0.194494777578514,-0.195844605839615,-0.197200783645769,-0.198562997693904,-0.199930987913832,-0.201304553038079,-0.202683556187026,-0.204067930416823,-0.205457684168368,-0.206852906545786,-0.208253772342384,-0.209660546720993,-0.211073589444018,-0.212493358536492,-0.213920413253173,-0.215355416208276,-0.216799134514254,-0.218252439764298,-0.219716306682473,-0.221191810256172,-0.222680121158521,-0.224182499264367,-0.225700285063534,-0.227234888780198,-0.22878777701886,-0.23036045677679,-0.231954456691442,-0.233571305430583,-0.235212507184067,-0.236879514280395,-0.23857369702909,-0.24029631098172,-0.242048461909429,-0.243831068911714,-0.245644826197159,-0.247490164208224,-0.249367210893666,-0.251275754057372,-0.253215205823606,-0.255184570347346,-0.257182415955475,-0.259206852921176,-0.261255518041869,-0.263325567104045,-0.265413676172446,-0.26751605243579,-0.269628455079946,-0.271746226349892,-0.273864332616062,-0.275977414894699,-0.278079847904609,-0.280165806395074,-0.282229337172551,-0.284264435006584,-0.286265120424308,-0.288225517319408,-0.29013992831107,-0.292002905890631,-0.2938093175812,-0.295554403596065,-0.297233825797974,-0.29884370711372,-0.300380660925649,-0.301841810323422,-0.303224797437148,-0.304527783371771,-0.305749439511253,-0.306888931152893,-0.307945894564596,-0.308920408632331,-0.309812962285944,-0.310624418865649,-0.311355978527318,-0.312009139690917,-0.312585660422284,-0.31308752051201,-0.313516884884126,-0.313876068837618,-0.314167505500463,-0.314393715762467,-0.31455728085201,-0.314660817634225,-0.314706956634561,-0.31469832273177,-0.31463751841742,-0.314527109483885,-0.314369612977988,-0.314167487241745,-0.313923123853428,-0.313638841280101,-0.313316880055573,-0.312959399304247,-0.312568474440522,-0.312146095884541,-0.311694168647284,-0.311214512650845,-0.310708863662652,-0.31017887473512,-0.30962611805443,-0.309052087113725,-0.308458199136779,-0.307845797688127,0,-0.123087888640777,-0.123345121836995,-0.123654074583526,-0.123991123927749,-0.124345072771495,-0.124709828343726,-0.125082169065542,-0.125460586974194,-0.125844547840743,-0.126234009931277,-0.12662912560883,-0.127030069525557,-0.127436950189569,-0.127849773726153,-0.128268438586052,-0.128692747316861,-0.129122426624181,-0.12955715036183,-0.12999656231491,-0.130440297061996,-0.13088799809407,-0.131339332910957,-0.131794005133386,-0.132251763841907,-0.132712410436595,-0.133175803339526,-0.13364186085826,-0.134110562507846,-0.134581949060102,-0.135056121557499,-0.135533239497892,-0.136013518367116,-0.136497226669792,-0.13698468258476,-0.137476250350345,-0.137972336466032,-0.138473385780816,-0.138979877524455,-0.139492321325753,-0.140011253251786,-0.140537231893457,-0.141070834515757,-0.141612653285555,-0.142163291585352,-0.142723360418256,-0.143293474907158,-0.143874250889691,-0.144466301609825,-0.145070234506833,-0.145686648102675,-0.146316128989503,-0.146959248919898,-0.147616562003486,-0.148288602014689,-0.148975879817436,-0.149678880913681,-0.150398063123422,-0.151133854404634,-0.151886650821967,-0.152656814673332,-0.153444672783479,-0.154250514973406,-0.155074592713928,-0.155917117971004,-0.156778262249458,-0.157658155840587,-0.158556887277905,-0.159474503003829,-0.160411007248746,-0.16136636212237,-0.162340487915942,-0.163333263612453,-0.164344527600885,-0.16537407858942,-0.166421676711754,-0.167487044820043,-0.168569869957689,-0.169669805005107,-0.170786470491814,-0.171919456568666,-0.173068325134782,-0.174232612114632,-0.1754118298819,-0.176605469827969,-0.177813005074238,-0.179033893328828,-0.180267579889532,-0.181513500796108,-0.182771086135986,-0.18403976350823,-0.185318961651053,-0.186608114238204,-0.187906663849134,-0.189214066116954,-0.190529794056705,-0.191853342574389,-0.193184233154535,-0.194522018720642,-0.19586628865888,-0.197216673990603,-0.198572852673845,-0.199934555007766,-0.201301569107192,-0.202673746406761,-0.204051007145991,-0.205433345777543,-0.206820836231384,-0.208213636957235,-0.209611995656813,-0.211016253605945,-0.212426849454717,-0.213844322381592,-0.215269314465003,-0.216702572123588,-0.218144946464235,-0.219597392365917,-0.221060966117378,-0.222536821418763,-0.224026203552006,-0.225530441523204,-0.227050937983301,-0.228589156742455,-0.230146607709831,-0.231724829115553,-0.233325366906752,-0.234949751256263,-0.236599470181861,-0.238275940346736,-0.239980475198702,-0.241714250705941,-0.243478269059965,-0.245273320839579,-0.247099946259687,-0.248958396261047,-0.250848594325573,-0.252770100019227,-0.25472207536266,-0.256703255199609,-0.258711922765547,-0.260745891645785,-0.262802495245916,-0.264878584773338,-0.266970536544704,-0.269074269192443,-0.271185271050082,-0.273298637661566,-0.27540911899866,-0.277511175601008,-0.279599042495673,-0.281666799428326,-0.283708445666729,-0.28571797743645,-0.287689465932174,-0.289617133823369,-0.291495428242053,-0.293319088398262,-0.295083206204774,-0.296783278591245,-0.298415250529871,-0.299975548159418,-0.30146110176085,-0.30286935868664,-0.304198286660695,-0.305446368134024,-0.30661258659451,-0.307696405883384,-0.30869774366623,-0.309616940246102,-0.310454723896529,-0.31121217384083,-0.311890681919992,-0.312491913883455,-0.31301777111414,-0.313470353468743,-0.313851923783382,-0.314164874468427,-0.314411696498902,-0.314594951000925,-0.314717243541978,-0.314781201154068,-0.314789452053995,-0.314744607973385,-0.314649248971836,-0.314505910578147,-0.314317073085714,-0.314085152817452,-0.313812495171409,-0.313501369259431,-0.313153963956535,-0.312772385186991,-0.312358654283637,-0.311914707268849,-0.311442394918265,-0.310943483481289,-0.310419655945267,-0.309872513742629,-0.309303578812168,-0.308714295936655,-0.308106035289274,-0.307480095130723,0,-0.123459741759714,-0.123747736747401,-0.124081987417455,-0.12444053890329,-0.124812635968716,-0.125192783520643,-0.125578432476339,-0.125968682111376,-0.126363473327299,-0.126763097688329,-0.127167917938891,-0.127578224515319,-0.127994175019954,-0.128415781544565,-0.128842923662991,-0.129275373582378,-0.129712825503595,-0.130154924717032,-0.130601294092667,-0.131051556906888,-0.13150535569998,-0.131962367278331,-0.132422314191513,-0.132884973107474,-0.133350180530504,-0.13381783628863,-0.134287905179597,-0.13476041711936,-0.135235466090814,-0.13571320814678,-0.136193858681563,-0.136677689150303,-0.137165023384623,-0.13765623362652,-0.138151736379517,-0.138651988156454,-0.139157481186568,-0.139668739130277,-0.140186312838222,-0.140710776181274,-0.141242721970188,-0.141782757977257,-0.142331503067397,-0.1428895834425,-0.143457629000392,-0.144036269808181,-0.144626132689056,-0.145227837921493,-0.145841996050258,-0.146469204809396,-0.147110046158461,-0.147765083434517,-0.148434858623675,-0.149119889757273,-0.14982066843897,-0.150537657510061,-0.151271288861175,-0.152021961399125,-0.152790039178005,-0.153575849703717,-0.154379682420879,-0.155201787390572,-0.156042374166636,-0.156901610877223,-0.157779623517122,-0.158676495454985,-0.15959226715812,-0.160526936135921,-0.161480457101434,-0.162452742348985,-0.16344366234433,-0.164453046522426,-0.165480684286767,-0.166526326203264,-0.16758968538096,-0.168670439031452,-0.169768230198746,-0.170882669651469,-0.1720133379298,-0.17315978754024,-0.174321545292323,-0.175498114772578,-0.17668897895242,-0.177893602928121,-0.17911143679255,-0.180341918639864,-0.181584477705757,-0.182838537647108,-0.184103519965886,-0.185378847582853,-0.186663948566932,-0.187958260025932,-0.189261232163743,-0.190572332507829,-0.191891050309133,-0.193216901113988,-0.194549431504566,-0.195888224000594,-0.197232902110543,-0.198583135515303,-0.199938645361425,-0.201299209634357,-0.20266466857475,-0.204034930092856,-0.205409975127254,-0.206789862884753,-0.208174735888187,-0.209564824748115,-0.210960452563184,-0.212362038842092,-0.213770102827941,-0.215185266093361,-0.216608254262348,-0.218039897702537,-0.219481131020112,-0.220932991179005,-0.222396614057274,-0.223873229247143,-0.225364152902068,-0.226870778435406,-0.228394564881951,-0.229937022747057,-0.23149969718972,-0.233084148417226,-0.234691929211253,-0.236324559559852,-0.237983498437521,-0.239670112857288,-0.241385644414197,-0.243131173648122,-0.244907582673617,-0.246715516652608,-0.248555344817962,-0.250427121886769,-0.252330550824761,-0.254264948029642,-0.256229212082532,-0.25822179726403,-0.260240693035891,-0.262283410643079,-0.26434697788837,-0.266427942969478,-0.268522388047422,-0.270625952939085,-0.272733869005522,-0.274841002953869,-0.276941909901486,-0.279030894686032,-0.281102080065565,-0.283149480159179,-0.285167077250078,-0.287148899924201,-0.289089100458804,-0.290982029410442,-0.29282230547838,-0.29460487892876,-0.296325087143052,-0.29797870118324,-0.299561962625567,-0.301071610283232,-0.302504896796247,-0.303859595395914,-0.305133997438159,-0.306326901534112,-0.307437595282438,-0.308465830724505,-0.309411794702862,-0.310276075310863,-0.311059625583981,-0.31176372550996,-0.312389943334499,-0.312940097020551,-0.313416216590684,-0.313820507950395,-0.314155318661641,-0.31442310601471,-0.314626407636089,-0.314767814772287,-0.314849948305662,-0.314875437488429,-0.3148469013247,-0.314766932486741,-0.314638083619436,-0.314462855864809,-0.314243689424883,-0.31398295597478,-0.313682952737354,-0.313345898034578,-0.312973928138302,-0.312569095252802,-0.312133366473033,-0.311668623574982,-0.311176663507387,-0.310659199467059,-0.310117862452614,-0.309554203203535,-0.308969694442811,-0.308365733351999,-0.307743644217238,-0.30710468119355,0,-0.123834738501437,-0.124161468531263,-0.124523785351601,-0.124904395511313,-0.125294211835255,-0.125688958524144,-0.126087075347251,-0.126488410805413,-0.1268934251017,-0.127302737039526,-0.127716891877629,-0.128136262023778,-0.128561022516813,-0.128991165480356,-0.129426532460243,-0.129866852717293,-0.13031178104631,-0.130760931922448,-0.131213908635598,-0.131670327113308,-0.132129834684798,-0.132592124302865,-0.133056944838281,-0.133524108066502,-0.133993492923875,-0.134465047546739,-0.134938789537034,-0.135414804830492,-0.135893245482035,-0.136374326629045,-0.136858322846763,-0.137345564070569,-0.137836431226494,-0.138331351683159,-0.138830794614578,-0.139335266343388,-0.139845305717413,-0.140361479558688,-0.14088437821274,-0.141414611216852,-0.141952803098794,-0.142499589312067,-0.143055612309641,-0.143621517755474,-0.144197950871409,-0.14478555291631,-0.145384957794275,-0.145996788789335,-0.146621655425002,-0.147260150448352,-0.147912846939781,-0.148580295551077,-0.149263021876018,-0.149961523959063,-0.150676269948987,-0.151407695905306,-0.152156203766105,-0.152922159486358,-0.153705891355967,-0.1545076885066,-0.155327799615936,-0.156166431817175,-0.157023749820611,-0.157899875252839,-0.158794886217688,-0.159708817081361,-0.160641658482594,-0.161593357566899,-0.162563818442235,-0.163552902851859,-0.16456043105856,-0.165586182933215,-0.16662989923949,-0.167691283105713,-0.16877000167443,-0.169865687919942,-0.170977942624281,-0.172106336502484,-0.173250412468835,-0.174409688036747,-0.175583657846257,-0.176771796314584,-0.17797356040682,-0.179188392525517,-0.180415723519639,-0.181654975814971,-0.182905566669555,-0.184166911558993,-0.185438427697387,-0.186719537700294,-0.188009673396177,-0.189308279792494,-0.190614819201616,-0.191928775530244,-0.193249658733806,-0.194577009434462,-0.195910403697809,-0.197249457959079,-0.198593834084675,-0.199943244549166,-0.201297457701422,-0.202656303086434,-0.204019676781506,-0.205387546696929,-0.206759957782033,-0.208137037067575,-0.209518998464916,-0.210906147231288,-0.212298883998818,-0.21369770825288,-0.215103221132994,-0.216516127416957,-0.217937236536597,-0.219367462461589,-0.22080782227686,-0.222259433269505,-0.223723508333803,-0.225201349498387,-0.226694339379133,-0.228203930365787,-0.22973163136116,-0.231278991910123,-0.232847583583209,-0.234438978517639,-0.236054725068494,-0.237696320585614,-0.239365181408369,-0.241062610260971,-0.242789761334971,-0.24454760346159,-0.246336881902137,-0.248158079416185,-0.250011377399377,-0.251896618009405,-0.253813268312116,-0.255760387571517,-0.257736598868422,-0.259740066253726,-0.261768478615493,-0.263819041357567,-0.265888476847097,-0.267973034388213,-0.270068510222208,-0.272170277748202,-0.27427332781416,-0.276372318561957,-0.278461633940812,-0.280535449651568,-0.282587804971188,-0.284612678652107,-0.286604066911481,-0.288556061432789,-0.290462925303048,-0.292319164902852,-0.294119595947176,-0.295859402130225,-0.29753418514071,-0.299140005165137,-0.300673411364823,-0.302131462176751,-0.303511735630304,-0.304812330175968,-0.306031856776539,-0.307169423209254,-0.308224611665563,-0.309197450815069,-0.310088383525697,-0.310898231410118,-0.311628157307025,-0.312279626714106,-0.312854369076362,-0.313354339707437,-0.313781682990192,-0.314138697372351,-0.314427802548588,-0.314651509105708,-0.314812390804901,-0.314913059586068,-0.31495614330414,-0.314944266146125,-0.314880031629458,-0.314766008045983,-0.314604716190287,-0.314398619194546,-0.314150114283253,-0.313861526258648,-0.313535102530073,-0.313173009506776,-0.312777330182676,-0.31235006275263,-0.311893120111918,-0.31140833010347,-0.310897436390322,-0.310362099843564,-0.309803900348332,-0.309224338942053,-0.308624840210011,-0.308006754873336,-0.307371362513631,-0.306719874386728,0,-0.124221191394344,-0.124590613121124,-0.124982122035084,-0.125384358856372,-0.125790835054181,-0.126198999701913,-0.126608518967148,-0.127020072318436,-0.127434639431037,-0.127853130435539,-0.128276226525118,-0.128704337625316,-0.12913761939521,-0.129576016409034,-0.130019313490052,-0.130467185942288,-0.130919244351995,-0.131375072327779,-0.131834256976466,-0.13229641262255,-0.132761198587309,-0.133228331930504,-0.133697596028161,-0.134168845775236,-0.134642010096803,-0.135117092344824,-0.135594169059054,-0.136073387484213,-0.136554962161912,-0.137039170854288,-0.137526350005266,-0.138016889903269,-0.138511229674483,-0.139009852207155,-0.139513279083753,-0.14002206557839,-0.140536795760992,-0.141058077736761,-0.141586539039192,-0.142122822186821,-0.142667580407789,-0.143221473531863,-0.143785164046614,-0.144359313312688,-0.144944577932362,-0.14554160626571,-0.146151035089383,-0.146773486394265,-0.147409564319761,-0.148059852224265,-0.148724909893089,-0.149405270886996,-0.15010144003608,-0.150813891085266,-0.15154306449889,-0.152289365432789,-0.153053161882924,-0.153834783019831,-0.154634517718107,-0.155452613289714,-0.15628927442913,-0.157144662377294,-0.158018894309998,-0.158912042954802,-0.15982413643887,-0.160755158368254,-0.161705048137322,-0.162673701465122,-0.163660971153723,-0.164666668061869,-0.16569056228588,-0.166732384538446,-0.167791827715088,-0.168868548637386,-0.169962169961847,-0.171072282243325,-0.172198446142365,-0.173340194766607,-0.174497036137457,-0.175668455774624,-0.176853919392692,-0.178052875705665,-0.179264759337292,-0.180488993836881,-0.181724994802131,-0.182972173112278,-0.184229938276303,-0.185497701902229,-0.186774881294316,-0.188060903185449,-0.189355207611846,-0.190657251936631,-0.191966515027485,-0.193282501591707,-0.194604746669413,-0.195932820282275,-0.197266332231174,-0.198604937031402,-0.199948338968512,-0.20129629725173,-0.202648631234866,-0.204005225667014,-0.205366035926939,-0.20673109318603,-0.208100509434921,-0.209474482298569,-0.210853299553565,-0.212237343249975,-0.213627093327993,-0.215023130607406,-0.216426139015318,-0.217836906905135,-0.219256327307675,-0.220685396943873,-0.222125213818361,-0.223576973204925,-0.225041961829144,-0.226521550051375,-0.228017181855722,-0.229530362458912,-0.231062643368437,-0.232615604743298,-0.234190834944736,-0.235789907209669,-0.237414353437585,-0.239065635153133,-0.240745111792095,-0.242454006557667,-0.24419337020584,-0.2459640432413,-0.24776661713513,-0.249601395308413,-0.251468354755485,-0.253367109299999,-0.255296875577921,-0.257256442915052,-0.259244148303621,-0.261257857674235,-0.263294954598675,-0.265352337440456,-0.267426425791552,-0.269513176796704,-0.271608111676975,-0.273706352431897,-0.275802668338918,-0.277891531497835,-0.279967180306645,-0.282023689425111,-0.284055044503753,-0.286055219746916,-0.288018256252976,-0.28993833904104,-0.291809870733933,-0.293627540017656,-0.295386383227659,-0.297081837706885,-0.29870978592073,-0.300266589678989,-0.301749114183402,-0.303154741972029,-0.304481377151477,-0.305727440581951,-0.306891856899403,-0.307974034419322,-0.308973839067543,-0.309891563528142,-0.310727892792804,-0.311483867247881,-0.312160844353415,-0.31276045986188,-0.313284589401946,-0.313735311122149,-0.314114869957795,-0.314425643957139,-0.314670112984148,-0.314850830007805,-0.31497039509373,-0.315031432133722,-0.315036568282563,-0.314988416018641,-0.314889557704481,-0.314742532493934,-0.31454982541311,-0.314313858430699,-0.314036983328646,-0.313721476184914,-0.313369533285083,-0.312983268287676,-0.312564710478489,-0.312115803961036,-0.31163840764288,-0.311134295890576,-0.310605159738846,-0.310052608552108,-0.309478172048389,-0.308883302606808,-0.308269377790162,-0.307637703023612,-0.306989514379033,-0.306325981422304,0,-0.124627234121616,-0.12503937145234,-0.125459349009177,-0.125881725935988,-0.12630318921793,-0.126723254101276,-0.127142943936657,-0.127563777215557,-0.127987204537053,-0.128414361405769,-0.128846001430639,-0.129282519310375,-0.129724011611678,-0.130170348037845,-0.130621239933363,-0.131076300311165,-0.13153509358446,-0.131997175110331,-0.13246212152856,-0.132929553202575,-0.133399150108335,-0.133870662417855,-0.134343916867492,-0.134818819830525,-0.135295357851478,-0.135773596255992,-0.136253676328143,-0.136735811446347,-0.137220282486918,-0.137707432738224,-0.138197662515117,-0.138691423620487,-0.139189213766181,-0.139691571037572,-0.140199068463419,-0.140712308734362,-0.141231919098784,-0.141758546453165,-0.142292852635109,-0.142835509920503,-0.143387196721433,-0.143948593478364,-0.144520378738239,-0.145103225409523,-0.145697797185449,-0.146304745127685,-0.14692470440414,-0.147558291176434,-0.148206099634672,-0.148868699179219,-0.149546631751352,-0.150240409316542,-0.150950511505962,-0.151677383423199,-0.152421433624367,-0.153183032280559,-0.15396250953197,-0.154760154043081,-0.155576211767834,-0.156410884933076,-0.157264331247387,-0.158136663341082,-0.159027948441519,-0.159938208286002,-0.160867419272665,-0.161815512847619,-0.162782376124679,-0.163767852732001,-0.164771743878135,-0.165793809628397,-0.166833770381072,-0.167891308531898,-0.168966070314558,-0.170057667804543,-0.171165681073782,-0.172289660483821,-0.17342912910614,-0.174583585259318,-0.175752505154184,-0.176935345639826,-0.17813154704521,-0.179340536113207,-0.180561729025934,-0.181794534522361,-0.183038357111137,-0.184292600383295,-0.185556670431051,-0.186829979379973,-0.188111949042549,-0.1894020147013,-0.190699629029277,-0.192004266154711,-0.193315425874994,-0.194632638022749,-0.19595546698374,-0.197283516362515,-0.198616433787178,-0.199953915839348,-0.201295713089384,-0.20264163521016,-0.203991556135218,-0.205345419218921,-0.206703242347362,-0.208065122939227,-0.209431242765607,-0.210801872506951,-0.212177375953967,-0.213558213747417,-0.214944946539506,-0.216338237447027,-0.21773885365394,-0.219147667008657,-0.220565653449625,-0.221993891082046,-0.223433556719485,-0.224885920697342,-0.22635233976159,-0.22783424783677,-0.229333144483233,-0.230850580866221,-0.232388143080041,-0.233947432700739,-0.235530044481719,-0.237137541159997,-0.238771425407271,-0.24043310904032,-0.242123879699572,-0.24384486531217,-0.245596996774975,-0.247380969420743,-0.249197203963228,-0.251045807748709,-0.252926537265725,-0.254838762973696,-0.256781437595906,-0.258753069073874,-0.26075169938944,-0.262774890420159,-0.264819717896564,-0.266882774373207,-0.268960181909155,-0.271047614881929,-0.273140333040286,-0.27523322454859,-0.277320858405527,-0.279397545252124,-0.281457405239557,-0.28349444132707,-0.285502616143633,-0.287475930389341,-0.289408500684535,-0.29129463480086,-0.293128902327058,-0.294906199025134,-0.296621803406068,-0.298271424380612,-0.299851239199601,-0.301357921268336,-0.302788657780654,-0.304141157452245,-0.305413648925068,-0.306604870655003,-0.307714053277089,-0.308740895565141,-0.309685535167161,-0.310548515309784,-0.31133074863123,-0.312033479231422,-0.312658243929157,-0.313206833598426,-0.313681255327428,-0.314083696011839,-0.314416487864305,-0.314682076199773,-0.314882989744394,-0.315021813616526,-0.31510116504297,-0.315123671802232,-0.315091953328998,-0.315008604369123,-0.314876181041236,-0.314697189138012,-0.314474074485932,-0.314209215175331,-0.313904915471526,-0.313563401221408,-0.31318681657702,-0.31277722186731,-0.312336592460675,-0.311866818473314,-0.31136970519135,-0.310846974087644,-0.310300264326877,-0.309731134664652,-0.3091410656578,-0.308531462113759,-0.307903655716652,-0.307258907776601,-0.306598412056851,-0.305923297640409,0,-0.12506005305888,-0.125511406722817,-0.125957303316077,-0.126397322759987,-0.12683156479244,-0.127261760913488,-0.127690298156367,-0.12811946171285,-0.128551075653031,-0.128986407575721,-0.12942620656481,-0.129870794376697,-0.130320168622238,-0.130774099169457,-0.131232210573249,-0.131694048915879,-0.13215913394839,-0.132626998410226,-0.133097216656908,-0.13356942463555,-0.134043333013019,-0.134518734981626,-0.134995509992465,-0.135473624420031,-0.135953129951946,-0.136434160325151,-0.136916926891323,-0.137401713384527,-0.137888870177887,-0.138378808248535,-0.138871993017092,-0.139368938186175,-0.139870199669405,-0.140376369676137,-0.14088807099633,-0.141405951513476,-0.141930678960701,-0.142462935925258,-0.143003415099379,-0.143552814770278,-0.144111834538817,-0.144681171254532,-0.145261515154199,-0.145853546191573,-0.146457930547212,-0.147075317309087,-0.147706335316914,-0.148351590165574,-0.149011661365502,-0.149687099660373,-0.150378424504741,-0.151086121706355,-0.151810641239607,-0.152552395237975,-0.15331175617431,-0.154089055238337,-0.154884580920897,-0.155698577814134,-0.156531245636099,-0.157382738487173,-0.158253164344242,-0.159142584796879,-0.160051015027814,-0.160978424037892,-0.161924735113525,-0.162889826532457,-0.163873532501523,-0.164875644318074,-0.165895911744975,-0.166934044587515,-0.167989714459391,-0.16906255672407,-0.170152172597366,-0.171258131397066,-0.172379972925774,-0.173517209973965,-0.174669330931393,-0.17583580249652,-0.177016072475462,-0.178209572663962,-0.179415721808171,-0.180633928642261,-0.181863595003222,-0.183104119025404,-0.184354898419371,-0.18561533384142,-0.18688483236149,-0.188162811038213,-0.189448700610254,-0.190741949313046,-0.192042026829273,-0.193348428380028,-0.194660678961535,-0.195978337729405,-0.197301002528899,-0.19862831456527,-0.199959963203204,-0.201295690878548,-0.202635298098908,-0.20397864850241,-0.205325673935926,-0.206676379505312,-0.208030848540845,-0.209389247411011,-0.21075183010712,-0.212118942510007,-0.213491026238317,-0.214868621965722,-0.216252372081911,-0.21764302255965,-0.219041423877694,-0.22044853083732,-0.221865401099071,-0.223293192256492,-0.224733157255922,-0.226186637966491,-0.22765505670341,-0.22913990551145,-0.230642733025543,-0.232165128742908,-0.233708704567619,-0.235275073525385,-0.236865825594956,-0.238482500664085,-0.240126558693244,-0.241799347259568,-0.243502066756371,-0.245235733638798,-0.247001142231314,-0.248798825744253,-0.25062901727955,-0.25249161173386,-0.254386129622989,-0.256311683946436,-0.258266951275812,-0.2602501482768,-0.262259014852828,-0.264290805022768,-0.266342286510258,-0.26840974982741,-0.27048902738322,-0.272575522843957,-0.274664250630376,-0.276749885070346,-0.278826818353892,-0.280889226081636,-0.28293113887842,-0.284946518281501,-0.286929334924362,-0.288873646935365,-0.290773676462088,-0.292623882317768,-0.2944190269199,-0.296154235940987,-0.297825049401264,-0.299427463283176,-0.300957961116455,-0.302413535349716,-0.303791698670768,-0.305090485747157,-0.306308446118971,-0.307444629180038,-0.308498562327943,-0.30947022344869,-0.310360008932102,-0.311168698395923,-0.311897417238117,-0.312547598047035,-0.313120941787115,-0.31361937955205,-0.314045035545681,-0.314400191819644,-0.314687255171201,-0.314908726488555,-0.315067172726821,-0.31516520160726,-0.315205439055878,-0.315190509334904,-0.315123017771235,-0.315005535948633,-0.314840589203873,-0.314630646249741,-0.314378110738345,-0.314085314575142,-0.313754512796166,-0.313387879826915,-0.312987506950229,-0.312555400821358,-0.312093482880587,-0.311603589526573,-0.311087472926543,-0.31054680235235,-0.309983165943725,-0.309398072811829,-0.308792955407153,-0.30816917208591,-0.307528009818321,-0.306870686990507,-0.3061983562592,-0.305512107425125,0,-0.125524984317993,-0.126009466891,-0.126477124000902,-0.12693142603265,-0.127375838147122,-0.127814259308122,-0.128250316438154,-0.128686909612768,-0.129126094641373,-0.129569156176538,-0.130016753492041,-0.130469076802219,-0.130925987797161,-0.131387136049534,-0.131852050886457,-0.132320211397154,-0.132791098142815,-0.133264230105832,-0.133739190027276,-0.134215640785728,-0.134693334978106,-0.135172119420868,-0.135651935914304,-0.136132819305271,-0.136614893638758,-0.137098366997277,-0.13758352547957,-0.13807072665728,-0.138560392762266,-0.139053003791577,-0.13954909066672,-0.140049228545003,-0.140554030350518,-0.141064140568836,-0.141580229331181,-0.1421029867998,-0.142633117855598,-0.14317133708133,-0.143718364028282,-0.144274918751013,-0.14484171759302,-0.145419469205903,-0.146008870785368,-0.146610604509031,-0.147225334163229,-0.147853701948704,-0.148496325457901,-0.14915379481959,-0.149826670009393,-0.15051547832754,-0.151220712047567,-0.151942826241796,-0.152682236791048,-0.153439318587313,-0.154214403938784,-0.155007781186959,-0.15581969354526,-0.156650338167955,-0.157499865457063,-0.158368378613437,-0.159255933436416,-0.160162538374404,-0.16108815482645,-0.162032697692596,-0.162996036168381,-0.163977994776528,-0.164978354626729,-0.165996854892403,-0.167033194491629,-0.168087033958116,-0.169157997487043,-0.170245675140113,-0.17134962519399,-0.172469376616696,-0.173604431657266,-0.174754268535236,-0.17591834421807,-0.177096097276605,-0.17828695081077,-0.179490315440218,-0.180705592357045,-0.181932176440257,-0.183169459434147,-0.184416833194995,-0.185673693012583,-0.186939441014674,-0.188213489663884,-0.189495265357116,-0.190784212137902,-0.192079795531552,-0.193381506511852,-0.194688865606211,-0.196001427143534,-0.197318783645779,-0.198640570359981,-0.199966469922651,-0.201296217142832,-0.202629603883631,-0.203966484014975,-0.205306778402434,-0.206650479888444,-0.207997658212989,-0.209348464810968,-0.210703137412922,-0.212062004364731,-0.213425488570252,-0.214794110948803,-0.216168493286976,-0.217549360351659,-0.218937541118563,-0.220333968958304,-0.221739680610493,-0.22315581376593,-0.224583603068353,-0.226024374341187,-0.227479536842055,-0.228950573349735,-0.230439027895774,-0.231946490967552,-0.23347458203259,-0.235024929266772,-0.236599146413331,-0.238198806756115,-0.239825414260849,-0.241480372022298,-0.243164948253255,-0.24488024016234,-0.24662713618951,-0.248406277198057,-0.250218017355077,-0.252062385563265,-0.253939048428269,-0.25584727584963,-0.257785910400482,-0.259753341702603,-0.261747487000316,-0.26376577908145,-0.265805162580746,-0.267862099528035,-0.269932584771353,-0.272012171619199,-0.274096007716131,-0.276178880805804,-0.278255273663048,-0.280319427111823,-0.282365409710241,-0.284387192398015,-0.286378726184195,-0.288334020818182,-0.29024722234401,-0.292112687489504,-0.293925052984655,-0.295679298127652,-0.297370799207539,-0.298995374730714,-0.300549320763601,-0.302029436074528,-0.303433037114264,-0.304757963199572,-0.306002572543943,-0.307165730005278,-0.308246787586699,-0.309245558833351,-0.310162288317808,-0.310997617405297,-0.31175254744505,-0.312428401454501,-0.313026785257904,-0.313549548919113,-0.313998749177728,-0.314376613465579,-0.314685505952212,-0.314927895947934,-0.315106328884135,-0.315223399994919,-0.31528173074231,-0.315283947959684,-0.31523266563391,-0.315130469205118,-0.314979902232623,-0.314783455255054,-0.314543556660623,-0.314262565378218,-0.313942765200394,-0.313586360554028,-0.313195473542339,-0.31277214209225,-0.312318319052824,-0.311835872103151,-0.311326584341044,-0.310792155436863,-0.31023420324933,-0.30965426581221,-0.309053803611974,-0.308434202086998,-0.307796774288419,-0.30714276365142,-0.306473346833522,-0.305789636583375,-0.30509268460974,0,-0.126025090601669,-0.126535110887986,-0.127019119621891,-0.12748372057089,-0.127935476580558,-0.128380214103971,-0.128822551424275,-0.129265780778933,-0.129712012953609,-0.13016242093102,-0.130617486837291,-0.131077214422946,-0.13154129852337,-0.132009254498504,-0.132480514121681,-0.132954494679822,-0.13343064726918,-0.133908489240783,-0.134387624758917,-0.134867756574774,-0.135348691403464,-0.135830340717973,-0.136312718321509,-0.136795935710517,-0.137280195975347,-0.137765786786428,-0.138253072865598,-0.13874248823243,-0.139234528433944,-0.139729742905413,-0.14022872756447,-0.140732117706266,-0.141240581241216,-0.141754812296924,-0.142275525190743,-0.1428034487682,-0.143339321094459,-0.143883884480538,-0.144437880822753,-0.145002047232409,-0.145577111932757,-0.146163790401478,-0.14676278173901,-0.147374765245822,-0.148000397194912,-0.148640307789218,-0.149295098297127,-0.149965338362641,-0.150651563489939,-0.151354272704928,-0.152073926398815,-0.152810944360754,-0.153565704008058,-0.154338538823459,-0.155129737009287,-0.155939540368331,-0.156768143420503,-0.157615692763356,-0.158482286682947,-0.159367975019694,-0.160272759291659,-0.161196593075353,-0.162139382641594,-0.16310098784142,-0.164081223234542,-0.165079859450427,-0.166096624769954,-0.167131206913678,-0.168183255021249,-0.169252381805381,-0.170338165863123,-0.17144015412699,-0.172557864438812,-0.173690788229933,-0.174838393292652,-0.176000126629446,-0.177175417368566,-0.178363679736931,-0.179564316083828,-0.180776719951613,-0.182000279192424,-0.183234379132558,-0.184478405788799,-0.185731749143257,-0.186993806485282,-0.18826398583056,-0.189541709428538,-0.190826417369776,-0.192117571304659,-0.193414658283993,-0.194717194730426,-0.196024730547248,-0.197336853367986,-0.198653192946284,-0.19997342568085,-0.201297279264774,-0.202624537442283,-0.203955044849025,-0.205288711904271,-0.206625519715023,-0.207965524942925,-0.209308864575172,-0.210655760530196,-0.212006524018007,-0.213361559563533,-0.214721368589351,-0.216086552441845,-0.217457814732246,-0.218835962851334,-0.220221908504195,-0.221616667099475,-0.223021355816715,-0.224437190165969,-0.22586547884681,-0.227307616709815,-0.228765075623689,-0.230239393056496,-0.231732158191266,-0.233244995415993,-0.234779545057104,-0.236337441265333,-0.237920287014921,-0.239529626242225,-0.241166913228856,-0.242833479427611,-0.244530498035927,-0.246258946739966,-0.248019569180005,-0.249812835820534,-0.251638905041163,-0.25349758539041,-0.255388300055899,-0.257310054692685,-0.259261409807188,-0.261240458908501,-0.263244813603558,-0.265271596721323,-0.267317444400168,-0.269378517861498,-0.271450525325197,-0.273528754206777,-0.275608113384669,-0.2776831849553,-0.279748284523022,-0.28179752872256,-0.283824908364796,-0.285824365351841,-0.287789871340599,-0.289715506056563,-0.291595533176703,-0.29342447181069,-0.29519716180581,-0.296908821369651,-0.298555095828273,-0.300132096695923,-0.301636430604039,-0.303065218001605,-0.304416101877654,-0.305687247054708,-0.306877330848469,-0.307985526077609,-0.30901147753598,-0.309955273109599,-0.310817410737194,-0.311598762382969,-0.312300536122144,-0.312924237342737,-0.313471629950157,-0.313944698332738,-0.314345610713822,-0.314676684385523,-0.31494035319562,-0.315139137545691,-0.315275617057862,-0.31535240598055,-0.315372131330816,-0.315337413711895,-0.315250850698431,-0.315115002647609,-0.314932380770496,-0.314705437282855,-0.314436557447159,-0.314128053316,-0.313782158990385,-0.313401027213294,-0.312986727128388,-0.312541243045101,-0.312066474063725,-0.311564234427059,-0.311036254478175,-0.310484182116596,-0.309909584657435,-0.309313951009579,-0.308698694099733,-0.308065153479065,-0.307414598058137,-0.306748228923953,-0.306067182200179,-0.305372531918048,-0.304665292871106,0,-0.126561407610306,-0.127088557693089,-0.127582702188923,-0.128053300286625,-0.12850957202853,-0.128958859167254,-0.12940641448368,-0.129855644495558,-0.130308516392805,-0.13076595906267,-0.131228195113338,-0.131694995270936,-0.132165865583996,-0.132640181593445,-0.133117282254391,-0.133596533903101,-0.134077372210647,-0.134559328140488,-0.135042042422465,-0.135525271897714,-0.136008890205774,-0.136492884617534,-0.136977350318479,-0.13746248307776,-0.137948570969004,-0.138435985613519,-0.138925173275983,-0.139416646041616,-0.13991097323099,-0.140408773155662,-0.140910705279049,-0.14141746281828,-0.1419297658014,-0.142448354578595,-0.142973983774569,-0.143507416661194,-0.144049419924291,-0.144600758795477,-0.145162192518968,-0.145734470123789,-0.146318326473561,-0.146914478568778,-0.147523622079851,-0.148146428093027,-0.148783540055342,-0.149435570908861,-0.150103100408416,-0.150786672620758,-0.151486793606402,-0.152203929288294,-0.152938503513817,-0.153690896318421,-0.154461442400383,-0.155250429816787,-0.156058098910826,-0.156884641479963,-0.157730200193421,-0.158594868265896,-0.159478689392442,-0.160381657947169,-0.161303719445884,-0.162244771270079,-0.163204663646945,-0.164183200877369,-0.165180142801253,-0.166195206487164,-0.167228068131214,-0.168278365148389,-0.169345698438266,-0.170429634806286,-0.171529709521449,-0.172645428991572,-0.173776273537999,-0.174921700252943,-0.17608114592436,-0.177254030015408,-0.178439757688046,-0.179637722863057,-0.180847311311731,-0.182067903777429,-0.183298879128228,-0.184539617544698,-0.185789503749463,-0.187047930287469,-0.188314300867748,-0.189588033778767,-0.190868565390237,-0.192155353754303,-0.193447882318447,-0.194745663761066,-0.196048243958536,-0.197355206089659,-0.198666174879643,-0.199980820981256,-0.201298865485469,-0.202620084547843,-0.203944314110063,-0.205271454688485,-0.206601476193292,-0.207934422732907,-0.209270417348732,-0.210609666615035,-0.21195246502801,-0.213299199096646,-0.2146503510362,-0.216006501952781,-0.217368334395014,-0.218736634136065,-0.220112291036746,-0.221496298828251,-0.222889753641759,-0.224293851102101,-0.225709881794683,-0.227139224909572,-0.228583339865094,-0.230043755716502,-0.231522058164553,-0.233019873995449,-0.234538852809077,-0.236080645928204,-0.237646882428698,-0.239239142291041,-0.240858926747405,-0.242507625986527,-0.244186484480476,-0.245896564311746,-0.247638707003826,-0.249413494489961,-0.251221209988425,-0.253061799682108,-0.254934836218235,-0.256839485141968,-0.258774475446632,-0.260738075453914,-0.262728075221247,-0.264741776603433,-0.26677599196657,-0.268827052362923,-0.270890825727528,-0.272962745357684,-0.275037848595926,-0.27711082527072,-0.27917607507541,-0.281227772705767,-0.283259939251055,-0.285266518063434,-0.287241453133218,-0.289178767886224,-0.291072642301677,-0.292917486326054,-0.29470800772456,-0.296439272756273,-0.298106758365351,-0.299706394929341,-0.301234598975533,-0.302688295646145,-0.304064931043731,-0.30536247490299,-0.30657941430189,-0.307714739335451,-0.308767921826119,-0.309738888235706,-0.310627987979139,-0.311435958326128,-0.312163887021427,-0.312813173666645,-0.313385490795652,-0.313882745450282,-0.314307041931062,-0.314660646265596,-0.314945952810492,-0.315165453285113,-0.315321708429776,-0.315417322388881,-0.315454919841382,-0.315437125837039,-0.315366548246134,-0.315245762691927,-0.315077299807554,-0.314863634640988,-0.314607178021559,-0.314310269698037,-0.313975173059894,-0.313604071259143,-0.313199064558775,-0.312762168744651,-0.312295314449757,-0.311800347252558,-0.311279028424223,-0.310733036212369,-0.310163967561435,-0.309573340181613,-0.308962594889329,-0.308333098152452,-0.307686144782741,-0.307022960726503,-0.306344705911953,-0.305652477118519,-0.304947310839282,-0.304230186112929,0,-0.127133051464828,-0.127668652668998,-0.128166395424065,-0.128638716387333,-0.129096903449344,-0.129549256713515,-0.130001224240757,-0.130456015518978,-0.130915249902002,-0.131379487114907,-0.131848620009822,-0.132322152505311,-0.132799391494639,-0.133279576751209,-0.133761966780106,-0.134245893571842,-0.134730795538812,-0.135216235280842,-0.135701906936869,-0.136187636515426,-0.136673377607805,-0.137159204172671,-0.13764530156711,-0.138131956633577,-0.138619547394544,-0.139108532726588,-0.139599442260384,-0.140092866665969,-0.140589448421719,-0.141089873122596,-0.141594861352584,-0.142105161124319,-0.142621540873113,-0.143144782981466,-0.143675677802616,-0.144215018147028,-0.144763594193459,-0.145322188785875,-0.145891573078767,-0.146472502495921,-0.147065712971156,-0.14767191744372,-0.148291802585618,-0.14892602574293,-0.149575212078003,-0.15023995190402,-0.150920798207775,-0.151618264360402,-0.152332822019142,-0.153064899226066,-0.153814878711769,-0.154583096413581,-0.155369840218618,-0.156175348942178,-0.156999811551502,-0.157843366643868,-0.158706102186406,-0.159588055522977,-0.160489213651054,-0.161409513768847,-0.162348844090058,-0.163307044920646,-0.16428390998912,-0.165279188018986,-0.166292584529449,-0.167323763848146,-0.168372351317818,-0.169437935677391,-0.170520071597006,-0.171618282346176,-0.172732062574427,-0.173860881184529,-0.175004184279733,-0.176161398168205,-0.177331932410146,-0.178515182895676,-0.179710534944542,-0.180917366421819,-0.18213505086704,-0.18336296063743,-0.184600470069029,-0.185846958662419,-0.18710181430233,-0.188364436522542,-0.189634239829159,-0.190910657096325,-0.192193143048858,-0.19348117784589,-0.194774270778512,-0.196071964092491,-0.197373836944411,-0.198679509496061,-0.199988647147537,-0.201300964904362,-0.20261623186804,-0.203934275832711,-0.205254987963212,-0.20657832752166,-0.20790432660091,-0.209233094813745,-0.210564823876558,-0.211899792015627,-0.213238368112799,-0.214581015495702,-0.215928295265371,-0.217280869041721,-0.218639500994602,-0.220005059015497,-0.22137851487259,-0.222760943180211,-0.224153519003099,-0.225557513907091,-0.226974290261427,-0.228405293594833,-0.229852042808848,-0.231316118058748,-0.232799146126183,-0.23430278312965,-0.235828694450792,-0.237378531797391,-0.238953907379414,-0.240556365243286,-0.242187349892525,-0.243848172419726,-0.245539974485007,-0.247263690597368,-0.249020009285137,-0.250809333875354,-0.252631743733973,-0.254486956942103,-0.256374295490132,-0.258292654152403,-0.260240474251072,-0.262215723519818,-0.264215883228474,-0.266237943622592,-0.26827840856449,-0.27033331003515,-0.272398232874248,-0.274468349808061,-0.276538466455514,-0.278603075628737,-0.280656419876216,-0.282692560875447,-0.284705453988834,-0.286689026070461,-0.288637254467047,-0.290544245103834,-0.292404307588724,-0.294212025402798,-0.295962319463149,-0.297650503630227,-0.299272331068076,-0.300824030731013,-0.302302333623225,-0.30370448883799,-0.305028269713333,-0.306271970726802,-0.307434395984024,-0.308514840328571,-0.309513064213256,-0.310429263528052,-0.311264035582815,-0.312018342401474,-0.312693472407219,-0.313291001474516,-0.313812754202544,-0.314260766134049,-0.314637247510676,-0.314944549026442,-0.315185129919522,-0.315361528632146,-0.315476336171103,-0.315532172218031,-0.31553166396956,-0.31547742763184,-0.315372052451248,-0.315218087131614,-0.315018028466995,-0.314774312006165,-0.314489304559219,-0.314165298356632,-0.313804506675508,-0.313409060755467,-0.312981007836785,-0.312522310165067,-0.312034844819383,-0.311520404233807,-0.310980697295301,-0.31041735091352,-0.309831911970198,-0.309225849567125,-0.308600557502273,-0.307957356913253,-0.307297499036083,-0.306622168035093,-0.30593248386684,-0.305229505147128,-0.304514231995684,-0.303787608837847,0,-0.127737731662897,-0.128272940869592,-0.128767918124709,-0.129238071910343,-0.129696025012018,-0.130150368991936,-0.130606259488191,-0.131066390222988,-0.13153184048435,-0.132002694301008,-0.132478463347138,-0.132958367491742,-0.133441517593356,-0.13392703216415,-0.134414109386486,-0.134902069011508,-0.135390374041166,-0.135878638992643,-0.136366629427138,-0.136854255957917,-0.137341564928309,-0.13782872723577,-0.138316026283058,-0.138803845698034,-0.139292657233399,-0.139783009102991,-0.140275514907971,-0.140770843237327,-0.141269707980828,-0.141772859361333,-0.142281075671889,-0.142795155688501,-0.143315911719552,-0.143844163246629,-0.144380731108065,-0.144926432175346,-0.145482074473244,-0.146048452696829,-0.146626344081997,-0.147216504590591,-0.147819665376288,-0.148436529502955,-0.149067768892814,-0.149714021487428,-0.150375888609897,-0.15105393252172,-0.151748674172302,-0.152460591143008,-0.153190115790986,-0.153937633600463,-0.154703481751107,-0.155487947914042,-0.156291269286496,-0.157113631875645,-0.157955170041248,-0.158815966305014,-0.159696051432577,-0.160595404791404,-0.161513954985095,-0.162451580761501,-0.163408112188882,-0.164383332091181,-0.165376977730438,-0.166388742721537,-0.167418279161976,-0.168465199957269,-0.169529081320961,-0.170609465427167,-0.171705863193079,-0.172817757168977,-0.173944604514018,-0.175085840037405,-0.176240879286359,-0.177409121664737,-0.178589953568881,-0.179782751530419,-0.180986885359125,-0.182201721282392,-0.183426625081444,-0.184660965227775,-0.18590411602655,-0.187155460776574,-0.188414394958867,-0.189680329467873,-0.190952693900597,-0.192230939919655,-0.193514544706115,-0.194803014517147,-0.196095888361801,-0.197392741805737,-0.198693190912369,-0.199996896323715,-0.201303567479244,-0.202612966965231,-0.203924914980553,-0.205239293897587,-0.206556052888833,-0.207875212581206,-0.209196869690589,-0.210521201579261,-0.211848470668273,-0.213179028625688,-0.21451332024,-0.215851886875959,-0.217195369397597,-0.218544510430582,-0.219900155823343,-0.221263255153849,-0.222634861116977,-0.224016127616317,-0.225408306374725,-0.226812741870543,-0.22823086440201,-0.229664181081967,-0.231114264569648,-0.232582739357416,-0.23407126544911,-0.235581519294758,-0.237115171885053,-0.238673863959773,-0.240259178348154,-0.241872609537012,-0.243515530654293,-0.24518915816122,-0.246894514663855,-0.248632390382113,-0.250403303947274,-0.252207463332614,-0.254044727849437,-0.25591457225478,-0.257816054108637,-0.259747785578594,-0.26170791090903,-0.263694090742279,-0.265703494393676,-0.267732801037127,-0.269778210552,-0.271835464519022,-0.273899877540171,-0.275966378707416,-0.278029562673715,-0.280083749406272,-0.282123051347797,-0.284141446397862,-0.286132854873292,-0.288091218430484,-0.290010578845419,-0.291885154554875,-0.293709412964261,-0.29547813671668,-0.297186482381474,-0.29883003034125,-0.300404825014137,-0.301907404921107,-0.303334822475935,-0.304684653718867,-0.305954998518944,-0.307144472022829,-0.308252188323061,-0.309277737453306,-0.310221156893824,-0.31108289879157,-0.31186379407299,-0.312565014562283,-0.313188034122569,-0.313734589721457,-0.314206643194145,-0.3146063443442,-0.314935995890679,-0.315198020645289,-0.31539493118838,-0.315529302210269,-0.315603745595763,-0.315620888255452,-0.315583352646886,-0.315493739881418,-0.3153546152771,-0.315168496193156,-0.31493784196578,-0.314665045756838,-0.314352428125067,-0.314002232132289,-0.313616619803821,-0.313197669771607,-0.312747375939851,-0.312267647025309,-0.311760306837338,-0.311227095175841,-0.310669669238094,-0.310089605437717,-0.309488401550744,-0.308867479114544,-0.30822818601537,-0.307571799209369,-0.306899527530107,-0.30621251454301,-0.305511841413609,-0.304798529762252,-0.304073544482929,-0.303337796508265,0,-0.128371721407706,-0.128897829729197,-0.12938433711807,-0.129849157226205,-0.13030537445123,-0.130761137331514,-0.131220812548093,-0.131686280020912,-0.132157916385425,-0.132635252239151,-0.133117391065809,-0.133603270748069,-0.134091823820328,-0.134582072649135,-0.135073182624484,-0.135564488263166,-0.136055501994329,-0.136545912099877,-0.137035574106667,-0.137524498465746,-0.138012836365019,-0.138500864854879,-0.1389889720214,-0.139477642649016,-0.139967444625231,-0.140459016219147,-0.140953054289469,-0.141450303429935,-0.141951546030291,-0.142457593212134,-0.142969276587268,-0.143487440779128,-0.144012936643973,-0.144546615127249,-0.145089321691099,-0.145641891251335,-0.146205143565834,-0.146779879021123,-0.147366874769562,-0.147966881175798,-0.148580618537735,-0.149208774053999,-0.149851999016438,-0.15051090621255,-0.15118606752854,-0.151878011749006,-0.152587222553816,-0.153314136716565,-0.154059142512044,-0.15482257834228,-0.15560473159212,-0.156405837725837,-0.15722607963599,-0.15806558725483,-0.158924437436922,-0.159802654119453,-0.16070020876408,-0.161617021081107,-0.16255296003357,-0.163507845115343,-0.164481447894045,-0.165473493806151,-0.166483664188703,-0.167511598529236,-0.168556896913216,-0.169619122646515,-0.170697805029176,-0.171792442256129,-0.172902504420574,-0.174027436596381,-0.175166661977259,-0.176319585052291,-0.177485594799957,-0.17866406788568,-0.179854371851231,-0.181055868287936,-0.182267915989362,-0.183489874082969,-0.1847211051439,-0.185960978297628,-0.187208872321365,-0.188464178756895,-0.189726305049768,-0.190994677731393,-0.192268745661514,-0.193547983348734,-0.194831894366127,-0.196120014877516,-0.197411917287706,-0.19870721402678,-0.200005561474557,-0.201306664026472,-0.202610278296475,-0.203916217446103,-0.205224355621716,-0.206534632473939,-0.207847057724829,-0.209161715738981,-0.210478770044987,-0.211798467743169,-0.213121143724536,-0.214447224614373,-0.21577723234192,-0.21711178722524,-0.218451610447736,-0.219797525790086,-0.221150460468703,-0.222511444919603,-0.223881611355141,-0.225262190910858,-0.226654509191454,-0.228059980019291,-0.229480097186835,-0.2309164240171,-0.232370580544747,-0.233844228146281,-0.235339051472267,-0.236856737569156,-0.238398952124422,-0.239967312827743,-0.24156335991353,-0.243188524036959,-0.244844091736304,-0.246531168847942,-0.248250642364621,-0.250003141359156,-0.251788997730013,-0.253608207656101,-0.255460394768343,-0.257344776146651,-0.259260132323892,-0.261204782513816,-0.26317656626918,-0.265172832711909,-0.267190438354052,-0.269225754344282,-0.27127468373168,-0.273332689042414,-0.275394830126336,-0.277455811864197,-0.27951004095047,-0.281551690602297,-0.283574771713555,-0.285573208694969,-0.287540918034883,-0.289471887494313,-0.291360253822477,-0.293200376947057,-0.294986908752082,-0.296714854794944,-0.298379627616631,-0.299977090646586,-0.301503592074138,-0.302955988431181,-0.304331657985666,-0.30562850436592,-0.306844951108833,-0.307979928041969,-0.309032850566653,-0.310003593006038,-0.310892457222513,-0.311700137698888,-0.312427684225489,-0.313076463249744,-0.313648118835127,-0.314144534051394,-0.314567793485696,-0.314920147431311,-0.315203978182668,-0.315421768746314,-0.315576074170193,-0.315669495599826,-0.315704657090325,-0.315684185137731,-0.315610690841083,-0.315486754567007,-0.315314912960085,-0.31509764812333,-0.314837378782305,-0.314536453242402,-0.314197143950042,-0.313821643474011,-0.313412061731657,-0.312970424295326,-0.312498671626481,-0.311998659097741,-0.31147215767617,-0.310920855154082,-0.310346357826188,-0.309750192523792,-0.309133808927935,-0.308498582093659,-0.307845815127012,-0.307176741964948,-0.306492530215902,-0.305794284025671,-0.305083046939202,-0.304359804734212,-0.303625488207134,-0.302880975895896,0,-0.12902992834768,-0.129538829990728,-0.130012279146425,-0.130469617089134,-0.130923393573581,-0.131380562397115,-0.131844238763825,-0.132315239255421,-0.132793120848354,-0.133276820159986,-0.133765033848365,-0.134256440667183,-0.13474982727521,-0.135244155081857,-0.135738590774255,-0.136232514600866,-0.13672551533137,-0.13721737759646,-0.137708065242685,-0.138197702984259,-0.138686557746384,-0.139175020518403,-0.139663589167829,-0.140152852437943,-0.140643475213748,-0.141136185060427,-0.141631759992828,-0.142131017409807,-0.142634804114409,-0.143143987334885,-0.143659446659453,-0.144182066797988,-0.14471273108588,-0.145252315648648,-0.145801684150444,-0.146361683055203,-0.146933137335625,-0.147516846572396,-0.148113581393625,-0.148724080212431,-0.149349046228467,-0.149989144666918,-0.150645000235827,-0.151317194789382,-0.152006265190912,-0.15271270137464,-0.153436944609681,-0.154179385973349,-0.1549403650434,-0.155720168820554,-0.15651903089339,-0.157337130857632,-0.158174594000934,-0.159031491262672,-0.159907839475988,-0.160803601896559,-0.161718689019383,-0.162652959681366,-0.163606222443903,-0.164578237245934,-0.165568717314416,-0.166577331315806,-0.167603705729139,-0.168647427418748,-0.16970804638264,-0.17078507865114,-0.171878009309671,-0.172986295619458,-0.174109370210629,-0.175246644323462,-0.176397511075556,-0.177561348735225,-0.178737523984538,-0.179925395158895,-0.181124315453875,-0.182333636094063,-0.183552709462684,-0.184780892194853,-0.186017548241101,-0.187262051911363,-0.188513790912693,-0.189772169396538,-0.191036611033355,-0.192306562133545,-0.19358149483416,-0.19486091037045,-0.196144342450111,-0.197431360745947,-0.198721574519746,-0.200014636386253,-0.201310246221448,-0.202608155213822,-0.203908170050967,-0.205210157226777,-0.206514047446694,-0.207819840099985,-0.209127607758874,-0.210437500654603,-0.211749751070155,-0.213064677578492,-0.214382689043731,-0.215704288290839,-0.217030075337169,-0.218360750066565,-0.219697114214085,-0.22104007251666,-0.22239063287261,-0.223749905341154,-0.225119099802355,-0.226499522088912,-0.227892568394534,-0.229299717760216,-0.230722522440551,-0.232162595958468,-0.233621598669766,-0.235101220679952,-0.236603161986628,-0.238129109762447,-0.239680712747852,-0.24125955279034,-0.242867113648655,-0.244504747276052,-0.246173637905897,-0.247874764383619,-0.249608861318566,-0.251376379763445,-0.253177448262133,-0.255011835231999,-0.256878913756212,-0.258777629946134,-0.260706476084303,-0.262663469765821,-0.264646140212063,-0.266651522829464,-0.268676162924399,-0.270716129263053,-0.272767037887208,-0.274824086271846,-0.276882097551806,-0.278935574169472,-0.280978759923767,-0.283005709053934,-0.285010360691102,-0.286986616775657,-0.288928421384593,-0.290829839350568,-0.292685132087706,-0.29448882866577,-0.296235790385627,-0.297921267390673,-0.299540946182833,-0.301090987276941,-0.302568052602302,-0.303969322624424,-0.305292503495231,-0.306535824832159,-0.307698028965084,-0.308778352669491,-0.30977650252303,-0.310692625083167,-0.311527273091137,-0.312281368869492,-0.312956166005867,-0.313553210313458,-0.31407430093812,-0.314521452351296,-0.314896857834372,-0.315202854929545,-0.315441893209342,-0.315616504605018,-0.315729276435034,-0.315782827189954,-0.315779785059379,-0.315722769129657,-0.315614373137074,-0.315457151628762,-0.315253608361314,-0.315006186753513,-0.314717262203251,-0.314389136078217,-0.314024031193974,-0.313624088600613,-0.313191365509127,-0.3127278342003,-0.312235381771541,-0.311715810590101,-0.311170839334211,-0.310602104516365,-0.310011162395162,-0.309399491193562,-0.308768493552071,-0.308119499155103,-0.307453767477627,-0.306772490607201,-0.306076796103572,-0.305367749864381,-0.304646358971007,-0.30391357449346,-0.303170294237409,-0.302417365420081,0,-0.129705986934034,-0.130190863806792,-0.130648186759667,-0.131097136467683,-0.131548651145065,-0.132007778879269,-0.132475997792352,-0.132952885002051,-0.133437119086485,-0.133927044996497,-0.134420984243593,-0.134917400141127,-0.135414979795416,-0.135912667694037,-0.136409671166962,-0.13690544988849,-0.137399696863853,-0.137892315462968,-0.138383395250449,-0.138873188206816,-0.139362086206666,-0.13985060016955,-0.140339341031652,-0.140829002535249,-0.141320345753609,-0.141814185231992,-0.14231137661176,-0.142812805603014,-0.143319378175151,-0.143832011840897,-0.144351627916387,-0.144879144647016,-0.145415471096249,-0.145961501702334,-0.146518111416035,-0.147086151341143,-0.147666444808585,-0.148259783824251,-0.148866925840066,-0.149488590807149,-0.150125458478898,-0.150778165940326,-0.151447305347834,-0.152133421870644,-0.152837011831228,-0.153558521047273,-0.154298343381803,-0.155056819511214,-0.155834235922986,-0.156630824155914,-0.157446760295741,-0.158282164738322,-0.159137102230777,-0.160011582198821,-0.160905559365523,-0.161818934663399,-0.162751556438031,-0.163703221937517,-0.164673679078114,-0.165662628472582,-0.166669725704116,-0.167694583825472,-0.16873677606007,-0.169795838679633,-0.170871274031293,-0.171962553686204,-0.17306912168154,-0.174190397828326,-0.175325781058896,-0.176474652789781,-0.177636380278501,-0.178810319955953,-0.179995820719814,-0.181192227178373,-0.182398882838527,-0.183615133236011,-0.184840329010287,-0.186073828930653,-0.187315002884008,-0.188563234838117,-0.189817925797114,-0.191078496768229,-0.19234439176024,-0.193615080834882,-0.19489006323233,-0.196168870590866,-0.197451070278953,-0.198736268855118,-0.200024115667383,-0.201314306599377,-0.20260658796486,-0.203900760546193,-0.205196683765258,-0.206494279967636,-0.207793538792452,-0.209094521591225,-0.210397365849414,-0.211702289554097,-0.213009595440442,-0.214319675038326,-0.215633012428696,-0.216950187607129,-0.218271879339506,-0.219598867382082,-0.220932033925449,-0.22227236410939,-0.223620945443525,-0.22497896595758,-0.226347710895329,-0.227728557758733,-0.229122969504007,-0.230532485690548,-0.231958711387757,-0.233403303655135,-0.234867955429025,-0.236354376676401,-0.237864272713706,-0.239399319638202,-0.2409611368819,-0.242551256974599,-0.244171092693237,-0.24582190187922,-0.247504750322264,-0.249220473236176,-0.25096963598521,-0.252752494854054,-0.254568958783845,-0.256418553113059,-0.258300386457134,-0.260213121924978,-0.262154953894784,-0.264123591547454,-0.266116250276317,-0.268129651952441,-0.270160034824377,-0.272203173572557,-0.274254409729051,-0.276308692324684,-0.278360628253536,-0.280404541468667,-0.282434539763828,-0.284444587575393,-0.286428582977228,-0.288380436855649,-0.290294152154677,-0.292163901079808,-0.293984098241798,-0.295749467903861,-0.297455103754053,-0.299096519942304,-0.300669692478492,-0.302171090462486,-0.303597696988149,-0.304947019911671,-0.306217092984455,-0.307406468110243,-0.308514199687912,-0.30953982214245,-0.310483321828041,-0.311345104513293,-0.312125959636302,-0.312827022454742,-0.313449735122848,-0.313995807612049,-0.314467179263906,-0.314865981630439,-0.315194503124494,-0.315455155876444,-0.315650445077113,-0.315782940982777,-0.315855253667873,-0.315870010535128,-0.315829836530902,-0.315737336964891,-0.315595082796823,-0.315405598226904,-0.315171350410265,-0.314894741106808,-0.3145781000754,-0.314223680023941,-0.313833652933196,-0.313410107581539,-0.312955048108855,-0.312470393470241,-0.311957977643078,-0.31141955046418,-0.31085677898657,-0.310271249257901,-0.309664468434239,-0.309037867153892,-0.308392802106054,-0.307730558738214,-0.307052354054607,-0.306359339465378,-0.30565260365277,-0.304933175426423,-0.304202026544984,-0.303460074485666,-0.3027081851472,-0.301947175474936,0,-0.130392515078981,-0.130848627685578,-0.131288599890621,-0.131729629993807,-0.132179957452135,-0.132642117820098,-0.133115682752994,-0.133598906730669,-0.134089597590174,-0.134585556158458,-0.135084790464951,-0.135585611428377,-0.136086664946126,-0.136586929602913,-0.137085696273572,-0.137582539012979,-0.138077282718569,-0.138569970711217,-0.139060833940782,-0.139550262638926,-0.140038780714473,-0.140527022888913,-0.141015714416479,-0.14150565316693,-0.141997693831708,-0.142492734021333,-0.142991702039592,-0.143495546140427,-0.144005225092847,-0.1445216998964,-0.145045926504787,-0.145578849428504,-0.146121396099636,-0.146674471893599,-0.147238955714034,-0.147815696058436,-0.148405507493416,-0.149009167479681,-0.149627413497728,-0.150260940435707,-0.150910398210736,-0.151576389603988,-0.15225946829796,-0.152960137111429,-0.153678846433507,-0.154415992863054,-0.155171918063294,-0.155946907843974,-0.156741191484729,-0.157554941313616,-0.158388272554054,-0.159241243451829,-0.160113855691414,-0.161006055107857,-0.161917732696889,-0.162848725922001,-0.163798820313068,-0.16476775134686,-0.165755206595619,-0.166760828125966,-0.167784215126787,-0.168824926741709,-0.169882485079224,-0.170956378371739,-0.172046064253734,-0.173150973128944,-0.174270511596966,-0.175404065911035,-0.176551005440754,-0.177710686116331,-0.178882453834255,-0.180065647808219,-0.18125960385339,-0.182463657596653,-0.18367714761015,-0.184899418470055,-0.186129823747042,-0.187367728939086,-0.188612514361004,-0.189863578008367,-0.191120338415969,-0.192382237532878,-0.193648743637079,-0.194919354312901,-0.196193599513586,-0.197471044729726,-0.198751294281644,-0.200033994750227,-0.201318838556332,-0.202605567693532,-0.203893977612873,-0.205183921251389,-0.206475313188489,-0.207768133906006,-0.209062434118689,-0.210358339132385,-0.211656053176957,-0.212955863650316,-0.21425814519876,-0.215563363547124,-0.216872078980228,-0.21818494936466,-0.219502732587319,-0.220826288274382,-0.222156578641748,-0.223494668315728,-0.224841722951297,-0.226199006464892,-0.227567876690358,-0.228949779260725,-0.230346239516183,-0.231758852240736,-0.233189269037974,-0.234639183171394,-0.236110311718276,-0.237604374919637,-0.239123072653805,-0.240668058018803,-0.242240908080104,-0.243843091925833,-0.245475936271073,-0.247140588965598,-0.248837980883086,-0.250568786801407,-0.252333386018509,-0.25413182358064,-0.255963773122075,-0.257828502419711,-0.259724842842755,-0.261651163918009,-0.263605354225863,-0.265584809783675,-0.267586430955996,-0.269606628752818,-0.271641341138836,-0.273686059684366,-0.275735866552029,-0.277785481447208,-0.279829317782575,-0.281861546938391,-0.283876169162499,-0.285867089367977,-0.287828195870797,-0.289753439979002,-0.291636914307604,-0.293472927752249,-0.295256075205493,-0.296981300332036,-0.298643950017995,-0.300239819454947,-0.301765187190757,-0.303216839854574,-0.30459208662277,-0.305888763818704,-0.307105230318671,-0.308240354660191,-0.309293494912393,-0.310264472471244,-0.311153540988096,-0.311961351634369,-0.312688915856231,-0.313337566689785,-0.31390891959888,-0.314404833673113,-0.314827373890973,-0.315178775019348,-0.315461407591316,-0.31567774628359,-0.315830340906046,-0.315921790120288,-0.315954717922954,-0.315931752862429,-0.315855509904218,-0.315728574819392,-0.315553490940923,-0.31533274811298,-0.315068773646752,-0.314763925091791,-0.314420484632731,-0.314040654926413,-0.313626556202719,-0.313180224463018,-0.312703610622102,-0.312198580452331,-0.31166691520178,-0.31111031277127,-0.310530389347716,-0.309928681403297,-0.309306647981162,-0.308665673198848,-0.308007068910076,-0.307332077474246,-0.306641874590698,-0.305937572161671,-0.305220221154049,-0.304490814435271,-0.303750289563517,-0.302999531516267,-0.302239375344834,-0.301470608745457,0,-0.131081475735588,-0.131506991233543,-0.131930442082628,-0.132365418608992,-0.132816459836555,-0.133283150398815,-0.133763034063725,-0.134253064483273,-0.134750255463745,-0.135251955230124,-0.135755947344798,-0.136260469813674,-0.136764194941432,-0.137266191013093,-0.137765876901443,-0.138262975633167,-0.138757470134079,-0.139249562720104,-0.139739638916927,-0.140228235626006,-0.140716013357375,-0.141203732119436,-0.141692230524278,-0.142182407687421,-0.142675207544333,-0.143171605255288,-0.143672595416474,-0.144179181835042,-0.144692368658528,-0.145213152675571,-0.145742516626613,-0.146281423381704,-0.146830810858799,-0.147391587570916,-0.147964628704757,-0.148550772647055,-0.149150817888175,-0.149765520245239,-0.150395590359138,-0.151041691431114,-0.151704437174968,-0.152384389970239,-0.153082059209795,-0.153797899842118,-0.154532311114117,-0.15528563552452,-0.156058158000823,-0.156850105314489,-0.157661645749551,-0.15849288903923,-0.159343886583566,-0.160214631958631,-0.161105061724721,-0.162015056537171,-0.162944442559228,-0.163892993172005,-0.16486043097197,-0.165846430041931,-0.166850618477229,-0.167872581144942,-0.168911862650515,-0.169967970483455,-0.171040378311678,-0.172128529392824,-0.173231840070443,-0.174349703323382,-0.175481492337974,-0.176626564074745,-0.177784262804194,-0.178953923589719,-0.180134875699855,-0.18132644593648,-0.182527961870498,-0.183738754981455,-0.184958163702544,-0.186185536377272,-0.187420234138629,-0.188661633725684,-0.189909130256135,-0.191162139976181,-0.192420103011277,-0.193682486142574,-0.19494878563429,-0.196218530136672,-0.197491283687784,-0.198766648834831,-0.200044269892402,-0.201323836350652,-0.202605086441268,-0.203887810863008,-0.205171856661786,-0.206457131252668,-0.207743606562922,-0.209031323266293,-0.21032039506922,-0.211611012999574,-0.212903449637944,-0.214198063220362,-0.215495301529823,-0.216795705481994,-0.218099912298174,-0.219408658146019,-0.220722780115782,-0.222043217387198,-0.22337101142967,-0.224707305066665,-0.226053340224452,-0.22741045417615,-0.228780074085191,-0.230163709648534,-0.231562943640371,-0.232979420162738,-0.234414830421685,-0.23587089586793,-0.237349348570629,-0.238851908733545,-0.240380259315784,-0.241936017785557,-0.243520705115777,-0.245135712224864,-0.246782264174252,-0.248461382554224,-0.250173846618997,-0.251920153866491,-0.253700480892414,-0.255514645475518,-0.257362070963048,-0.259241754113635,-0.261152237609912,-0.263091588465645,-0.265057383514074,-0.267046703069004,-0.269056133694251,-0.27108178080023,-0.273119291512643,-0.275163887936009,-0.277210410576966,-0.27925337131586,-0.281287014939986,-0.28330538789956,-0.285302412639523,-0.287271965616441,-0.289207956946089,-0.291104409554831,-0.292955535731638,-0.294755809095699,-0.296500030199049,-0.298183384260699,-0.299801489860178,-0.301350437783554,-0.302826819591989,-0.304227745850984,-0.305550854299168,-0.306794308533828,-0.307956788035758,-0.309037470542128,-0.31003600790128,-0.310952496609473,-0.311787444241892,-0.312541732955978,-0.313216581173119,-0.31381350444422,-0.314334276384796,-0.314780890434466,-0.315155523061434,-0.315460498900863,-0.315698258191678,-0.315871326762736,-0.315982288718635,-0.316033761888823,-0.316028376031421,-0.315968753724811,-0.31585749383472,-0.315697157410974,-0.315490255844909,-0.315239241104092,-0.314946497854076,-0.314614337275968,-0.314244992392299,-0.313840614721025,-0.313403272087324,-0.312934947434411,-0.312437538487242,-0.311912858136015,-0.311362635419526,-0.310788517001205,-0.310192069042964,-0.309574779393521,-0.308938060018626,-0.308283249610458,-0.307611616322436,-0.306924360583749,-0.306222617955131,-0.305507461993783,-0.304779907100979,-0.304040911330788,-0.30329137914262,-0.302532164083982,-0.301764071392965,-0.300987860512713,0,-0.131765182247394,-0.132161410401243,-0.132571288617981,-0.13300337701294,-0.133457709509928,-0.133930708242687,-0.13441793591217,-0.134915175106362,-0.135418788133622,-0.135925801277652,-0.136433885220724,-0.136941296790461,-0.137446808115148,-0.137949634573696,-0.138449366845393,-0.138945909466549,-0.139439426732736,-0.139930295891251,-0.140419067081095,-0.140906429254253,-0.141393181256088,-0.14188020728367,-0.142368456029322,-0.14285892291995,-0.143352634962077,-0.143850637788877,-0.144353984576068,-0.144863726549178,-0.145380904847846,-0.145906543546521,-0.14644164365781,-0.146987177967132,-0.147544086566805,-0.148113272975368,-0.148695600744413,-0.149291890470787,-0.149902917146837,-0.150529407795265,-0.15117203934817,-0.15183143674165,-0.15250817120798,-0.153202758756609,-0.153915658843046,-0.154647273231085,-0.155397945058702,-0.156167958121406,-0.156957536388916,-0.157766843771754,-0.158595984153933,-0.159445001706337,-0.160313881492889,-0.161202550378305,-0.162110878242233,-0.163038679500155,-0.163985714926659,-0.164951693771789,-0.165936276156391,-0.166939075727679,-0.167959662552067,-0.168997566218546,-0.170052279122835,-0.171123259900219,-0.172209936973506,-0.173311712181953,-0.174427964457364,-0.175558053514763,-0.176701323527214,-0.17785710675726,-0.179024727121127,-0.180203503666111,-0.181392753946312,-0.182591797287013,-0.183799957933241,-0.18501656808342,-0.186240970814163,-0.187472522907199,-0.188710597593882,-0.18995458723663,-0.19120390596993,-0.192457992325911,-0.193716311871156,-0.194978359882039,-0.196243664085579,-0.197511787491534,-0.19878233133917,-0.200054938178885,-0.201329295104692,-0.202605137148435,-0.203882250840668,-0.205160477936351,-0.206439719295982,-0.207719938904591,-0.20900116800213,-0.210283509289346,-0.211567141163225,-0.212852321925533,-0.214139393896999,-0.21542878735821,-0.216721024226439,-0.218016721365386,-0.219316593412342,-0.22062145499458,-0.221932222194103,-0.223249913107346,-0.22457564733441,-0.22591064422125,-0.227256219668452,-0.228613781312453,-0.229984821880099,-0.231370910516207,-0.232773681887384,-0.234194822875068,-0.23563605668792,-0.237099124249751,-0.238585762755678,-0.240097681337439,-0.241636533840125,-0.243203888787731,-0.24480119670438,-0.246429755061473,-0.248090671237077,-0.249784824000374,-0.25151282416736,-0.253274975209204,-0.255071234725612,-0.256901177814488,-0.258763963467533,-0.26065830518999,-0.262582447072085,-0.264534146521199,-0.266510664790234,-0.268508766304186,-0.270524727592025,-0.272554356377048,-0.27459302107267,-0.276635690583519,-0.278676983939309,-0.280711228910151,-0.282732528388015,-0.284734832991751,-0.286712018082948,-0.288657963184855,-0.290566631689384,-0.292432148725479,-0.294248875146279,-0.296011475766977,-0.297714980238057,-0.299354835252992,-0.300926947145493,-0.302427714307221,-0.303854049231286,-0.305203390340149,-0.306473704072478,-0.30766347796967,-0.308771705711393,-0.309797865197138,-0.310741890858205,-0.311604141415765,-0.31238536428235,-0.313086657744735,-0.313709431974735,-0.31425536980045,-0.314726388042476,-0.315124600085633,-0.315452280223233,-0.315711830183227,-0.315905748127524,-0.316036600310062,-0.316106995487255,-0.316119562096881,-0.316076928158057,-0.315981703794927,-0.31583646624899,-0.315643747218145,-0.31540602234318,-0.315125702652935,-0.314805127776412,-0.314446560732317,-0.314052184112612,-0.313624097485754,-0.31316431585632,-0.312674769030051,-0.312157301746341,-0.311613674453337,-0.311045564613794,-0.310454568442325,-0.309842202986559,-0.309209908475729,-0.308559050870451,-0.307890924556725,-0.307206755135608,-0.306507702267526,-0.30579486253687,-0.305069272308441,-0.304331910552425,-0.303583701619154,-0.302825517948706,-0.302058182703826,-0.301282472317414,-0.300499118948305,0,-0.132436954483494,-0.132808322607075,-0.133209593162696,-0.13364303692852,-0.134103691925831,-0.134584877109916,-0.135080394680392,-0.135585087052958,-0.136094864428652,-0.136606592877031,-0.137117957786025,-0.137627333634965,-0.138133667620415,-0.138636378383895,-0.139135269319773,-0.139630455299746,-0.140122301340454,-0.140611371608875,-0.141098387170078,-0.141584190998225,-0.142069718951963,-0.142555975619895,-0.143044014141246,-0.143534919283756,-0.144029793207638,-0.144529743460707,-0.14503587283879,-0.145549270812606,-0.14607100627258,-0.146602121381575,-0.147143626355888,-0.147696495020001,-0.148261661002416,-0.148840014459573,-0.149432399233074,-0.150039610362472,-0.150662391891812,-0.151301434922848,-0.151957375881324,-0.152630794974738,-0.153322214830519,-0.154032099312442,-0.154760852520418,-0.155508817984368,-0.156276278066983,-0.157063453592599,-0.157870503720512,-0.158697526080682,-0.15954455718834,-0.160411573151364,-0.161298490680872,-0.16220516841127,-0.163131408531241,-0.164076958722096,-0.165041514394657,-0.166024721210606,-0.167026177869257,-0.168045439136041,-0.169082019084975,-0.170135394523929,-0.171205008568958,-0.172290274332216,-0.173390578687252,-0.174505286075648,-0.175633742320217,-0.176775278412047,-0.177929214241734,-0.179094862248923,-0.180271530968746,-0.181458528458753,-0.182655165595315,-0.183860759234098,-0.185074635234859,-0.186296131356377,-0.187524600032613,-0.188759411046023,-0.189999954118245,-0.19124564144195,-0.192495910180418,-0.193750224963298,-0.195008080407946,-0.196269003695659,-0.197532557231057,-0.198798341410763,-0.200065997524411,-0.201335210806945,-0.202605713656152,-0.203877289023478,-0.20514977397945,-0.206423063447562,-0.207697114092296,-0.208971948338116,-0.21024765848686,-0.211524410891011,-0.212802450129825,-0.214082103124398,-0.215363783116374,-0.216647993423201,-0.217935330870784,-0.219226488791901,-0.220522259466186,-0.221823535864772,-0.223131312550109,-0.224446685569271,-0.225770851167596,-0.227105103139154,-0.228450828622027,-0.229809502140299,-0.231182677691973,-0.232571978683732,-0.233979085520822,-0.235405720674562,-0.236853631072656,-0.238324567689974,-0.239820262261281,-0.241342401093771,-0.242892596027355,-0.244472352674872,-0.246083036172826,-0.247725834785032,-0.249401721824684,-0.25111141649189,-0.252855344359148,-0.254633598370813,-0.256445901347154,-0.258291571090853,-0.260169489274661,-0.262078075333954,-0.264015266588085,-0.265978505761895,-0.267964736967604,-0.26997041103478,-0.271991500843007,-0.274023527023337,-0.276061594060435,-0.278100436461486,-0.280134474278428,-0.282157876897377,-0.284164633665114,-0.286148629628528,-0.288103724437966,-0.290023832324444,-0.291903001013332,-0.293735487486398,-0.295515828646803,-0.297238905167752,-0.298899997100118,-0.300494830158184,-0.302019611974489,-0.30347105799283,-0.304846407032234,-0.306143426886685,-0.307360410611393,-0.308496164377155,-0.309549987944736,-0.310521648920473,-0.311411352005538,-0.312219704450121,-0.312947678878294,-0.313596574568319,-0.314167978166121,-0.314663724685578,-0.315085859516378,-0.315436602025592,-0.315718311208571,-0.315933453722597,-0.31608457452616,-0.316174270249444,-0.316205165338725,-0.316179890948723,-0.316101066502136,-0.315971283793472,-0.315793093483647,-0.315568993811142,-0.31530142133336,-0.314992743506598,-0.314645252913602,-0.31426116295243,-0.313842604808539,-0.313391625542405,-0.312910187136976,-0.312400166362065,-0.311863355325937,-0.311301462597467,-0.310716114794946,-0.310108858549712,-0.309481162764166,-0.308834421094265,-0.308169954596205,-0.307489014485741,-0.306792784966454,-0.306082386090236,-0.305358876619465,-0.304623256865782,-0.303876471485094,-0.303119412212533,-0.302352920524666,-0.30157779021921,-0.300794769905151,-0.300004565398266,0,-0.133091642988102,-0.133445491309263,-0.133844850518463,-0.134284634016613,-0.134754815806326,-0.13524596296979,-0.135750500156932,-0.13626264526226,-0.136778098654126,-0.137293748338688,-0.137807430131429,-0.138317736325323,-0.138823862052367,-0.139325481114516,-0.139822645451225,-0.140315703853087,-0.140805236370562,-0.141292001436674,-0.14177689319448,-0.142260906951887,-0.142745111082668,-0.143230624042363,-0.143718595461988,-0.144210190519028,-0.144706576968028,-0.145208914350242,-0.145718345002529,-0.146235986559152,-0.146762925694189,-0.147300212893054,-0.147848858073835,-0.14840982690592,-0.148984037696662,-0.14957235873791,-0.150175606023681,-0.150794541268246,-0.151429870170561,-0.152082240886123,-0.152752242680907,-0.153440404753926,-0.154147195225015,-0.154873020292715,-0.155618223573594,-0.156383085638949,-0.157167823767837,-0.157972591936678,-0.158797481065573,-0.159642519539967,-0.160507674023677,-0.161392850575644,-0.16229789607835,-0.163222599980777,-0.164166696353357,-0.165129866246719,-0.166111740340408,-0.167111901862318,-0.16812988975458,-0.169165202057138,-0.170217299476534,-0.171285609104497,-0.172369528248949,-0.173468428339117,-0.174581658866474,-0.175708551324396,-0.176848423111526,-0.178000581366938,-0.1791643267091,-0.18033895685533,-0.181523770103642,-0.182718068664617,-0.18392116183682,-0.185132369025347,-0.186351022608984,-0.187576470667155,-0.188808079583023,-0.190045236543809,-0.191287351963284,-0.192533861854535,-0.193784230183292,-0.195037951233297,-0.196294552015418,-0.197553594751286,-0.198814679460354,-0.200077446676275,-0.201341580314554,-0.202606810708469,-0.203872917824448,-0.205139734661398,-0.206407150831043,-0.207675116308167,-0.208943645330859,-0.210212820421482,-0.211482796489134,-0.212753804963992,-0.214026157903044,-0.215300251995415,-0.216576572383858,-0.217855696206909,-0.219138295753934,-0.220425141112713,-0.221717102176603,-0.223015149865663,-0.224320356403846,-0.225633894482582,-0.226957035130338,-0.228291144098525,-0.229637676567078,-0.230998169969053,-0.232374234733571,-0.233767542751591,-0.235179813380571,-0.23661279682347,-0.238068254746293,-0.23954793803786,-0.241053561667155,-0.242586776658586,-0.244149139284529,-0.2457420776679,-0.247366856094606,-0.249024537455126,-0.250715944363544,-0.252441619637156,-0.254201786954999,-0.255996312642744,-0.257824669646239,-0.259685904847964,-0.261578610940122,-0.263500904085978,-0.265450408568768,-0.267424249538418,-0.269419054816383,-0.271430966507457,-0.273455662898012,-0.275488390800775,-0.277524008149554,-0.279557036269832,-0.281581720872701,-0.283592100461799,-0.285582080527492,-0.287545511649666,-0.289476269456865,-0.291368334306767,-0.293215868566826,-0.295013289483305,-0.296755335824262,-0.298437126754086,-0.300054211726025,-0.301602610543919,-0.303078843123384,-0.304479948854662,-0.305803495815423,-0.307047580386611,-0.30821081807668,-0.309292326552684,-0.310291702008404,-0.311208990071684,-0.312044652470351,-0.312799530645672,-0.31347480743305,-0.314071967830863,-0.314592759759226,-0.315039155579679,-0.315413315011809,-0.31571754994998,-0.315954291557493,-0.316126059900206,-0.31623543627924,-0.316285038334031,-0.316277497913133,-0.316215441650301,-0.316101474136722,-0.315938163545577,-0.315728029540957,-0.315473533288057,-0.315177069373992,-0.314840959447209,-0.314467447386799,-0.314058695820152,-0.313616783817051,-0.31314370559986,-0.312641370122008,-0.31211160138013,-0.31155613933836,-0.310976641356197,-0.310374684023708,-0.30975176531952,-0.309109307017897,-0.308448657281167,-0.307771093382829,-0.307077824514849,-0.306369994639964,-0.30564868535627,-0.304914918747088,-0.304169660194075,-0.303413821135871,-0.302648261758324,-0.301873793605542,-0.301091182103711,-0.300301148991985,-0.299504374656638,0,-0.133726276607544,-0.134072268727667,-0.134477675870068,-0.134929090429239,-0.135411859378099,-0.135914431896696,-0.136428371893828,-0.136947648547387,-0.137468019808438,-0.13798658587941,-0.138501468321368,-0.139011572779592,-0.139516408654052,-0.140015949651587,-0.140510525039701,-0.141000734557621,-0.14148738172219,-0.141971421427823,-0.142453918609752,-0.14293601544371,-0.143418905134354,-0.143903810812771,-0.14439196843043,-0.144884612815494,-0.145382966262715,-0.145888229176085,-0.146401572388607,-0.146924130858392,-0.147456998494618,-0.148001223907706,-0.148557806910575,-0.149127695625077,-0.149711784071785,-0.150310910143121,-0.150925853879986,-0.151557335990575,-0.152206016567023,-0.152872493970687,-0.153557303870167,-0.154260918427559,-0.154983745637711,-0.155726128832605,-0.156488346368308,-0.157270611515407,-0.158073072575478,-0.158895813246229,-0.159738853256483,-0.160602149289463,-0.161485596209032,-0.162389028598812,-0.163312222618761,-0.164254898177924,-0.165216721416036,-0.166197307480563,-0.167196223579917,-0.16821299228806,-0.169247095070895,-0.170297976000632,-0.171365045621119,-0.172447684924841,-0.173545249401115,-0.174657073114938,-0.175782472776963,-0.176920751767221,-0.178071204078334,-0.179233118148022,-0.180405780555569,-0.181588479562403,-0.182780508482934,-0.183981168878059,-0.185189773570148,-0.186405649484631,-0.187628140329364,-0.188856609128592,-0.190090440633337,-0.191329043634386,-0.192571853207477,-0.193818332922815,-0.195067977052543,-0.196320312810207,-0.197574902655628,-0.198831346696785,-0.200089285217559,-0.201348401356243,-0.202608423954944,-0.203869130594172,-0.205130350820282,-0.206391969566038,-0.207653930756372,-0.208916241082676,-0.210178973919558,-0.211442273348106,-0.212706358239341,-0.213971526340704,-0.215238158297235,-0.216506721527475,-0.217777773862249,-0.219051966842219,-0.220330048557667,-0.221612865901381,-0.222901366092886,-0.224196597319905,-0.225499708330929,-0.226811946801722,-0.22813465628875,-0.229469271574676,-0.230817312205891,-0.232180374020495,-0.233560118468281,-0.234958259533376,-0.236376548086548,-0.237816753519343,-0.23928064254762,-0.240769955119086,-0.242286377419468,-0.243831512045787,-0.245406845503421,-0.247013713285875,-0.248653262911473,-0.250326415417198,-0.252033825943365,-0.253775844178822,-0.255552475568808,-0.257363344308964,-0.259207659250716,-0.261084183916014,-0.262991211853848,-0.264926548558144,-0.266887501099119,-0.268870876492853,-0.270872989644585,-0.272889681452152,-0.274916347353305,-0.276947976255337,-0.278979199412767,-0.281004348437534,-0.283017521257441,-0.285012654504388,-0.286983600535295,-0.288924207083735,-0.290828397422816,-0.292690248897906,-0.294504067762693,-0.29626445841869,-0.29796638540524,-0.299605226797976,-0.301176818028512,-0.302677485515198,-0.304104069872452,-0.305453938824414,-0.306724990270784,-0.307915646225714,-0.309024838566304,-0.3100519876817,-0.310996975207399,-0.311860112065869,-0.31264210302063,-0.313344008894633,-0.31396720751454,-0.314513354329486,-0.314984343525245,-0.315382270320186,-0.315709394994904,-0.315968109078304,-0.316160903993237,-0.316290342357308,-0.316359032040758,-0.316369603004082,-0.316324686873047,-0.316226899157345,-0.316078823980211,-0.31588300115846,-0.315641915454133,-0.315357987808873,-0.315033568368574,-0.314670931107712,-0.314272269868614,-0.31383969563979,-0.313375234908441,-0.31288082893452,-0.31235833380676,-0.311809521154262,-0.3112360794003,-0.310639615457609,-0.310021656776364,-0.309383653667218,-0.308726981832099,-0.308052945044849,-0.307362777932297,-0.30665764881401,-0.305938662565689,-0.305206863477196,-0.304463238081428,-0.303708717934818,-0.302944182334191,-0.302170460958099,-0.301388336423629,-0.300598546752185,-0.29980178773975,-0.298998715228924,0,-0.134339719202246,-0.134689743700294,-0.135109785885704,-0.135577930275927,-0.136075876186756,-0.136590827581905,-0.137114094461885,-0.137639802690737,-0.138164040477653,-0.13868430564958,-0.139199131872374,-0.139707823337823,-0.140210259681829,-0.140706749571676,-0.141197919700726,-0.141684630217496,-0.142167910070911,-0.142648907365194,-0.143128851001604,-0.143609020802983,-0.144090724035694,-0.14457527679607,-0.145063989141861,-0.145558153149731,-0.146059033292943,-0.14656785868164,-0.147085816810598,-0.147614048530794,-0.148153644012511,-0.148705639506651,-0.149271014742279,-0.14985069082539,-0.150445528527945,-0.151056326878376,-0.151683821985088,-0.152328686043195,-0.15299152649147,-0.153672885301335,-0.15437323839234,-0.155092995179083,-0.155832498262737,-0.156592023286468,-0.157371778977976,-0.158171907404465,-0.158992484465547,-0.159833520648196,-0.160694962065096,-0.161576691793657,-0.162478531528004,-0.163400243550526,-0.164341533023257,-0.165302050592906,-0.166281395296742,-0.167279117750214,-0.168294723591202,-0.169327677150471,-0.170377405313325,-0.171443301533832,-0.172524729960434,-0.173621029630274,-0.174731518689371,-0.175855498596659,-0.176992258272031,-0.178141078151695,-0.179301234118346,-0.180472001278695,-0.181652657566648,-0.182842487156709,-0.184040783678809,-0.185246853232529,-0.186460017205403,-0.187679614906448,-0.188905006032119,-0.190135572987311,-0.191370723088733,-0.192609890681792,-0.193852539204964,-0.195098163237417,-0.196346290566344,-0.197596484310002,-0.198848345130886,-0.20010151357078,-0.201355672535658,-0.202610549953635,-0.203865921623421,-0.20512161426414,-0.206377508769921,-0.207633543664568,-0.208889718742794,-0.210146098875161,-0.211402817943947,-0.212660082866855,-0.213918177654673,-0.215177467437857,-0.216438402385487,-0.217701521428234,-0.21896745568483,-0.220236931479192,-0.221510772822828,-0.222789903224574,-0.224075346677302,-0.225368227659086,-0.226669769974996,-0.227981294255343,-0.229304213917642,-0.230640029393354,-0.231990320417501,-0.23335673618059,-0.234740983149052,-0.236144810373945,-0.237569992129463,-0.239018307754251,-0.240491518611143,-0.24199134213612,-0.243519423015973,-0.245077301617135,-0.24666637988541,-0.248287885047085,-0.249942831564511,-0.251631981930567,-0.253355807022425,-0.25511444686976,-0.256907672819271,-0.258734852187606,-0.260594916579594,-0.262486335098504,-0.264407093680782,-0.266354681741101,-0.268326087208669,-0.270317800869083,-0.272325830698177,-0.274345726589875,-0.27637261554831,-0.278401247049194,-0.280426047894153,-0.282441185505107,-0.284440638255585,-0.28641827113384,-0.288367914798164,-0.290283445933622,-0.292158866761595,-0.293988381593141,-0.295766468451325,-0.297487944007213,-0.299148020364357,-0.300742352568447,-0.302267076091051,-0.303718833916945,-0.305094793232849,-0.306392652053093,-0.307610636410517,-0.308747488978752,-0.309802450169354,-0.310775232863113,-0.311665991991677,-0.312475290189228,-0.313204060691975,-0.313853568584777,-0.314425371388565,-0.31492127985871,-0.31534331973135,-0.315693695019191,-0.3159747533265,-0.316188953529209,-0.316338836053761,-0.316426995889257,-0.316456058382819,-0.316428657797823,-0.316347418558338,-0.316214939059721,-0.316033777893524,-0.315806442313332,-0.315535378755164,-0.315222965220387,-0.314871505329074,-0.314483223856289,-0.314060263571723,-0.313604683213379,-0.313118456437952,-0.31260347160336,-0.31206153225209,-0.311494358177185,-0.310903586965519,-0.310290775925202,-0.309657404315466,-0.309004875807994,-0.308334521118433,-0.307647600755639,-0.30694530784416,-0.306228770982563,-0.305499057106456,-0.304757174330584,-0.30400407474917,-0.303240657177842,-0.302467769824077,-0.301686212876175,-0.30089674100336,-0.300100065761857,-0.299296857903582,-0.29848774958567,0,-0.134933251098775,-0.13530075381843,-0.135743874197271,-0.136233131334392,-0.136748066680091,-0.137275672423834,-0.137807646492501,-0.138338672989712,-0.138865428151249,-0.13938597554646,-0.139899370427299,-0.14040538529557,-0.140904312375709,-0.141396818632701,-0.141883838389702,-0.142366493436211,-0.142846033353568,-0.143323790690772,-0.143801147025932,-0.144279507015476,-0.14476027834131,-0.145244856064829,-0.145734610327566,-0.146230876639889,-0.146734948205141,-0.147248069865164,-0.14777143334628,-0.148306173548658,-0.1488533656679,-0.149414022973012,-0.149989095094293,-0.150579466700473,-0.151185956468167,-0.151809316268544,-0.152450230516339,-0.15310931564468,-0.153787119685424,-0.15448412194875,-0.155200732807385,-0.155937293600074,-0.156694076675779,-0.157471285604664,-0.158269055584311,-0.159087454070078,-0.159926481657132,-0.160786073238787,-0.161666099461543,-0.162566368491889,-0.163486628103806,-0.164426568089183,-0.165385822986335,-0.166363975114723,-0.167360557897099,-0.168375059443785,-0.169406926367989,-0.170455567795993,-0.171520359532054,-0.17260064833489,-0.173695756260931,-0.17480498502903,-0.175927620362158,-0.177062936263627,-0.178210199188647,-0.179368672076276,-0.1805376182121,-0.181716304897937,-0.182904006911496,-0.184100009745863,-0.185303612625863,-0.186514131305482,-0.187730900657405,-0.1889532770722,-0.190180640690548,-0.191412397496968,-0.192647981307727,-0.193886855688756,-0.195128515841518,-0.196372490495695,-0.197618343847348,-0.19886567757981,-0.200114133001989,-0.201363393335156,-0.202613186174503,-0.203863286146139,-0.205113517773522,-0.206363758559962,-0.207613942285633,-0.208864062508777,-0.210114176251334,-0.21136440783942,-0.212614952858669,-0.213866082173765,-0.21511814595033,-0.216371577605962,-0.217626897605399,-0.218884717002814,-0.220145740621965,-0.221410769752505,-0.222680704228223,-0.223956543740578,-0.22523938822866,-0.226530437175144,-0.227830987627075,-0.229142430751165,-0.23046624672612,-0.231803997770366,-0.233157319103163,-0.234527907641807,-0.235917508248522,-0.23732789735925,-0.238760863854297,-0.240218187069176,-0.241701611894419,-0.24321282097677,-0.244753404111921,-0.246324825011077,-0.247928385729666,-0.249565189165172,-0.251236100159799,-0.252941705878718,-0.254682276270855,-0.256457725550015,-0.258267575751694,-0.260110923516501,-0.261986411315123,-0.263892204352943,-0.265825974366024,-0.267784891437299,-0.269765624817933,-0.271764353532957,-0.273776787285434,-0.275798197857217,-0.277823460848859,-0.279847107222939,-0.28186338373336,-0.283866320959973,-0.285849807344964,-0.287807667365471,-0.289733741793139,-0.291621967898069,-0.293466457458357,-0.295261570536667,-0.29700198317529,-0.298682747427833,-0.300299342471615,-0.301847715909212,-0.303324314748394,-0.304726105925578,-0.306050586589416,-0.307295784672447,-0.308460250538076,-0.309543040690388,-0.310543694672795,-0.311462206359542,-0.3122989908664,-0.313054848280485,-0.313730925342786,-0.314328676119995,-0.314849822583973,-0.315296315886392,-0.315670298980455,-0.315974071107574,-0.316210054539522,-0.316380763849568,-0.316488777881886,-0.316536714498404,-0.316527208106694,-0.316462889911077,-0.316346370781112,-0.316180226595718,-0.31596698589607,-0.31570911966445,-0.315409033038083,-0.315069058765031,-0.314691452212313,-0.314278387743187,-0.313831956290164,-0.313354163961694,-0.312846931533099,-0.312312094685433,-0.31175140486922,-0.311166530682987,-0.310559059668971,-0.309930500440197,-0.309282285064051,-0.308615771637566,-0.307932246998827,-0.307232929527178,-0.306518971992294,-0.305791464418784,-0.305051436938736,-0.304299862609683,-0.303537660179881,-0.302765696786574,-0.301984790576162,-0.301195713238001,-0.300399192445864,-0.299595914203095,-0.29878652508913,-0.297971634406419,0,-0.135510812675028,-0.135909742418947,-0.136383383039158,-0.136896922649055,-0.137429625204859,-0.137969359868678,-0.138508829157502,-0.139043640258969,-0.139571281708165,-0.140090522624976,-0.140601025748002,-0.141103082114153,-0.141597422808998,-0.142085083314493,-0.142567305185153,-0.143045464587054,-0.143521020174601,-0.14399547482917,-0.144470347306517,-0.144947150983709,-0.145427377740314,-0.145912485613151,-0.146403889283119,-0.146902952734581,-0.147410983612833,-0.14792922892507,-0.148458871808406,-0.149001029141539,-0.149556749815058,-0.150127013506138,-0.15071272982993,-0.151314737764319,-0.151933805267532,-0.15257062902941,-0.153225834316798,-0.153899974891091,-0.154593532991339,-0.155306919389135,-0.156040473531785,-0.156794463797941,-0.157569087895062,-0.158364473430887,-0.159180678691727,-0.160017693659097,-0.160875441293127,-0.161753779106755,-0.162652501048975,-0.163571339708876,-0.16450996884494,-0.165468006236541,-0.166445016846872,-0.167440516279114,-0.168453974500538,-0.169484819802904,-0.17053244296194,-0.171596201554222,-0.172675424386445,-0.173769415990039,-0.174877461133393,-0.175998829304591,-0.177132779119572,-0.178278562613856,-0.179435429380381,-0.180602630521437,-0.181779422388897,-0.182965070093888,-0.184158850774385,-0.185360056616729,-0.186567997634684,-0.187782004216937,-0.189001429460871,-0.190225651316702,-0.191454074571625,-0.192686132708118,-0.193921289674148,-0.195159041605378,-0.196398918540725,-0.197640486172581,-0.198883347671823,-0.200127145625315,-0.201371564120027,-0.202616331003269,-0.203861220342858,-0.205106055104448,-0.206350710055813,-0.207595114899728,-0.208839257628207,-0.210083188081503,-0.211327021685339,-0.21257094332949,-0.213815211340133,-0.215060161487297,-0.216306210957346,-0.217553862208808,-0.218803706617882,-0.220056427807836,-0.221312804544166,-0.222573713064943,-0.223840128703368,-0.225113126647315,-0.22639388166887,-0.227683666645884,-0.228983849687801,-0.230295889670164,-0.231621329976862,-0.232961790247372,-0.234318955929,-0.235694565442596,-0.237090394785891,-0.238508239422799,-0.239949893341387,-0.241417125209041,-0.242911651612072,-0.244435107439554,-0.245989013558055,-0.24757474202506,-0.249193479203242,-0.250846187263283,-0.25253356469639,-0.254256006594345,-0.256013565588858,-0.257805914465666,-0.259632311573866,-0.261491570227953,-0.263382033339518,-0.265301554508496,-0.267247486742491,-0.269216679851552,-0.271205487382415,-0.273209783712116,-0.275224991621941,-0.277246120329347,-0.279267813582724,-0.281284407040229,-0.283289993780498,-0.285278496452072,-0.287243744281067,-0.289179552941855,-0.291079805167511,-0.29293852994444,-0.294749978200841,-0.296508693057205,-0.298209572947828,-0.299847926229384,-0.301419516246116,-0.302920596199285,-0.304347933549396,-0.305698824042947,-0.306971095783751,-0.308163104048927,-0.309273717772508,-0.3103022987811,-0.31124867496598,-0.312113108618061,-0.312896261142628,-0.313599155317754,-0.314223136173301,-0.314769831455574,-0.315241112515311,-0.315639056321718,-0.315965909169733,-0.31622405251717,-0.316415971267039,-0.316544224701045,-0.316611420174786,-0.316620189604104,-0.316573168705504,-0.316472978900639,-0.316322211754695,-0.316123415789541,-0.315879085493433,-0.315591652338174,-0.315263477610626,-0.314896846866861,-0.314493965822814,-0.314056957504021,-0.313587860487877,-0.313088628084114,-0.312561128312232,-0.312007144547855,-0.311428376723153,-0.310826442979138,-0.310202881679734,-0.309559153708782,-0.308896644981573,-0.308216669112015,-0.307520470185176,-0.306809225592635,-0.306084048894952,-0.305345992681659,-0.304596051404448,-0.303835164163912,-0.303064217434172,-0.302284047713182,-0.301495444089441,-0.30069915071836,-0.299895869203606,-0.299086260880541,-0.298270949000306,-0.2974505208143,0,-0.136078948935405,-0.136522445027112,-0.137032183459334,-0.137571543579806,-0.138121574773666,-0.138672046758864,-0.139217200050188,-0.139753864248325,-0.140280515619181,-0.140796731660002,-0.141302839889362,-0.141799677696573,-0.142288423689735,-0.142770478278911,-0.143247379079296,-0.143720741011507,-0.144192213791904,-0.144663451563166,-0.145136090964618,-0.145611735091818,-0.146091941620915,-0.146578213944187,-0.147071994542657,-0.147574660065347,-0.148087517736774,-0.148611802808266,-0.14914867682781,-0.149699226542969,-0.15026446328142,-0.150845322679131,-0.151442664649743,-0.152057273511368,-0.152689858208706,-0.153341052588857,-0.154011415707903,-0.15470143216186,-0.155411512449627,-0.156141993386832,-0.156893138598049,-0.157665139120656,-0.158458114156849,-0.159272112011202,-0.160107111249826,-0.160963022114039,-0.161839688216658,-0.16273688854297,-0.163654339771332,-0.164591698920603,-0.165548566323399,-0.166524488915901,-0.167518963826817,-0.16853144224042,-0.169561333501604,-0.170608009424802,-0.171670808763646,-0.172749041794455,-0.173841994964299,-0.174948935553397,-0.176069116302071,-0.177201779954426,-0.178346163674134,-0.179501503292233,-0.180667037352426,-0.181842010925894,-0.183025679174845,-0.184217310651741,-0.185416190329131,-0.186621622362985,-0.18783293260024,-0.189049470848606,-0.190270612933451,-0.191495762572469,-0.192724353103852,-0.19395584910756,-0.195189747962011,-0.196425581380016,-0.197662916968003,-0.19890135985155,-0.200140554407961,-0.201380186143178,-0.2026199837457,-0.203859721344554,-0.205099220991778,-0.206338355382396,-0.20757705081669,-0.208815290400655,-0.210053117471114,-0.211290639222013,-0.212528030498033,-0.213765537710976,-0.215003482823282,-0.216242267331734,-0.217482376172797,-0.218724381459196,-0.219968945945306,-0.221216826106664,-0.222468874706619,-0.223726042710716,-0.224989380397212,-0.226260037500221,-0.227539262210749,-0.228828398850702,-0.230128884026401,-0.231442241061838,-0.232770072508762,-0.234114050531677,-0.235475904972066,-0.236857408909076,-0.238260361554799,-0.239686568352733,-0.241137818189505,-0.242615857683768,-0.244122362583614,-0.245658906385459,-0.247226926383405,-0.248827687467833,-0.25046224411391,-0.252131401131827,-0.253835673886983,-0.255575248834254,-0.257349945339204,-0.259159179872294,-0.261001933750844,-0.262876725658126,-0.264781590180227,-0.266714063560789,-0.268671177775089,-0.270649463864351,-0.272644965248724,-0.274653261457207,-0.276669502383722,-0.278688452813978,-0.280704546584956,-0.282711949358358,-0.284704628633052,-0.286676429311438,-0.288621152890657,-0.290532638187864,-0.292404841440424,-0.294231913651396,-0.296008273176045,-0.297728671757694,-0.299388252506662,-0.300982598655614,-0.30250777229708,-0.303960342692027,-0.305337404111026,-0.30663658351319,-0.307856038667658,-0.308994447567482,-0.310050990170309,-0.311025323622741,-0.31191755218803,-0.31272819310519,-0.313458139569423,-0.314108621947923,-0.314681168241028,-0.315177564675757,-0.315599817185441,-0.315950114392809,-0.316230792580751,-0.316444303009644,-0.316593181825937,-0.3166800227059,-0.316707452291925,-0.316678108406858,-0.316594620973997,-0.316459595525643,-0.316275599150171,-0.316045148705069,-0.315770701109667,-0.31545464552495,-0.315099297227415,-0.314706892988144,-0.314279587775985,-0.313819452613886,-0.313328473429342,-0.312808550752688,-0.31226150013027,-0.311689053132713,-0.311092858851472,-0.31047448578913,-0.30983542406051,-0.309177087832453,-0.308500817939945,-0.307807884625243,-0.307099490354675,-0.306376772675019,-0.305640807077675,-0.304892609844461,-0.304133140853739,-0.303363306329793,-0.302583961522051,-0.301795913303854,-0.300999922683137,-0.30019670721963,-0.299386943345051,-0.298571268584369,-0.297750283677446,-0.296924554601496,0,-0.136646800603375,-0.137145409247436,-0.137694187736724,-0.138258984673734,-0.138824603605167,-0.139383554782054,-0.139932018252299,-0.140468258074433,-0.14099185400974,-0.141503252033567,-0.142003470084509,-0.142493895841385,-0.14297614596578,-0.143451968449813,-0.143923175398758,-0.144391597040267,-0.144859050280319,-0.145327317082137,-0.145798129434937,-0.146273158768278,-0.146754008424814,-0.147242208304739,-0.147739211110399,-0.14824638980906,-0.148765036041743,-0.149296359269016,-0.149841486482318,-0.150401462335158,-0.150977249569776,-0.151569729635144,-0.152179703412777,-0.152807891987652,-0.153454937422032,-0.154121403509298,-0.154807776502394,-0.155514465826538,-0.156241804798191,-0.156990051381668,-0.157759389021288,-0.158549927590613,-0.159361704501409,-0.160194686013696,-0.161048768784876,-0.161923781690838,-0.162819487945429,-0.163735587537031,-0.164671719992603,-0.165627467470684,-0.1666023581759,-0.167595870078672,-0.168607434915486,-0.169636442437438,-0.170682244868068,-0.171744161525963,-0.172821483563395,-0.173913478769469,-0.175019396384992,-0.176138471876565,-0.177269931619168,-0.178412997439782,-0.179566890979155,-0.180730837834604,-0.181904071453501,-0.183085836754639,-0.184275393462767,-0.185472019149991,-0.186675011986178,-0.187883693208759,-0.189097409330179,-0.190315534108431,-0.191537470312496,-0.192762651319912,-0.193990542587953,-0.195220643042973,-0.196452486434262,-0.197685642699196,-0.198919719385676,-0.200154363175659,-0.201389261550263,-0.202624144632356,-0.203858787236939,-0.205093011153019,-0.20632668767318,-0.207559740378804,-0.208792148179968,-0.210023948599514,-0.211255241280842,-0.212486191688527,-0.213717034960162,-0.214948079856761,-0.216179712747764,-0.217412401555139,-0.218646699569341,-0.219883249037927,-0.221122784415496,-0.222366135151402,-0.223614227879398,-0.224868087861134,-0.226128839523518,-0.227397705918516,-0.228676006923428,-0.229965155990588,-0.23126665524826,-0.23258208875018,-0.233913113670617,-0.235261449245981,-0.236628863274412,-0.238017156002536,-0.239428141255411,-0.240863624702918,-0.242325379205074,-0.243815117241036,-0.245334460502994,-0.246884906826956,-0.248467794737383,-0.250084266000459,-0.251735226709102,-0.253421307558045,-0.255142824104414,-0.256899737941718,-0.258691619835398,-0.260517615967177,-0.262376418503986,-0.264266241735716,-0.266184805005615,-0.26812932358051,-0.270096508470406,-0.272082576006883,-0.274083267729612,-0.276093880817463,-0.278109308946661,-0.280124093079403,-0.282132481301677,-0.284128496460415,-0.286106010019753,-0.288058820285077,-0.289980732949442,-0.29186564181304,-0.293707607519665,-0.295500932245042,-0.2972402284541,-0.298920480105406,-0.300537095003692,-0.302085947365119,-0.303563410042427,-0.304966376236779,-0.306292270880079,-0.30753905218944,-0.308705204162009,-0.309789720985962,-0.310792084488875,-0.311712235829013,-0.312550542662654,-0.313307762998404,-0.313985006886105,-0.314583696992956,-0.315105529002073,-0.315552432638022,-0.315926533987547,-0.316230119648554,-0.316465603111469,-0.316635493658362,-0.316742367959129,-0.316788844452127,-0.316777560519265,-0.31671115240261,-0.316592237760082,-0.316423400720697,-0.316207179273655,-0.315946054808791,-0.31564244361705,-0.31529869015724,-0.314917061897968,-0.314499745550267,-0.314048844515804,-0.313566377386945,-0.313054277347491,-0.31251439233611,-0.311948485847761,-0.311358238261512,-0.310745248595704,-0.310111036603332,-0.309457045131576,-0.308784642679635,-0.308095126098287,-0.307389723383005,-0.306669596519947,-0.30593584435081,-0.305189505428375,-0.304431560839735,-0.303662936978661,-0.30288450825239,-0.302097099711461,-0.301301489594032,-0.300498411778485,-0.299688558140169,-0.298872580809788,-0.298051094332318,-0.297224677726509,-0.296393876445889,0,-0.137225014423036,-0.137785365650846,-0.138372927813639,-0.138960733734933,-0.139538917791279,-0.14010328964607,-0.140652205709815,-0.141185476613524,-0.141703836153682,-0.142208613641634,-0.142701510486379,-0.143184444687406,-0.143659443859741,-0.144128573248659,-0.144593888363127,-0.145057404355097,-0.145521076423991,-0.145986787299415,-0.146456339213635,-0.146931448742479,-0.147413743535662,-0.147904760356258,-0.148405944079831,-0.148918647427661,-0.14944413127038,-0.149983565367827,-0.150538029426685,-0.151108514369435,-0.151695923721259,-0.152301075037174,-0.15292470130963,-0.153567452316011,-0.15422989588463,-0.154912519075825,-0.155615729290676,-0.156339855333146,-0.157085148461722,-0.157851783473799,-0.158639859870224,-0.159449403148661,-0.160280366273232,-0.161132631364264,-0.162006011646564,-0.162900253687584,-0.163815039948604,-0.164749991662984,-0.165704672045957,-0.166678589830667,-0.167671203115621,-0.168681923499567,-0.169710120471493,-0.170755126016047,-0.171816239388581,-0.172892732009231,-0.173983852422284,-0.175088831265421,-0.17620688619352,-0.177337226703322,-0.178479058808512,-0.179631589519398,-0.180794031087327,-0.181965604980991,-0.183145545569632,-0.184333103496665,-0.185527548736062,-0.186728173332745,-0.187934293837031,-0.189145253451444,-0.190360423915974,-0.191579207164632,-0.192801036792043,-0.19402537937345,-0.195251735684938,-0.196479641872758,-0.197708670621364,-0.198938432369108,-0.200168576618578,-0.201398793385267,-0.202628814823782,-0.203858417065202,-0.205087422292557,-0.206315701073879,-0.207543174963953,-0.208769819376898,-0.209995666722117,-0.211220809786128,-0.212445405332314,-0.213669677879854,-0.214893923612082,-0.21611851435318,-0.217343901540685,-0.218570620109554,-0.219799292191731,-0.221030630523105,-0.222265441437657,-0.223504627316375,-0.224749188346377,-0.226000223433712,-0.22725893010177,-0.228526603196443,-0.229804632209555,-0.231094497024257,-0.232397761880649,-0.233716067357906,-0.235051120171516,-0.236404680592226,-0.237778547308197,-0.239174539575223,-0.240594476533116,-0.242040153611026,-0.243513316001852,-0.245015629257079,-0.246548647138949,-0.248113776966796,-0.249712242807776,-0.251345046987194,-0.253012930527017,-0.254716333258445,-0.256455354489708,-0.258229715236252,-0.26003872312872,-0.261881241195274,-0.263755661759429,-0.265659886693165,-0.267591315210029,-0.269546840268058,-0.271522854475,-0.273515266149435,-0.275519525896339,-0.277530663714563,-0.279543336281023,-0.281551883670579,-0.283550394392637,-0.285532777277707,-0.287492838451272,-0.289424361407464,-0.291321188056411,-0.293177298575996,-0.294986887954201,-0.296744437258213,-0.298444777900833,-0.300083147477665,-0.30165523610047,-0.30315722253107,-0.30458579980413,-0.305938190395323,-0.307212151326031,-0.308405969882789,-0.309518450860043,-0.310548896403349,-0.311497079636779,-0.31236321330602,-0.313147914663746,-0.313852167774406,-0.314477284330824,-0.315024863964552,-0.315496754904796,-0.315895015705419,-0.316221878622949,-0.316479715096545,-0.31667100365784,-0.316798300487431,-0.316864212737406,-0.316871374656525,-0.316822426486354,-0.31671999604233,-0.316566682852188,-0.316365044694157,-0.316117586357303,-0.315826750434792,-0.31549490995628,-0.315124362666584,-0.314717326763096,-0.314275937912921,-0.313802247381472,-0.313298221116472,-0.312765739644385,-0.312206598649582,-0.311622510119791,-0.311015103954178,-0.310385929942574,-0.30973646003577,-0.309068090837347,-0.308382146257129,-0.307679880275099,-0.306962479772412,-0.30623106739312,-0.305486704406383,-0.304730393544328,-0.303963081795444,-0.303185663137435,-0.302398981197003,-0.301603831826994,-0.300800965593904,-0.299991090170873,-0.2991748726331,-0.298352941654086,-0.297525889602339,-0.296694274539184,-0.295858622119111,0,-0.137825036062706,-0.138448504452783,-0.13907114113656,-0.139677551106585,-0.140264123403058,-0.140830185364335,-0.14137632894807,-0.141903920911729,-0.142414834264581,-0.142911251971195,-0.143395520499634,-0.1438700456593,-0.144337222743391,-0.144799392372506,-0.145258814191444,-0.145717652150555,-0.146177966857748,-0.146641712023551,-0.147110733187,-0.147586767703313,-0.148071445464129,-0.148566290093427,-0.149072720494767,-0.149592052677221,-0.150125501798972,-0.150674184363954,-0.151239120501943,-0.151821236262258,-0.152421365857503,-0.15304025380576,-0.153678556935528,-0.154336846235476,-0.155015608548908,-0.155715248129314,-0.156436088087432,-0.157178371771396,-0.157942264129426,-0.158727853109145,-0.159535151149167,-0.160364096817302,-0.161214556645964,-0.162086327209473,-0.162979137480363,-0.163892651492879,-0.164826471331996,-0.165780140455901,-0.166753147349298,-0.167744929494458,-0.168754877637028,-0.16978234031444,-0.170826628606706,-0.171887021062561,-0.172962768748613,-0.174053100365446,-0.175157227372677,-0.176274349064669,-0.17740365754018,-0.17854434251234,-0.179695595910095,-0.180856616228328,-0.182026612591161,-0.183204808501115,-0.184390445255723,-0.185582785022438,-0.186781113572133,-0.187984742680694,-0.189193012217123,-0.190405291944707,-0.191620983069179,-0.19283951957407,-0.194060369388545,-0.195283035436781,-0.196507056620362,-0.197732008786146,-0.198957505731582,-0.200183200297671,-0.201408785596535,-0.20263399641615,-0.2038586108392,-0.205082452106338,-0.206305390746585,-0.207527346989176,-0.208748293462094,-0.209968258172876,-0.211187327757118,-0.212405650969605,-0.213623442382166,-0.214840986241273,-0.216058640427134,-0.217276840444561,-0.218496103364302,-0.219717031621743,-0.220940316568006,-0.222166741656445,-0.223397185135467,-0.224632622106537,-0.225874125794265,-0.227122867863882,-0.228380117610416,-0.229647239833874,-0.230925691206267,-0.23221701493003,-0.233522833484069,-0.234844839254347,-0.236184782851738,-0.237544458932107,-0.238925689353641,-0.240330303535962,-0.241760115925804,-0.243216900526674,-0.244702362515911,-0.246218107052878,-0.247765605476753,-0.249346159201114,-0.250960861733628,-0.252610559380104,-0.254295811328795,-0.256016849947928,-0.257773542260041,-0.259565353672806,-0.261391315138585,-0.263249994974325,-0.265139476590237,-0.26705734334131,-0.269000671623372,-0.27096603318111,-0.272949507378552,-0.274946703906829,-0.276952796077908,-0.278962564489284,-0.280970450460558,-0.28297061825855,-0.284957024765315,-0.28692349492523,-0.288863801053665,-0.290771743917477,-0.292641233418301,-0.294466366728808,-0.296241501848352,-0.297961324749695,-0.299620908568902,-0.301215763627555,-0.302741877448875,-0.30419574431478,-0.305574384287989,-0.306875351972762,-0.30809673559445,-0.309237147230454,-0.310295705217144,-0.311272009886646,-0.312166113856315,-0.312978488107177,-0.313709985053441,-0.314361799732036,-0.31493543013879,-0.315432637615544,-0.315855408059037,-0.316205914585235,-0.316486482148289,-0.316699554486348,-0.316847663650463,-0.316933402270095,-0.316959398620428,-0.316928294483029,-0.316842725731952,-0.316705305531291,-0.316518609996043,-0.316285166144632,-0.316007441956934,-0.315687838344677,-0.315328682840165,-0.314932224813196,-0.314500632033467,-0.314035988405861,-0.313540292717792,-0.313015458250623,-0.312463313120451,-0.311885601226892,-0.311283983701482,-0.310660040759762,-0.310015273872815,-0.309351108184906,-0.308668895113871,-0.307969915079929,-0.307255380316784,-0.306526437726143,-0.305784171743249,-0.305029607186674,-0.304263712070589,-0.303487400362025,-0.302701534669341,-0.301906928851301,-0.301104350538863,-0.300294523564048,-0.299478130292209,-0.298655813855585,-0.297828180287355,-0.296995800556492,-0.296159212504559,-0.295318922686308,0,-0.138458296363474,-0.139139735510683,-0.139790408309993,-0.140409296152575,-0.140999148975068,-0.141562679133032,-0.14210260372775,-0.142621759609833,-0.143123083669803,-0.143609541927863,-0.144084059027639,-0.144549466137647,-0.145008469067697,-0.145463632376632,-0.145917374092673,-0.146371966516568,-0.146829539964549,-0.147292087572279,-0.147761470204121,-0.148239421089602,-0.148727550117624,-0.149227347848927,-0.149740189334501,-0.150267337805957,-0.150809948266898,-0.151369070980607,-0.151945654826673,-0.15254055048931,-0.153154513441504,-0.153788206698648,-0.154442203329867,-0.155116988731851,-0.155812962686452,-0.156530441238022,-0.157269658438371,-0.158030768015876,-0.158813845030438,-0.159618887577808,-0.160445818605541,-0.161294487898806,-0.162164674287949,-0.163056088121469,-0.163968374038422,-0.164901114063507,-0.165853831036865,-0.166825992379027,-0.167817014180156,-0.168826265591857,-0.169853073489837,-0.170896727366792,-0.171956484407414,-0.173031574691402,-0.17412120646619,-0.17522457142865,-0.17634084995452,-0.177469216215601,-0.178608843127861,-0.179758907078365,-0.180918592385156,-0.182087095451756,-0.183263628586482,-0.184447423466072,-0.18563773423284,-0.186833840224532,-0.188035048345813,-0.189240695099712,-0.190450148306093,-0.19166280854205,-0.192878110345888,-0.194095523231887,-0.195314552567194,-0.196534740364936,-0.197755666048873,-0.198976947244711,-0.200198240651468,-0.201419243043245,-0.202639692447345,-0.203859369539088,-0.205078099286988,-0.206295752874327,-0.207512249914636,-0.20872756096948,-0.209941710367104,-0.211154779310325,-0.212366909251425,-0.2135783055009,-0.214789241025824,-0.216000060382299,-0.217211183714995,-0.218423110745282,-0.219636424657707,-0.220851795782851,-0.222069984962652,-0.223291846472357,-0.224518330361286,-0.22575048406268,-0.226989453111318,-0.22823648079642,-0.229492906567061,-0.230760162998355,-0.232039771119554,-0.233333333900802,-0.234642527694434,-0.23596909143054,-0.23731481337627,-0.238681515285403,-0.240071033790551,-0.241485198926556,-0.242925809721524,-0.24439460685298,-0.245893242441599,-0.247423247144506,-0.248985994813901,-0.250582665103693,-0.252214204534682,-0.253881286664147,-0.255584272143545,-0.257323169582152,-0.259097598257251,-0.260906753814045,-0.262749378171492,-0.264623734884036,-0.266527591194757,-0.268458207945156,-0.270412338375542,-0.272386236655724,-0.274375676730601,-0.276375981755956,-0.278382064047425,-0.2803884750861,-0.282389464736708,-0.284379048460443,-0.286351080966781,-0.288299334468317,-0.290217579498146,-0.292099666134521,-0.293939603460054,-0.295731635163977,-0.297470309370093,-0.29915054102826,-0.300767665526487,-0.302317482543506,-0.303796289545744,-0.305200904715966,-0.30652867946331,-0.307777500988945,-0.308945785655533,-0.310032464123689,-0.311036959371257,-0.311959158801996,-0.312799381683374,-0.313558343135365,-0.31423711583207,-0.314837090484991,-0.315359936060474,-0.315807560553256,-0.316182073001117,-0.316485747289305,-0.316720988162933,-0.31689029974499,-0.316996256749679,-0.317041478486944,-0.317028605674937,-0.316960280012529,-0.316839126413035,-0.316667737761934,-0.316448662034136,-0.316184391588669,-0.315877354449153,-0.315529907375434,-0.315144330534084,-0.314722823581727,-0.314267502984447,-0.313780400407785,-0.313263462024387,-0.312718548599561,-0.312147436228401,-0.311551817611273,-0.310933303767161,-0.31029342609638,-0.309633638715359,-0.308955320996534,-0.308259780255773,-0.307548254538283,-0.306821915461537,-0.306081871080508,-0.305329168746461,-0.304564797935759,-0.303789693029691,-0.303004736030233,-0.302210759200022,-0.301408547617697,-0.300598841642186,-0.299782339281588,-0.298959698463982,-0.298131539208916,-0.297298445699501,-0.296460968255957,-0.295619625212224,-0.29477490469785,0,-0.139134751604614,-0.139862022691287,-0.140530884127795,-0.141154822291972,-0.141742215834833,-0.142298719897813,-0.142828923603706,-0.143336967236357,-0.14382672465182,-0.144301839437334,-0.144765723579196,-0.14522155482595,-0.145672281406435,-0.146120633232092,-0.14656913643025,-0.147020128448063,-0.147475772041863,-0.147938067436649,-0.148408862583296,-0.14888986177256,-0.149382632974808,-0.149888614255233,-0.150409119536652,-0.150945343890879,-0.151498368459797,-0.152069165048544,-0.152658600397432,-0.153267440123066,-0.153896352317899,-0.154545910805986,-0.155216598066575,-0.155908807852855,-0.156622847548176,-0.157358940314735,-0.158117227099143,-0.158897768565114,-0.159700547025677,-0.160525468446085,-0.161372364584334,-0.162240995329376,-0.163131051288175,-0.164042156662248,-0.16497387244269,-0.165925699940346,-0.16689708465528,-0.167887420477295,-0.168896054197414,-0.169922290299291,-0.170965395989753,-0.172024606419344,-0.173099130037106,-0.174188154019001,-0.175290849706508,-0.176406377991037,-0.177533894580871,-0.178672555090382,-0.179821519896013,-0.180979958709909,-0.182147054829853,-0.183322009033016,-0.184504043090749,-0.185692402891877,-0.186886361172368,-0.188085219859627,-0.18928831204957,-0.19049500364396,-0.19170469468384,-0.192916820422154,-0.194130852184669,-0.195346298072826,-0.196562703565262,-0.197779652076271,-0.198996765529452,-0.200213705003271,-0.201430171502289,-0.202645906903473,-0.203860695121389,-0.205074363529377,-0.206286784666067,-0.207497878248024,-0.208707613500038,-0.20991601180464,-0.211123149662149,-0.21232916194178,-0.213534245393419,-0.214738662378465,-0.215942744766841,-0.217146897935834,-0.218351604794913,-0.219557429749066,-0.220765022501509,-0.221975121584864,-0.223188557498041,-0.224406255314261,-0.225629236613781,-0.226858620583349,-0.228095624113136,-0.229341560711415,-0.230597838047822,-0.231865953928291,-0.233147490499347,-0.234444106477226,-0.235757527199358,-0.237089532303185,-0.238441940851519,-0.239816593746136,-0.241215333303453,-0.242639979909644,-0.244092305728567,-0.245574005505704,-0.247086664595505,-0.248631724438186,-0.25021044582445,-0.251823870410864,-0.253472781081902,-0.255157661892416,-0.256878658460928,-0.258635539812271,-0.260427662779537,-0.26225394016057,-0.264112813873856,-0.266002234363112,-0.267919647451033,-0.26986198973426,-0.271825693440403,-0.273806701434488,-0.275800492771289,-0.277802118851391,-0.279806249866492,-0.281807230831663,-0.283799146119932,-0.285775891060092,-0.287731248854071,-0.289658970835274,-0.291552857939764,-0.293406841208113,-0.295215059180944,-0.296971930192423,-0.298672217793482,-0.300311087835074,-0.301884156091823,-0.303387525686067,-0.304817813959263,-0.306172168810766,-0.307448274864992,-0.308644350122253,-0.309759133986428,-0.310791867738617,-0.311742268639349,-0.312610498895572,-0.313397130728581,-0.314103108733289,-0.314729710636975,-0.315278507456583,-0.31575132392699,-0.31615019993693,-0.316477353571714,-0.31673514622848,-0.316926050144898,-0.317052618569263,-0.317117458700616,-0.317123207442894,-0.317072509947085,-0.316968000859504,-0.316812288151374,-0.316607939373759,-0.316357470160878,-0.316063334792492,-0.315727918620869,-0.315353532168373,-0.314942406706698,-0.314496691137094,-0.314018450001571,-0.313509662467251,-0.31297222213913,-0.31240793756982,-0.311818533348223,-0.311205651661927,-0.310570854240462,-0.309915624598026,-0.309241370504996,-0.308549426627273,-0.307841057281338,-0.307117459260871,-0.306379764697784,-0.305629043926833,-0.304866308328414,-0.304092513128935,-0.303308560142308,-0.302515300439652,-0.301713536937355,-0.300904026896238,-0.300087484326731,-0.299264582296801,-0.298435955140916,-0.29760220056953,-0.296763881679647,-0.295921528867801,-0.29507564164745,-0.294226690373291,0,-0.13986082008735,-0.140615887968563,-0.141291154359214,-0.141911951156525,-0.142490859542941,-0.143035811078883,-0.143552911642775,-0.144047378088137,-0.144523854481203,-0.144986529340245,-0.145439192854891,-0.145885278587392,-0.146327901558568,-0.146769893974595,-0.147213837335832,-0.147662089897696,-0.148116809274542,-0.148579970635862,-0.149053381278861,-0.149538692428654,-0.150037409022641,-0.150550898070368,-0.151080396005389,-0.151627015294552,-0.152191750455984,-0.152775483560854,-0.153378989250503,-0.154002939282051,-0.15464790661416,-0.15531436905358,-0.156002712496902,-0.156713233816837,-0.157446143455704,-0.158201567799134,-0.158979551409618,-0.159780059202157,-0.160602978643182,-0.161448122049438,-0.162315229056165,-0.163203969314265,-0.164113945464645,-0.165044696425272,-0.165995701013045,-0.166966381908856,-0.167956109960753,-0.168964208807139,-0.169989959789942,-0.171032607116984,-0.172091363223561,-0.173165414275826,-0.174253925753118,-0.175356048042956,-0.176470921981132,-0.17759768427019,-0.178735472712414,-0.179883431198256,-0.181040714397636,-0.182206492109547,-0.183379953234601,-0.184560309345299,-0.185746797839511,-0.186938684673643,-0.188135266682864,-0.189335873506322,-0.19053986914512,-0.191746653189783,-0.192955661761714,-0.194166368219631,-0.195378283686932,-0.196590957459413,-0.197803977354573,-0.199016970063974,-0.200229601568756,-0.201441577675561,-0.202652644725779,-0.203862590525484,-0.20507124553661,-0.206278484362139,-0.207484227549378,-0.208688443725989,-0.209891152073409,-0.211092425131833,-0.212292391920092,-0.21349124134269,-0.214689225845009,-0.215886665266322,-0.217083950828826,-0.218281549189409,-0.219480006469309,-0.220679952165265,-0.221882102834076,-0.223087265430805,-0.224296340169164,-0.225510322760866,-0.226730305879255,-0.227957479681197,-0.229193131210604,-0.230438642497174,-0.231695487155645,-0.232965225284585,-0.234249496460327,-0.235550010622118,-0.236868536649873,-0.238206888447567,-0.239566908364573,-0.240950447815715,-0.242359344999932,-0.243795399668784,-0.24526034496063,-0.246755816395242,-0.248283318217046,-0.249844187382727,-0.251439555609317,-0.253070310029344,-0.254737053136621,-0.256440062844224,-0.258179253608695,-0.259954139693436,-0.261763801740538,-0.263606857884482,-0.265481440663453,-0.267385180955841,-0.269315200083591,-0.271268111076113,-0.273240029877315,-0.275226597007363,-0.27722300986775,-0.279224065515747,-0.281224213349125,-0.283217616754253,-0.285198222402437,-0.287159835553189,-0.28909619945973,-0.291001076789013,-0.292868330878209,-0.294692004658176,-0.296466395181202,-0.298186121887957,-0.299846187023608,-0.301442026947304,-0.302969553451402,-0.304425184594483,-0.305805864933533,-0.307109075396091,-0.308332833346731,-0.309475683662232,-0.310536681829264,-0.311515370214935,-0.312411748735715,-0.313226241169063,-0.313959658321996,-0.314613159200642,-0.315188211224267,-0.315686550405724,-0.316110142286705,-0.316461144278209,-0.316741869920863,-0.316954755451088,-0.31710232894128,-0.317187182177503,-0.317211945348019,-0.317179264540499,-0.317091781984725,-0.316952118930034,-0.316762861011382,-0.316526545933394,-0.316245653286374,-0.31592259630066,-0.315559715344289,-0.315159272972476,-0.314723450344634,-0.314254344834585,-0.313753968671363,-0.313224248460808,-0.312667025451527,-0.312084056422149,-0.311477015079934,-0.310847493873336,-0.310197006132943,-0.309526988466244,-0.308838803341743,-0.308133741807142,-0.307413026294572,-0.306677813473246,-0.305929197116449,-0.305168210955536,-0.304395831498634,-0.303612980796144,-0.302820529138867,-0.302019297677846,-0.301210060957743,-0.300393549357906,-0.299570451437233,-0.298741416180571,-0.297907055145729,-0.297067944511288,-0.296224627026257,-0.295377613863371,-0.29452738637834,-0.293674397777813,0,-0.140638092440024,-0.141399176107447,-0.142068236104204,-0.14267752834562,-0.143242001254577,-0.143771085307028,-0.144271992932634,-0.144750753380074,-0.145212587501462,-0.145662077683782,-0.146103271184432,-0.146539759388828,-0.146974744594012,-0.147411096548647,-0.147851399064439,-0.148297987321681,-0.148752977094419,-0.149218287449405,-0.14969565848146,-0.1501866654459,-0.150692730355832,-0.151215131813623,-0.151755013588667,-0.152313392256276,-0.15289116407552,-0.153489111198905,-0.154107907261762,-0.154748122382346,-0.155410227604472,-0.156094598824993,-0.156801520262639,-0.157531187538761,-0.158283710451994,-0.159059115536467,-0.159857348496591,-0.160678276610645,-0.161521691190758,-0.162387310179062,-0.163274780949314,-0.164183683370809,-0.165113533177571,-0.166063785671122,-0.167033839770176,-0.168023042405824,-0.169030693246613,-0.170056049724768,-0.171098332323015,-0.1721567300713,-0.173230406194433,-0.174318503845519,-0.175420151856023,-0.176534470431605,-0.177660576723399,-0.178797590207102,-0.17994463780703,-0.181100858708902,-0.182265408813351,-0.183437464791714,-0.184616227716226,-0.185800926247954,-0.186990819377341,-0.188185198723774,-0.189383390411671,-0.19058475655113,-0.191788696360644,-0.192994646977783,-0.194202084010669,-0.195410521888547,-0.196619514073566,-0.197828653198036,-0.199037571191892,-0.200245939463932,-0.201453469197613,-0.202659911817954,-0.203865059680499,-0.205068747026434,-0.206270851240107,-0.207471294436342,-0.208670045395413,-0.209867121853369,-0.21106259314477,-0.212256583183926,-0.213449273759541,-0.214640908106308,-0.215831794705574,-0.217022311255728,-0.218212908741487,-0.219404115519751,-0.220596541328212,-0.221790881111338,-0.222987918546855,-0.224188529144186,-0.225393682774835,-0.226604445483153,-0.227821980414766,-0.229047547689111,-0.23028250303258,-0.231528294979964,-0.232786460444911,-0.234058618455663,-0.23534646185129,-0.23665174673711,-0.237976279507195,-0.239321901258162,-0.24069046944337,-0.242083836651703,-0.243503826441768,-0.244952206221999,-0.246430657240702,-0.247940741838278,-0.249483868216345,-0.251061253094489,-0.252673882752638,-0.254322473092358,-0.256007429488928,-0.257728807341665,-0.259486274355194,-0.261279075690374,-0.263106003201012,-0.264965370011575,-0.26685499168264,-0.268772175146978,-0.270713716474335,-0.272675908334823,-0.274654557780897,-0.276645014662368,-0.278642210638569,-0.280640708372003,-0.282634760097641,-0.284618374383093,-0.286585389549806,-0.288529551935921,-0.290444596966429,-0.292324330870311,-0.294162710855999,-0.295953921627632,-0.297692446290326,-0.299373129941579,-0.300991234561374,-0.302542484175128,-0.304023099649073,-0.305429822864557,-0.306759930385644,-0.308011237065608,-0.309182090319346,-0.310271356011366,-0.311278397069047,-0.3122030460283,-0.313045572757612,-0.313806648593228,-0.31448730806154,-0.315088909274001,-0.315613093964674,-0.316061748010132,-0.316436963133978,-0.316741000360691,-0.316976255651519,-0.317145228032778,-0.317250490416997,-0.317294663221659,-0.317280390809261,-0.317210320706089,-0.317087085504677,-0.316913287315179,-0.31669148460254,-0.316424181227811,-0.316113817501659,-0.31576276305462,-0.315373311330555,-0.314947675515743,-0.314487985725166,-0.313996287278701,-0.313474539912481,-0.312924617783876,-0.312348310142062,-0.31174732254932,-0.311123278551077,-0.310477721704767,-0.309812117888977,-0.309127857824744,-0.308426259750404,-0.307708572200036,-0.306975976843218,-0.306229591350673,-0.30547047225645,-0.304699617792539,-0.303917970676483,-0.303126420836473,-0.302325808061889,-0.301516924570125,-0.300700517483067,-0.299877291208616,-0.299047909724458,-0.29821299876266,-0.297373147894909,-0.296528912519143,-0.295680815749103,-0.294829350208953,-0.293974979735567,-0.293118140991437,0,-0.141462803851727,-0.142207131043428,-0.142857721429309,-0.14344755493547,-0.143992063612738,-0.144501406670353,-0.144983484106171,-0.145444858483186,-0.145891120603621,-0.146327086212113,-0.146756933029854,-0.147184309926333,-0.14761242672257,-0.148044126980387,-0.148481945431182,-0.148928152225124,-0.149384786565459,-0.149853682270229,-0.15033648747855,-0.150834680256288,-0.151349581383756,-0.151882365198182,-0.152434069044938,-0.153005601665187,-0.153597750701211,-0.154211189416261,-0.154846482685546,-0.155504092303473,-0.156184381657331,-0.156887619830506,-0.157613985213078,-0.158363568710593,-0.159136376650925,-0.159932333493688,-0.160751284446406,-0.161592998087126,-0.162457169084881,-0.163343421098143,-0.164251309917835,-0.165180326906373,-0.166129902768147,-0.167099411670485,-0.168088175717956,-0.169095469767357,-0.170120526556294,-0.171162542105317,-0.172220681342318,-0.173294083888741,-0.174381869940167,-0.175483146169186,-0.176597011576284,-0.177722563214632,-0.178858901717209,-0.180005136559405,-0.181160390996987,-0.182323806627742,-0.183494547535051,-0.184671803982602,-0.185854795641252,-0.187042774341101,-0.188235026354037,-0.189430874223742,-0.19062967817129,-0.191830837114593,-0.193033789348906,-0.194238012943076,-0.195443025912154,-0.196648386231228,-0.197853691757809,-0.199058580130843,-0.200262728713426,-0.201465854643644,-0.202667715053791,-0.203868107512572,-0.205066870738046,-0.206263885621041,-0.207459076589845,-0.208652413337273,-0.209843912920867,-0.211033642236186,-0.212221720852042,-0.213408324185168,-0.214593686980359,-0.215778107050617,-0.2169619492203,-0.218145649402802,-0.219329718732832,-0.22051474766193,-0.221701409914431,-0.222890466189681,-0.224082767484867,-0.225279257901416,-0.226480976786556,-0.22768906005047,-0.228904740488651,-0.230129346928915,-0.231364302013362,-0.232611118417977,-0.233871393307218,-0.23514680081857,-0.236439082373816,-0.237750034620769,-0.239081494822727,-0.240435323534568,-0.241813384435484,-0.243217521230642,-0.244649531588745,-0.246111138150868,-0.247603956728712,-0.249129461907805,-0.250688950382445,-0.252283502472768,-0.253913942407299,-0.255580798092548,-0.25728426122899,-0.259024148763027,-0.260799866779009,-0.262610378024759,-0.264454174318648,-0.266329255096513,-0.26823311331421,-0.270162729819724,-0.272114577143839,-0.274084633430499,-0.276068406941509,-0.278060971234234,-0.280057010739303,-0.282050876075726,-0.284036648054281,-0.286008208958984,-0.287959319383279,-0.289883698652459,-0.291775106703295,-0.293627425226565,-0.295434735912927,-0.29719139377459,-0.298892093735638,-0.300531928977607,-0.302106439874805,-0.303611652733935,-0.305044107942416,-0.306400877507649,-0.307679572316825,-0.308878339748478,-0.309995852512516,-0.311031289779082,-0.311984311776988,-0.312855029102315,-0.313643967982725,-0.314352032701138,-0.31498046630284,-0.315530810602493,-0.316004866381438,-0.316404654529612,-0.31673237874787,-0.316990390291679,-0.317181155110575,-0.317307223622858,-0.317371203263782,-0.317375733858925,-0.317323465802669,-0.317217040964219,-0.317059076199293,-0.316852149313255,-0.316598787299476,-0.316301456663562,-0.3159625556383,-0.31558440809424,-0.315169258955478,-0.314719270938343,-0.314236522441178,-0.313723006425581,-0.313180630142524,-0.312611215570195,-0.312016500443822,-0.311398139770707,-0.310757707736154,-0.310096699917582,-0.309416535734932,-0.308718561075326,-0.308004051038919,-0.307274212760915,-0.306530188271867,-0.305773057364757,-0.305003840442904,-0.304223501327579,-0.303432950008467,-0.302633045323674,-0.301824597559151,-0.301008370959979,-0.300185086148221,-0.299355422443897,-0.298520020087186,-0.297679482361238,-0.296834377616037,-0.295985241194558,-0.295132577263147,-0.29427686054858,-0.293418537984623,-0.292558030271242,0,-0.142325817959996,-0.143032777833631,-0.143654045483398,-0.14421738153103,-0.144737122304326,-0.145223494093994,-0.145684695023265,-0.146127546442014,-0.146557801081382,-0.146980346689359,-0.147399365713559,-0.147818466518844,-0.148240789916373,-0.14866909308211,-0.149105813746182,-0.14955311828939,-0.150012937505143,-0.15048699338863,-0.15097681966137,-0.151483778040015,-0.152009071636996,-0.152553756389343,-0.153118751056902,-0.153704846095667,-0.154312711570029,-0.154942904193341,-0.155595873556503,-0.156271967601303,-0.156971437406067,-0.157694441366913,-0.15844104887296,-0.159211243585303,-0.160004926435796,-0.160821918462655,-0.161661963595665,-0.162524731495306,-0.163409820538042,-0.164316761025353,-0.165245018677598,-0.166193998456219,-0.167163048739872,-0.168151465862308,-0.169158499002836,-0.170183355404328,-0.171225205879486,-0.172283190553695,-0.173356424782563,-0.174444005174411,-0.175545015642645,-0.176658533410147,-0.177783634887649,-0.178919401350362,-0.180064924341762,-0.181219310740289,-0.182381687433337,-0.183551205553217,-0.184727044241173,-0.185908413917859,-0.187094559051369,-0.188284760426716,-0.189478336933083,-0.190674646896967,-0.191873089000115,-0.193073102830724,-0.194274169124399,-0.195475809757839,-0.196677587562848,-0.197879106031133,-0.199080008981347,-0.200279980259056,-0.201478743537783,-0.202676062285143,-0.20387173995245,-0.205065620439261,-0.206257588876181,-0.207447572760191,-0.208635543466875,-0.209821518153413,-0.211005562055216,-0.212187791167795,-0.213368375293927,-0.214547541424608,-0.215725577410659,-0.216902835870255,-0.21807973826616,-0.219256779074999,-0.220434529959544,-0.221613643843659,-0.222794858778271,-0.223979001475478,-0.225166990376593,-0.226359838108785,-0.227558653173821,-0.228764640701683,-0.229979102091504,-0.231203433352865,-0.232439121952387,-0.233687741964389,-0.234950947320913,-0.236230462956632,-0.237528073649104,-0.238845610365852,-0.240184933948248,-0.241547915989606,-0.242936416802914,-0.244352260423566,-0.245797206655745,-0.247272920248508,-0.248780937379741,-0.250322629732483,-0.251899166567553,-0.253511475326505,-0.255160201435957,-0.256845668123301,-0.258567837187949,-0.260326271793942,-0.262120102449751,-0.263947997409933,-0.265808138761215,-0.26769820543355,-0.269615364297366,-0.27155627036672,-0.273517076922909,-0.275493456107004,-0.277480630210216,-0.279473413529859,-0.281466264272679,-0.283453345596151,-0.28542859450442,-0.287385796981345,-0.289318667470058,-0.291220930614516,-0.293086403076931,-0.294909073242572,-0.296683176720479,-0.298403265738188,-0.30006427079792,-0.301661553292767,-0.303190948153053,-0.304648795982772,-0.306031964531472,-0.307337859708309,-0.308564426665599,-0.309710141746875,-0.310773996301662,-0.311755473512982,-0.312654519465364,-0.31347150970543,-0.314207212521355,-0.314862750100435,-0.315439558625362,-0.315939348249158,-0.316364063755079,-0.316715846569126,-0.316996998655695,-0.317209948696569,-0.317357220833775,-0.317441406150181,-0.317465136969589,-0.317431063980777,-0.317341836127216,-0.317200083155151,-0.317008400676099,-0.316769337574196,-0.316485385572603,-0.316158970764888,-0.315792446915378,-0.315388090335607,-0.314948096151004,-0.3144745757817,-0.313969555473028,-0.313434975724084,-0.312872691476115,-0.312284472935969,-0.311672006923019,-0.311036898640673,-0.310380673785512,-0.309704780918237,-0.309010594030824,-0.308299415253603,-0.307572477654324,-0.306830948088806,-0.306075930069382,-0.305308466623216,-0.304529543117645,-0.303740090034207,-0.302940985676774,-0.302133058802564,-0.301317091167555,-0.300493819980223,-0.299663940259505,-0.298828107094566,-0.297986937805304,-0.297141014003642,-0.296290883556596,-0.2954370624528,-0.294580036574774,-0.293720263379613,-0.292858173491156,-0.291994172206866,0,-0.143213390048724,-0.143867548989811,-0.144450844764981,-0.144981946254867,-0.145473082007388,-0.14593405822047,-0.146373037065421,-0.146796843605365,-0.147211193704239,-0.1476208926609,-0.14803000857617,-0.148442017941761,-0.148859922318328,-0.149286337996658,-0.149723562764698,-0.150173624755779,-0.150638318134658,-0.151119229588446,-0.151617758627364,-0.152135133801873,-0.152672426213334,-0.153230561158618,-0.15381032838626,-0.154412391217435,-0.155037294661543,-0.155685472600342,-0.156357254100167,-0.157052868919721,-0.15777245229815,-0.158516049126563,-0.159283617620994,-0.160075032624033,-0.160890088665155,-0.161728502906566,-0.162589918092961,-0.163473905610921,-0.164379968747865,-0.165307546222514,-0.166256016039615,-0.167224699701973,-0.168212866793358,-0.169219739927188,-0.170244500038458,-0.171286291980672,-0.172344230375887,-0.173417405654608,-0.174504890213503,-0.175605744612732,-0.176719023731366,-0.177843782798695,-0.178979083221311,-0.1801239981304,-0.181277617580539,-0.182439053340227,-0.183607443224929,-0.18478195493535,-0.185961789376479,-0.187146183446292,-0.188334412296446,-0.189525791080457,-0.190719676217318,-0.191915466210015,-0.193112602068564,-0.194310567395907,-0.195508888201896,-0.196707132515781,-0.197904909870817,-0.199101870735905,-0.200297705968622,-0.201492146361603,-0.20268496235016,-0.203875963943391,-0.205065000934017,-0.206251963433978,-0.20743678277355,-0.20861943279173,-0.209799931534866,-0.210978343369382,-0.212154781502905,-0.213329410896445,-0.214502451538499,-0.215674182040232,-0.216844943499207,-0.218015143567579,-0.219185260649263,-0.220355848139222,-0.221527538606855,-0.222701047814263,-0.223877178449062,-0.225056823440353,-0.226240968715342,-0.227430695243224,-0.228627180202131,-0.229831697094682,-0.231045614627978,-0.232270394165448,-0.233507585551058,-0.234758821101986,-0.236025807564674,-0.237310315832267,-0.238614168230178,-0.23993922319204,-0.241287357172353,-0.242660443676008,-0.244060329330323,-0.245488806983407,-0.246947585884847,-0.24843825909142,-0.249962268341766,-0.25152086675889,-0.253115079866006,-0.254745665536396,-0.2564130736371,-0.258117406263303,-0.259858379587796,-0.261635288459305,-0.263446974965226,-0.265291802218626,-0.267167634626974,-0.269071825842642,-0.271001215477011,-0.27295213547809,-0.274920426827019,-0.276901466907349,-0.278890207552858,-0.280881223399918,-0.282868769777829,-0.284846848986703,-0.286809283460171,-0.288749794011471,-0.290662081135929,-0.292539907205538,-0.294377177351832,-0.296168016894,-0.297906843326158,-0.29958843111993,-0.301207967909805,-0.302761100988836,-0.304243973428775,-0.305653249529157,-0.306986129673018,-0.308240355004974,-0.309414202636312,-0.31050647231225,-0.311516465644087,-0.312443959113354,-0.313289172099809,-0.314052731176786,-0.314735631864211,-0.315339198941267,-0.315865046306717,-0.316315037244809,-0.316691245816647,-0.316995919958327,-0.317231446733491,-0.317400320063782,-0.317505111148848,-0.317548441689789,-0.317532959947117,-0.317461319596145,-0.317336161288765,-0.317160096789461,-0.316935695523907,-0.316665473359002,-0.31635188342217,-0.315997308763649,-0.315604056666979,-0.3151743544186,-0.314710346356374,-0.314214092027929,-0.313687565302224,-0.313132654290992,-0.312551161950211,-0.311944807245135,-0.311315226775288,-0.310663976768109,-0.30999253536136,-0.309302305104995,-0.308594615622854,-0.307870726383226,-0.307131829535213,-0.30637905277471,-0.305613462210009,-0.304836065202381,-0.304047813161699,-0.30324960428118,-0.302442286198862,-0.301626658576335,-0.30080347558785,-0.299973448314985,-0.299137247043871,-0.298295503463415,-0.297448812764222,-0.296597735638837,-0.295742800184788,-0.294884503712469,-0.294023314460428,-0.293159673220982,-0.292293994879325,-0.291426669869513,0,-0.14410941800678,-0.144702057003165,-0.145241361804932,-0.145736035332079,-0.146195864320825,-0.146629943594701,-0.147046132237128,-0.147451033129861,-0.147850143888032,-0.148248046368415,-0.148648586911427,-0.14905502902404,-0.149470173616006,-0.149896449024405,-0.150335976288533,-0.150790615842976,-0.151262001138716,-0.151751563512373,-0.152260551391102,-0.15279004587489,-0.153340973949897,-0.153914120044492,-0.154510136298509,-0.155129551723182,-0.155772780336579,-0.156440128329121,-0.157131800318109,-0.157847904770165,-0.158588458694044,-0.159353391726675,-0.160142549749009,-0.160955698174391,-0.161792525050772,-0.162652644110355,-0.163535597887212,-0.164440861006594,-0.165367843730157,-0.166315895820303,-0.167284310765224,-0.168272330384847,-0.169279149817262,-0.170303922866139,-0.171345767672236,-0.172403772657094,-0.173477002674358,-0.174564505294351,-0.175665317140509,-0.17677847019226,-0.177902997967814,-0.179037941502075,-0.180182355039359,-0.181335311367501,-0.182495906729054,-0.183663265256212,-0.184836542888486,-0.186014930745537,-0.187197657941602,-0.188383993842057,-0.189573249776575,-0.190764780236535,-0.191957983596553,-0.193152302410874,-0.19434722334468,-0.195542276807874,-0.196737036364546,-0.197931117994924,-0.199124179288278,-0.200315918644869,-0.201506074562812,-0.202694425081715,-0.203880787449301,-0.205065018070169,-0.206247012787454,-0.207426707538811,-0.208604079417822,-0.209779148161041,-0.210951978069483,-0.21212268036162,-0.213291415943075,-0.214458398566293,-0.215623898341514,-0.216788245548689,-0.21795183468828,-0.219115128697498,-0.22027866324722,-0.221443051023697,-0.222608985888129,-0.22377724679621,-0.22494870134885,-0.226124308834369,-0.227305122611698,-0.228492291673432,-0.229687061217294,-0.230890772044799,-0.232104858597075,-0.233330845430455,-0.234570341929094,-0.235825035049518,-0.237096679893433,-0.238387087911702,-0.239698112555259,-0.241031632209482,-0.242389530278641,-0.243773672328004,-0.245185880244594,-0.246627903444449,-0.24810138723564,-0.249607838542206,-0.251148589304382,-0.252724757993141,-0.254337209809789,-0.2559865162798,-0.257672915088949,-0.259396271142054,-0.261156039942066,-0.26295123448064,-0.264780396890836,-0.266641576128686,-0.268532312914189,-0.270449633067087,-0.272390050214303,-0.274349578623859,-0.276323756638226,-0.278307680847047,-0.280296050768387,-0.282283223416577,-0.284263276744147,-0.286230080577869,-0.288177373347186,-0.290098842647992,-0.291988207512961,-0.293839300182997,-0.295646145198241,-0.297403033749626,-0.299104591444806,-0.300745837930907,-0.302322237161934,-0.303829737478979,-0.305264801063775,-0.306624422708816,-0.307906138200923,-0.309108022924103,-0.310228681540973,-0.311267229803318,-0.312223269670079,-0.313096858977197,-0.313888476914045,-0.314598986523277,-0.315229595364181,-0.315781815373716,-0.316257422833902,-0.316658419217945,-0.31698699354802,-0.317245486761338,-0.317436358452823,-0.317562156245827,-0.317625487939123,-0.317628996489885,-0.317575337818813,-0.317467161364355,-0.317307093267302,-0.317097722033383,-0.316841586498483,-0.31654116590715,-0.316198871908613,-0.315817042274097,-0.315397936143581,-0.314943730617982,-0.314456518523171,-0.313938307184322,-0.313391018062144,-0.312816487116065,-0.312216465772872,-0.311592622392472,-0.310946544134916,-0.310279739144655,-0.30959363897886,-0.308889601216683,-0.308168912195385,-0.307432789827415,-0.306682386459821,-0.305918791743762,-0.305143035487604,-0.304356090471977,-0.303558875209448,-0.302752256635182,-0.301937052718102,-0.301114034984727,-0.300283930950164,-0.299447426452615,-0.298605167889329,-0.297757764353272,-0.296905789670806,-0.29604978434156,-0.295190257382328,-0.294327688077402,-0.293462527638118,-0.292595200774704,-0.291726107183755,-0.290855622954739,0,-0.144998097724488,-0.145526885977443,-0.14601885072983,-0.146474545051764,-0.146901595399736,-0.147308268070668,-0.147701917417877,-0.14808873231122,-0.148473834067755,-0.148861458768522,-0.149255139251837,-0.149657858039547,-0.150072164742731,-0.150500261331749,-0.150944062186179,-0.151405236085232,-0.151885236106862,-0.152385321828911,-0.152906576780038,-0.153449922959512,-0.154016133453401,-0.154605843669195,-0.155219561419954,-0.155857675945169,-0.156520465903881,-0.157208106375894,-0.157920674931704,-0.158658156863601,-0.159420449699306,-0.160207367140519,-0.161018642580167,-0.161853932354104,-0.162712818876832,-0.163594813797953,-0.164499361298392,-0.165425841624421,-0.16637357493453,-0.167341825510496,-0.168329806360399,-0.169336684218692,-0.170361584927316,-0.171403599162745,-0.17246178845718,-0.173535191448149,-0.17462283027974,-0.175723717070755,-0.176836860360301,-0.177961271439688,-0.179095970480909,-0.180239992376293,-0.181392392210899,-0.182552250298474,-0.183718676723157,-0.1848908153419,-0.186067847216626,-0.187248993459786,-0.188433517491846,-0.189620726723915,-0.190809973692676,-0.192000656687793,-0.193192219923522,-0.194384153316281,-0.195575991938011,-0.19676731522134,-0.19795774599662,-0.199146949442863,-0.200334632034532,-0.201520540564051,-0.202704461315968,-0.203886219463057,-0.205065678747509,-0.206242741501865,-0.207417349054782,-0.208589482556248,-0.209759164245708,-0.2109264591749,-0.212091477385275,-0.213254376527721,-0.214415364900206,-0.215574704866882,-0.216732716610294,-0.217889782156641,-0.219046349602545,-0.220202937460539,-0.221360139029397,-0.222518626684506,-0.223679155972689,-0.22484256938512,-0.226009799671301,-0.227181872546439,-0.228359908634035,-0.229545124475247,-0.230738832426777,-0.231942439259954,-0.233157443265908,-0.234385429665652,-0.235628064120447,-0.2368870841378,-0.238164288173049,-0.239461522236898,-0.240780663836954,-0.242123603107803,-0.243492221020925,-0.244888364614433,-0.246313819244382,-0.247770277935379,-0.24925930799887,-0.250782315192551,-0.252340505812786,-0.25393484724147,-0.255566027605805,-0.257234415349181,-0.258940019647162,-0.260682452726803,-0.262460895251206,-0.264274066004626,-0.266120197146917,-0.267997016290267,-0.269901736578486,-0.271831055814182,-0.273781165480159,-0.275747770240459,-0.277726118190503,-0.279711041766444,-0.281697008837173,-0.283678183108219,-0.285648492587237,-0.287601704518722,-0.289531504912786,-0.291431580587977,-0.293295701535002,-0.295117801394651,-0.296892053930106,-0.298612943555053,-0.300275328242187,-0.301874493464356,-0.303406196191407,-0.304866698357304,-0.306252789601626,-0.307561799456743,-0.308791599479697,-0.309940596103271,-0.311007715195818,-0.311992379470777,-0.312894479975309,-0.313714342917528,-0.314452693070552,-0.315110614927841,-0.315689512687727,-0.3161910700254,-0.316617210477014,-0.316970059121178,-0.317251906104744,-0.317465172427762,-0.317612378280899,-0.317696114119982,-0.317719014568193,-0.317683735157273,-0.317592931854644,-0.317449243272755,-0.317255275419045,-0.317013588818122,-0.316726687820706,-0.316397011904801,-0.316026928772151,-0.31561872904575,-0.315174622380921,-0.314696734812067,-0.314187107168799,-0.313647694407944,-0.313080365721354,-0.312486905292985,-0.31186901359201,-0.311228309101514,-0.310566330394404,-0.309884538479414,-0.309184319350444,-0.308466986681887,-0.307733784621107,-0.30698589063682,-0.306224418388886,-0.305450420590949,-0.304664891842556,-0.303868771411909,-0.303062945954307,-0.30224825215467,-0.301425479285387,-0.300595371673168,-0.299758631070585,-0.298915918929694,-0.298067858576538,-0.297215037286455,-0.296358008261078,-0.295497292508627,-0.294633380629718,-0.293766734511313,-0.29289778893182,-0.292026953080558,-0.291154611994991,-0.290281127919219,0,-0.145865716978051,-0.146333276837132,-0.146776944076916,-0.147192726554654,-0.147586782247936,-0.14796655205901,-0.148338738620687,-0.148708960130274,-0.149081830760476,-0.149461140943874,-0.149850036872649,-0.150251167172316,-0.150666791474304,-0.151098856309138,-0.151549046736496,-0.152018821589363,-0.152509438418233,-0.153021972307066,-0.153557331152087,-0.154116268857179,-0.154699397162806,-0.155307196396751,-0.155940025219692,-0.156598129358303,-0.157281649314863,-0.157990627075534,-0.158725011884401,-0.159484665192602,-0.160269364924195,-0.161078809220301,-0.161912619830595,-0.162770345318064,-0.163651464231116,-0.164555388379024,-0.165481466324187,-0.166428987179755,-0.167397184775049,-0.168385242225249,-0.169392296916807,-0.170417445896708,-0.171459751632617,-0.172518248092512,-0.173591947076908,-0.174679844724449,-0.175780928102717,-0.176894181790447,-0.178018594355151,-0.179153164631173,-0.180296907707347,-0.181448860540395,-0.18260808711971,-0.183773683120813,-0.184944779998133,-0.186120548482339,-0.187300201462846,-0.188482996251734,-0.1896682362408,-0.190855271978231,-0.192043501705189,-0.193232371404963,-0.19442137442801,-0.195610050765006,-0.196797986046728,-0.197984810354097,-0.199170196924088,-0.200353860837377,-0.201535557771692,-0.202715082900987,-0.203892270014932,-0.205066990925971,-0.206239155222588,-0.207408710417679,-0.208575642530218,-0.209739977126995,-0.210901780839308,-0.212061163357276,-0.213218279892051,-0.214373334083887,-0.215526581321731,-0.216678332427976,-0.217828957650207,-0.218978890890206,-0.220128634089281,-0.221278761677883,-0.222429924986744,-0.223582856506017,-0.224738373868422,-0.225897383421826,-0.227060883246325,-0.22822996546048,-0.229405817651243,-0.230589723252264,-0.231783060686087,-0.232987301077584,-0.234204004339297,-0.235434813425024,-0.236681446546593,-0.237945687151673,-0.23922937146855,-0.240534373438714,-0.241862586881126,-0.243215904764857,-0.244596195510889,-0.246005276300659,-0.247444883439606,-0.248916639909199,-0.25042202034081,-0.251962313758585,-0.253538584564372,-0.25515163237271,-0.256801951443475,-0.258489690598125,-0.260214614635247,-0.261976068373733,-0.263772944537963,-0.265603656748925,-0.267466118888767,-0.269357732055465,-0.271275380212718,-0.273215435464703,-0.275173773646362,-0.277145800622752,-0.279126489345322,-0.281110427333558,-0.283091873855666,-0.285064825693442,-0.287023090017089,-0.288960362587847,-0.290870309270148,-0.29274664868623,-0.294583233795185,-0.296374130228475,-0.298113689361777,-0.299796614338214,-0.301418017564832,-0.302973468562471,-0.304459031436588,-0.305871291630289,-0.307207371999247,-0.308464938593041,-0.309642196823956,-0.310737878942814,-0.311751223916703,-0.312681950914974,-0.313530227660844,-0.31429663490256,-0.314982128208702,-0.315587998206383,-0.316115830268546,-0.316567464526801,-0.316944956947811,-0.31725054207149,-0.317486597874114,-0.317655613093391,-0.317760157238728,-0.317802853410157,-0.317786353964591,-0.317713318998188,-0.317586397557947,-0.317408211453188,-0.317181341506867,-0.316908316066172,-0.316591601580067,-0.316233595046712,-0.315836618134743,-0.315402912787773,-0.314934638130189,-0.314433868503281,-0.313902592473219,-0.313342712665666,-0.312756046295369,-0.312144326272559,-0.311509202780947,-0.310852245234535,-0.310174944532003,-0.309478715538154,-0.308764899731668,-0.308034767967257,-0.307289523308263,-0.306530303892782,-0.30575818580263,-0.304974185909949,-0.304179264680991,-0.303374328920766,-0.302560234445747,-0.30173778867489,-0.30090775313178,-0.300070845852895,-0.299227743698753,-0.298379084566284,-0.297525469501926,-0.296667464716025,-0.295805603499875,-0.294940388047403,-0.294072291183988,-0.293201758005291,-0.292329207429241,-0.291455033664527,-0.290579607599033,-0.289703278111763,0,-0.146701872338677,-0.147113618960457,-0.14750995307618,-0.147886399373155,-0.148248468641251,-0.148602831386495,-0.148955430910351,-0.149311192020837,-0.149674120312544,-0.150047485612739,-0.150433994722724,-0.15083592561044,-0.15125522170901,-0.151693554520027,-0.152152364337342,-0.152632887316735,-0.153136174717843,-0.153663107974229,-0.154214411628486,-0.154790665103701,-0.155392313657615,-0.156019678550298,-0.156672966336957,-0.15735227719054,-0.158057612206106,-0.158788879704509,-0.159545900615693,-0.160328413071764,-0.161136076373078,-0.16196847450714,-0.162825119402188,-0.16370545408793,-0.164608855917968,-0.165534639984785,-0.1664820628311,-0.167450326532757,-0.168438583199636,-0.169445939913398,-0.170471464095036,-0.171514189271892,-0.172573121193343,-0.173647244227159,-0.17473552795485,-0.175836933874142,-0.176950422110244,-0.178074958034706,-0.179209518691271,-0.18035309893208,-0.181504717174552,-0.182663420698985,-0.183828290418891,-0.184998445069985,-0.186173044778916,-0.187351293988995,-0.188532443736555,-0.189715793287904,-0.190900691162487,-0.192086535582489,-0.1932727744023,-0.194458904582698,-0.195644471284093,-0.196829066660437,-0.19801232844047,-0.199193938385725,-0.200373620715152,-0.201551140584564,-0.20272630270532,-0.203898950181049,-0.205068963633917,-0.206236260683185,-0.207400795828871,-0.208562560782356,-0.209721585274148,-0.2108779383568,-0.212031730208488,-0.213183114430128,-0.214332290816274,-0.215479508567611,-0.216625069900583,-0.217769333997793,-0.218912721231189,-0.220055717578766,-0.221198879144534,-0.222342836680779,-0.2234883000011,-0.224636062162348,-0.225787003283276,-0.226942093857496,-0.228102397408165,-0.229269072321813,-0.230443372688948,-0.231626647969826,-0.23282034129532,-0.234025986205715,-0.23524520162505,-0.236479684866189,-0.237731202463007,-0.239001578632198,-0.240292681179427,-0.241606404684451,-0.24294465082882,-0.244309305769563,-0.245702214514172,-0.247125152317676,-0.248579793202388,-0.250067675795474,-0.251590166788357,-0.253148422443793,-0.254743348708652,-0.256375560629101,-0.258045341904714,-0.259752605552135,-0.261496856769248,-0.263277159188063,-0.265092105768985,-0.266939795610957,-0.268817817922216,-0.270723244307914,-0.272652630378969,-0.274602027470471,-0.276567004980951,-0.2785426835141,-0.28052377863485,-0.282504654659449,-0.284479387504828,-0.2864418352488,-0.288385714722409,-0.290304682190245,-0.292192415991444,-0.294042698925863,-0.295849498182657,-0.297607040721185,-0.299309882219075,-0.300952967985406,-0.302531684579483,-0.304041901255927,-0.305480000751613,-0.306842899317324,-0.308128056256907,-0.309333473553193,-0.310457686421247,-0.31149974582883,-0.312459194159065,-0.313336035263091,-0.314130700166234,-0.314844009657625,-0.315477134919449,-0.316031557247877,-0.316509027793004,-0.316911528108625,-0.317241232162336,-0.317500470318742,-0.317691695678441,-0.317817453036647,-0.317880350620024,-0.317883034669845,-0.317828166864104,-0.317718404510373,-0.317556383393958,-0.31734470313101,-0.317085914852167,-0.316782511027496,-0.31643691723635,-0.316051485684853,-0.315628490277706,-0.315170123058581,-0.314678491843715,-0.314155618885261,-0.313603440414099,-0.313023806925301,-0.31241848408302,-0.311789154134783,-0.311137417737837,-0.310464796112072,-0.309772733445101,-0.309062599485221,-0.308335692267141,-0.307593240923679,-0.306836408543967,-0.306066295045269,-0.305283940031257,-0.30449032561459,-0.30368637918601,-0.302872976115915,-0.302050942377585,-0.301221057083964,-0.300384054932216,-0.299540628552222,-0.298691430756777,-0.297837076692607,-0.296978145892389,-0.296115184228853,-0.295248705772734,-0.294379194556901,-0.29350710624941,-0.292632869738522,-0.291756888632967,-0.290879542680872,-0.290001189110847,-0.289122163898777,0,-0.147499313773942,-0.147861713771414,-0.148213088489721,-0.148552124953402,-0.148884364102464,-0.149215748972316,-0.149551380626215,-0.149895399617008,-0.150251131914612,-0.150621277909195,-0.151008073357111,-0.151413405108241,-0.151838886438451,-0.152285903351164,-0.152755642750774,-0.153249110597314,-0.153767145211645,-0.1543104285957,-0.154879497086431,-0.155474751749742,-0.156096468459786,-0.156744807435682,-0.157419821998475,-0.158121466381652,-0.158849602525867,-0.159604005882905,-0.160384370330419,-0.16119031235241,-0.16202137467107,-0.162877029526362,-0.163756681794735,-0.16465967212176,-0.165585280219047,-0.166532728446646,-0.167501185770726,-0.168489772154613,-0.16949756341053,-0.170523596510746,-0.171566875330891,-0.172626376775562,-0.173701057217184,-0.174789859163844,-0.175891718060345,-0.17700556911931,-0.178130354075538,-0.179265027757007,-0.18040856436962,-0.18155996339977,-0.182718255048703,-0.183882505125004,-0.185051819335926,-0.186225346934181,-0.187402283693653,-0.188581874204758,-0.18976341349738,-0.190946248015855,-0.192129775985999,-0.193313447228223,-0.194496762483023,-0.195679272325334,-0.19686057575217,-0.198040318533568,-0.199218191420007,-0.200393928300301,-0.201567304402469,-0.202738134626422,-0.203906272091746,-0.205071606976432,-0.206234065713566,-0.207393610602805,-0.20855023988228,-0.209703988294632,-0.210854928168383,-0.212003171023046,-0.213148869693446,-0.214292220955842,-0.21543346862571,-0.216572907084652,-0.217710885181755,-0.21884781044307,-0.219984153511516,-0.221120452728567,-0.222257318758428,-0.223395439145006,-0.224535582681778,-0.225678603464551,-0.22682544448713,-0.227977140629936,-0.229134820881778,-0.230299709625321,-0.231473126807518,-0.232656486807674,-0.233851295808291,-0.235059147467999,-0.236281716692409,-0.237520751298562,-0.238778061372838,-0.240055506132063,-0.241354978114427,-0.242678384552285,-0.244027625814535,-0.245404570853527,-0.246811029651786,-0.24824872273827,-0.249719247933023,-0.251224044582829,-0.25276435566782,-0.254341188287879,-0.255955273174653,-0.257607024015322,-0.259296497511621,-0.26102335522431,-0.26278682836048,-0.264585686739077,-0.266418213208933,-0.268282184784043,-0.270174861694761,-0.272092985425428,-0.274032786616264,-0.27599000345179,-0.277959910846082,-0.279937360377753,-0.281916830540616,-0.283892486478962,-0.285858247991451,-0.287807864237799,-0.289734993290016,-0.291633284453988,-0.293496461162449,-0.295318402215365,-0.297093219220157,-0.29881532825666,-0.30047951404841,-0.302080985245621,-0.303615419794937,-0.30507899976408,-0.306468435382935,-0.307780978435617,-0.309014425472888,-0.310167111597653,-0.311237895799398,-0.312226138972529,-0.313131675849046,-0.313954782112009,-0.314696137939755,-0.315356789170533,-0.31593810718296,-0.316441748469106,-0.316869614743636,-0.317223814292344,-0.317506625123773,-0.317720460353995,-0.31786783613102,-0.317951342294686,-0.317973615871724,-0.317937317424561,-0.317845110206211,-0.317699642021428,-0.317503529654974,-0.317259345699953,-0.316969607601141,-0.316636768718418,-0.316263211212428,-0.3158512405569,-0.315403081488513,-0.314920875214612,-0.314406677710576,-0.313862458951442,-0.313290102935829,-0.312691408373823,-0.312068089923876,-0.3114217798767,-0.310754030196304,-0.310066314839729,-0.309360032287523,-0.308636508226532,-0.307896998335196,-0.307142691129279,-0.306374710832777,-0.305594120244799,-0.304801923578488,-0.303999069252643,-0.303186452620684,-0.302364918624981,-0.301535264367497,-0.30069824159015,-0.299854559060365,-0.299004884859028,-0.298149848569477,-0.297290043367326,-0.296426028011922,-0.295558328740931,-0.294687441070207,-0.293813831501529,-0.292937939141152,-0.292060177232365,-0.291180934605445,-0.290300577048449,-0.289419448602406,-0.288537872784408,0,-0.148253992488252,-0.148572836307888,-0.148882603418247,-0.149187336513397,-0.149492941858569,-0.14980462207528,-0.150126567646476,-0.150462074058328,-0.150813747098838,-0.151183695091069,-0.151573671815873,-0.151985168135621,-0.152419464626321,-0.152877659631844,-0.153360684174995,-0.15386931117337,-0.154404163077838,-0.154965719769893,-0.155554327200691,-0.15617020657227,-0.156813463607387,-0.157484097443283,-0.158182008791022,-0.158907007148111,-0.159658816994142,-0.160437083016097,-0.161241374494275,-0.162071189032076,-0.162925955837394,-0.1638050387659,-0.164707739322944,-0.165633299796312,-0.166580906660978,-0.167549694362585,-0.168538749551227,-0.1695471158029,-0.170573798834053,-0.171617772185781,-0.172677983328977,-0.173753360120484,-0.174842817523202,-0.175945264490292,-0.17705961090505,-0.178184774463677,-0.179319687387835,-0.180463302857345,-0.181614601060347,-0.182772594768337,-0.183936334356228,-0.185104912202528,-0.186277466421289,-0.187453183895132,-0.188631302596801,-0.189811113204807,-0.190991960036237,-0.192173241336263,-0.193354408978853,-0.194534967646288,-0.195714473566053,-0.196892532892334,-0.198068799825474,-0.199242974566421,-0.200414801204347,-0.20158406563437,-0.202750593598801,-0.203914248939754,-0.205074932143534,-0.206232579248161,-0.20738716117505,-0.20853868353439,-0.209687186941526,-0.210832747868854,-0.211975480044571,-0.213115536396411,-0.214253111525277,-0.215388444680718,-0.216521823197525,-0.217653586340468,-0.218784129492348,-0.219913908609152,-0.221043444855152,-0.222173329320176,-0.223304227711004,-0.224436884898811,-0.225572129194693,-0.226710876215512,-0.227854132192609,-0.229002996566265,-0.23015866369929,-0.231322423533893,-0.232495661007286,-0.233679854033693,-0.234876569854006,-0.236087459550055,-0.237314250519003,-0.238558736705924,-0.239822766400264,-0.24110822741602,-0.24241702949759,-0.243751083824924,-0.245112279534373,-0.246502457226983,-0.247923379505115,-0.249376698661952,-0.250863921746905,-0.252386373342531,-0.253945156513588,-0.255541112523517,-0.25717478005355,-0.258846354799153,-0.260555650450393,-0.262302062178597,-0.264084533841847,-0.265901530176653,-0.267751015252666,-0.269630438423054,-0.271536728898436,-0.27346629990328,-0.275415063140633,-0.277378453998374,-0.279351467587398,-0.281328705323238,-0.283304431366055,-0.285272637840909,-0.287227117393902,-0.289161541322887,-0.291069541274516,-0.292944792339142,-0.294781095312335,-0.29657245593093,-0.298313159029766,-0.299997835793059,-0.301621522576257,-0.303179710130363,-0.304668382448717,-0.306084044852961,-0.307423741318574,-0.3086850613919,-0.309866137354835,-0.310965632539991,-0.311982721882342,-0.312917065912294,-0.313768779452417,-0.314538396281971,-0.315226830987987,-0.315835339138498,-0.316365476802552,-0.316819060312314,-0.3171981270238,-0.317504897691914,-0.317741740938807,-0.317911140166635,-0.318015663149938,-0.318057934441086,-0.318040610635411,-0.317966358470916,-0.317837835680125,-0.317657674467722,-0.31742846745565,-0.317152755915867,-0.316833020098275,-0.316471671456069,-0.316071046571223,-0.315633402587968,-0.315160913970564,-0.314655670412523,-0.314119675736878,-0.313554847640391,-0.31296301814819,-0.312345934658903,-0.311705261473456,-0.311042581713217,-0.310359399544862,-0.309657142640197,-0.308937164809042,-0.30820074875227,-0.307449108890151,-0.306683394228287,-0.305904691229781,-0.305114026667822,-0.304312370437722,-0.30350063831162,-0.302679694622684,-0.301850354868722,-0.301013388227752,-0.300169519980258,-0.299319433834734,-0.298463774154657,-0.297603148086273,-0.296738127587655,-0.295869251360264,-0.294997026684956,-0.294121931164856,-0.293244414377933,-0.292364899442381,-0.291483784498116,-0.290601444107832,-0.289718230581116,-0.288834475225159,-0.287950489525569,0,-0.14896422743754,-0.14924365354595,-0.14951587023291,-0.149790425732776,-0.150073503988299,-0.150369483385496,-0.150681586537785,-0.151012232265579,-0.151363295564994,-0.151736295308018,-0.152132511746619,-0.152553048992822,-0.152998862401908,-0.153470767628701,-0.153969442536084,-0.154495428147895,-0.155049131351548,-0.155630829980167,-0.156240679861157,-0.15687872303158,-0.157544896303341,-0.158239039520632,-0.15896090307099,-0.159710154424812,-0.160486383655529,-0.161289108023317,-0.162117775790245,-0.162971769480446,-0.163850408813592,-0.164752953531956,-0.165678606318011,-0.166626515966716,-0.167595780939075,-0.168585453384401,-0.16959454368054,-0.170622025505477,-0.171666841421468,-0.172727908924607,-0.173804126889016,-0.174894382315733,-0.17599755728197,-0.177112535976692,-0.178238211703216,-0.179373493728703,-0.180517313863584,-0.181668632660936,-0.182826445136084,-0.183989785919889,-0.185157733774651,-0.186329415418851,-0.187504008625461,-0.188680744577563,-0.189858909484168,-0.191037845477589,-0.192216950831216,-0.193395679552454,-0.194573540419611,-0.195750095543337,-0.196924958542561,-0.198097792431697,-0.199268307320034,-0.200436258025758,-0.201601441706103,-0.20276369560175,-0.203922894988049,-0.205078951418156,-0.206231811333997,-0.20738145511037,-0.208527896585801,-0.20967118312117,-0.210811396213996,-0.211948652682786,-0.213083106422239,-0.21421495071659,-0.215344421085108,-0.216471798620821,-0.217597413771088,-0.218721650496646,-0.21984495073429,-0.220967819077347,-0.22209082757758,-0.22321462056194,-0.224339919347755,-0.225467526730222,-0.226598331106543,-0.227733310091569,-0.228873533470399,-0.230020165324067,-0.231174465155306,-0.232337787832697,-0.233511582163481,-0.234697387898507,-0.235896830967739,-0.237111616742252,-0.238343521119642,-0.239594379235453,-0.240866071614802,-0.242160507597374,-0.243479605896922,-0.244825272194892,-0.246199373718278,-0.247603710815774,-0.249039985624508,-0.250509768012698,-0.252014459091123,-0.253555252707103,-0.255133095466315,-0.256748645966515,-0.258402234067873,-0.260093821160503,-0.261822962512808,-0.263588772885363,-0.265389896664294,-0.267224483795716,-0.269090172779444,-0.270984081898492,-0.272902809715748,-0.274842445659346,-0.276798591246403,-0.278766392168548,-0.280740581094529,-0.282715530651934,-0.284685315652251,-0.286643783243654,-0.288584629337361,-0.290501479377671,-0.292387971331309,-0.294237838671701,-0.296044991135071,-0.297803591127801,-0.299508123861029,-0.301153459565696,-0.302734906480591,-0.304248253685714,-0.305689803250343,-0.307056391556973,-0.308345400028476,-0.309554755809778,-0.31068292322471,-0.311728887036139,-0.312692128680221,-0.313572596725278,-0.314370672827245,-0.31508713442452,-0.315723115344492,-0.316280065391897,-0.316759709865221,-0.317164009810837,-0.317495123683374,-0.317755370941703,-0.317947197978029,-0.318073146656811,-0.318135825632842,-0.318137884525338,-0.318081990947499,-0.317970810328382,-0.317806988415161,-0.317593136307638,-0.317331817851633,-0.317025539202222,-0.316676740359905,-0.316287788481369,-0.315860972770067,-0.315398500759226,-0.314902495809987,-0.31437499565937,-0.313817951865793,-0.313233230013482,-0.312622610550742,-0.311987790150363,-0.311330383493237,-0.310651925388282,-0.309953873152919,-0.309237609188644,-0.308504443695541,-0.307755617477966,-0.306992304801137,-0.306215616265004,-0.305426601667583,-0.304626252835079,-0.303815506400514,-0.302995246516417,-0.302166307490392,-0.301329476335185,-0.300485495227196,-0.299635063869385,-0.298778841756185,-0.297917450339342,-0.297051475094785,-0.296181467491471,-0.295307946863905,-0.294431402190603,-0.293552293781163,-0.292671054874977,-0.291788093154799,-0.290903792178594,-0.290018512733125,-0.289132594112825,-0.288246355327461,-0.287360096242073,0,-0.149629286291706,-0.149872072895196,-0.150111409080457,-0.150360789466303,-0.150626213824636,-0.150911095617072,-0.151217646485275,-0.15154740639856,-0.151901537780726,-0.152280996002605,-0.152686613386749,-0.153119128496534,-0.153579187137176,-0.154067332938741,-0.154583997477059,-0.15512949427575,-0.155704017688243,-0.156307645982324,-0.15694034732383,-0.157601987313331,-0.158292336962725,-0.159011080324409,-0.159757821305088,-0.160532089463366,-0.161333344789942,-0.162160981603208,-0.163014331770762,-0.163892667500942,-0.164795203949853,-0.165721101868931,-0.166669470484151,-0.167639370756934,-0.168629819133217,-0.169639791844144,-0.170668229781499,-0.171714043934624,-0.172776121343886,-0.173853331499113,-0.174944533090043,-0.176048580999636,-0.17716433342002,-0.178290658964725,-0.179426443649372,-0.180570597615963,-0.181722061482781,-0.182879812212489,-0.184042868404541,-0.185210294934143,-0.186381206878049,-0.187554772686803,-0.188730216583108,-0.189906820186088,-0.191083923380801,-0.192260924470863,-0.193437279669019,-0.19461250199547,-0.195786159666473,-0.196957874065884,-0.198127317399805,-0.199294210139174,-0.200458318357148,-0.201619451067433,-0.202777457666505,-0.20393222557723,-0.205083678183793,-0.206231773138569,-0.207376501110725,-0.208517885034346,-0.209655979900998,-0.210790873128076,-0.211922685520502,-0.21305157282929,-0.214177727896671,-0.215301383363862,-0.216422814904313,-0.217542344932627,-0.218660346727133,-0.219777248892519,-0.220893540077927,-0.222009773855345,-0.223126573653075,-0.224244637629306,-0.225364743361348,-0.226487752216781,-0.227614613263537,-0.228746366566796,-0.229884145711454,-0.231029179379974,-0.232182791806731,-0.233346401921884,-0.234521520990637,-0.235709748548118,-0.236912766426668,-0.238132330672016,-0.239370261148647,-0.240628428643961,-0.241908739296882,-0.24321311620105,-0.244543478067101,-0.245901714874428,-0.247289660501628,-0.248709062397692,-0.250161548443572,-0.251648591256115,-0.253171470302483,-0.25473123232135,-0.256328650683905,-0.257964184468583,-0.259637938162119,-0.261349623028637,-0.263098521299061,-0.264883454415591,-0.266702756610351,-0.26855425509396,-0.270435258070455,-0.272342551673694,-0.274272406734134,-0.276220596035009,-0.278182422409093,-0.280152757672217,-0.282126092002744,-0.284096592976627,-0.286058173077637,-0.288004564144963,-0.289929396918291,-0.291826283613466,-0.293688901325271,-0.295511074017113,-0.297286850923003,-0.299010579350548,-0.30067697012348,-0.302281154221734,-0.303818729545377,-0.30528579712297,-0.306678986482074,-0.307995470278298,-0.309232968621241,-0.310389743826991,-0.311464586558195,-0.312456794479711,-0.313366144660559,-0.314192860995115,-0.314937577904935,-0.315601301526054,-0.316185369494695,-0.316691410327076,-0.317121303255776,-0.317477139244518,-0.317761183762334,-0.317975841762776,-0.318123625188338,-0.318207123207541,-0.318228975293886,-0.318191847172837,-0.318098409594872,-0.317951319838886,-0.317753205809474,-0.317506652562508,-0.317214191074446,-0.316878289060186,-0.316501343640712,-0.316085675663643,-0.315633525485938,-0.315147050037256,-0.314628320993845,-0.314079323905646,-0.313501958132711,-0.312898037460778,-0.312269291279311,-0.31161736621833,-0.310943828152712,-0.310250164494124,-0.3095377867014,-0.308808032949815,-0.308062170908484,-0.307301400582898,-0.306526857186604,-0.305739614012135,-0.30494068527667,-0.304131028922585,-0.303311549357088,-0.302483100118594,-0.30164648646046,-0.30080246784522,-0.299951760344553,-0.299095038942007,-0.298232939736946,-0.297366062049397,-0.296494970426453,-0.295620196551677,-0.294742241059557,-0.293861575257543,-0.292978642758578,-0.292093861027273,-0.291207622843075,-0.290320297683882,-0.289432233033612,-0.288543755617247,-0.287655172566858,-0.286766772522038,0,-0.15024885847067,-0.150457101229559,-0.150668885234975,-0.15089884086791,-0.151152097044505,-0.151430940441007,-0.151736550842718,-0.152069617430917,-0.152430635336955,-0.152820042902076,-0.153238264291572,-0.153685703030232,-0.154162717105411,-0.154669592893398,-0.155206525586203,-0.15577360808324,-0.156370827447855,-0.156998066935686,-0.157655111476087,-0.158341654813811,-0.159057306996934,-0.159801601371674,-0.160574000644228,-0.161373901871345,-0.162200640447907,-0.163053493285294,-0.16393168143657,-0.164834372440832,-0.165760682644089,-0.166709679719836,-0.167680385567728,-0.168671779719901,-0.169682803335793,-0.170712363820463,-0.171759340060185,-0.172822588233177,-0.173900948123376,-0.174993249841061,-0.176098320835911,-0.177214993075526,-0.178342110255289,-0.179478534903366,-0.180623155247265,-0.18177489171534,-0.182932702957348,-0.18409559128222,-0.185262607427963,-0.186432854597428,-0.187605491713984,-0.188779735872163,-0.18995486397957,-0.191130213607021,-0.192305183083519,-0.193479230890709,-0.19465187442751,-0.195822688229215,-0.19699130173643,-0.198157396717354,-0.199320704452283,-0.200481002791609,-0.201638113198276,-0.202791897882634,-0.203942257132251,-0.205089126931637,-0.206232476957371,-0.2073723090231,-0.208508656036557,-0.209641581517499,-0.210771179711588,-0.211897576320952,-0.213020929857815,-0.214141433613315,-0.215259318219655,-0.216374854770235,-0.217488358449418,-0.218600192611224,-0.219710773234523,-0.220820573671193,-0.221930129593191,-0.223040044034458,-0.224150992413999,-0.225263727417167,-0.226379083603149,-0.227497981597661,-0.228621431720989,-0.229750536892673,-0.23088649464533,-0.232030598071576,-0.233184235519839,-0.234348888847492,-0.2355261300336,-0.236717615949374,-0.2379250810829,-0.239150328016971,-0.240395215465944,-0.24166164369102,-0.242951537134446,-0.24426682414368,-0.245609413698,-0.246981169103866,-0.248383878692907,-0.249819223638495,-0.25128874310382,-0.252793797045652,-0.254335527122091,-0.255914816286791,-0.257532247792279,-0.259188064465545,-0.260882129252943,-0.262613888150205,-0.264382336727687,-0.266185991520808,-0.268022867571169,-0.269890463366206,-0.271785754327373,-0.273705195834582,-0.275644736547651,-0.277599842497632,-0.279565532081229,-0.28153642171355,-0.283506781496242,-0.285470599860916,-0.287421655774692,-0.289353596768828,-0.291260020793864,-0.29313455973269,-0.294970962328359,-0.29676317431126,-0.298505413638655,-0.300192238979517,-0.301818609874203,-0.303379937352118,-0.304872124178799,-0.306291594303424,-0.307635311466468,-0.308900787285419,-0.310086079448526,-0.311189780901357,-0.312211001102331,-0.31314934054983,-0.314004859847449,-0.314778044581346,-0.315469767242419,-0.316081247345831,-0.316614010791093,-0.317069849377217,-0.317450781248374,-0.31775901290362,-0.317996903266065,-0.318166930177046,-0.318271659562994,-0.318313717418767,-0.318295764662423,-0.318220474842721,-0.318090514621631,-0.317908526908684,-0.317677116490751,-0.317398837978278,-0.317076185875489,-0.316711586576112,-0.316307392086176,-0.315865875280193,-0.315389226505259,-0.314879551358342,-0.314338869474413,-0.313769114176344,-0.313172132851224,-0.312549687931323,-0.311903458371229,-0.311235041525247,-0.310545955341035,-0.3098376407964,-0.309111464516191,-0.308368721515373,-0.307610638022459,-0.306838374344815,-0.306053027743749,-0.30525563529294,-0.304447176698713,-0.303628577064898,-0.302800709588719,-0.301964398177259,-0.301120419976771,-0.30026950780932,-0.299412352513131,-0.298549605184623,-0.297681879321367,-0.296809752866288,-0.295933770154273,-0.295054443763007,-0.294172256270437,-0.293287661921606,-0.29240108820795,-0.291512937362324,-0.290623587773172,-0.289733395321338,-0.288842694643039,-0.287951800322501,-0.287061008017732,-0.28617059552281,0,-0.150822368617264,-0.150998761624959,-0.151189087873966,-0.151405989289583,-0.151653013791388,-0.151931183557364,-0.152240657949164,-0.152581334397683,-0.152953110490237,-0.153355970872308,-0.153789981906145,-0.154255248892019,-0.154751867512402,-0.155279884149234,-0.155839269450727,-0.156429904334356,-0.15705157556682,-0.15770397770591,-0.158386718613286,-0.159099326439439,-0.159841256682517,-0.160611898516489,-0.1614105800358,-0.162236572377056,-0.163089092874464,-0.163967307510866,-0.164870332965294,-0.165797238552428,-0.166747048315938,-0.167718743489047,-0.168711265480515,-0.16972351948854,-0.170754378792512,-0.17180268972526,-0.172867277287547,-0.173946951332441,-0.175040513220011,-0.176146762822139,-0.177264505743068,-0.17839256061295,-0.179529766308963,-0.180674988960896,-0.181827128605049,-0.182985125361358,-0.18414796502318,-0.185314683966634,-0.186484373306095,-0.187656182243677,-0.188829320582703,-0.190003060397475,-0.191176736873571,-0.192349748353662,-0.193521555643085,-0.194691680646515,-0.195859704421732,-0.197025264748418,-0.198188053318905,-0.199347812663743,-0.200504332927965,-0.201657448613871,-0.202807035403467,-0.203953007168325,-0.205095313267051,-0.206233936220922,-0.207368889847016,-0.208500217915503,-0.209627993384204,-0.210752318249172,-0.211873324035428,-0.212991172937112,-0.2141060596017,-0.215218213538536,-0.216327902118079,-0.217435434114997,-0.218541163735625,-0.219645495058421,-0.220748886804851,-0.221851857347587,-0.22295498985295,-0.224058937445049,-0.22516442826995,-0.226272270329416,-0.227383355945022,-0.228498665704915,-0.229619271736845,-0.23074634014262,-0.231881132420686,-0.23302500569544,-0.234179411564372,-0.235345893367643,-0.236526081679805,-0.237721687820894,-0.238934495184883,-0.240166348188709,-0.241419138656035,-0.242694789467999,-0.24399523534008,-0.245322400621369,-0.246678174061609,-0.248064380553705,-0.249482749936025,-0.250934883030317,-0.252422215197184,-0.253945977810759,-0.255507158185193,-0.257106458624257,-0.258744255406678,-0.260420558657344,-0.262134974180136,-0.26388666843297,-0.265674337899586,-0.267496184145941,-0.269349895832101,-0.271232638875729,-0.273141055824981,-0.275071275295148,-0.277018932056907,-0.27897919804165,-0.280946824162984,-0.282916192459683,-0.284881377664297,-0.28683621691605,-0.288774385989821,-0.290689480127193,-0.292575097349595,-0.294424922021567,-0.296232806421782,-0.297992848171439,-0.299699461557465,-0.301347441058856,-0.302932015720246,-0.304448893395789,-0.30589429428544,-0.307264973581794,-0.308558233418008,-0.309771924638724,-0.310904439193471,-0.311954694167692,-0.312922108617208,-0.313806574458556,-0.314608422695134,-0.315328386234612,-0.315967560485962,-0.316527362824419,-0.317009491889799,-0.317415887547063,-0.317748692196052,-0.31801021397684,-0.318202892283502,-0.318329265876294,-0.31839194377279,-0.318393579003924,-0.318336845241567,-0.318224416239807,-0.318058947981787,-0.317843063386306,-0.317579339402069,-0.317270296300812,-0.316918388971942,-0.316526000019345,-0.31609543446415,-0.315628915864371,-0.31512858367227,-0.314596491662168,-0.314034607274508,-0.313444811735559,-0.312828900825916,-0.312188586184321,-0.311525497046274,-0.310841182329042,-0.310137112985962,-0.309414684563358,-0.308675219902829,-0.307919971940164,-0.307150126559758,-0.306366805470147,-0.305571069072195,-0.304763919296675,-0.303946302392464,-0.303119111650481,-0.302283190051831,-0.301439332831431,-0.300588289950831,-0.299730768475938,-0.29886743485706,-0.297998917110051,-0.297125806898506,-0.296248661517855,-0.29536800578298,-0.294484333821514,-0.293598110775469,-0.29270977441415,-0.29181973666156,-0.290928385041672,-0.290036084045031,-0.289143176420195,-0.288249984393529,-0.287356810820831,-0.286463940274205,-0.285571640067527,0,-0.151349049865204,-0.151498087967851,-0.151673895984825,-0.151884592587127,-0.152131604741874,-0.152414618451997,-0.152732825512505,-0.15308542137094,-0.153471796675348,-0.153891558138035,-0.154344471226064,-0.15483038296426,-0.155349153747308,-0.155900608176787,-0.156484505146412,-0.157100523380279,-0.157748257699807,-0.158427221779527,-0.159136854133184,-0.159876525098337,-0.160645543466642,-0.161443162079336,-0.162268582177887,-0.163120956599855,-0.163999392078357,-0.164902950976887,-0.165830652800499,-0.16678147579359,-0.167754358881616,-0.16874820415126,-0.169761879999133,-0.170794225018047,-0.171844052635075,-0.172910156468425,-0.173991316331074,-0.175086304778058,-0.176193894070915,-0.177312863416607,-0.178442006328684,-0.179580137954994,-0.180726102218299,-0.181878778623206,-0.18303708859416,-0.184200001224421,-0.185366538334119,-0.186535778756137,-0.187706861790847,-0.188878989794057,-0.190051429886027,-0.191223514792587,-0.192394642851434,-0.193564277237107,-0.194731944476445,-0.195897232342065,-0.197059787224305,-0.198219311091907,-0.199375558158406,-0.20052833137469,-0.201677478868651,-0.202822890450332,-0.203964494295774,-0.205102253915164,-0.206236165501135,-0.207366255741579,-0.208492580168394,-0.209615222099619,-0.21073429221766,-0.211849928811188,-0.212962298693046,-0.214071598791331,-0.215178058396109,-0.216281942029891,-0.217383552896469,-0.218483236849778,-0.219581386812408,-0.220678447562033,-0.22177492079345,-0.222871370353991,-0.223968427540684,-0.225066796338651,-0.226167258471572,-0.227270678126703,-0.228378006208574,-0.22949028396727,-0.230608645838895,-0.231734321327648,-0.2328686357509,-0.234013009661122,-0.235168956751737,-0.236338080048577,-0.237522066185237,-0.238722677560134,-0.239941742176568,-0.241181140975771,-0.242442792488187,-0.243728634651657,-0.245040603678319,-0.246380609896495,-0.247750510551094,-0.249152079617282,-0.250586974768151,-0.252056701737907,-0.253562576437076,-0.25510568530342,-0.256686844508774,-0.258306558783208,-0.259964980757907,-0.261661871859477,-0.263396565902228,-0.265167936611875,-0.266974370363733,-0.268813745421419,-0.270683418909463,-0.272580222638887,-0.274500468725262,-0.276439965694689,-0.278394045469882,-0.280357601276068,-0.282325136119832,-0.284290821092261,-0.28624856235278,-0.288192075285346,-0.290114964007052,-0.292010804171071,-0.29387322685739,-0.295696001296072,-0.297473114222257,-0.299198843815916,-0.300867826421874,-0.302475114560408,-0.30401622510522,-0.305487176900786,-0.306884517491722,-0.308205339021015,-0.30944728370307,-0.310608539576784,-0.311687827483603,-0.312684380390583,-0.313597916288644,-0.314428605944842,-0.315177036781151,-0.315844174099608,-0.316431320784393,-0.31694007649554,-0.317372297236173,-0.317730056033991,-0.318015605335711,-0.318231341576196,-0.31837977225657,-0.318463485750802,-0.318485123959932,-0.318447357847958,-0.318352865823514,-0.318204314875922,-0.31800434433205,-0.31775555207003,-0.317460483005872,-0.317121619657619,-0.316741374587426,-0.316322084523422,-0.315866005968962,-0.31537531211596,-0.314852090890256,-0.314298343969706,-0.313715986629183,-0.313106848280429,-0.312472673588284,-0.311815124057962,-0.311135780000493,-0.310436142795107,-0.309717637378072,-0.308981614897316,-0.308229355481009,-0.307462071076252,-0.306680908321046,-0.30588695141896,-0.305081224991378,-0.304264696886944,-0.303438280931952,-0.302602839608932,-0.301759186653731,-0.300908089563936,-0.30005027201363,-0.299186416171295,-0.298317164919171,-0.297443123973587,-0.296564863906821,-0.295682922071823,-0.294797804431773,-0.293909987296949,-0.293019918971755,-0.292128021315038,-0.291234691216995,-0.290340301996104,-0.28944520471958,-0.288549729450862,-0.287654186427629,-0.286758867173788,-0.285864045548789,-0.284969978737563,0,-0.151828794390385,-0.151957183313774,-0.15212623033835,-0.152337884578268,-0.152591214377889,-0.152884591943543,-0.15321634136006,-0.153585074588852,-0.153989782015051,-0.154429775519907,-0.154904578873594,-0.155413820771096,-0.155957152721045,-0.156534195369708,-0.157144508780554,-0.157787579934168,-0.158462821117904,-0.159169574234462,-0.159907117557586,-0.160674672762858,-0.161471411059724,-0.162296457952688,-0.163148896612137,-0.164027770096461,-0.164932082791118,-0.165860801462077,-0.166812856295442,-0.167787142237304,-0.168782520875476,-0.169797823029094,-0.170831852140131,-0.171883388496405,-0.172951194260512,-0.174034019233772,-0.175130607248512,-0.176239703055275,-0.177360059553032,-0.178490445199516,-0.179629651434544,-0.18077649995099,-0.181929849655219,-0.183088603170602,-0.184251712753506,-0.185418185510254,-0.186587087825143,-0.187757548933093,-0.188928763594984,-0.190099993858594,-0.191270569912515,-0.1924398900638,-0.193607419891822,-0.194772690650374,-0.195935297006909,-0.197094894221797,-0.198251194881191,-0.199403965304584,-0.200553021752237,-0.201698226558561,-0.202839484315333,-0.203976738223589,-0.205109966725384,-0.206239180516815,-0.207364420031908,-0.208485753473768,-0.209603275454987,-0.210717106294138,-0.211827391999561,-0.212934304955928,-0.214038045313428,-0.215138843064224,-0.216236960776112,-0.217332696939396,-0.218426389869777,-0.219518422097752,-0.220609225163543,-0.2216992847259,-0.222789145883213,-0.223879418596081,-0.224970783091721,-0.226063995122222,-0.227159890940524,-0.228259391850008,-0.229363508175618,-0.230473342496493,-0.231590091972122,-0.232715049586182,-0.233849604124695,-0.234995238698187,-0.236153527611753,-0.237326131382775,-0.238514789704499,-0.239721312155591,-0.240947566462423,-0.242195464133503,-0.243466943305668,-0.244763948670979,-0.246088408393302,-0.24744220797591,-0.248827161107325,-0.250244977593084,-0.251697228576487,-0.253185309361267,-0.254710400272192,-0.256273426123241,-0.25787501500322,-0.259515457230146,-0.261194665461415,-0.262912137068437,-0.26466691998271,-0.266457583285141,-0.268282193831907,-0.27013830017913,-0.272022924977709,-0.273932566854306,-0.275863212573676,-0.277810359994834,-0.279769051997251,-0.281733921176551,-0.28369924470982,-0.285659008389521,-0.287606978445514,-0.289536779439972,-0.291441976251828,-0.293316157983604,-0.295153021536778,-0.29694645261807,-0.29869060205711,-0.300379955527696,-0.302009395055659,-0.303574251047119,-0.305070343959045,-0.306494015136271,-0.307842146732628,-0.309112170998729,-0.310302069538735,-0.311410363401582,-0.312436095071835,-0.313378803559511,-0.314238493859108,-0.315015602061096,-0.315710957362409,-0.316325742145313,-0.316861451186596,-0.317319850931068,-0.317702939624059,-0.318012908954826,-0.318252107723023,-0.318423007908785,-0.318528173406996,-0.318570231580294,-0.318551847694486,-0.318475702224398,-0.318344470957447,-0.318160807775164,-0.317927329958353,-0.317646605837915,-0.31732114459891,-0.316953388038812,-0.316545704080376,-0.316100381843902,-0.315619628091679,-0.315105564867969,-0.314560228170209,-0.313985567500396,-0.31338344615939,-0.312755642160528,-0.312103849652347,-0.311429680752929,-0.310734667710355,-0.310020265314856,-0.309287853498435,-0.308538740066911,-0.307774163517663,-0.306995295903714,-0.306203245711331,-0.305399060724068,-0.304583730851168,-0.303758190902608,-0.302923323296776,-0.30207996069001,-0.30122888851993,-0.300370847456795,-0.299506535759056,-0.298636611530871,-0.297761694880702,-0.296882369981148,-0.295999187031087,-0.295112664121878,-0.294223289009918,-0.293331520798273,-0.29243779153041,-0.291542507699269,-0.290646051675065,-0.289748783055309,-0.288851039940531,-0.287953140139234,-0.287055382305511,-0.28615804701274,-0.28526139776665,-0.28436568196098,0,-0.152262336918884,-0.152379294348188,-0.152549985851384,-0.152769879817342,-0.153035794985691,-0.153344915035637,-0.153694843707081,-0.154083752400847,-0.15451034798777,-0.154973732399228,-0.155473244932248,-0.156008332985613,-0.156578463148416,-0.157183068484829,-0.157821522696874,-0.158493131807674,-0.159197135846514,-0.159932715208081,-0.160698998287413,-0.161495068477179,-0.162319969658861,-0.163172709996623,-0.164052264239925,-0.164957574939138,-0.165887553043717,-0.16684107833533,-0.167817000084916,-0.168814138237795,-0.169831285340556,-0.170867209337187,-0.171920657284838,-0.172990359974167,-0.17407503738585,-0.175173404873174,-0.176284179929699,-0.177406089379748,-0.178537876816844,-0.17967831011011,-0.180826188800202,-0.181980351213707,-0.183139681137271,-0.184303113909284,-0.185469641807008,-0.18663831862978,-0.187808263403586,-0.188978663158174,-0.190148774754049,-0.191317925762603,-0.192485514427382,-0.193651008757646,-0.194813944826183,-0.195973924361495,-0.197130611739515,-0.198283730491774,-0.199433059455185,-0.200578428693457,-0.201719715321506,-0.202856839362393,-0.203989759761436,-0.205118470674577,-0.206242998138081,-0.207363397214742,-0.208479749698142,-0.209592162441742,-0.210700766363949,-0.211805716164182,-0.212907190768688,-0.214005394508751,-0.215100559018197,-0.216192945821979,-0.217282849573248,-0.218370601882806,-0.219456575672248,-0.220541189970432,-0.221624915062159,-0.222708277888001,-0.223791867585004,-0.224876341049375,-0.2259624283941,-0.22705093816658,-0.228142762183709,-0.229238879834181,-0.230340361690189,-0.231448372263018,-0.232564171729406,-0.233689116448068,-0.234824658078827,-0.235972341110631,-0.237133798600053,-0.238310745919338,-0.239504972313628,-0.240718330071769,-0.241952721125361,-0.243210080907927,-0.244492359331818,-0.245801498776293,-0.247139409027821,-0.248507939174341,-0.249908846530186,-0.251343762758227,-0.252814157460445,-0.254321299626606,-0.255866217460938,-0.257449657245181,-0.259072042038308,-0.260733431152157,-0.26243348147035,-0.264171411786257,-0.26594597141437,-0.267755414368353,-0.269597480388587,-0.271469384034004,-0.273367812921816,-0.275288936001789,-0.277228422490865,-0.279181471775688,-0.281142854226351,-0.283106962470577,-0.285067872273637,-0.287019411778124,-0.288955237502914,-0.290868915204736,-0.292754003488349,-0.294604137927221,-0.296413113434232,-0.298174962703045,-0.299884028719463,-0.301535029606236,-0.303123114396542,-0.304643908709206,-0.306093549699369,-0.307468710058452,-0.30876661121571,-0.309985026232501,-0.311122273166192,-0.312177199904689,-0.31314916163131,-0.31403799217364,-0.314843970523661,-0.315567783796967,-0.31621048783533,-0.316773466559209,-0.317258391055035,-0.317667179245678,-0.318001956849883,-0.318265020194615,-0.318458801308907,-0.318585835602918,-0.3186487323244,-0.31865014788804,-0.318592762091768,-0.318479257167911,-0.318312299564991,-0.318094524316996,-0.317828521829365,-0.317516826893335,-0.317161909730915,-0.316766168870171,-0.316331925653244,-0.315861420186305,-0.315356808550441,-0.314820161104233,-0.314253461721842,-0.313658607824052,-0.313037411073535,-0.312391598619117,-0.311722814786836,-0.31103262312788,-0.31032250874493,-0.30959388082895,-0.308848075348065,-0.308086357838778,-0.307309926257511,-0.306519913857307,-0.30571739206053,-0.30490337330373,-0.304078813835357,-0.303244616451012,-0.302401633154316,-0.301550667734346,-0.300692478253065,-0.299827779438225,-0.298957244978956,-0.298081509722652,-0.297201171772967,-0.296316794489663,-0.295428908391808,-0.294538012966454,-0.293644578385334,-0.292749047132508,-0.291851835546129,-0.290953335277662,-0.290053914672009,-0.289153920072022,-0.288253677050927,-0.287353491576106,-0.286453651107689,-0.285554425635267,-0.284656068655993,-0.283758818097192,0,-0.152651748167985,-0.152768852873659,-0.152949937380582,-0.153185257829455,-0.153469795155486,-0.153799762876932,-0.154172234304215,-0.15458510079921,-0.15503690544013,-0.155526621099136,-0.156053453840406,-0.156616701403042,-0.157215665591103,-0.157849606093806,-0.158517721929741,-0.159219149130882,-0.159952966515558,-0.160718204295309,-0.161513852488264,-0.162338867673611,-0.163192177633124,-0.164072684023374,-0.164979263529003,-0.165910768061854,-0.166866024566613,-0.167843834923073,-0.168842976333651,-0.169862202474558,-0.170900245583528,-0.171955819563236,-0.173027624100405,-0.174114349736828,-0.175214683779235,-0.176327316898777,-0.177450950246257,-0.178584302894622,-0.179726119414205,-0.180875177387542,-0.182030294678263,-0.18319033628157,-0.184354220601334,-0.185520925019998,-0.186689490651483,-0.18785902619335,-0.189028710821691,-0.190197796099993,-0.1913656069005,-0.192531541362955,-0.193695069940127,-0.194855733601798,-0.1960131412883,-0.197166966720972,-0.198316944689667,-0.199462866946653,-0.200604577841761,-0.201741969835608,-0.202874979026228,-0.204003580819803,-0.20512778586863,-0.20624763638945,-0.207363202963013,-0.208474581901922,-0.20958189325852,-0.210685279528504,-0.211784905089286,-0.212880956395305,-0.213973642935835,-0.215063198944553,-0.21614988583453,-0.217233995317471,-0.218315853152164,-0.219395823454171,-0.220474313486958,-0.221551778843702,-0.222628728919096,-0.223705732561262,-0.224783423785397,-0.22586250742285,-0.226943764571703,-0.228028057707603,-0.229116335306304,-0.230209635822104,-0.231309090859018,-0.232415927364179,-0.233531468665637,-0.234657134169766,-0.235794437527151,-0.236944983070656,-0.23811046032605,-0.23929263639494,-0.240493346012857,-0.241714479093428,-0.242957965584012,-0.244225757480506,-0.245519807880953,-0.246842047000525,-0.24819435512616,-0.249578532558658,-0.250996266674325,-0.252449096337512,-0.253938374008972,-0.255465226021239,-0.257030511628248,-0.258634781577927,-0.260278237097556,-0.26196069031507,-0.263681527256548,-0.265439674651182,-0.267233571830038,-0.269061149013933,-0.270919813240006,-0.272806443069202,-0.274717393044168,-0.27664850862912,-0.278595152064666,-0.28055223922117,-0.282514287148268,-0.284475471614529,-0.286429693531719,-0.288370652786252,-0.290291927679418,-0.292187057928769,-0.29404962902256,-0.295873355658238,-0.297652162039035,-0.299380256946585,-0.301052201742258,-0.302662969759612,-0.304207995914597,-0.305683215755999,-0.307085093582435,-0.308410639641857,-0.309657416785639,-0.310823537256633,-0.311907650538765,-0.312908923379113,-0.313827013211196,-0.314662036263528,-0.315414531636605,-0.316085422582972,-0.316675976138556,-0.317187762139174,-0.317622612523766,-0.317982581684376,-0.318269908479733,-0.31848698039071,-0.318636300166541,-0.318720455193791,-0.318742089717573,-0.318703879957353,-0.318608512087776,-0.318458662997776,-0.318256983697455,-0.318006085210655,-0.317708526769966,-0.317366806118754,-0.316983351719824,-0.316560516671316,-0.31610057413587,-0.315605714097912,-0.315078041275087,-0.314519574022527,-0.313932244082176,-0.313317897043193,-0.312678293393146,-0.312015110052946,-0.311329942301076,-0.310624306004432,-0.309899640083983,-0.30915730915339,-0.308398606277719,-0.307624755807446,-0.306836916250097,-0.306036183148242,-0.305223591938058,-0.304400120767547,-0.303566693257681,-0.30272418119331,-0.301873407133785,-0.301015146935831,-0.300150132183424,-0.299279052521269,-0.298402557889976,-0.297521260662352,-0.296635737681192,-0.29574653219982,-0.294854155727273,-0.293959089780516,-0.293061787546506,-0.292162675457165,-0.291262154680557,-0.290360602531649,-0.289458373806171,-0.288555802041043,-0.287653200704876,-0.286750864321988,-0.285849069533273,-0.284948076097247,-0.284048127834401,-0.283149453517963,0,-0.153001316735561,-0.153131447126411,-0.153331614159721,-0.15358922951167,-0.153898036837136,-0.1542535678165,-0.154652587902137,-0.155092877290078,-0.155572930056358,-0.156091661274418,-0.156648185550446,-0.157241675317127,-0.157871283017746,-0.158536106683059,-0.159235181464313,-0.159967484555543,-0.160731945377758,-0.161527456294609,-0.16235288148871,-0.163207063145002,-0.16408882498338,-0.164996973649025,-0.16593029865487,-0.166887571585596,-0.16786754519254,-0.168868952884363,-0.169890508980965,-0.170930909966371,-0.17198883685979,-0.173062958726674,-0.174151937273909,-0.175254432414009,-0.17636910864025,-0.177494642025771,-0.17862972764267,-0.179773087189956,-0.180923476620481,-0.182079693565061,-0.183240584365908,-0.184405050550163,-0.185572054596766,-0.186740624875393,-0.187909859663684,-0.189078930177867,-0.190247082581126,-0.191413638963082,-0.192577997311565,-0.193739630524046,-0.194898084529741,-0.196052975614313,-0.197203987056541,-0.198350865200302,-0.199493415095343,-0.200631495846664,-0.20176501581488,-0.202893927808912,-0.20401822440794,-0.20513793354211,-0.206253114451333,-0.207363854129148,-0.208470264344369,-0.209572479317555,-0.210670654112788,-0.211764963787957,-0.212855603329418,-0.213942788379595,-0.215026756749278,-0.216107770690203,-0.217186119888207,-0.218262125122933,-0.219336142526831,-0.220408568364044,-0.221479844238742,-0.22255046263236,-0.223620972660095,-0.224691985928614,-0.225764182369163,-0.226838315912963,-0.227915219868711,-0.228995811855124,-0.230081098134538,-0.231172177186591,-0.232270242353986,-0.233376583385221,-0.234492586692307,-0.235619734135036,-0.23675960013787,-0.237913846941503,-0.239084217789517,-0.240272527852153,-0.241480652695325,-0.242710514114892,-0.243964063175435,-0.245243260320853,-0.246550052462784,-0.247886347003574,-0.249253982814772,-0.250654698270878,-0.252090096531759,-0.253561608375628,-0.255070453006361,-0.256617597391883,-0.258203714830589,-0.259829143584918,-0.261493846558652,-0.263197373118883,-0.264938824265749,-0.266716822422762,-0.268529487147981,-0.27037441804178,-0.272248686043145,-0.274148834158002,-0.276070888448775,-0.278010379837011,-0.279962376938351,-0.281921529774019,-0.28388212380273,-0.285838143312289,-0.287783342824387,-0.289711324822816,-0.291615621836564,-0.293489780713728,-0.295327446823127,-0.297122445924952,-0.298868861559195,-0.300561106003692,-0.302193983138279,-0.303762741898947,-0.305263119393646,-0.306691373155812,-0.308044302409975,-0.309319258595102,-0.310514145718962,-0.311627411388326,-0.312658029567938,-0.313605476263384,-0.31446969940091,-0.3152510841963,-0.315950415272782,-0.316568836714144,-0.317107811133803,-0.317569078713539,-0.317954617026187,-0.318266602312905,-0.318507372744494,-0.318679394062703,-0.318785227875456,-0.318827502771769,-0.318808888329106,-0.318732072008309,-0.318599738868652,-0.318414553986935,-0.31817914742859,-0.317896101593952,-0.317567940747514,-0.317197122530549,-0.316786031256463,-0.316336972792179,-0.315852170836573,-0.315333764417426,-0.31478380644057,-0.314204263138215,-0.31359701427722,-0.312963854001874,-0.312306492199183,-0.311626556287568,-0.310925593341946,-0.310205072479419,-0.309466387440099,-0.308710859306919,-0.307939739316726,-0.307154211722409,-0.306355396672493,-0.305544353080428,-0.304722081460934,-0.303889526715151,-0.303047580850167,-0.30219708562177,-0.301338835092028,-0.300473578095666,-0.299602020611175,-0.298724828034221,-0.297842627352305,-0.296956009220711,-0.296065529940677,-0.295171713341462,-0.294275052568529,-0.293376011780493,-0.292475027757815,-0.291572511426453,-0.290668849299823,-0.289764404842536,-0.288859519759395,-0.287954515213147,-0.287049692974445,-0.286145336507409,-0.285241711994107,-0.284339069301167,-0.283437642891615,-0.28253765268494,0,-0.153317895950663,-0.153473693871552,-0.153701142513698,-0.153987389384235,-0.154325585306217,-0.154710909629072,-0.155140061420803,-0.155610875722,-0.156121899230246,-0.156672045741492,-0.157260368024302,-0.15788592913202,-0.158547742561162,-0.159244753985323,-0.159975844821896,-0.160739844914247,-0.161535546928858,-0.162361718699531,-0.163217112053069,-0.164100467998538,-0.165010518865149,-0.165945988264187,-0.166905589792849,-0.16788802530418,-0.168891983410316,-0.169916138710754,-0.170959152069255,-0.172019672115146,-0.173096338022506,-0.174187783524273,-0.17529264204572,-0.17640955278995,-0.177537167573618,-0.17867415819109,-0.179819224076836,-0.180971100036997,-0.182128563829832,-0.18329044338984,-0.184455623510356,-0.185623051823546,-0.186791743943772,-0.187960787669588,-0.189129346170181,-0.190296660113066,-0.191462048720572,-0.192624909772193,-0.193784718597636,-0.19494102613071,-0.196093456116484,-0.197241701583026,-0.198385520704159,-0.19952473219088,-0.20065921035626,-0.201788880001922,-0.202913711273607,-0.204033714629254,-0.205148936055656,-0.206259452659609,-0.207365368746839,-0.208466812487409,-0.209563933250268,-0.210656899672392,-0.211745898510217,-0.212831134303056,-0.213912829860274,-0.214991227566585,-0.21606659148307,-0.217139210205696,-0.218209400428354,-0.219277511143776,-0.220343928403302,-0.221409080545162,-0.222473443790799,-0.223537548099609,-0.224601983164165,-0.225667404420428,-0.226734538940358,-0.227804191067655,-0.228877247650769,-0.229954682720844,-0.231037561455636,-0.232127043263762,-0.233224383816816,-0.234330935850168,-0.235448148546802,-0.236577565312792,-0.237720819748509,-0.238879629617113,-0.240055788612181,-0.241251155730661,-0.242467642066895,-0.243707194859742,-0.244971778649386,-0.246263353434953,-0.247583849770041,-0.248935140792373,-0.250319011256961,-0.251737123730391,-0.253190982206831,-0.254681893523644,-0.256210927083712,-0.257778873529848,-0.259386203158937,-0.261033025003782,-0.26271904764108,-0.264443542895761,-0.266205313695058,-0.26800266737017,-0.269833395699239,-0.271694762924369,-0.273583502851221,-0.275495825949568,-0.277427437118214,-0.279373564463833,-0.281328999081555,-0.283288145431124,-0.285245081495977,-0.287193627516199,-0.289127421723706,-0.291040001202186,-0.292924885765442,-0.294775662611397,-0.296586069474546,-0.298350074069454,-0.300061947787119,-0.301716331862944,-0.303308294562374,-0.304833378306573,-0.306287636062455,-0.30766765672534,-0.308970579606898,-0.310194098487244,-0.311336455984133,-0.312396429224818,-0.313373307973075,-0.314266866465335,-0.315077330249968,-0.315805339309433,-0.316451908685322,-0.317018387731153,-0.317506418997336,-0.317917897616534,-0.318254931914454,-0.318519805827943,-0.318714943575222,-0.318842876896179,-0.318906215066991,-0.318907617794455,-0.318849771012017,-0.318735365531302,-0.318567078449275,-0.318347557170612,-0.318079405876124,-0.317765174249398,-0.317407348263667,-0.317008342827696,-0.316570496091746,-0.316096065221181,-0.315587223454818,-0.315046058276831,-0.314474570543994,-0.313874674423777,-0.313248198012608,-0.312596884517305,-0.311922393895757,-0.311226304865396,-0.310510117199546,-0.309775254242408,-0.309023065583151,-0.308254829838331,-0.307471757499705,-0.306674993811447,-0.305865621646935,-0.305044664360595,-0.304213088595007,-0.303371807027451,-0.302521681043598,-0.301663523328936,-0.300798100371074,-0.299926134868152,-0.299048308040345,-0.298165261842922,-0.297277601080499,-0.29638589542311,-0.295490681325515,-0.294592463851748,-0.293691718407422,-0.292788892382638,-0.291884406708638,-0.290978657331504,-0.290072016606326,-0.289164834615302,-0.288257440413295,-0.287350143204277,-0.28644323345211,-0.285536983928988,-0.284631650704787,-0.283727474080477,-0.282824679468612,-0.281923478223819,0,-0.153610404363326,-0.153803007364592,-0.15406506181815,-0.154385558482743,-0.154757616666154,-0.1551764069654,-0.155638806034457,-0.156142854447179,-0.156687232040363,-0.157270888968656,-0.157892831970848,-0.158552021920915,-0.159247339067912,-0.159977584067725,-0.160741494448786,-0.161537764777107,-0.162365064537214,-0.163222051308262,-0.164107378864324,-0.165019700888308,-0.165957671432931,-0.166919943343543,-0.16790516574331,-0.168911981477365,-0.169939025182899,-0.170984922432785,-0.172048290208977,-0.173127738805129,-0.174221875135866,-0.175329307339477,-0.176448650497133,-0.177578533250102,-0.178717605072511,-0.179864543947313,-0.18101806419424,-0.182176924208228,-0.183339933883359,-0.184505961519197,-0.185673940032362,-0.186842872325262,-0.188011835695092,-0.189179985198706,-0.19034655592188,-0.191510864134036,-0.192672307340855,-0.193830363276716,-0.194984587905849,-0.196134612524959,-0.197280140080365,-0.19842094082914,-0.199556847486044,-0.200687750006157,-0.201813590157149,-0.202934356035055,-0.204050076673705,-0.205160816890739,-0.206266672502963,-0.207367766030958,-0.208464242998013,-0.209556268911842,-0.210644026999922,-0.211727716750837,-0.21280755329539,-0.213883767642668,-0.214956607768167,-0.216026340533702,-0.217093254402414,-0.218157662896948,-0.219219908734751,-0.220280368561732,-0.221339458193984,-0.222397638266962,-0.223455420182363,-0.224513372234677,-0.225572125791994,-0.226632381398796,-0.227694914662105,-0.22876058177613,-0.22983032453449,-0.230905174672892,-0.231986257378802,-0.233074793798223,-0.234172102363127,-0.235279598756739,-0.236398794327985,-0.237531292761465,-0.238678784806094,-0.239843040864668,-0.241025901249414,-0.242229263915949,-0.243455069501711,-0.244705283516171,-0.24598187556068,-0.247286795497363,-0.248621946540429,-0.249989155311143,-0.251390138980199,-0.252826469718867,-0.254299536792434,-0.255810506754628,-0.257360282337237,-0.258949460770701,-0.260578292413519,-0.262246640703641,-0.263953944565065,-0.265699184498068,-0.267480853641675,-0.269296935112148,-0.271144886882259,-0.27302163536591,-0.274923578706887,-0.27684660053889,-0.278786094690486,-0.280737000962518,-0.282693851720593,-0.284650828640121,-0.286601828537626,-0.288540536843293,-0.290460506939479,-0.29235524332977,-0.294218286430498,-0.296043296703451,-0.297824135879812,-0.299554943158935,-0.30123020449218,-0.302844813366184,-0.30439412186155,-0.305873981159011,-0.307280771071903,-0.308611418578642,-0.309863405691926,-0.311034767316802,-0.312124080006414,-0.313130442716082,-0.314053450782017,-0.314893164413179,-0.315650072989604,-0.316325056416387,-0.316919344699016,-0.317434476793287,-0.317872259651281,-0.318234728243031,-0.318524107189337,-0.318742774500974,-0.318893227788257,-0.318978053185894,-0.318999897133397,-0.318961441062063,-0.31886537896567,-0.318714397773039,-0.318511160395332,-0.318258291288007,-0.317958364345096,-0.317613892930393,-0.317227321844525,-0.316801021027275,-0.316337280799659,-0.315838308458783,-0.315306226049576,-0.314743069150059,-0.314150786520411,-0.313531240479866,-0.312886207889332,-0.312217381630926,-0.311526372488351,-0.310814711343969,-0.31008385161941,-0.309335171896649,-0.3085699786656,-0.307789509152439,-0.306994934190173,-0.306187361099391,-0.305367836552776,-0.304537349401883,-0.303696833448953,-0.302847170150175,-0.30198919123999,-0.301123681268638,-0.300251380047449,-0.299372984998232,-0.298489153404694,-0.297600504565113,-0.296707621846535,-0.295811054641638,-0.294911320230035,-0.29400890554638,-0.293104268857981,-0.292197841354978,-0.291290028656303,-0.290381212234821,-0.289471750765098,-0.288561981397293,-0.28765222096065,-0.286742767100013,-0.285833899348751,-0.284925880141356,-0.284018955768908,-0.283113357280478,-0.282209301333415,-0.281306990995345,0,-0.153889075174837,-0.154127291423221,-0.154430123275879,-0.154789623633574,-0.155199287695327,-0.155654613940357,-0.156152885082807,-0.15669246985072,-0.157272233721073,-0.157891179199616,-0.158548268547645,-0.159242359514476,-0.159972200948293,-0.1607364546419,-0.161533724344179,-0.162362582313624,-0.163221589459681,-0.164109308293283,-0.16502430952097,-0.165965173790079,-0.166930490228599,-0.167918853276735,-0.168928859034188,-0.169959102039365,-0.171008173104378,-0.17207465857698,-0.173157141195726,-0.174254202547158,-0.175364427018496,-0.176486407059566,-0.177618749516363,-0.178760082769747,-0.179909064400943,-0.181064389106697,-0.182224796598023,-0.183389079234905,-0.18455608917348,-0.185724744830516,-0.186894036501416,-0.188063031001462,-0.189230875234661,-0.190396798629597,-0.191560114416242,-0.19272021975097,-0.193876594728387,-0.195028800347299,-0.196176475523638,-0.197319333264985,-0.198457156139133,-0.199589791182627,-0.200717144404352,-0.201839175044064,-0.202955889746299,-0.204067336806776,-0.205173600641377,-0.206274796617585,-0.207371066375326,-0.208462573748873,-0.209549501384539,-0.210632048130576,-0.211710427256714,-0.212784865541402,-0.213855603245565,-0.214922894972901,-0.215987011398672,-0.217048241831962,-0.218106897560475,-0.21916331591246,-0.220217864957172,-0.221270948753488,-0.222323013045825,-0.223374551297247,-0.224426110941475,-0.225478299728198,-0.226531792029528,-0.227587334969328,-0.228645754231352,-0.229707959396436,-0.23077494865324,-0.231847812721131,-0.232927737817707,-0.234016007497234,-0.235114003180012,-0.236223203186808,-0.237345180087239,-0.238481596167153,-0.239634196818272,-0.240804801654652,-0.241995293166057,-0.243207602729446,-0.244443693817945,-0.245705542273546,-0.246995113546951,-0.248314336857157,-0.249665076285854,-0.251049098898701,-0.252468040077554,-0.253923366354615,-0.255416336160106,-0.256947959027294,-0.258518953938684,-0.260129707640048,-0.261780233887892,-0.263470134722998,-0.265198564968478,-0.266964201225388,-0.268765216672078,-0.270599262955672,-0.272463460387178,-0.274354397510522,-0.276268140908059,-0.278200255833414,-0.280145837933997,-0.282099555952388,-0.284055704895019,-0.286008268748722,-0.287950991434077,-0.289877454332755,-0.291781158436888,-0.293655608961128,-0.295494400146636,-0.297291297978535,-0.299040318634859,-0.300735800678968,-0.30237246928553,-0.303945491133735,-0.305450518988331,-0.3068837253955,-0.308241825323243,-0.309522087953671,-0.310722338169949,-0.311840948560614,-0.312876822980724,-0.313829372859611,-0.314698487530296,-0.315484499880842,-0.316188148600717,-0.316810538224941,-0.31735309807563,-0.317817541074523,-0.318205823260705,-0.318520104703282,-0.318762712356184,-0.318936105266921,-0.319042842427059,-0.319085553441822,-0.319066912101051,-0.318989612854154,-0.318856350127156,-0.31866980036972,-0.318432606682634,-0.318147365850214,-0.317816617585792,-0.317442835790253,-0.317028421621957,-0.316575698179917,-0.316086906609523,-0.315564203450359,-0.315009659057812,-0.314425256943429,-0.313812893892835,-0.313174380733844,-0.312511443641008,-0.311825725875792,-0.311118789873843,-0.310392119602145,-0.30964712311933,-0.308885135281851,-0.308107420547279,-0.307315175833607,-0.306509533400157,-0.30569156372166,-0.304862278332229,-0.304022632620464,-0.303173528560805,-0.302315817369575,-0.301450302076988,-0.300577740008799,-0.299698845173287,-0.298814290550939,-0.297924710285595,-0.29703070177696,-0.296132827675294,-0.295231617779852,-0.294327570843201,-0.293421156284024,-0.292512815811313,-0.291602964963125,-0.290691994563242,-0.289780272099153,-0.288868143024839,-0.287955931991843,-0.287043944012066,-0.286132465555694,-0.285221765587564,-0.284312096545186,-0.283403695261532,-0.282496783835579,-0.2815915704535,-0.280688250163219,0,-0.154164976003154,-0.154454601566697,-0.154803083757052,-0.155205379444176,-0.155655612881775,-0.156149925483858,-0.156686200296192,-0.157263216861536,-0.157880045668884,-0.158535734917041,-0.159229190562274,-0.159959159576017,-0.160724258751122,-0.161523017004423,-0.162353915320147,-0.163215417831306,-0.164105992586173,-0.165024123037639,-0.165968312313964,-0.16693708254199,-0.167928971295016,-0.168942526860723,-0.16997630360231,-0.171028858288662,-0.172098747929288,-0.173184529377321,-0.174284760756823,-0.175398004621325,-0.176522832648634,-0.177657831612649,-0.178801610337266,-0.179952807323204,-0.181110098739992,-0.182272206488203,-0.183437906058058,-0.18460603393758,-0.185775494354712,-0.186945265172091,-0.188114402789305,-0.189282045944674,-0.190447418345916,-0.19160983009586,-0.192768677914746,-0.193923444193947,-0.195073694946558,-0.196219076747496,-0.197359312779188,-0.198494198118167,-0.199623594412654,-0.200747424111427,-0.201865664409971,-0.202978341081121,-0.204085522354501,-0.205187313002315,-0.206283848778844,-0.207375291347918,-0.208461823817051,-0.209543646979503,-0.210620976346686,-0.211694040033654,-0.212763077540358,-0.213828339451337,-0.214890088056976,-0.215948598880698,-0.217004163078745,-0.218057090662745,-0.219107714480224,-0.220156394874598,-0.221203524934088,-0.222249536228284,-0.223294904921768,-0.224340158145964,-0.225385880503273,-0.226432720571143,-0.22748139726796,-0.228532705937191,-0.229587524000976,-0.23064681602906,-0.231711638063481,-0.232783141033798,-0.233862573091723,-0.234951280687999,-0.236050708208539,-0.237162395981418,-0.238287976462007,-0.23942916840093,-0.240587768799617,-0.241765642461989,-0.242964708959724,-0.244186926843789,-0.245434274958365,-0.246708730746376,-0.248012245480264,-0.249346716409041,-0.250713955884058,-0.252115657612364,-0.253553360287918,-0.255028408966766,-0.256541914680567,-0.258094712920647,-0.259687321767372,-0.261319900581083,-0.262992210303536,-0.264703576533813,-0.266452856630297,-0.268238412140166,-0.27005808786013,-0.271909198778048,-0.273788526028059,-0.275692322808622,-0.277616330963951,-0.279555808620283,-0.281505568909457,-0.283460029418787,-0.28541327159758,-0.287359108949312,-0.289291162468391,-0.291202941464815,-0.293087927679742,-0.294939660446289,-0.296751820603002,-0.298518310925739,-0.300233331003003,-0.30189144472905,-0.303487638911519,-0.305017371864703,-0.306476611262414,-0.307861860931971,-0.309170176660884,-0.310399171441412,-0.311547010880487,-0.312612399743786,-0.313594560778049,-0.314493207064947,-0.315308509206499,-0.316041058633228,-0.316691828270529,-0.317262131706361,-0.317753581884347,-0.318168050210636,-0.318507626819098,-0.318774582595161,-0.318971333419755,-0.319100406966009,-0.319164412265471,-0.319166012159586,-0.319107898666677,-0.31899277122454,-0.318823317713351,-0.318602198121509,-0.318332030687016,-0.318015380327258,-0.317654749159035,-0.317252568906839,-0.316811194999129,-0.316332902158546,-0.315819881301307,-0.315274237572615,-0.314697989357856,-0.314093068123095,-0.313461318952246,-0.312804501662079,-0.312124292389416,-0.311422285557467,-0.310699996139904,-0.30995886215214,-0.30920024730905,-0.308425443797314,-0.307635675118473,-0.306832098965899,-0.306015810105061,-0.30518784323198,-0.304349175789476,-0.303500730724928,-0.302643379176793,-0.301777943080165,-0.300905197684156,-0.300025873976101,-0.299140661009336,-0.298250208132817,-0.297355127122069,-0.296455994211969,-0.295553352032636,-0.294647711450384,-0.293739553316153,-0.292829330124214,-0.291917467584258,-0.291004366110099,-0.290090402228423,-0.28917592991101,-0.288261281833935,-0.287346770567187,-0.286432689698138,-0.285519314892191,-0.284606904893855,-0.28369570247141,-0.282785935308185,-0.281877816843383,-0.280971547065226,-0.280067313259106,0,-0.15444854096121,-0.1547928174742,-0.155190506991349,-0.155638379479075,-0.156131353320353,-0.156666494627686,-0.157242428284952,-0.157858377574168,-0.158513601646519,-0.159207166084977,-0.159937897529282,-0.160704420004331,-0.161505216812016,-0.162338690963128,-0.163203213244898,-0.164097155324363,-0.165018909216532,-0.165966896003372,-0.166939567006487,-0.167935400329419,-0.168952895149485,-0.169990565546936,-0.171046935108883,-0.172120533080142,-0.173209892464606,-0.174313550204277,-0.175430049366206,-0.176557943135366,-0.177695800329305,-0.178842212105793,-0.179995799517203,-0.181155221567195,-0.182319183440531,-0.183486444601369,-0.184655826486157,-0.185826219552283,-0.186996589481386,-0.188165982375625,-0.189333528825304,-0.190498446766296,-0.191660043084879,-0.192817713965265,-0.193970944010515,-0.19511930420005,-0.19626244877602,-0.197400111175907,-0.198532099149475,-0.199658289214287,-0.20077862061541,-0.201893088961516,-0.203001739711587,-0.204104661683984,-0.205201980753195,-0.206293853889445,-0.207380463683145,-0.208462013480251,-0.209538723236739,-0.210610826180976,-0.211678566352372,-0.212742197063944,-0.213801980315568,-0.214858187164403,-0.215911099039411,-0.216961009968459,-0.218008229669364,-0.219053087440611,-0.220095936773387,-0.22113716059407,-0.222177177035377,-0.223216445624873,-0.224255473771322,-0.225294823422294,-0.226335117760298,-0.227377047799159,-0.228421378737355,-0.22946895592018,-0.23052071025776,-0.231577662941015,-0.232640929292395,-0.233711721582756,-0.234791350640002,-0.235881226069404,-0.236982854900042,-0.238097838467153,-0.23922786733692,-0.240374714079227,-0.241540223696179,-0.242726301520998,-0.243934898414562,-0.245167993106986,-0.246427571560888,-0.247715603272937,-0.249034014482612,-0.250384658323149,-0.25176928203039,-0.253189491421128,-0.254646712963199,-0.256142153883545,-0.257676760895347,-0.259251178266845,-0.260865706097382,-0.262520259803308,-0.264214331939278,-0.265946957579704,-0.267716684550377,-0.269521549821449,-0.271359063340806,-0.273226200493747,-0.275119404216252,-0.277034597563953,-0.278967207250803,-0.280912198328923,-0.282864119797651,-0.28481716052354,-0.286765214445399,-0.288701953653149,-0.290620907590061,-0.29251554635684,-0.294379365911268,-0.296205972871439,-0.297989166649879,-0.299723016768814,-0.301401933424817,-0.30302072966927,-0.304574673929534,-0.306059531991705,-0.307471597975179,-0.308807714229119,-0.310065280450756,-0.311242252648899,-0.312337132841319,-0.313348950575082,-0.314277237492645,-0.315121996235805,-0.315883664990428,-0.316563078935247,-0.317161429777872,-0.317680224450549,-0.318121243907291,-0.318486502821953,-0.318778210841675,-0.318998735908399,-0.31915057002793,-0.319236297744885,-0.319258567475028,-0.31922006575506,-0.319123494394083,-0.318971550450112,-0.318766908908132,-0.318512207901836,-0.318210036297829,-0.317862923447014,-0.317473330901557,-0.317043645895709,-0.316576176393413,-0.316073147513992,-0.315536699158029,-0.31496888466812,-0.314371670372707,-0.313746935875101,-0.313096474963655,-0.312421997032525,-0.311725128915301,-0.311007417045807,-0.310270329871561,-0.309515260455551,-0.308743529211262,-0.307956386724158,-0.307155016620269,-0.306340538449007,-0.305514010553136,-0.304676432903787,-0.303828749882773,-0.302971852998168,-0.302106583522358,-0.301233735044437,-0.300354055931154,-0.299468251692541,-0.29857698724994,-0.297680889105479,-0.296780547413143,-0.295876517952426,-0.294969324006289,-0.294059458145655,-0.293147383923124,-0.292233537478878,-0.291318329061987,-0.290402144470444,-0.2894853464134,-0.288568275799031,-0.287651252951541,-0.286734578760691,-0.285818535767259,-0.284903389187685,-0.283989387881109,-0.283076765261863,-0.282165740160393,-0.281256517635429,-0.280349289740137,-0.279444236244827,0,-0.154749030512772,-0.155149372313109,-0.155598582421521,-0.156093802818412,-0.156630921739487,-0.157208164273284,-0.157824968605315,-0.158480978587739,-0.159175590468651,-0.159907840356576,-0.16067644477909,-0.161479890905831,-0.162316528259605,-0.163184643057884,-0.164082510579722,-0.165008427325086,-0.16596072713002,-0.166937785851127,-0.167938018790006,-0.168959874241507,-0.170001825700516,-0.171062364486192,-0.17213999389575,-0.173233225494104,-0.174340577770957,-0.175460577133539,-0.176591761028689,-0.177732682881425,-0.178881918480181,-0.180038073417229,-0.181199791195284,-0.182365761629886,-0.183534729206284,-0.184705501085265,-0.185876954492234,-0.187048043265986,-0.188217803386967,-0.189385357348373,-0.190549917276546,-0.19171078674904,-0.192867361298827,-0.194019127630791,-0.195165661611225,-0.196306625122016,-0.197441761898044,-0.198570892488659,-0.199693908501633,-0.200810766300559,-0.201921480334324,-0.203026116280019,-0.204124784178805,-0.205217631738115,-0.206304837963583,-0.207386607270733,-0.208463164210333,-0.209534748922958,-0.210601613418271,-0.211664018753491,-0.212722233163902,-0.21377653117664,-0.21482719371783,-0.215874509202738,-0.216918775579421,-0.217960303278458,-0.218999419005114,-0.220036470295613,-0.221071830746324,-0.222105905813363,-0.223139139070457,-0.22417201880463,-0.225205084822293,-0.226238935332293,-0.227274233767268,-0.22831171540001,-0.22935219360708,-0.230396565627635,-0.231445817660942,-0.23250102914131,-0.233563376024148,-0.234634132911471,-0.235714673839668,-0.236806471546922,-0.237911095032797,-0.2390302052187,-0.240165548516044,-0.24131894810985,-0.242492292770483,-0.243687523016461,-0.244906614468389,-0.246151558259654,-0.247424338405197,-0.248726906077198,-0.25006115079721,-0.251428868629481,-0.252831727550378,-0.25427123027414,-0.255748674934501,-0.257265114152986,-0.258821313164445,-0.260417707813695,-0.262054363377461,-0.263730935295308,-0.265446633002613,-0.267200188137893,-0.268989828435717,-0.270813258605089,-0.272667649423505,-0.274549636142775,-0.276455327101846,-0.278380323176021,-0.280319748367833,-0.282268291474011,-0.284220258362101,-0.286169633979641,-0.288110152821506,-0.290035376221256,-0.291938774532784,-0.293813812049452,-0.295654032383977,-0.297453142012263,-0.299205089769594,-0.300904140272044,-0.302544939507016,-0.304122571176187,-0.305632602759758,-0.307071120678966,-0.30843475434061,-0.309720689231289,-0.310926669572052,-0.312050991332662,-0.313092486630058,-0.314050500694285,-0.314924862677984,-0.315715851617194,-0.316424158829136,-0.31705084796613,-0.317597313844078,-0.318065241039106,-0.318456563106779,-0.318773423133122,-0.319018136182771,-0.31919315407244,-0.319301032771735,-0.31934440262082,-0.319325941457114,-0.319248350661449,-0.319114334067771,-0.318926579628465,-0.31868774368855,-0.318400437694713,-0.318067217147845,-0.317690572598728,-0.31727292248428,-0.316816607604845,-0.316323887050118,-0.315796935391361,-0.31523784096961,-0.314648605122805,-0.314031142208647,-0.313387280293909,-0.312718762394596,-0.312027248164453,-0.311314315941693,-0.310581465075309,-0.309830118462923,-0.309061625241696,-0.308277263582535,-0.307478243545502,-0.306665709961239,-0.305840745309233,-0.305004372569007,-0.304157558024927,-0.303301214009277,-0.302436201571598,-0.301563333065247,-0.30068337464453,-0.299797048667844,-0.29890503600397,-0.298007978240118,-0.297106479791435,-0.29620110991269,-0.295292404613584,-0.29438086847973,-0.293466976401833,-0.292551175215923,-0.291633885257773,-0.290715501834786,-0.289796396618773,-0.288876918963055,-0.287957397147371,-0.287038139554039,-0.286119435778741,-0.28520155767927,-0.284284760365433,-0.28336928313325,-0.282455350346432,-0.281543172268037,-0.280632945845051,-0.279724855448542,-0.278819073571878,0,-0.155074523554762,-0.155531062914217,-0.156032968788097,-0.15657634160833,-0.157158307251616,-0.157778415183068,-0.158436904000796,-0.159133757135919,-0.159868425097487,-0.16063985421325,-0.161446616684766,-0.162287050299905,-0.163159373612871,-0.164061768343134,-0.164992431479562,-0.165949603306632,-0.166931578159334,-0.167936703977683,-0.168963375535503,-0.170010024971425,-0.171075112136653,-0.172157116361449,-0.173254530538858,-0.174365857909746,-0.175489611576184,-0.176624316536956,-0.177768513898556,-0.178920766841443,-0.180079667894009,-0.181243847070257,-0.182411980450366,-0.183582798818692,-0.184755096016033,-0.185927736709093,-0.187099663327856,-0.188269901969805,-0.18943756711765,-0.19060186506395,-0.191762095980974,-0.192917654616988,-0.194068029640195,-0.195212801688335,-0.196351640214888,-0.197484299251478,-0.198610612230079,-0.199730486027584,-0.200843894409222,-0.20195087105596,-0.203051502364674,-0.204145920208618,-0.205234294839991,-0.206316828106535,-0.207393747140718,-0.20846529866363,-0.209531744026904,-0.210593355095364,-0.211650411051321,-0.212703196179004,-0.213751998665139,-0.214797110429607,-0.21583882797887,-0.216877454254733,-0.217913301432424,-0.218946694604955,-0.219977976275507,-0.221007511566175,-0.222035694039801,-0.223062952021682,-0.22408975529961,-0.225116622073705,-0.226144126021671,-0.227172903340153,-0.22820365961856,-0.229237176397759,-0.230274317262207,-0.23131603331016,-0.232363367842379,-0.233417460105196,-0.234479547918866,-0.235550969016887,-0.236633160916684,-0.237727659137064,-0.238836093573633,-0.23996018284076,-0.241101726388395,-0.242262594205334,-0.24344471392861,-0.244650055192959,-0.245880611076488,-0.247138376530314,-0.248425323722788,-0.249743374284496,-0.25109436850986,-0.252480031655732,-0.253901937577086,-0.255361470054245,-0.256859782293314,-0.258397755218674,-0.259975955319197,-0.261594592952327,-0.263253482144867,-0.264952003047522,-0.266689068292084,-0.268463094555407,-0.270271980642832,-0.272113093356598,-0.273983262304986,-0.275878784631779,-0.277795440403044,-0.279728519084188,-0.281672857184531,-0.283622886753953,-0.285572694005806,-0.287516086934381,-0.289446670417926,-0.291357926973022,-0.293243301074513,-0.295096284794093,-0.296910502451268,-0.298679792016857,-0.300398281158173,-0.302060456056292,-0.303661221442827,-0.305195950675619,-0.306660525076128,-0.308051362162109,-0.309365432804741,-0.310600267700163,-0.311753953855994,-0.312825122043399,-0.313812926349157,-0.314717017079271,-0.315537508319341,-0.316274941453691,-0.316930245893888,-0.317504698177859,-0.317999880483434,-0.318417639464983,-0.318760046177614,-0.319029357708035,-0.319227980990678,-0.319358439156868,-0.319423340646803,-0.319425351210855,-0.319367168839098,-0.319251501585848,-0.319081048198766,-0.318858481418496,-0.318586433783377,-0.318267485752979,-0.317904155952299,-0.317498893333886,-0.317054071056442,-0.316571981884234,-0.316054834920724,-0.315504753501303,-0.314923774082848,-0.314313845981616,-0.313676831824881,-0.313014508595601,-0.31232856916272,-0.31162062420239,-0.310892204427262,-0.310144763051889,-0.3093796784323,-0.308598256826769,-0.307801735232942,-0.306991284263596,-0.306168011029696,-0.305332962004935,-0.304487125850789,-0.303631436185297,-0.302766774282378,-0.301893971691563,-0.301013812770635,-0.300127037125867,-0.299234341956381,-0.298336384300717,-0.297433783184895,-0.296527121672356,-0.295616948816944,-0.294703781520765,-0.293788106299273,-0.292870380956319,-0.291951036172206,-0.29103047700796,-0.290109084329199,-0.289187216153013,-0.288265208921351,-0.287343378704337,-0.286422022336938,-0.285501418492315,-0.284581828695118,-0.283663498277869,-0.282746657283496,-0.281831521316922,-0.280918292348527,-0.280007159472155,-0.279098299620227,-0.278191878238385,0,-0.155431665974836,-0.155943931907112,-0.156498666304759,-0.157090114415245,-0.157717022471033,-0.158380330981095,-0.159080972665866,-0.159819135573766,-0.160594217767325,-0.16140500882726,-0.162249903978351,-0.163127083667668,-0.164034643164604,-0.164970675962921,-0.165933320685749,-0.166920781837899,-0.167931333427184,-0.168963312580367,-0.17001510839921,-0.171085149673216,-0.172171893758842,-0.173273817944336,-0.174389413905038,-0.175517185364671,-0.176655648762714,-0.177803336540746,-0.178958802564338,-0.180120629162299,-0.181287435270224,-0.182457885194946,-0.183630697560283,-0.18480465404558,-0.185978607582863,-0.187151489733474,-0.188322317019388,-0.189490196037352,-0.190654327234856,-0.19181400727556,-0.192968629967549,-0.194117685770507,-0.195260759936903,-0.19639752937734,-0.1975277583707,-0.19865129326541,-0.199768056338694,-0.200878038995831,-0.201981294501313,-0.203077930438298,-0.20416810109221,-0.20525199994901,-0.206329852489059,-0.207401909444016,-0.208468440667604,-0.209529729751785,-0.210586069498695,-0.211637758336131,-0.212685097741155,-0.213728390712941,-0.214767941313017,-0.21580405526879,-0.216837041615321,-0.217867215330754,-0.218894900903104,-0.219920436750173,-0.220944180400447,-0.221966514330752,-0.222987852346283,-0.224008646380112,-0.225029393582293,-0.226050643562998,-0.227073005649372,-0.228097156011899,-0.229123844512479,-0.23015390112317,-0.23118824176108,-0.232227873381308,-0.233273898165774,-0.234327516641303,-0.235390029555473,-0.236462838333646,-0.237547443935593,-0.238645443925677,-0.239758527567298,-0.240888468751057,-0.242037116567911,-0.243206383344656,-0.244398229970804,-0.245614648364876,-0.246857640955979,-0.248129197094881,-0.249431266359469,-0.250765728783602,-0.252134362117324,-0.253538806320484,-0.254980525600816,-0.256460768430349,-0.25798052610797,-0.259540490577456,-0.26114101235381,-0.262782059549497,-0.264463179117785,-0.266183461533445,-0.267941510201276,-0.269735416910095,-0.271562744624351,-0.273420518819651,-0.275305228417054,-0.277212837152487,-0.279138805935186,-0.281078126410461,-0.283025365560519,-0.284974720769986,-0.286920084371694,-0.28885511629673,-0.290773323104753,-0.292668141388769,-0.294533023351688,-0.296361522253649,-0.298147375436182,-0.299884582741154,-0.301567478351477,-0.303190794372218,-0.304749714825736,-0.306239919129798,-0.307657614539305,-0.308999557436803,-0.310263063733468,-0.311446008973671,-0.31254681901016,-0.313564452326027,-0.314498375221587,-0.315348531160955,-0.316115305590089,-0.316799487503313,-0.31740222895861,-0.317925003633569,-0.318369565383859,-0.318737907624044,-0.319032224204498,-0.31925487231499,-0.319408337810414,-0.319495203230871,-0.319518118679261,-0.319479775625954,-0.319382883632195,-0.319230149921186,-0.319024261677232,-0.318767870917585,-0.318463581757023,-0.31811393987021,-0.317721423949767,-0.317288438957277,-0.316817310968716,-0.316310283423822,-0.315769514599608,-0.315197076140671,-0.314594952492491,-0.31396504109781,-0.313309153230174,-0.312629015352233,-0.311926270899404,-0.311202482401651,-0.310459133867429,-0.309697633364169,-0.308919315739089,-0.308125445432496,-0.307317219343296,-0.306495769713061,-0.30566216700082,-0.304817422725892,-0.303962492260426,-0.303098277557187,-0.302225629801353,-0.30134535197787,-0.300458201348263,-0.299564891832783,-0.298666096295388,-0.297762448730426,-0.296854546351008,-0.29594295157995,-0.295028193944869,-0.294110771879603,-0.293191154434558,-0.292269782898899,-0.291347072337734,-0.290423413047614,-0.289499171933764,-0.288574693812484,-0.287650302642175,-0.286726302686426,-0.285802979612504,-0.284880601528554,-0.283959419962684,-0.283039670787022,-0.282121575089717,-0.281205339997717,-0.280291159453076,-0.279379214945366,-0.278469676202688,-0.277562701843616,0,-0.1558254541812,-0.156393196488573,-0.156999919296936,-0.15763860922721,-0.158310074418741,-0.159016579880022,-0.159759551635353,-0.160539203339851,-0.161354760516809,-0.162204790322899,-0.163087485074306,-0.164000867424479,-0.164942923319091,-0.165911678715179,-0.16690523639545,-0.167921786638093,-0.168959602343889,-0.170017026294344,-0.171092455778679,-0.172184327926347,-0.173291107669468,-0.174411279257459,-0.175543341569277,-0.176685807038086,-0.177837203751369,-0.178996080162111,-0.180161011802179,-0.181330609396752,-0.182503527817385,-0.183678475366654,-0.184854222950395,-0.186029612758764,-0.187203566141921,-0.188375090428317,-0.189543284492896,-0.190707342938551,-0.191866558806896,-0.193020324783581,-0.194168132908868,-0.195309572845655,-0.196444328794276,-0.197572175175835,-0.198692971233213,-0.199806654720982,-0.200913234871992,-0.202012784839436,-0.203105433818659,-0.20419135905316,-0.205270777924444,-0.206343940315962,-0.207411121427976,-0.208472615203327,-0.209528728504359,-0.2105797761595,-0.211626076974645,-0.212667950780394,-0.21370571656184,-0.21473969169356,-0.215770192279303,-0.216797534573827,-0.217822037443994,-0.218844025807583,-0.219863834971674,-0.220881815777893,-0.221898340449275,-0.222913809022993,-0.223928656244518,-0.224943358791741,-0.225958442691978,-0.226974490790336,-0.227992150124259,-0.22901213905602,-0.230035254012131,-0.23106237567578,-0.232094474475376,-0.233132615208813,-0.234177960639118,-0.235231773892705,-0.236295419486673,-0.237370362806657,-0.238458167852168,-0.23956049306259,-0.240679085034959,-0.241815769945143,-0.242972442488318,-0.24415105216404,-0.245353586747147,-0.246582052810009,-0.247838453195772,-0.249124761388047,-0.250442892781407,-0.25179467293034,-0.253181802942687,-0.254605822287192,-0.256068069402662,-0.257569640626539,-0.259111348100002,-0.260693677450359,-0.262316746193087,-0.263980263927619,-0.265683495513783,-0.267425228499592,-0.269203746115585,-0.271016807146119,-0.272861633925349,-0.274734909578868,-0.276632785438053,-0.278550899294486,-0.28048440484231,-0.282428012288355,-0.284376039709192,-0.28632247432123,-0.28826104242752,-0.290185286437196,-0.292088647043976,-0.293964548419241,-0.295806484138766,-0.297608101529565,-0.299363282196914,-0.301066216666174,-0.302711471337593,-0.304294046286869,-0.305809422828243,-0.307253600166093,-0.308623120871691,-0.309915085311696,-0.311127155505558,-0.312257549185982,-0.31330502507077,-0.314268860521529,-0.315148822865354,-0.315945135693868,-0.316658441437349,-0.317289761449154,-0.317840454737537,-0.318312176358602,-0.318706836345158,-0.31902655990057,-0.319273649441462,-0.319450548934264,-0.319559810842367,-0.319604065885973,-0.31958599571714,-0.319508308528727,-0.319373717547573,-0.319184922308555,-0.318944592565775,-0.318655354668569,-0.318319780211669,-0.317940376758997,-0.317519580437651,-0.317059750201262,-0.316563163568662,-0.316032013653644,-0.315468407313512,-0.314874364257338,-0.314251816968706,-0.313602611311721,-0.312928507702812,-0.312231182744102,-0.311512231226592,-0.31077316842305,-0.310015432601204,-0.309240387697565,-0.308449326101015,-0.307643471503115,-0.306823981779075,-0.305991951869465,-0.305148416638096,-0.304294353686184,-0.303430686106929,-0.302558285168114,-0.301677972913259,-0.300790524674394,-0.299896671491603,-0.298997102436256,-0.298092466836305,-0.297183376403231,-0.296270407261179,-0.295354101879633,-0.294434970911578,-0.293513494939593,-0.292590126132668,-0.291665289816834,-0.290739385962841,-0.289812790594271,-0.288885857119517,-0.287958917591071,-0.287032283895571,-0.286106248877977,-0.285181087403195,-0.284257057358364,-0.283334400598938,-0.282413343841566,-0.281494099506661,-0.280576866513436,-0.279661831030045,-0.278749167181352,-0.277839037716724,-0.276931594640134,0,-0.15625972279405,-0.15688319959876,-0.157540151105439,-0.158224658757397,-0.158939959163842,-0.159689411735802,-0.160474649725368,-0.161295705161121,-0.162151510354238,-0.163040354058483,-0.163960211303941,-0.164908956388204,-0.165884487033268,-0.166884786767909,-0.167907947243969,-0.168952166619556,-0.170015735399168,-0.171097017381337,-0.172194430548725,-0.173306430696258,-0.174431499173344,-0.175568135172339,-0.176714852403451,-0.177870179655117,-0.179032664569549,-0.180200879905897,-0.181373431575598,-0.182548967786008,-0.183726188699949,-0.184903856098062,-0.186080802610862,-0.187255940164446,-0.188428267356199,-0.18959687554429,-0.190760953497053,-0.191919790506011,-0.193072777919295,-0.194219409100809,-0.195359277864502,-0.196492075472428,-0.197617586319652,-0.19873568245813,-0.199846317135349,-0.20094951754145,-0.202045376970744,-0.203134046610052,-0.204215727167232,-0.205290660548999,-0.206359121788068,-0.207421411406264,-0.208477848383223,-0.209528763880186,-0.210574495846009,-0.211615384608423,-0.212651769528574,-0.213683986771505,-0.214712368220204,-0.215737241536532,-0.216758931349369,-0.217777761528856,-0.218794058486146,-0.219808155420597,-0.220820397421125,-0.221831147315351,-0.22284079214927,-0.22384975017125,-0.224858478187062,-0.225867479147095,-0.22687730982264,-0.227888588424857,-0.228902002017386,-0.229918313571271,-0.230938368508645,-0.231963100579164,-0.232993536910333,-0.234030802069494,-0.235076120971307,-0.236130820460118,-0.237196329391896,-0.23827417703577,-0.23936598961114,-0.240473484773566,-0.241598463862035,-0.242742801722896,-0.243908433932977,-0.245097341257629,-0.246311531200345,-0.247553016530682,-0.248823790718488,-0.250125800256127,-0.251460913918194,-0.252830889090879,-0.254237335401097,-0.255681675988244,-0.257165106887518,-0.258688555130231,-0.260252636309403,-0.261857612502246,-0.263503351577762,-0.265189289038824,-0.266914393644101,-0.268677138115631,-0.270475476252592,-0.272306827731586,-0.274168071771265,-0.276055550670112,-0.277965083990183,-0.279891993860891,-0.28183114152469,-0.283776974855174,-0.285723586166332,-0.287664779221672,-0.289594143967733,-0.291505137182032,-0.29339116696265,-0.295245678813224,-0.297062241005027,-0.298834626932174,-0.300556892314304,-0.302223445333828,-0.303829108106024,-0.305369168249375,-0.306839419727025,-0.308236192543935,-0.30955637128516,-0.310797402848508,-0.311957294043701,-0.313034599988931,-0.31402840442825,-0.314938293218472,-0.315764322295043,-0.316506981429038,-0.317167155040663,-0.317746081248299,-0.318245310216725,-0.318666662733599,-0.319012189798889,-0.319284133865488,-0.319484892227213,-0.319616982917543,-0.319683013362329,-0.319685651924211,-0.319627602386722,-0.319511581351904,-0.3193402984662,-0.319116439344182,-0.318842651026865,-0.318521529789431,-0.318155611100307,-0.317747361528298,-0.317299172395166,-0.316813354976449,-0.316292137062148,-0.315737660700188,-0.315151980958372,-0.314537065554282,-0.313894795216584,-0.3132269646551,-0.312535284030459,-0.311821380826971,-0.311086802044298,-0.310333016634595,-0.309561418121894,-0.308773327349634,-0.307969995310455,-0.307152606019658,-0.306322279400188,-0.305480074152617,-0.304626990588564,-0.303763973410213,-0.302891914422295,-0.302011655165999,-0.301123989466967,-0.300229665891767,-0.299329390109128,-0.298423827153784,-0.297513603592067,-0.296599309589452,-0.295681500881105,-0.294760700647163,-0.293837401295005,-0.292912066151194,-0.291985131066044,-0.291057005934024,-0.290128076133296,-0.289198703887825,-0.288269229555484,-0.287339972845617,-0.286411233969433,-0.285483294726582,-0.284556419531166,-0.283630856380345,-0.282706837768586,-0.281784581550485,-0.280864291754981,-0.27994615935365,-0.279030362985646,-0.278117069641741,-0.277206435309778,-0.276298605583735,0,-0.156738350271232,-0.157417362050684,-0.158121934358368,-0.158850449170162,-0.159608678497118,-0.160400667957081,-0.161227907900576,-0.162090034045602,-0.162985578227003,-0.16391251256353,-0.164868595987515,-0.165851575323041,-0.16685928849527,-0.167889705652307,-0.168940933481388,-0.170011199941933,-0.171098830710931,-0.172202224377742,-0.173319830439368,-0.174450132117138,-0.175591634690337,-0.17674285922422,-0.177902341105711,-0.179068632574271,-0.18024030836232,-0.181415973578877,-0.18259427304014,-0.183773901344872,-0.184953613094052,-0.186132232754312,-0.187308663758407,-0.188481896521831,-0.189651015132458,-0.19081520254033,-0.19197374413825,-0.193126029681333,-0.194271553545645,-0.195409913372815,-0.196540807188995,-0.197664029122869,-0.198779463878152,-0.199887080141194,-0.20098692312362,-0.202079106453324,-0.203163803634658,-0.204241239300451,-0.205311680474796,-0.20637542805682,-0.207432808722381,-0.208484167423465,-0.209529860644553,-0.210570250552276,-0.21160570014979,-0.212636569521406,-0.213663213226609,-0.214685978876435,-0.215705206899791,-0.216721231483145,-0.217734382644545,-0.21874498938241,-0.219753383821216,-0.220759906260187,-0.221764911017418,-0.222768772950508,-0.223771894525545,-0.224774713299047,-0.225777709671965,-0.226781414770746,-0.227786418307494,-0.228793376269061,-0.229803018283116,-0.23081615450764,-0.231833681888446,-0.232856589627154,-0.233885963699283,-0.234922990258742,-0.235968957761004,-0.23702525763282,-0.238093383311741,-0.239174927474456,-0.240271577269625,-0.241385107369355,-0.242517370654738,-0.243670286356147,-0.24484582547972,-0.246045993369172,-0.247272809278454,-0.248528282867555,-0.249814387582543,-0.251133030943281,-0.252486021839235,-0.253875035026057,-0.255301573122966,-0.256766926532403,-0.258272131836494,-0.259817929366085,-0.261404720782172,-0.263032527649758,-0.264700952112353,-0.266409140882054,-0.268155753835166,-0.269938938536348,-0.271756311995512,-0.273604950882996,-0.275481391284425,-0.277381638865034,-0.279301190036662,-0.281235064386317,-0.28317784824586,-0.285123748874946,-0.287066658315219,-0.289000225576306,-0.29091793545774,-0.292813192018548,-0.294679404497292,-0.296510073374383,-0.298298874263031,-0.300039737415812,-0.301726920833352,-0.303355075246423,-0.304919299593647,-0.30641518601135,-0.30783885376562,-0.309186971965617,-0.310456771280147,-0.311646045218799,-0.312753141821558,-0.313776946818724,-0.314716859473342,-0.315572762402587,-0.316344986697917,-0.317034273634192,-0.317641734184904,-0.318168807454609,-0.318617219010831,-0.318988939955666,-0.319286147430546,-0.319511187103017,-0.319666538047433,-0.319754780306123,-0.319778565306287,-0.319740589212143,-0.319643569211786,-0.319490222673644,-0.31928324905711,-0.31902531442472,-0.318719038377422,-0.318366983218442,-0.317971645143356,-0.317535447252657,-0.317060734186899,-0.31654976819223,-0.31600472643462,-0.315427699393416,-0.314820690178391,-0.314185614628372,-0.313524302063579,-0.312838496577445,-0.312129858766795,-0.311399967811537,-0.310650323826464,-0.30988235041823,-0.309097397390058,-0.308296743545321,-0.307481599548725,-0.306653110810625,-0.305812360365897,-0.304960371724021,-0.304098111671492,-0.303226493011602,-0.302346377229907,-0.3014585770766,-0.300563859059344,-0.299662945842169,-0.298756518547729,-0.297845218961566,-0.296929651638227,-0.29601038590994,-0.295087957799367,-0.294162871838466,-0.293235602796017,-0.292306597316645,-0.291376275474448,-0.29044503224453,-0.289513238895778,-0.288581244308358,-0.287649376219322,-0.286717942399777,-0.285787231766952,-0.284857515434454,-0.283929047703907,-0.28300206700106,-0.282076796759331,-0.28115344625366,-0.280232211387399,-0.279313275434851,-0.278396809741952,-0.277482974387452,-0.27657191880685,-0.275663782381215,0,-0.157265575107664,-0.157998117482817,-0.158747001287208,-0.159517561337329,-0.160317775202764,-0.161151800866558,-0.162020604577305,-0.162923227538246,-0.163857721015511,-0.164821726838015,-0.165812807322766,-0.166828614655861,-0.167866962157056,-0.1689258386136,-0.170003392362703,-0.171097902028967,-0.172207744219358,-0.173331364037922,-0.174467251351226,-0.175613923863746,-0.176769916927916,-0.177933779381432,-0.179104074403626,-0.180279384290778,-0.181458318081597,-0.182639521061229,-0.183821685298186,-0.18500356050136,-0.186183964611623,-0.187361793658947,-0.188536030519536,-0.189705752298802,-0.190870136146228,-0.192028463378953,-0.193180121853673,-0.194324606582239,-0.195461518635948,-0.196590562427261,-0.197711541495834,-0.198824352958138,-0.19992898080651,-0.201025488264136,-0.20211400941702,-0.203194740352535,-0.204267930036796,-0.205333871160006,-0.206392891170617,-0.207445343706047,-0.208491600610347,-0.209532044708467,-0.210567063483151,-0.211597043774905,-0.212622367598603,-0.213643409142864,-0.214660532991001,-0.215674093575781,-0.216684435854884,-0.217691897170326,-0.218696810233523,-0.219699507158381,-0.220700324447928,-0.221699608825669,-0.222697723790904,-0.223695056767722,-0.224692026709918,-0.225689092018594,-0.226686758625223,-0.227685588090312,-0.22868620556598,-0.229689307469579,-0.230695668714397,-0.231706149342406,-0.232721700402443,-0.23374336891517,-0.234772301763354,-0.235809748342546,-0.23685706180317,-0.237915698710596,-0.238987216945459,-0.240073271662703,-0.241175609125564,-0.242296058230685,-0.243436519544175,-0.244598951676753,-0.24578535484101,-0.246997751456576,-0.248238163701599,-0.249508587952965,-0.250810966114735,-0.252147153905625,-0.253518886262883,-0.2549277401217,-0.256375094945704,-0.257862091513266,-0.259389589603145,-0.26095812536685,-0.262567869317753,-0.264218586000904,-0.265909596523506,-0.267639745214223,-0.269407371729461,-0.271210289926388,-0.273045774766864,-0.274910558397006,-0.276800836360341,-0.278712284649127,-0.280640087983964,-0.282578979346797,-0.284523290392522,-0.286467011949313,-0.288403863410532,-0.290327369445877,-0.292230942140037,-0.294107966424642,-0.29595188652025,-0.297756291059856,-0.299514994627064,-0.301222113606385,-0.302872134498659,-0.304459973184093,-0.305981023997123,-0.307431197887355,-0.308806949355021,-0.310105292245045,-0.311323804841863,-0.312460625012543,-0.3135144363888,-0.31448444675428,-0.315370359912059,-0.316172342352528,-0.316890986030737,-0.317527268504072,-0.318082511585867,-0.31855833954877,-0.318956637773233,-0.31927951259032,-0.31952925292161,-0.319708294178439,-0.319819184752444,-0.319864555312503,-0.319847091021386,-0.319769506699459,-0.319634524892454,-0.319444856744795,-0.319203185538043,-0.318912152724103,-0.318574346263393,-0.318192291067416,-0.317768441341583,-0.317305174626237,-0.316804787340216,-0.316269491640893,-0.315701413426433,-0.315102591319128,-0.31447497648259,-0.313820433139577,-0.313140739671136,-0.312437590191027,-0.311712596502057,-0.310967290352676,-0.31020312592307,-0.309421482479834,-0.30862366714721,-0.307810917750884,-0.306984405697372,-0.306145238858294,-0.305294464434283,-0.304433071778041,-0.303561995160143,-0.302682116464736,-0.301794267805297,-0.300899234053138,-0.299997755273561,-0.299090529066294,-0.298178212808409,-0.297261425799094,-0.296340751306705,-0.295416738519283,-0.294489904400423,-0.293560735452811,-0.292629689392186,-0.291697196734737,-0.290763662301138,-0.289829466640573,-0.288894967378144,-0.287960500489103,-0.287026381503336,-0.286092906643464,-0.285160353899872,-0.284228984045896,-0.28329904159628,-0.282370755711942,-0.281444341053929,-0.280519998589344,-0.279597916351916,-0.278678270159722,-0.277761224292502,-0.276846932130833,-0.275935536759361,-0.27502717153612,0,-0.157845130372802,-0.158626835362191,-0.159416299193038,-0.160227041189886,-0.161068381846471,-0.16194389843695,-0.162853663241469,-0.163795965810328,-0.164768335919569,-0.165768100842704,-0.166792665138903,-0.167839630479776,-0.168906826213183,-0.169992293346474,-0.171094247699889,-0.172211037421645,-0.173341103337575,-0.174482946336749,-0.175635103340074,-0.1767961318245,-0.177964602016433,-0.17913909547023,-0.180318208635151,-0.18150056006631,-0.182684800072264,-0.183869621763466,-0.18505377264216,-0.186236066039448,-0.187415391852402,-0.188590726161569,-0.189761139418272,-0.190925802984218,-0.192083993885733,-0.193235097713995,-0.194378609662738,-0.195514133747533,-0.19664138029677,-0.197760161844289,-0.198870387587484,-0.199972056602595,-0.201065250030711,-0.20215012246371,-0.203226892768858,-0.204295834594274,-0.205357266795056,-0.20641154401196,-0.207459047621621,-0.208500177259936,-0.209535343099131,-0.210564959034888,-0.211589436913576,-0.212609181901773,-0.213624589071757,-0.214636041248144,-0.215643908132988,-0.216648546700085,-0.217650302824361,-0.218649514089449,-0.21964651369623,-0.220641635377316,-0.221635219207312,-0.222627618186189,-0.223619205463118,-0.224610382060422,-0.225601584951756,-0.226593295344735,-0.227586047015894,-0.228580434544421,-0.229577121290452,-0.230576846963272,-0.231580434624344,-0.232588796969257,-0.233602941731332,-0.234623976047498,-0.235653109624182,-0.236691656537297,-0.237741035496306,-0.238802768397964,-0.239878476991376,-0.240969877473045,-0.24207877282954,-0.243207042747458,-0.244356630916622,-0.245529529564633,-0.246727761080312,-0.247953356612272,-0.249208331568235,-0.250494657992677,-0.251814233866207,-0.253168849450807,-0.254560150901212,-0.255989601473821,-0.257458440789299,-0.258967642740797,-0.26051787278242,-0.262109445476686,-0.263742283317979,-0.265415877973017,-0.267129255179269,-0.268880944607794,-0.270668956017812,-0.27249076299695,-0.274343295485934,-0.276222942124744,-0.278125563227993,-0.280046514904146,-0.281980684484888,-0.283922537041279,-0.285866172350595,-0.28780539126406,-0.289733770034936,-0.291644740822943,-0.293531676317132,-0.295387976233569,-0.297207153359312,-0.2989829168362,-0.300709250505263,-0.302380484356343,-0.303991357432435,-0.305537070903946,-0.307013330431287,-0.308416377350368,-0.309743008621406,-0.310990585856151,-0.312157034065672,-0.313240831038373,-0.314240988459274,-0.315157026015116,-0.315988939797984,-0.316737166328992,-0.317402543481582,-0.317986269501104,-0.318489861203923,-0.318915112305738,-0.319264052684214,-0.319538909233656,-0.319742068825918,-0.319876043756958,-0.319943439936164,-0.319946927967905,-0.319889217182744,-0.319773032599619,-0.319601094739279,-0.319376102162453,-0.319100716571965,-0.318777550294888,-0.318409155947,-0.317998018075758,-0.31754654657816,-0.317057071694814,-0.316531840390088,-0.315973013939311,-0.31538266655674,-0.314762784911704,-0.314115268394381,-0.313441930006651,-0.312744497767026,-0.312024616531576,-0.311283850144886,-0.310523683846255,-0.309745526866618,-0.308950715160917,-0.308140514228992,-0.307316121985457,-0.306478671645588,-0.305629234599976,-0.30476882325574,-0.303898393826414,-0.303018849056363,-0.302131040868802,-0.301235772929193,-0.300333803118111,-0.299425845909589,-0.298512574652561,-0.297594623754361,-0.296672590766312,-0.295747038372307,-0.294818496282024,-0.293887463030912,-0.29295440768957,-0.292019771485402,-0.291083969339709,-0.290147391323479,-0.289210404035288,-0.288273351904701,-0.287336558424629,-0.286400327316001,-0.285464943628106,-0.284530674777842,-0.283597771531054,-0.282666468928989,-0.281736987162833,-0.280809532399132,-0.279884297558821,-0.278961463052426,-0.2780411974739,-0.277123658255429,-0.276208992285423,-0.275297336491793,-0.274388818392509,0,-0.15847964153752,-0.159303777305347,-0.160130094358482,-0.160979492780739,-0.161861276632597,-0.162777710007014,-0.163727659895812,-0.164708570409637,-0.165717456836232,-0.166751379164853,-0.1678076416403,-0.16888384896891,-0.169977890580452,-0.171087893076323,-0.172212163445248,-0.17334913525975,-0.174497323792991,-0.175655292226742,-0.176821628943902,-0.177994934740263,-0.179173818272283,-0.180356897927259,-0.181542808390499,-0.18273021038108,-0.183917802265032,-0.185104332492576,-0.186288612023778,-0.187469526096346,-0.188646044848966,-0.189817232446346,-0.190982254461905,-0.192140383365337,-0.193291002038901,-0.194433605311393,-0.195567799554603,-0.196693300435222,-0.197809928956556,-0.198917605959493,-0.200016345281135,-0.201106245792345,-0.202187482552084,-0.203260297326888,-0.204324988728032,-0.205381902217244,-0.206431420224364,-0.207473952607665,-0.208509927670212,-0.209539783924228,-0.210563962770828,-0.21158290223534,-0.212597031869695,-0.213606768903679,-0.214612515697162,-0.215614658516199,-0.216613567628041,-0.21760959868385,-0.218603095333946,-0.219594392998888,-0.220583823700877,-0.221571721843975,-0.222558430818435,-0.223544310293944,-0.224529744058592,-0.225515148254724,-0.226500979859008,-0.227487745251941,-0.22847600872101,-0.229466400741546,-0.230459625879556,-0.231456470161031,-0.232457807752225,-0.233464606794725,-0.234477934237796,-0.235498959508207,-0.236528956854659,-0.237569306200142,-0.238621492331357,-0.239687102250179,-0.240767820508716,-0.241865422347588,-0.242981764457684,-0.244118773190126,-0.245278430048739,-0.246462754315793,-0.247673782686613,-0.248913545823762,-0.250184041788457,-0.251487206367317,-0.252824880387532,-0.254198774203947,-0.255610429647155,-0.257061179841682,-0.258552107435449,-0.260084001922538,-0.261657316885711,-0.263272128126699,-0.264928093782808,-0.266624417638656,-0.26835981692152,-0.270132495907551,-0.27194012665396,-0.273779838100776,-0.275648214649018,-0.277541305117553,-0.279454642710399,-0.281383276296638,-0.283321812928259,-0.285264471114043,-0.287205143950752,-0.289137470810019,-0.291054915914808,-0.292950851836537,-0.294818645723125,-0.296651745944491,-0.298443766823937,-0.300188569212841,-0.301880334855739,-0.3035136327703,-0.305083476213057,-0.306585369194586,-0.308015341922842,-0.309369974966372,-0.31064641231837,-0.311842363889528,-0.312956098248933,-0.313986426659014,-0.314932679609514,-0.315794677147418,-0.316572694329871,-0.317267423102755,-0.317879931838562,-0.3184116236637,-0.318864194577858,-0.31923959222631,-0.319539976038584,-0.31976767930101,-0.319925173591946,-0.320015035881,-0.320039918480116,-0.320002521936385,-0.319905570874323,-0.319751792728737,-0.319543899257357,-0.319284570683561,-0.318976442292508,-0.318622093286823,-0.318224037699299,-0.317784717158044,-0.317306495302876,-0.316791653659102,-0.316242388785125,-0.315660810522532,-0.315048941190783,-0.314408715582569,-0.313741981630014,-0.313050501625638,-0.312335953895184,-0.311599934831861,-0.310843961213091,-0.310069472731472,-0.309277834681289,-0.308470340750597,-0.307648215876651,-0.3068126191293,-0.30596464659304,-0.305105334223668,-0.304235660660092,-0.303356549975789,-0.302468874357821,-0.301573456704192,-0.300671073132803,-0.299762455397314,-0.298848293206947,-0.297929236448692,-0.297005897311564,-0.296078852313495,-0.295148644232215,-0.294215783942102,-0.293280752159417,-0.292344001098725,-0.291405956043552,-0.290467016834501,-0.28952755927818,-0.288587936480343,-0.287648480106659,-0.28670950157452,-0.285771293179227,-0.284834129157841,-0.283898266693901,-0.282963946866074,-0.282031395543753,-0.281100824232442,-0.280172430871693,-0.279246400588208,-0.278322906406609,-0.27740210992026,-0.276484161924397,-0.275569203013718,-0.274657364146457,-0.273748767176871,0,-0.159169915047896,-0.160028141033336,-0.160888122691519,-0.161775184646112,-0.162696939020721,-0.163653668701641,-0.164642828258936,-0.165661002897562,-0.166704752617919,-0.167770948011123,-0.168856866329444,-0.169960175320228,-0.171078869378909,-0.172211191869338,-0.173355561089233,-0.174510508100285,-0.175674629318548,-0.176846553782006,-0.178024923475069,-0.17920838443438,-0.180395586225606,-0.181585187532282,-0.18277586588577,-0.183966329898064,-0.185155332684353,-0.186341685453546,-0.187524270492577,-0.188702052973964,-0.189874091180545,-0.191039544873129,-0.192197681632708,-0.193347881094881,-0.194489637065034,-0.195622557562072,-0.196746362888717,-0.197860881869011,-0.198966046429609,-0.200061884731159,-0.201148513079647,-0.202226126864936,-0.20329499078497,-0.204355428619042,-0.205407812812455,-0.206452554127928,-0.207490091606685,-0.208520883064869,-0.209545396329311,-0.210564101391567,-0.211577463631338,-0.212585938230617,-0.213589965869191,-0.214589969761082,-0.215586354061002,-0.216579503640575,-0.217569785206484,-0.218557549707328,-0.219543135953249,-0.220526875352405,-0.221509097651449,-0.222490137553154,-0.223470342073278,-0.224450078490401,-0.225429742736589,-0.22640976807302,-0.227390633892733,-0.22837287449206,-0.229357087652678,-0.230343942877033,-0.231334189120896,-0.232328661867536,-0.233328289388158,-0.234334098032653,-0.235347216393176,-0.236368878180563,-0.237400423650273,-0.238443299410557,-0.239499056441417,-0.240569346149098,-0.241655914278234,-0.2427605925032,-0.24388528752299,-0.245031967491282,-0.2462026456269,-0.247399360871264,-0.248624155490287,-0.24987904956048,-0.251166012334086,-0.252486930547523,-0.25384357382192,-0.255237557404542,-0.25667030261476,-0.258142995486153,-0.259656544234542,-0.261211536325658,-0.262808196059754,-0.264446343726342,-0.26612535750133,-0.267844139351262,-0.269601086264714,-0.271394068138789,-0.273220413600136,-0.275076904927798,-0.276959783065688,-0.27886476346567,-0.280787063193026,-0.282721439364573,-0.28466223859086,-0.286603456677298,-0.288538807427404,-0.290461799008997,-0.292365816015268,-0.294244205098714,-0.296090361894346,-0.297897816890506,-0.299660317955139,-0.301371907379043,-0.303026991544762,-0.304620401653545,-0.306147444321879,-0.307603941269508,-0.308986257738071,-0.310291319680727,-0.311516620128343,-0.312660215451681,-0.313720712490884,-0.314697247708135,-0.315589459636057,-0.316397455946754,-0.31712177646122,-0.317763353365086,-0.31832346980455,-0.318803717916334,-0.319205957207722,-0.319532274056225,-0.319784942950927,-0.31996638995541,-0.320079158739869,-0.320125879410998,-0.320109240264206,-0.320031962494588,-0.319896777830719,-0.31970640899797,-0.319463552874505,-0.319170866171835,-0.318830953451189,-0.318446357275274,-0.318019550290726,-0.317552929038023,-0.317048809291708,-0.316509422743055,-0.315936914848955,-0.315333343683892,-0.314700679645715,-0.314040805880048,-0.313355519302064,-0.312646532107832,-0.311915473680142,-0.311163892805662,-0.310393260131208,-0.309604970796928,-0.308800347193265,-0.307980641796613,-0.307147040045812,-0.306300663227943,-0.305442571347473,-0.304573765957616,-0.303695192936962,-0.302807745198071,-0.301912265317724,-0.301009548081233,-0.300100342935338,-0.299185356346105,-0.298265254059777,-0.297340663265766,-0.296412174662049,-0.295480344424029,-0.294545696078602,-0.293608722285697,-0.292669886529934,-0.291729624725364,-0.290788346736442,-0.289846437818536,-0.288904259981356,-0.287962153278702,-0.287020437027953,-0.286079410962647,-0.285139356321469,-0.284200536876858,-0.283263199906378,-0.282327577109854,-0.2813938854752,-0.280462328095716,-0.279533094941521,-0.278606363587683,-0.27768229990145,-0.276761058690915,-0.275842784317272,-0.274927611272756,-0.274015664726224,-0.273107061038233,0,-0.159914881020918,-0.160798238206094,-0.16168977757991,-0.162614157469603,-0.163575597637857,-0.164571906871853,-0.165599061295433,-0.166652863103216,-0.167729527415614,-0.168825839835971,-0.169939135339486,-0.171067207305142,-0.172208197840984,-0.173360493964186,-0.174522640564911,-0.175693273698831,-0.176871073783841,-0.178054736306442,-0.17924295685937,-0.180434427231095,-0.181627839531231,-0.182821895764168,-0.184015320736142,-0.185206876631108,-0.186395377985621,-0.187579706121419,-0.188758822358359,-0.189931779537671,-0.191097731546488,-0.192255940659515,-0.193405782611417,-0.194546749391151,-0.195678449812414,-0.196800607966363,-0.197913059706156,-0.199015747349196,-0.200108712812907,-0.201192089423719,-0.202266092656784,-0.203331010075657,-0.20438719074672,-0.205435034402605,-0.206474980622363,-0.207507498284013,-0.208533075527903,-0.209552210447536,-0.210565402698974,-0.211573146191449,-0.212575922991123,-0.21357419853807,-0.214568418244226,-0.215559005508129,-0.216546361151447,-0.217530864253241,-0.218512874331077,-0.219492734793988,-0.220470777571143,-0.221447328802002,-0.222422715458931,-0.22339727276146,-0.224371352232588,-0.225345330241422,-0.226319616872652,-0.227294664961622,-0.228270979133474,-0.229249124685715,-0.230229736155077,-0.231213525411218,-0.23220128912141,-0.233193915431315,-0.234192389707201,-0.23519779918419,-0.236211336363301,-0.237234300997255,-0.238268100501385,-0.239314248621921,-0.240374362189914,-0.241450155785825,-0.242543434138265,-0.24365608208159,-0.244790051902399,-0.245947347915824,-0.247130008130626,-0.248340082889061,-0.249579610405186,-0.250850589175275,-0.252154947297896,-0.253494508819927,-0.254870957319083,-0.256285797042912,-0.257740312047655,-0.259235523915264,-0.260772148769345,-0.262350554455479,-0.263970718891246,-0.265632190717872,-0.267334053489162,-0.269074894703835,-0.27085278101422,-0.272665240917638,-0.274509256148995,-0.276381262838672,-0.278277163277461,-0.280192348843004,-0.282121734298134,-0.284059803283902,-0.286000664416889,-0.287938116983409,-0.289865724826355,-0.291776896668301,-0.293664970829803,-0.295523302103836,-0.297345348449623,-0.299124755178594,-0.300855434421184,-0.302531637877583,-0.304148021153675,-0.305699698345245,-0.307182285935919,-0.308591935492563,-0.309925355052327,-0.311179819476867,-0.312353170384359,-0.313443806546185,-0.314450665845474,-0.315373200036582,-0.316211343620333,-0.316965478165086,-0.317636393366724,-0.318225246061437,-0.318733518294067,-0.319162975412248,-0.319515625012083,-0.319793677412881,-0.319999508193509,-0.32013562318627,-0.320204626199789,-0.320209189632523,-0.320152028044258,-0.320035874674741,-0.319863460835691,-0.319637498053844,-0.319360662807043,-0.319035583670932,-0.318664830679041,-0.318250906692157,-0.317796240572424,-0.317303181962111,-0.316773997475228,-0.316210868121069,-0.31561588779139,-0.314991062656602,-0.314338311330439,-0.313659465676582,-0.312956272144416,-0.3122303935341,-0.311483411103368,-0.31071682693983,-0.30993206653289,-0.309130481488805,-0.308313352340881,-0.307481891414289,-0.306637245711666,-0.305780499791525,-0.304912678616557,-0.304034750353392,-0.303147629109147,-0.302252177593393,-0.301349209696941,-0.300439492981194,-0.299523751073804,-0.298602665968008,-0.297676880224384,-0.296746999074899,-0.29581359243,-0.294877196790252,-0.293938317064589,-0.292997428297671,-0.29205497730921,-0.291111384248324,-0.290167044066178,-0.289222327910244,-0.288277584443598,-0.287333141092638,-0.286389305226612,-0.285446365272273,-0.284504591766922,-0.283564238352993,-0.282625542717244,-0.281688727477492,-0.280754001019738,-0.279821558288385,-0.278891581532143,-0.277964241008098,-0.277039695646276,-0.276118093676946,-0.275199573222785,-0.27428426285789,-0.273372282135552,-0.272463742086573,0,-0.16071114819792,-0.161611810564468,-0.162534316207562,-0.163496319531865,-0.164497263722739,-0.165532261918844,-0.166595908507565,-0.167683387282439,-0.168790723616537,-0.169914742035045,-0.171052925410076,-0.172203253450221,-0.173364053481901,-0.174533876817986,-0.175711404258896,-0.176895379302245,-0.178084565295665,-0.17927772194005,-0.18047359657509,-0.18167092614301,-0.182868446374759,-0.184064905423746,-0.185259079802482,-0.186449791018687,-0.18763592174884,-0.188816430734057,-0.189990365848855,-0.191156874993349,-0.192315214609193,-0.193464755732004,-0.194604987578788,-0.195735518735671,-0.196856076064561,-0.197966501490957,-0.199066746870981,-0.200156867165241,-0.201237012170671,-0.202307417079309,-0.203368392144836,-0.20442031174367,-0.205463603117259,-0.206498735076162,-0.207526206934722,-0.208546537928019,-0.20956025734095,-0.210567895553381,-0.211569976176146,-0.212567009421154,-0.213559486815823,-0.214547877338416,-0.215532625017497,-0.216514148006347,-0.217492839112516,-0.218469067734382,-0.219443183130942,-0.220415518928598,-0.221386398749457,-0.222356142829835,-0.223325075485135,-0.224293533267921,-0.225261873659574,-0.226230484132078,-0.227199791414832,-0.228170270801451,-0.229142455332912,-0.230116944695496,-0.231094413674525,-0.232075620007213,-0.233061411479869,-0.234052732115782,-0.235050627300207,-0.236056247687774,-0.237070851735511,-0.23809580670144,-0.239132587944857,-0.240182776360324,-0.24124805377371,-0.242330196126231,-0.243431064272358,-0.24455259222093,-0.245696772657223,-0.246865639598801,-0.248061248061202,-0.249285650642873,-0.250540870983879,-0.251828874111307,-0.253151533757364,-0.254510596824558,-0.255907645276205,-0.257344055848992,-0.258820958115319,-0.260339191563544,-0.261899262508875,-0.263501301790453,-0.26514502434288,-0.266829691844048,-0.268554079725332,-0.270316449874561,-0.272114530356529,-0.273945503411504,-0.27580600286282,-0.277692121867225,-0.27959943167748,-0.281523011762091,-0.283457491253138,-0.285397101286556,-0.287335737380183,-0.289267030586985,-0.291184425788623,-0.293081265181692,-0.294950874776357,-0.296786651590603,-0.29858214919254,-0.300331159320196,-0.302027787487716,-0.303666520756416,-0.305242286190495,-0.30675049890803,-0.3081870990539,-0.309548577438001,-0.310831989977298,-0.312034961434854,-0.313155679248798,-0.314192878479939,-0.315145819074297,-0.316014256736821,-0.316798408749481,-0.317498916048182,-0.318116802808111,-0.318653434686413,-0.319110476745165,-0.319489851936245,-0.319793700881759,-0.320024343536566,-0.320184243178969,-0.320275973046147,-0.320302185815239,-0.320265586030752,-0.320168905494703,-0.320014881567314,-0.319806238272288,-0.319545670060342,-0.319235828056276,-0.318879308596617,-0.318478643855289,-0.318036294352049,-0.317554643141279,-0.317035991485697,-0.316482555829599,-0.315896465898336,-0.315279763764099,-0.314634403732085,-0.313962252915237,-0.313265092379578,-0.312544618755478,-0.311802446222748,-0.311040108789112,-0.310259062792386,-0.30946068956642,-0.308646298219711,-0.30781712848341,-0.306974353592472,-0.306119083169816,-0.30525236608874,-0.304375193293526,-0.303488500562179,-0.302593171198745,-0.30169003864558,-0.300779889008467,-0.299863463489586,-0.298941460725123,-0.298014539025734,-0.297083318519347,-0.296148383196699,-0.295210282860855,-0.294269534982553,-0.293326626463708,-0.292382015311807,-0.291436132228163,-0.290489382113215,-0.289542145492195,-0.28859477986451,-0.287647620980255,-0.286700984047239,-0.285755164871859,-0.284810440937105,-0.283867072420889,-0.282925303157781,-0.281985361547155,-0.281047461410608,-0.28011180280142,-0.279178572768672,-0.278247946078552,-0.277320085895234,-0.276395144423609,-0.275473263516034,-0.274554575245124,-0.273639202444549,-0.272727259219645,-0.271818851429586,0,-0.161552122026844,-0.16246645120698,-0.163421057607422,-0.164421516548479,-0.165461744936801,-0.166534271293369,-0.167632569381165,-0.168751447019202,-0.169886928139309,-0.17103601019741,-0.172196412696162,-0.173366355770433,-0.174544381252949,-0.175729217453385,-0.17691968363919,-0.178114627932382,-0.179312891749217,-0.180513294266973,-0.181714631229792,-0.182915683404551,-0.184115230990491,-0.185312071177887,-0.186505036800077,-0.187693014622629,-0.188874962275107,-0.190049923176128,-0.19121703905497,-0.192375559855354,-0.193524850938345,-0.194664397596728,-0.195793806964028,-0.196912807455401,-0.198021245920354,-0.199119082721618,-0.200206384982624,-0.201283318268391,-0.202350136981757,-0.203407173768464,-0.204454828230564,-0.205493555247758,-0.206523853200521,-0.207546252377394,-0.208561303831878,-0.209569568932476,-0.210571609823243,-0.211567980982462,-0.212559222034693,-0.213545851937294,-0.214528364627563,-0.215507226181777,-0.216482873503417,-0.217455714525599,-0.218426129882695,-0.219394475978984,-0.220361089358198,-0.221326292257294,-0.222290399210878,-0.223253724559264,-0.22421659070319,-0.22517933694139,-0.226142328723199,-0.227105967146825,-0.228070698534276,-0.229037023915783,-0.230005508259364,-0.230976789284405,-0.231951585701415,-0.232930704722873,-0.233915048692161,-0.234905620678519,-0.235903528885755,-0.236909989720929,-0.237926329366601,-0.238953983696683,-0.239994496371865,-0.241049514946617,-0.242120784816707,-0.243210140834917,-0.24431949642447,-0.245450830025883,-0.24660616872516,-0.247787568931008,-0.248997093998015,-0.250236788733047,-0.251508650775321,-0.252814598907981,-0.254156438441581,-0.255535823908007,-0.256954219416572,-0.258412857150741,-0.259912694621389,-0.26145437143634,-0.263038166490382,-0.264663956617591,-0.266331177869816,-0.268038790681663,-0.269785250242853,-0.271568483412913,-0.273385873471621,-0.275234253893848,-0.277109912165301,-0.27900860441554,-0.280925581341064,-0.282855625533514,-0.284793099930775,-0.286732006691103,-0.288666055374763,-0.290588738928673,-0.292493415631336,-0.294373394890253,-0.296222024609937,-0.298032777777684,-0.299799335951452,-0.301515667476839,-0.303176098498454,-0.304775375148583,-0.306308715671945,-0.307771851655547,-0.309161057952672,-0.310473171296309,-0.311705597969655,-0.312856311223394,-0.313923839390237,-0.314907245840587,-0.315806102048201,-0.316620455094398,-0.317350790940296,-0.317997994747544,-0.318563309439268,-0.319048293574924,-0.319454779475863,-0.319784832391652,-0.320040711348839,-0.32022483218005,-0.320339733097159,-0.320388043051019,-0.320372453014043,-0.320295690231565,-0.320160495413517,-0.3199696027787,-0.31972572281873,-0.31943152761604,-0.319089638528495,-0.318702616040533,-0.318272951575698,-0.317803061066336,-0.317295280081828,-0.316751860325807,-0.316174967324186,-0.315566679138877,-0.31492898595589,-0.314263790410641,-0.313572908527289,-0.312858071162471,-0.312120925856654,-0.311363039008348,-0.310585898297537,-0.309790915294798,-0.308979428201782,-0.308152704676905,-0.307311944707439,-0.306458283495628,-0.305592794332114,-0.304716491434888,-0.303830332736257,-0.302935222603987,-0.302032014485919,-0.301121513470035,-0.300204478754216,-0.2992816260218,-0.298353629720653,-0.297421125244754,-0.296484711018355,-0.295544950483653,-0.294602373993585,-0.293657480611901,-0.292710739823092,-0.291762593155052,-0.290813455717583,-0.28986371765999,-0.288913745551124,-0.287963883685242,-0.287014455317086,-0.286065763829531,-0.285118093837089,-0.284171712228499,-0.283226869151541,-0.282283798943075,-0.281342721007246,-0.280403840644634,-0.279467349835033,-0.278533427976428,-0.277602242582597,-0.276673949941657,-0.275748695737759,-0.274826615638025,-0.273907835846694,-0.272992473628359,-0.272080637802059,-0.271172429207895,0,-0.162430042403571,-0.163360085405287,-0.164349541661189,-0.16538956462239,-0.166468636784108,-0.167577157130548,-0.168707884347516,-0.169855550182557,-0.171016383015837,-0.172187686400689,-0.173367496503122,-0.17455431685142,-0.175746922274198,-0.176944221587191,-0.178145167929125,-0.179348706084662,-0.180553747278012,-0.181759163414207,-0.182963794311921,-0.184166462937658,-0.185365994923924,-0.186561239699495,-0.187751091380916,-0.188934508195062,-0.190110529656839,-0.191278291049475,-0.192437034980566,-0.193586119942438,-0.194725025912516,-0.195853357104209,-0.196970842032635,-0.198077331099891,-0.199172791936024,-0.200257302757074,-0.201331044021664,-0.202394288683059,-0.203447391344225,-0.20449077662893,-0.205524927082029,-0.206550370906485,-0.20756766983347,-0.208577407405127,-0.209580177927729,-0.21057657632654,-0.211567189103499,-0.212552586565637,-0.213533316456979,-0.214509899090368,-0.215482824039298,-0.216452548414185,-0.217419496713488,-0.218384062208351,-0.219346609790544,-0.220307480187966,-0.221266995429993,-0.222225465426793,-0.223183195512365,-0.224140494790255,-0.225097685113668,-0.226055110527407,-0.227013146997557,-0.227972212255455,-0.228932775584779,-0.229895367384062,-0.230860588340935,-0.231829118058577,-0.232801722978598,-0.233779263447589,-0.234762699776532,-0.235753097142913,-0.23675162918469,-0.237759580133252,-0.238778345329362,-0.239809429962194,-0.240854445867427,-0.241915106216755,-0.24299321792895,-0.244090671632981,-0.245209429017857,-0.246351507413445,-0.247518961463045,-0.248713861773815,-0.249938270466965,-0.251194213597731,-0.25248365047694,-0.253808440002778,-0.255170304203651,-0.25657078930074,-0.258011224720847,-0.259492680624056,-0.261015924652912,-0.262581378754946,-0.264189077071641,-0.265838626016029,-0.267529167768439,-0.269259348495168,-0.271027292627473,-0.272830584518437,-0.27466625871463,-0.276530799932547,-0.278420153614461,-0.280329747657161,-0.282254525567539,-0.284188990913874,-0.286127262528439,-0.288063139497256,-0.289990174570317,-0.291901754265142,-0.293791183641351,-0.295651773513837,-0.297476927761618,-0.299260228386227,-0.300995516077859,-0.302676964252135,-0.304299144811172,-0.305857084240134,-0.307346309051533,-0.308762880009399,-0.310103414980211,-0.311365100645159,-0.312545693651283,-0.313643512064039,-0.314657418203018,-0.315586794093081,-0.316431510846615,-0.317191893314507,-0.317868681311775,-0.318462988648404,-0.318976261087436,-0.319410234221072,-0.319766892111235,-0.320048427392213,-0.32025720338662,-0.32039571864751,-0.320466574212957,-0.320472443747291,-0.320416046646772,-0.320300124107103,-0.320127418085347,-0.319900653038476,-0.319622520283611,-0.319295664799277,-0.318922674271162,-0.31850607017816,-0.318048300713318,-0.317551735338375,-0.317018660778432,-0.316451278273998,-0.315851701920149,-0.315221957936146,-0.31456398472298,-0.313879633580361,-0.313170669968461,-0.312438775212841,-0.311685548563343,-0.310912509529209,-0.310121100423167,-0.309312689056778,-0.308488571537901,-0.307649975128766,-0.306798061129934,-0.305933927761355,-0.305058613016948,-0.304173097473609,-0.303278307039481,-0.302375115629637,-0.301464347760153,-0.300546781054001,-0.299623148654169,-0.298694141541137,-0.297760410753235,-0.296822569509537,-0.295881195235919,-0.294936831495634,-0.293989989826341,-0.293041151486026,-0.292090769110562,-0.29113926828593,-0.290187049038304,-0.289234487245286,-0.28828193597169,-0.287329726733231,-0.286378170691484,-0.285427559783445,-0.284478167788924,-0.283530251338938,-0.282584050868164,-0.281639791514401,-0.280697683967897,-0.27975792527324,-0.278820699586439,-0.277886178889657,-0.276954523665977,-0.276025883536427,-0.275100397861414,-0.274178196308579,-0.27325939938898,-0.272344118963416,-0.271432458720595,-0.270524514628764,0,-0.163338197611215,-0.164291416114436,-0.16531961966724,-0.166400239180817,-0.167517291869996,-0.168659802706168,-0.169820325484253,-0.170993845591332,-0.172177001238321,-0.173367522939412,-0.174563827893246,-0.175764730924676,-0.176969245611814,-0.178176454920779,-0.179385434188743,-0.18059521222639,-0.181804759034974,-0.183012991131818,-0.184218787668427,-0.185421012358008,-0.186618537698193,-0.187810269106938,-0.188995167430556,-0.190172268886322,-0.191340701921421,-0.192499700753019,-0.193648615540864,-0.194786919265001,-0.195914211459801,-0.197030219007489,-0.198134794230364,-0.199227910547188,-0.200309655979668,-0.201380224811117,-0.202439907711918,-0.203489080655045,-0.204528192949374,-0.205557754718061,-0.206578324143699,-0.207590494790861,-0.208594883300105,-0.209592117725744,-0.210582826763158,-0.211567630080821,-0.212547129938349,-0.213521904235665,-0.21449250110082,-0.215459435086117,-0.216423185004834,-0.217384193405033,-0.218342867643341,-0.219299582490902,-0.220254684176444,-0.221208495747892,-0.222161323614424,-0.223113465115331,-0.224065216950478,-0.225016884299209,-0.225968790450049,-0.226921286761928,-0.227874762778526,-0.228829656320041,-0.229786463380808,-0.23074574766598,-0.231708149605584,-0.23267439468899,-0.233645300966912,-0.234621785570994,-0.235604870102712,-0.236595684743446,-0.237595470936342,-0.238605582487906,-0.239627484933715,-0.240662753008411,-0.241713066056178,-0.242780201214864,-0.243866024205955,-0.244972477565015,-0.246101566154305,-0.247255339812839,-0.248435873020753,-0.249645241486355,-0.250885495607411,-0.25215863081462,-0.253466554876249,-0.254811052329331,-0.256193746304852,-0.25761605813126,-0.259079165230537,-0.260583957960788,-0.262130996204178,-0.263720466642776,-0.265352141799682,-0.267025342039581,-0.268738901811379,-0.27049114146539,-0.272279845978297,-0.274102251861891,-0.275955043409633,-0.277834359244959,-0.279735809877601,-0.281654506654792,-0.283585102123722,-0.285521841415953,-0.287458623843772,-0.289389073485994,-0.291306617161178,-0.293204567863644,-0.295076211493476,-0.296914894562601,-0.29871411051532,-0.300467582366562,-0.302169339530014,-0.303813786969516,-0.305395765142888,-0.306910599595745,-0.30835413947931,-0.309722784686318,-0.311013501699847,-0.31222382861193,-0.313351870077055,-0.314396283210359,-0.315356255616631,-0.316231476844394,-0.317022104603319,-0.317728727070346,-0.318352322549476,-0.318894217652546,-0.319356045044137,-0.319739701652974,-0.320047308103918,-0.320281169976419,-0.320443741353148,-0.320537590991101,-0.320565371329557,-0.320529790446849,-0.32043358699146,-0.320279508042355,-0.320070289797813,-0.319808640950113,-0.319497228573557,-0.319138666334053,-0.318735504817847,-0.318290223773629,-0.317805226064511,-0.317282833132934,-0.316725281791376,-0.316134722163623,-0.315513216614684,-0.314862739521401,-0.314185177749968,-0.313482331720481,-0.312755916952053,-0.312007565994698,-0.311238830665986,-0.31045118452136,-0.309646025496877,-0.308824678672107,-0.307988399108857,-0.307138374728539,-0.306275729197194,-0.305401524792714,-0.304516765233499,-0.303622398451981,-0.302719319299902,-0.30180837217534,-0.300890353563959,-0.299966014489207,-0.299036062867914,-0.298101165769339,-0.297161951576861,-0.296219012052616,-0.295272904306131,-0.294324152668683,-0.293373250475641,-0.292420661759397,-0.291466822855823,-0.290512143927364,-0.28955701040604,-0.288601784359689,-0.287646805784831,-0.286692393829505,-0.28573884794943,-0.284786449000736,-0.283835460272471,-0.28288612846197,-0.281938684596088,-0.280993344901164,-0.280050311624502,-0.279109773809983,-0.27817190803037,-0.277236879078689,-0.27630484062098,-0.275375935812607,-0.274450297880158,-0.273528050670917,-0.272609309171737,-0.271694179999066,-0.270782761861784,-0.269875145998387,0,-0.16427225878323,-0.165260223017924,-0.16633145466031,-0.167453218529188,-0.168606770443632,-0.169780724472839,-0.170967989820998,-0.172164133189565,-0.1733663887633,-0.17457301169739,-0.175782842914814,-0.176995018410231,-0.178208782435834,-0.179423375885551,-0.180637978115802,-0.181851685460919,-0.183063513740892,-0.184272415364587,-0.185477304288263,-0.186677084163841,-0.187870676579703,-0.189057047442457,-0.190235230355612,-0.191404346399956,-0.192563620079723,-0.193712391425399,-0.194850124382108,-0.1959764116943,-0.197090976545209,-0.198193671238037,-0.199284473223998,-0.200363478795242,-0.201430894770679,-0.202487028510543,-0.203532276601001,-0.204567112552465,-0.205592073853849,-0.206607748718994,-0.207614762850405,-0.208613766529092,-0.209605422317687,-0.210590393637477,-0.211569334449122,-0.212542880232373,-0.213511640422983,-0.214476192426226,-0.215437077287032,-0.216394797057691,-0.217349813866385,-0.218302550654296,-0.219253393516413,-0.220202695552038,-0.221150782105821,-0.222097957259045,-0.223044511414155,-0.223990729802894,-0.224936901739801,-0.22588333043792,-0.226830343201792,-0.227778301813865,-0.228727612933557,-0.229678738332937,-0.230632204798601,-0.231588613535337,-0.232548648912963,-0.233513086402869,-0.234482799554826,-0.235458765867346,-0.236442071405966,-0.237433914023382,-0.238435605033374,-0.239448569187183,-0.240474342797005,-0.241514569846968,-0.242570995928268,-0.24364545983314,-0.244739882643018,-0.245856254151201,-0.246996616471056,-0.248163044698919,-0.249357624528278,-0.250582426750263,-0.251839478626619,-0.253130732186682,-0.254458029580433,-0.255823065715945,-0.257227348521033,-0.258672157294369,-0.260158499747914,-0.261687068486222,-0.263258197813305,-0.264871821897007,-0.266527435445595,-0.268224058151675,-0.269960204224039,-0.271733858348266,-0.273542459382168,-0.275382892994794,-0.277251494292905,-0.279144061245657,-0.281055879420419,-0.282981758189097,-0.284916078169031,-0.286852849244238,-0.28878577809373,-0.290708343758337,-0.292613879430414,-0.29449565837481,-0.296346981703021,-0.298161265638634,-0.299932125936799,-0.301653457251822,-0.303319505476023,-0.304924931383908,-0.306464864287931,-0.307934944821681,-0.309331356388585,-0.310650845225316,-0.311890729408132,-0.313048897460597,-0.314123797490744,-0.315114417987986,-0.31602026154357,-0.316841312825522,-0.317578002146384,-0.318231165917971,-0.318802005202229,-0.319292043451566,-0.319703084396057,-0.320037170888313,-0.320296545367483,-0.320483612458699,-0.320600904088197,-0.320651047371003,-0.320636735419633,-0.320560701129698,-0.320425693921848,-0.320234459358289,-0.319989721505237,-0.319694167878476,-0.319350436786155,-0.318961106869282,-0.318528688634514,-0.318055617774147,-0.317544250073345,-0.31699685771338,-0.316415626790881,-0.315802655885957,-0.315159955525911,-0.314489448405336,-0.313792970237529,-0.313072271125692,-0.312329017355455,-0.311564793522321,-0.310781104918914,-0.309979380117158,-0.309160973689822,-0.308327169024175,-0.307479181187967,-0.306618159814459,-0.305745191979024,-0.304861305044848,-0.303967469459595,-0.303064601488691,-0.302153565874047,-0.301235178409807,-0.300310208428999,-0.299379381196917,-0.298443380208671,-0.297502849389702,-0.296558395199115,-0.295610588636636,-0.294659967154631,-0.293707036477273,-0.292752272329309,-0.291796122077239,-0.290839006285959,-0.289881320194057,-0.288923435111086,-0.287965699740153,-0.287008441429203,-0.286051967354321,-0.285096565638357,-0.284142506408073,-0.283190042792956,-0.282239411868717,-0.281290835548392,-0.280344521423861,-0.279400663560469,-0.278459443247322,-0.277521029705706,-0.276585580757963,-0.275653243459039,-0.274724154692809,-0.273798441735177,-0.272876222785832,-0.271957607470443,-0.271042697314986,-0.27013158619379,-0.269224360752801,0,-0.165231964308631,-0.166267442974515,-0.167385422903213,-0.168547987262249,-0.169735778684861,-0.170938044643552,-0.172148598446512,-0.173363881464755,-0.17458187333796,-0.175801419118182,-0.177021799977922,-0.178242463227574,-0.179462861777305,-0.180682369070411,-0.181900244852726,-0.183115633727566,-0.184327583460153,-0.185535073860826,-0.186737050013568,-0.187932455793507,-0.189120265181697,-0.190299509970612,-0.191469303176743,-0.192628857937042,-0.193777501944268,-0.194914687634585,-0.19603999842419,-0.197153151331545,-0.198253996338377,-0.1993425128482,-0.200418803602743,-0.201483086417334,-0.202535684097019,-0.203577012895634,-0.204607569879159,-0.205627919551372,-0.206638680092922,-0.207640509553676,-0.208634092321915,-0.209620126172592,-0.210599310170413,-0.211572333672544,-0.212539866640822,-0.213502551435481,-0.214460996222438,-0.215415770085343,-0.216367399892822,-0.21731636893174,-0.218263117279752,-0.219208043855796,-0.220151510056041,-0.221093844855765,-0.222035351234918,-0.222976313766917,-0.223917007196507,-0.224857705823054,-0.225798693500203,-0.226740274060897,-0.227682781977842,-0.228626593073036,-0.229572135095255,-0.230519897990849,-0.231470443700155,-0.232424415318717,-0.233382545468778,-0.2343456637317,-0.235314702995819,-0.236290704576357,-0.237274821964491,-0.238268323061397,-0.23927259075036,-0.240289121656214,-0.241319522936966,-0.242365506948334,-0.243428883618873,-0.244511550372685,-0.245615479439633,-0.246742702401058,-0.247895291833948,-0.249075339939995,-0.250284934079919,-0.251526129179489,-0.252800917033491,-0.254111192608549,-0.255458717536125,-0.256845081092884,-0.258271659086201,-0.259739571195445,-0.261249637461447,-0.262802334762054,-0.264397754254139,-0.266035560893898,-0.26771495625798,-0.26943464596789,-0.271192813058372,-0.272987098617235,-0.274814590950671,-0.276671824388602,-0.278554788636417,-0.280458949304585,-0.282379279913035,-0.284310305284922,-0.286246155831637,-0.288180631808776,-0.290107276215101,-0.292019454638188,-0.293910440045071,-0.29577350029422,-0.297601986021878,-0.299389416539808,-0.301129561473954,-0.302816516068026,-0.304444768359121,-0.306009256785083,-0.307505417182548,-0.308929218555691,-0.310277187414195,-0.311546420872839,-0.312734589055627,-0.313839927641081,-0.314861221613412,-0.315797781443494,-0.316649413014937,-0.317416382639295,-0.318099378478315,-0.318699469619913,-0.319218063948792,-0.31965686582287,-0.320017834422737,-0.320303143492017,-0.320515143038902,-0.320656323428988,-0.320729282170992,-0.320736693582575,-0.320681281424934,-0.320565794512247,-0.320392985235257,-0.320165590886189,-0.31988631763339,-0.31955782696711,-0.319182724420821,-0.318763550363923,-0.318302772659836,-0.317802780986979,-0.317265882627673,-0.316694299540405,-0.316090166543274,-0.315455530449968,-0.314792350013725,-0.31410249654884,-0.31338775511316,-0.312649826148185,-0.311890327485931,-0.311110796643251,-0.310312693334969,-0.309497402146816,-0.308666235317888,-0.307820435590078,-0.306961179088819,-0.306089578205543,-0.305206684457534,-0.30431349130546,-0.303410936912838,-0.302499906835083,-0.30158123662873,-0.300655714373827,-0.299724083104633,-0.298787043145449,-0.297845254349871,-0.296899338242927,-0.295949880066543,-0.294997430729534,-0.294042508663974,-0.293085601590225,-0.29212716819334,-0.291167639713752,-0.290207421455418,-0.28924689421466,-0.288286415633056,-0.28732632147771,-0.286366926852272,-0.285408527341996,-0.284451400096069,-0.2834958048504,-0.282541984893882,-0.28159016798114,-0.280640567194564,-0.279693381758401,-0.27874879780748,-0.277806989113098,-0.27686811776842,-0.275932334835663,-0.274999780957217,-0.274070586932723,-0.273144874264043,-0.272222755669947,-0.271304335572231,-0.270389710554916,-0.269478969798039,-0.268572195487506,0,-0.166220561783056,-0.167314985188307,-0.16848192420194,-0.169683711190562,-0.170902603570934,-0.172129469958667,-0.173359504572246,-0.174590253538082,-0.175820540457804,-0.177049826410909,-0.178277820658295,-0.179504252011387,-0.180728747009218,-0.181950778518989,-0.183169659086743,-0.184384560934738,-0.185594550107055,-0.186798626415252,-0.187995763853761,-0.189184948290036,-0.190365210693549,-0.191535655122857,-0.192695481282929,-0.193844001809085,-0.194980654615636,-0.196105010729649,-0.19721677805641,-0.198315801521332,-0.199402060019903,-0.200475660592235,-0.201536830225815,-0.202585905680414,-0.203623321722065,-0.204649598147226,-0.20566532597191,-0.206671153152191,-0.207667770190598,-0.20865589596672,-0.209636264109205,-0.210609610200158,-0.211576660072028,-0.212538119421931,-0.213494664929828,-0.214446937026016,-0.215395534411161,-0.216341010389631,-0.21728387103535,-0.218224575169749,-0.219163536094636,-0.220101124989513,-0.221037675853877,-0.221973491850433,-0.222908852885406,-0.223844024247108,-0.224779266113475,-0.225714843733246,-0.226651038083161,-0.227588156804724,-0.228526545227873,-0.229466597294774,-0.230408766204235,-0.231353574605138,-0.232301624175326,-0.233253604429798,-0.23421030060854,-0.235172600499315,-0.236141500054002,-0.237118107658575,-0.238103646916319,-0.23909945780181,-0.240106996039681,-0.241127830557808,-0.242163638860072,-0.243216200160017,-0.244287386114763,-0.245379148999643,-0.246493507169747,-0.247632527666422,-0.248798305846653,-0.249992941942858,-0.251218514501762,-0.252477050705442,-0.2537704936465,-0.255100666713835,-0.256469235345577,-0.257877666521129,-0.259327186492907,-0.260818737397464,-0.262352933530572,-0.263930018215454,-0.265549822330105,-0.267211725679338,-0.268914622489933,-0.270656892362284,-0.272436378018998,-0.274250371140669,-0.276095607464517,-0.277968272138757,-0.279864016074655,-0.281777983724331,-0.283704852345566,-0.285638882410687,-0.287573978394609,-0.289503758760628,-0.291421633576084,-0.293320887858156,-0.295194768494487,-0.297036572421731,-0.298839733688494,-0.30059790708172,-0.302305046153524,-0.303955473737961,-0.305543943377005,-0.307065690460293,-0.308516472299741,-0.309892596782974,-0.31119093965558,-0.31240895085129,-0.31354465060579,-0.31459661634343,-0.315563961511266,-0.316446307651282,-0.317243751052917,-0.317956825321226,-0.318586461140272,-0.319133944417017,-0.319600873868776,-0.31998911897736,-0.32030077908453,-0.320538144254228,-0.320703658383353,-0.320799884909429,-0.320829475343538,-0.320795140752189,-0.320699626223196,-0.320545688277981,-0.320336075135211,-0.320073509687101,-0.319760675018453,-0.31940020227801,-0.318994660700124,-0.318546549570616,-0.318058291932341,-0.317532229832162,-0.3169706209205,-0.316375636226362,-0.315749358943939,-0.315093784080854,-0.314410818832253,-0.313702283558991,-0.312969913261593,-0.312215359454497,-0.311440192356996,-0.310645903328286,-0.309833907484087,-0.309005546441315,-0.308162091145425,-0.307304744742238,-0.306434645462425,-0.305552869492381,-0.304660433810092,-0.303758298968787,-0.302847371814768,-0.301928508128927,-0.301002515184056,-0.3000701542123,-0.299132142778936,-0.298189157060236,-0.297241834024428,-0.296290773515832,-0.295336540243086,-0.29437966567306,-0.293420649832575,-0.292459963020478,-0.291498047432894,-0.290535318704737,-0.28957216737068,-0.288608960248888,-0.287646041750855,-0.286683735120684,-0.28572234360714,-0.284762151571716,-0.283803425535905,-0.282846415170777,-0.281891354231848,-0.280938461442141,-0.279987941326194,-0.279039984997685,-0.278094770903205,-0.277152465524606,-0.276213224042224,-0.27527719096116,-0.274344500702704,-0.273415278162862,-0.272489639239863,-0.271567691332392,-0.270649533810222,-0.269735258458819,-0.268824949899396,-0.267918685985826,0,-0.167243720432105,-0.16840530427823,-0.16962112502493,-0.170859100582341,-0.172105054517384,-0.173352282282156,-0.174597713272221,-0.175840142836641,-0.17707927630528,-0.178315174277467,-0.179547932972206,-0.18077751422917,-0.182003672113411,-0.183225940077618,-0.18444365376019,-0.185655992474955,-0.186862028247589,-0.188060775407178,-0.189251236640211,-0.190432443368942,-0.191603489575889,-0.192763558960947,-0.193911945744197,-0.195048069635549,-0.196171485568542,-0.197281888799531,-0.198379115943727,-0.199463142478837,-0.200534077207779,-0.201592154139425,-0.202637722221696,-0.20367123334358,-0.20469322900963,-0.205704326079686,-0.206705201955773,-0.207696579585216,-0.208679212632679,-0.209653871152994,-0.210621328070899,-0.211582346743153,-0.212537669843351,-0.213488009770798,-0.214434040743036,-0.215376392688081,-0.21631564700835,-0.21725233424478,-0.218186933627856,-0.219119874463252,-0.220051539264275,-0.220982268512096,-0.221912366898176,-0.222842110881789,-0.223771757379044,-0.224701553388253,-0.225631746349641,-0.226562595034721,-0.227494380761732,-0.228427418737584,-0.229362069333199,-0.230298749107196,-0.231237941401771,-0.232180206343813,-0.233126190092968,-0.234076633186118,-0.235032377834013,-0.235994374030302,-0.236963684335765,-0.237941487201063,-0.238929078689904,-0.239927872461531,-0.240939397867196,-0.241965296010565,-0.243007313617566,-0.244067294558105,-0.245147168861584,-0.246248939071637,-0.247374663794595,-0.248526438312582,-0.249706372157657,-0.250916563579876,-0.252159070891232,-0.253435880730717,-0.254748873374251,-0.256099785307539,-0.257490169389744,-0.258921353059908,-0.260394395173802,-0.26191004220233,-0.263468684668291,-0.265070314839086,-0.266714486820252,-0.268400280298827,-0.270126269255885,-0.271890496993718,-0.273690458795119,-0.275523093442191,-0.277384784664688,-0.279271373361771,-0.281178181149253,-0.283100045435399,-0.285031365835387,-0.286966161316097,-0.288898137040921,-0.290820759483183,-0.292727338021315,-0.294611110942262,-0.29646533358105,-0.298283366227727,-0.300058759444895,-0.301785334558826,-0.303457257306549,-0.305069102925062,-0.306615911336797,-0.308093231493895,-0.30949715436784,-0.310824334486468,-0.31207200030587,-0.313237954042871,-0.314320561872049,-0.315318735602527,-0.316231907091683,-0.3170599967279,-0.31780337732831,-0.318462834758728,-0.319039526501637,-0.319534939284856,-0.319950846748868,-0.320289267984267,-0.320552427620885,-0.32074271800356,-0.320862663851726,-0.320914889674496,-0.320902090102329,-0.320827003201607,-0.320692386759846,-0.320500997466185,-0.320255572863122,-0.319958815909832,-0.319613381973001,-0.319221868046462,-0.318786803994142,-0.318310645610523,-0.317795769297427,-0.317244468164347,-0.316658949370508,-0.316041332539607,-0.31539364909195,-0.314717842352792,-0.314015768309866,-0.313289196906744,-0.312539813771756,-0.311769222294473,-0.310978945973101,-0.310170430966527,-0.309345048794185,-0.308504099135366,-0.30764881268713,-0.306780354046672,-0.305899824589805,-0.305008265322404,-0.304106659686024,-0.303195936302786,-0.302276971647875,-0.301350592640797,-0.300417579148912,-0.299478666398746,-0.29853454729225,-0.297585874626543,-0.296633263216829,-0.295677291923074,-0.294718505581779,-0.293757416844776,-0.292794507927419,-0.291830232268891,-0.290865016107599,-0.289899259974813,-0.288933340109802,-0.287967609799786,-0.287002400648056,-0.286038023773568,-0.285074770945291,-0.284112915654517,-0.283152714128261,-0.282194406286789,-0.28123821664817,-0.280284355182701,-0.279333018119884,-0.278384388710535,-0.277438637946504,-0.27649592524033,-0.275556399067081,-0.274620197570492,-0.27368744913541,-0.272758272928452,-0.271832779408659,-0.270911070809881,-0.269993241596471,-0.269079378893823,-0.268169562895184,-0.267263867246086,0,-0.168309091442744,-0.169540812685649,-0.170802671330647,-0.17207228145636,-0.17334042208243,-0.174603345986047,-0.175859914817382,-0.177110218563884,-0.178354816995382,-0.179594311092798,-0.18082911595476,-0.182059362097408,-0.183284876773586,-0.184505212004143,-0.185719696766914,-0.186927498643669,-0.188127685838659,-0.189319284369802,-0.190501327827567,-0.191672898746399,-0.192833161614899,-0.193981388078049,-0.195116975119969,-0.196239457077044,-0.197348512299927,-0.198443965211369,-0.199525784425878,-0.200594077523118,-0.201649083006438,-0.202691159932175,-0.203720775662364,-0.20473849217021,-0.205744951310453,-0.206740859452277,-0.207726971857923,-0.208704077173437,-0.209672982377465,-0.210634498508887,-0.21158942746396,-0.212538550118773,-0.21348261599372,-0.214422334634313,-0.215358368838039,-0.216291329811336,-0.217221774295411,-0.218150203655657,-0.219077064888074,-0.220002753458229,-0.220927617854705,-0.221851965710296,-0.222776071320709,-0.223700184372379,-0.224624539678189,-0.225549367712068,-0.226474905730228,-0.22740140926771,-0.228329163803142,-0.22925849639155,-0.230189787073912,-0.231123479882077,-0.232060093267995,-0.233000229796247,-0.233944584947913,-0.234893954891492,-0.23584924308238,-0.236811465556199,-0.237781754782781,-0.238761361947108,-0.239751657521014,-0.240754129985568,-0.241770382559227,-0.242802127781924,-0.243851179801278,-0.244919444205125,-0.246008905246087,-0.247121610310358,-0.24825965149606,-0.249425144188129,-0.250620202548655,-0.251846911885584,-0.253107297920396,-0.254403293048058,-0.255736699770855,-0.257109151591925,-0.25852207177329,-0.259976630495049,-0.261473701093648,-0.263013816202836,-0.264597124764602,-0.266223351010877,-0.267891756630869,-0.269601107423131,-0.271349645775262,-0.273135070307331,-0.274954523948867,-0.2768045915871,-0.278681308223263,-0.280580178305368,-0.282496206576416,-0.284423940398021,-0.286357523097551,-0.288290757462901,-0.290217178096657,-0.292130130965657,-0.294022858166742,-0.295888585695891,-0.297720611871937,-0.299512394037272,-0.301257631238299,-0.302950340772419,-0.304584926763238,-0.3061562392729,-0.307659622857301,-0.309090953891649,-0.310446666415777,-0.311723766648117,-0.31291983667526,-0.314033028126157,-0.315062046877065,-0.316006130001251,-0.316865016276937,-0.317638911602782,-0.318328450649771,-0.318934656011647,-0.319458896013209,-0.319902842207788,-0.320268427451893,-0.320557805295256,-0.320773311275855,-0.320917426567686,-0.320992744298538,-0.321001938738518,-0.320947737459271,-0.320832896479149,-0.32066017834077,-0.320432333013459,-0.320152081472715,-0.319822101780457,-0.319445017471655,-0.319023388043474,-0.318559701340456,-0.31805636763225,-0.317515715187481,-0.316939987157498,-0.316331339595952,-0.315691840453577,-0.315023469401635,-0.314328118351662,-0.313607592553005,-0.312863612163038,-0.312097814197468,-0.311311754779899,-0.310506911620535,-0.30968468666374,-0.308846408852929,-0.307993336969211,-0.307126662507138,-0.306247512557115,-0.305356952669378,-0.304455989679164,-0.303545574476722,-0.302626604709315,-0.301699927405311,-0.300766341513012,-0.299826600348972,-0.298881413952352,-0.297931451343353,-0.296977342684945,-0.296019681348171,-0.295059025882062,-0.294095901889861,-0.29313080381376,-0.292164196630722,-0.291196517462281,-0.290228177101375,-0.289259561459432,-0.288291032937011,-0.28732293172131,-0.286355577013865,-0.285389268191739,-0.28442428590541,-0.283460893116542,-0.282499336078658,-0.281539845263721,-0.280582636237449,-0.279627910486113,-0.278675856197437,-0.277726648998112,-0.276780452650312,-0.275837419709489,-0.274897692145601,-0.273961401929834,-0.273028671588748,-0.272099614727696,-0.27117433652526,-0.270252934200342,-0.269335497453459,-0.268422108883721,-0.267512844382861,-0.266607773507636,0,-0.169424570908262,-0.170723224967609,-0.172025414622931,-0.173320694817364,-0.174605462786108,-0.175879135749934,-0.177142532425277,-0.178396980379138,-0.179643802915075,-0.180884043146472,-0.182118344211946,-0.183346929143846,-0.184569639358295,-0.185786003113585,-0.186995315096991,-0.188196715575962,-0.189389262635773,-0.190571994407484,-0.19174398031906,-0.192904361646003,-0.194052382280948,-0.195187410900289,-0.196308955737569,-0.197416673087311,-0.198510370529525,-0.199590005725818,-0.200655681514151,-0.201707637929178,-0.202746241699497,-0.203771973718928,-0.204785414951205,-0.205787231201173,-0.206778157165923,-0.207758980162336,-0.20873052391008,-0.209693632728976,-0.210649156485295,-0.211597936592368,-0.212540793336606,-0.213478514761175,-0.214411847296872,-0.215341488284251,-0.216268080484108,-0.217192208626171,-0.218114397999802,-0.219035115046697,-0.219954769875244,-0.220873720580106,-0.221792279219537,-0.222710719277278,-0.223629284415925,-0.224548198314294,-0.225467675372412,-0.226387932063871,-0.227309198715878,-0.228231731501662,-0.229155824437332,-0.230081821184836,-0.23101012647365,-0.231941216965376,-0.2328756513968,-0.233814079847458,-0.234757251986875,-0.235706024163857,-0.236661365205256,-0.237624360794388,-0.23859621629963,-0.239578257922026,-0.240571932027198,-0.241578802522094,-0.2426005461319,-0.243638945427602,-0.244695879451507,-0.245773311787681,-0.246873275928346,-0.247997857797386,-0.249149175310117,-0.250329354876035,-0.251540504790417,-0.252784685512892,-0.254063876897953,-0.255379942524831,-0.256734591372417,-0.258129337198658,-0.259565456111286,-0.261043942955098,-0.262565467285855,-0.264130329846252,-0.265738420597896,-0.267389179485785,-0.269081561208429,-0.270814005326938,-0.272584413059472,-0.274390132064207,-0.276227950406712,-0.278094100732224,-0.279984275419236,-0.281893653182654,-0.283816937232076,-0.285748404688387,-0.287681966539182,-0.289611236993446,-0.291529610703103,-0.293430345978245,-0.295306651856304,-0.297151776711475,-0.298959096021192,-0.300722196946595,-0.302434957530632,-0.304091618560839,-0.305686846467021,-0.307215786005835,-0.308674101900255,-0.310058009027119,-0.311364291156858,-0.312590308625411,-0.313733995643066,-0.314793848207341,-0.315768903781037,-0.316658714021401,-0.317463311905091,-0.318183174593133,-0.318819183329262,-0.319372581574288,-0.319844932459141,-0.320238076500299,-0.320554090372875,-0.320795247386562,-0.320963980164594,-0.32106284589052,-0.32109449436558,-0.321061639012523,-0.320967030870957,-0.320813435554597,-0.320603613081368,-0.320340300442041,-0.320026196740387,-0.319663950716064,-0.319256150448915,-0.318805315038345,-0.318313888052542,-0.317784232547955,-0.317218627468618,-0.316619265246412,-0.315988250436446,-0.31532759923562,-0.314639239746646,-0.313925012863813,-0.313186673670373,-0.312425893250305,-0.311644260829261,-0.310843286170615,-0.310024402162696,-0.309188967542458,-0.308338269709068,-0.307473527588221,-0.306595894514452,-0.305706461104364,-0.304806258098678,-0.30389625915525,-0.302977383578908,-0.30205049897713,-0.301116423833239,-0.300175929991107,-0.299229745047222,-0.298278554647607,-0.297323004688363,-0.296363703419721,-0.295401223454323,-0.294436103681211,-0.293468851087496,-0.29249994249016,-0.29152982618074,-0.290558923485886,-0.289587630246948,-0.28861631822185,-0.287645336412553,-0.286675012321429,-0.285705653139837,-0.284737546872156,-0.283770963398439,-0.28280615547879,-0.281843359702465,-0.280882797384579,-0.279924675413198,-0.278969187049492,-0.278016512683496,-0.2770668205479,-0.276120267392207,-0.275176999119441,-0.274237151387505,-0.273300850177187,-0.272368212328669,-0.271439346048341,-0.270514351387575,-0.26959332069508,-0.26867633904431,-0.267763484637355,-0.266854829186657,-0.265950438275792,0,-0.170596596296284,-0.171952945597165,-0.173287193949215,-0.174601041001352,-0.175896416648661,-0.17717578656169,-0.178441783962086,-0.179696820858985,-0.180942836441968,-0.182181185294578,-0.183412631022787,-0.184637406274524,-0.185855306929464,-0.187065797837953,-0.188268116002304,-0.18946136342201,-0.190644586096932,-0.191816838361719,-0.192977233263707,-0.194124980460913,-0.195259413384985,-0.196380007391362,-0.197486390448719,-0.198578347695493,-0.199655820967823,-0.200718904208434,-0.201767835509972,-0.202802986429022,-0.203824849123217,-0.204834021806206,-0.205831192976361,-0.206817124848188,-0.207792636394956,-0.208758586392491,-0.209715856834367,-0.210665337065462,-0.211607908952938,-0.212544433380528,-0.21347573831381,-0.214402608641551,-0.215325777952144,-0.216245922356091,-0.217163656416542,-0.218079531201706,-0.218994034426756,-0.219907592609844,-0.22082057512816,-0.221733300026321,-0.222646041401372,-0.22355903816663,-0.224472503980567,-0.225386638116695,-0.226301637045699,-0.227217706501206,-0.22813507380493,-0.22905400023472,-0.229974793229356,-0.230897818235924,-0.231823510018392,-0.23275238325878,-0.23368504229436,-0.234622189844913,-0.235564634592838,-0.236513297485357,-0.237469216632056,-0.238433550672476,-0.239407580487559,-0.240392709125777,-0.241390459810213,-0.242402471887443,-0.243430494573641,-0.244476378349014,-0.245542063849697,-0.246629568108119,-0.247740968000145,-0.248878380771775,-0.250043941541752,-0.251239777710745,-0.25246798025485,-0.253730571942246,-0.255029472588363,-0.256366461557289,-0.257743137825244,-0.259160878044659,-0.260620793182171,-0.262123684447019,-0.263669999372456,-0.265259789054894,-0.266892667685265,-0.268567775614654,-0.270283747271323,-0.272038685278038,-0.273830142097257,-0.275655110448889,-0.27751002359534,-0.279390766369537,-0.281292697536089,-0.283210683731479,-0.285139144839045,-0.287072110236375,-0.289003284928331,-0.290926124172548,-0.292833914840843,-0.294719861463065,-0.29657717468947,-0.298399159798239,-0.300179302874011,-0.301911352391353,-0.303589394146388,-0.305207917776003,-0.306761873467286,-0.308246717866513,-0.309658448622298,-0.31099362741686,-0.312249391731003,-0.313423455934184,-0.314514102578013,-0.315520164991607,-0.316441002427814,-0.317276469092124,-0.318026878406738,-0.318692963828931,-0.319275837465689,-0.31977694761604,-0.320198036239369,-0.320541097201866,-0.320808336002831,-0.321002131534777,-0.321125000291731,-0.321179563312697,-0.321168516034396,-0.321094601130521,-0.320960584333987,-0.320769233173622,-0.320523298506314,-0.320225498688389,-0.319878506204356,-0.319484936555307,-0.319047339201684,-0.318568190354032,-0.318049887409522,-0.317494744839972,-0.316904991347863,-0.316282768119414,-0.315630128017454,-0.314949035570982,-0.314241367632402,-0.313508914587244,-0.312753382014327,-0.31197639270667,-0.311179488974994,-0.310364135166104,-0.309531720338042,-0.308683561042441,-0.307820904172204,-0.306944929839364,-0.306056754254002,-0.305157432580247,-0.304247961749956,-0.303329283218552,-0.302402285650853,-0.301467807527591,-0.300526639665746,-0.299579527647841,-0.298627174157084,-0.297670241216642,-0.296709352332494,-0.295745094540288,-0.294778020357362,-0.293808649641728,-0.292837471360276,-0.291864945268825,-0.290891503506914,-0.289917552110426,-0.288943472445252,-0.287969622565267,-0.286996338497942,-0.286023935460877,-0.285052709012516,-0.284082936140247,-0.283114876289011,-0.282148772333439,-0.281184851496453,-0.280223326217147,-0.279264394970658,-0.278308243042623,-0.277355043260681,-0.2764049566854,-0.275458133262868,-0.274514712441077,-0.273574823752134,-0.27263858736221,-0.271706114591049,-0.27077750840276,-0.269852863869502,-0.268932268609622,-0.268015803201671,-0.267103541575678,-0.266195551382965,-0.26529189434573,0,-0.17182892625653,-0.173228608700274,-0.17458470868962,-0.175909281095468,-0.177209060699948,-0.178489165560611,-0.179753755797606,-0.181006093527684,-0.182248540915563,-0.183482610204959,-0.184709068555558,-0.185928074279736,-0.187139321530611,-0.188342177709949,-0.189535804884368,-0.190719261598259,-0.191891584709825,-0.19305185270882,-0.194199232840055,-0.195333014601642,-0.196452632068946,-0.197557677197378,-0.198647905900273,-0.199723238353985,-0.20078375468688,-0.20182968697423,-0.202861408285585,-0.203879419406418,-0.20488433377082,-0.205876861085908,-0.206857790091795,-0.207827970875613,-0.208788297137965,-0.209739688790846,-0.210683075244298,-0.211619379712929,-0.212549504841932,-0.21347431991529,-0.214394649866785,-0.215311266268324,-0.216224880421118,-0.217136138624885,-0.218045619649993,-0.218953834388818,-0.219861227616956,-0.220768181753381,-0.221675022472285,-0.222582025988717,-0.22348942781583,-0.224397432773495,-0.22530622601638,-0.226215984843768,-0.227126891052953,-0.228039143602316,-0.228952971358239,-0.229868645711037,-0.230786492858082,-0.231706905566355,-0.232630354240902,-0.233557397139256,-0.234488689584158,-0.235424992037255,-0.236367176904418,-0.23731623394875,-0.238273274189993,-0.239239532169114,-0.240216366454518,-0.241205258262133,-0.242207808056132,-0.243225729991163,-0.244260844051696,-0.245315065740656,-0.246390393169379,-0.247488891405563,-0.248612673947162,-0.249763881209775,-0.25094465594494,-0.252157115548649,-0.253403321274997,-0.254685244440427,-0.256004729790459,-0.257363456303145,-0.258762895821007,-0.260204270033976,-0.261688506476538,-0.263216194348191,-0.264787541110937,-0.266402330953099,-0.268059886325857,-0.269759033847379,-0.27149807591854,-0.273274769393702,-0.275086312590757,-0.276929341799913,-0.27879993825706,-0.280693646285825,-0.28260550298838,-0.284530079489737,-0.286461533329689,-0.288393671171258,-0.290320020578007,-0.292233909229883,-0.294128549622651,-0.295997127051073,-0.297832888527487,-0.29962923024582,-0.301379781269181,-0.303078481292435,-0.304719650597412,-0.306298050659765,-0.307808934260365,-0.309248084375994,-0.310611841548915,-0.311897119839677,-0.313101411832683,-0.314222783474447,-0.315259859770365,-0.316211802542496,-0.317078281558542,-0.317859440385211,-0.318555858304799,-0.319168509571662,-0.31969872118576,-0.320148130234409,-0.320518641710813,-0.320812387568088,-0.321031687617811,-0.321179012738856,-0.321256950729813,-0.321268175019709,-0.321215416348713,-0.321101437443709,-0.320929010642745,-0.32070089836661,-0.320419836293758,-0.320088519065018,-0.319709588325198,-0.31928562289822,-0.318819130889058,-0.318312543508126,-0.317768210420426,-0.317188396431581,-0.316575279334884,-0.315930948756843,-0.315257405852702,-0.314556563717615,-0.313830248393112,-0.313080200361876,-0.312308076436581,-0.311515451960333,-0.310703823247141,-0.309874610200771,-0.309029159059243,-0.308168745220273,-0.307294576110011,-0.306407794063751,-0.305509479192704,-0.30460065221577,-0.303682277239326,-0.302755264471616,-0.301820472861394,-0.300878712653008,-0.299930747852336,-0.298977298599801,-0.2980190434482,-0.297056621544385,-0.296090634714811,-0.295121649455859,-0.294150198830458,-0.293176784273098,-0.292201877305705,-0.291225921167169,-0.290249332359532,-0.289272502113978,-0.288295797779898,-0.287319564140291,-0.28634412465682,-0.285369782647771,-0.284396822402154,-0.283425510233072,-0.282456095473429,-0.281488811416932,-0.280523876207264,-0.279561493678143,-0.278601854146936,-0.277645135164319,-0.2766915022224,-0.275741109423591,-0.27479410011241,-0.273850607472267,-0.272910755089202,-0.271974657484433,-0.271042420617475,-0.270114142361477,-0.269189912952355,-0.268269815413216,-0.267353925955447,-0.266442314357811,-0.265535044324798,-0.264632173825381,0,-0.173121670456105,-0.17454683988326,-0.175913503422969,-0.177240700525653,-0.178538797885457,-0.179814963160376,-0.18107448576755,-0.182321183593118,-0.183557618456835,-0.184785294327719,-0.186004863838775,-0.187216331852381,-0.18841924216929,-0.189612838937356,-0.190796199746655,-0.19196834107057,-0.19312829876661,-0.194275187249312,-0.195408241101066,-0.196526842606085,-0.197630538202352,-0.198719046297469,-0.199792258378251,-0.200850234906156,-0.201893197145733,-0.202921515816817,-0.203935697279902,-0.204936367841687,-0.205924256688264,-0.206900177903301,-0.207865011996588,-0.208819687346089,-0.209765161937804,-0.210702405767884,-0.211632384247832,-0.212556042924505,-0.21347429379163,-0.214388003428734,-0.215297983157703,-0.216204981357775,-0.21710967802822,-0.218012681635845,-0.218914528233454,-0.219815682786943,-0.220716542604333,-0.221617442720654,-0.222518663059217,-0.223420437162896,-0.224322962268849,-0.225226410486656,-0.226130940832765,-0.227036711872974,-0.227943894728624,-0.228852686210483,-0.229763321855926,-0.230676088659022,-0.231591337298473,-0.232509493684116,-0.233431069657927,-0.23435667269946,-0.235287014497723,-0.236222918261102,-0.237165324643888,-0.238115296171935,-0.239074020051123,-0.240042809240788,-0.241023101670533,-0.242016457473447,-0.243024554102564,-0.244049179191301,-0.245092221013938,-0.246155656400146,-0.247241535959872,-0.24835196648301,-0.24948909039426,-0.250655062169098,-0.251852021653741,-0.253082064282175,-0.25434720824802,-0.255649358769477,-0.256990269681997,-0.258371502705458,-0.259794384858823,-0.261259964632853,-0.262768967676176,-0.264321752896111,-0.265918270015692,-0.267558019753584,-0.269240017894012,-0.270962764578871,-0.272724220173232,-0.274521789018906,-0.276352312290808,-0.278212071002752,-0.280096799972248,-0.282001713251617,-0.283921541174483,-0.285850578766558,-0.287782744846777,-0.289711650721654,-0.291630676977142,-0.293533056522955,-0.295411961767184,-0.29726059361297,-0.299072269886699,-0.300840510834768,-0.302559119461261,-0.304222254712707,-0.305824495832292,-0.307360896583558,-0.308827028458515,-0.310219012412162,-0.311533539080702,-0.312767877823085,-0.313919875258151,-0.314987944240694,-0.315971044422628,-0.316868655678713,-0.317680745742672,-0.31840773340555,-0.319050448582562,-0.319610090467706,-0.320088184877915,-0.32048654175086,-0.320807213612216,-0.321052455677545,-0.321224688107507,-0.321326460798109,-0.321360420963518,-0.321329283659962,-0.321235805306259,-0.321082760179743,-0.320872919805017,-0.320609035105953,-0.320293821157194,-0.319929944348322,-0.319520011760286,-0.319066562547831,-0.318572061122062,-0.318038891932457,-0.317469355656433,-0.316865666615844,-0.316229951252709,-0.315564247510308,-0.314870504979951,-0.314150585687815,-0.313406265409858,-0.312639235415836,-0.311851104555573,-0.311043401611884,-0.310217577854838,-0.309375009741318,-0.308517001712213,-0.307644789046998,-0.306759540742015,-0.305862362384575,-0.304954298999987,-0.304036337853038,-0.303109411189181,-0.302174398903924,-0.301232131131668,-0.300283390747578,-0.299328915778005,-0.298369401716653,-0.297405503745001,-0.296437838856648,-0.295466987886125,-0.294493497443462,-0.293517881756388,-0.292540624422465,-0.291562180073834,-0.290582975957482,-0.289603413434109,-0.288623869398822,-0.287644697626898,-0.286666230047922,-0.285688777951562,-0.284712633128213,-0.28373806894768,-0.282765341378987,-0.281794689954312,-0.280826338679932,-0.279860496896977,-0.278897360094663,-0.277937110678558,-0.276979918696341,-0.276025942523372,-0.275075329510295,-0.274128216594789,-0.273184730879457,-0.272244990177759,-0.271309103529779,-0.270377171689518,-0.269449287585339,-0.268525536755058,-0.267605997757134,-0.266690742559292,-0.265779836905874,-0.264873340665095,-0.263971308157367,0,-0.174470410644119,-0.175902268572601,-0.177268069752366,-0.178590032432396,-0.179880776987949,-0.18114879887791,-0.182400051175187,-0.183638578078634,-0.184866904121735,-0.186086358798437,-0.187297369293434,-0.188499718389207,-0.189692762102308,-0.190875605908081,-0.192047242198731,-0.193206653741762,-0.194352888700518,-0.195485112716968,-0.196602643005248,-0.197704968625829,-0.198791760285268,-0.199862872247012,-0.200918338301194,-0.201958363242244,-0.202983310934168,-0.203993689784245,-0.204990136272269,-0.205973397071552,-0.206944310229887,-0.207903785838127,-0.208852786588965,-0.209792308610465,-0.210723362941615,-0.211646957996946,-0.21256408334151,-0.213475695065391,-0.214382703008153,-0.215285960039093,-0.216186253549848,-0.217084299263612,-0.217980737411423,-0.218876131272724,-0.219770968026216,-0.220665661809542,-0.221560558843872,-0.222455944442999,-0.223352051696814,-0.224249071596378,-0.225147164352319,-0.226046471649713,-0.226947129580434,-0.22784928199752,-0.228753094044452,-0.229658765624455,-0.230566544589874,-0.231476739448339,-0.232389731399722,-0.233305985534883,-0.234226061042988,-0.235150620288071,-0.236080436626964,-0.237016400849214,-0.237959526125131,-0.238910951350419,-0.239871942775316,-0.240843893802986,-0.241828322836809,-0.24282686904976,-0.243841285942441,-0.244873432550417,-0.245925262157879,-0.246998808374606,-0.248096168438558,-0.249219483618846,-0.250370916615232,-0.251552625882557,-0.25276673685336,-0.254015310090973,-0.255300306479831,-0.256623549650208,-0.257986685941005,-0.25939114232554,-0.260838082859149,-0.262328364350207,-0.263862492102685,-0.265440576721723,-0.267062293105692,-0.268726842859163,-0.270432921440695,-0.272178691396705,-0.273961763017758,-0.275779183677885,-0.277627436974875,-0.27950245257767,-0.281399627407825,-0.28331385844281,-0.285239587041946,-0.287170854278437,-0.289101366334617,-0.291024568606433,-0.292933726792328,-0.29482201293496,-0.296682594162172,-0.298508721751554,-0.300293818129492,-0.302031559511666,-0.303715952090933,-0.305341399966685,-0.306902763367701,-0.308395406124947,-0.309815231776739,-0.3111587081115,-0.312422880350603,-0.313605373527032,-0.314704384910905,-0.315718667561872,-0.316647506247598,-0.317490687058375,-0.318248462075474,-0.318921510423314,-0.31951089696261,-0.320018029774212,-0.32044461745183,-0.320792627076405,-0.321064243594034,-0.321261831170568,-0.321387896954878,-0.321445057553325,-0.321436008403126,-0.321363496133143,-0.321230293917826,-0.321039179762997,-0.320792917609924,-0.320494241105313,-0.320145839857853,-0.319750347984921,-0.31931033474458,-0.318828297046151,-0.318306653636237,-0.317747740764605,-0.317153809144796,-0.316527022036745,-0.315869454292212,-0.315183092218,-0.314469834125997,-0.313731491453009,-0.312969790346509,-0.312186373624988,-0.311382803033103,-0.310560561722521,-0.309721056898977,-0.308865622584789,-0.307995522453832,-0.307111952702868,-0.306216044929193,-0.305308868989859,-0.304391435822359,-0.303464700210629,-0.302529563483666,-0.301586876136963,-0.300637440369482,-0.299682012530938,-0.298721305475958,-0.297755990823131,-0.296786701118157,-0.295814031901306,-0.294838543680198,-0.293860763809523,-0.292881188279857,-0.291900283418089,-0.290918487502262,-0.289936212293858,-0.288953844490663,-0.28797174710346,-0.286990260759812,-0.286009704938209,-0.28503037913583,-0.28405256397308,-0.283076522238047,-0.282102499873886,-0.281130726912065,-0.280161418354292,-0.279194775005857,-0.278230984262963,-0.277270220856558,-0.276312647555027,-0.27535841582801,-0.274407666473502,-0.273460530210264,-0.272517128237487,-0.271577572763548,-0.270641967505587,-0.269710408161553,-0.268782982856265,-0.267859772562966,-0.266940851501732,-0.266026287516067,-0.265116142428903,-0.264210472379171,-0.263309328140035,0,-0.175866641359518,-0.177287785310311,-0.178642053809631,-0.179951631493769,-0.181230035872613,-0.182486335700467,-0.183726657075153,-0.184954931849547,-0.186173413949232,-0.18738310368429,-0.188584106880078,-0.189775931089357,-0.19095772124876,-0.192128440645214,-0.193287005140915,-0.194432379123026,-0.195563641176904,-0.196680026491447,-0.197780951798545,-0.198866027430326,-0.199935059977342,-0.200988048114743,-0.202025173449987,-0.203046787720904,-0.204053397306641,-0.205045645770895,-0.20602429500352,-0.206990205435165,-0.207944315747845,-0.20888762247599,-0.209821159875618,-0.21074598042568,-0.211663136309946,-0.212573662206723,-0.213478559685585,-0.214378783474699,-0.215275229819775,-0.216168727107223,-0.217060028871499,-0.217949809251605,-0.218838660906293,-0.219727095343669,-0.220615545570267,-0.221504370918878,-0.222393863874668,-0.223284258686253,-0.224175741522985,-0.225068461921904,-0.225962545257444,-0.226858105963594,-0.227755261241168,-0.228654144991118,-0.2295549217275,-0.230457800239553,-0.231363046790347,-0.232270997658303,-0.233182070846703,-0.23409677680402,-0.235015728013731,-0.235939647325629,-0.236869374910956,-0.237805873730785,-0.238750233410772,-0.239703672415959,-0.24066753841687,-0.241643306733395,-0.242632576736546,-0.243637066080948,-0.244658602634128,-0.245699113963493,-0.246760614239766,-0.247845188418343,-0.248954973569152,-0.250092137243066,-0.251258852790632,-0.252457271588586,-0.253689492183087,-0.254957526427122,-0.256263262773951,-0.257608426989103,-0.258994540659442,-0.260422878007497,-0.261894421659384,-0.263409818160614,-0.264969334179646,-0.266572814476449,-0.268219642833361,-0.269908707238057,-0.271638370662648,-0.273406448788542,-0.275210195974275,-0.277046300646107,-0.278910891104788,-0.280799552486971,-0.282707355301306,-0.284628895587888,-0.286558346340942,-0.288489519408477,-0.290415936662556,-0.292330908844708,-0.294227620157528,-0.296099216417618,-0.297938894424311,-0.299739990144191,-0.301496063367263,-0.303200976652791,-0.304848966640089,-0.30643470613449,-0.307953355769181,-0.309400604464933,-0.310772698337006,-0.312066458108123,-0.313279285458315,-0.314409159060925,-0.315454621308628,-0.316414756918829,-0.317289164723688,-0.318077924000486,-0.318781556689857,-0.319400986792177,-0.319937498136432,-0.32039269159203,-0.320768442652532,-0.321066860170411,-0.321290246871491,-0.321441062133067,-0.321521887375414,-0.321535394295766,-0.321484316068662,-0.321371421547624,-0.321199492430202,-0.320971303290797,-0.320689604341999,-0.320357106753888,-0.319976470340227,-0.319550293408964,-0.319081104570303,-0.318571356297298,-0.318023420040152,-0.317439582704848,-0.316822044318522,-0.316172916717199,-0.315494223105447,-0.314787898351697,-0.31405578989698,-0.313299659168281,-0.31252118340053,-0.311721957783147,-0.310903497858089,-0.310067242106333,-0.309214554668826,-0.308346728156022,-0.307464986507356,-0.306570487868366,-0.305664327458746,-0.304747540409511,-0.303821104551635,-0.302885943142181,-0.301942927517034,-0.300992879662009,-0.300036574696327,-0.299074743264354,-0.298108073833049,-0.297137214893887,-0.296162777069068,-0.295185335122711,-0.294205429878421,-0.293223570045163,-0.292240233953812,-0.291255871207065,-0.290270904245655,-0.289285729833938,-0.288300720468064,-0.287316225709976,-0.2863325734505,-0.28535007110477,-0.284369006743199,-0.283389650161114,-0.282412253890131,-0.281437054154211,-0.280464271773281,-0.279494113017157,-0.278526770412417,-0.277562423504752,-0.276601239579222,-0.2756433743407,-0.274688972556717,-0.273738168664771,-0.272791087346091,-0.271847844067723,-0.270908545594722,-0.269973290474106,-0.269042169492186,-0.268115266106756,-0.267192656855568,-0.266274411742423,-0.26536059460215,-0.264451263445648,-0.263546470786126,-0.262646263947595,0,-0.177299244693091,-0.178694996567036,-0.180028544892223,-0.181319683365297,-0.182581657934655,-0.183823395815337,-0.18505071979761,-0.186267126119986,-0.187474384725115,-0.188673034302581,-0.18986278522802,-0.191042836140677,-0.192212113781877,-0.19336944840664,-0.194513697387834,-0.19564382856086,-0.196758973194553,-0.197858456640299,-0.198941812938413,-0.20000878808767,-0.201059335383662,-0.202093605222502,-0.203111931026948,-0.20411481243866,-0.205102896582524,-0.206076957998947,-0.207037877717706,-0.207986621881183,-0.208924220292602,-0.209851745250127,-0.210770291019184,-0.211680954285991,-0.21258481592052,-0.213482924354584,-0.214376280849695,-0.215265826889854,-0.216152433887843,-0.21703689534134,-0.217919921519379,-0.21880213670248,-0.219684078943243,-0.220566202260445,-0.221448881130429,-0.22233241709623,-0.223217047278659,-0.224102954545027,-0.224990279070739,-0.225879131016551,-0.226769604039398,-0.227661789356803,-0.228555790092913,-0.229451735647245,-0.230349795843936,-0.231250194638536,-0.23215322317991,-0.233059252045481,-0.233968742487782,-0.234882256548191,-0.235800465909151,-0.236724159368381,-0.237654248827475,-0.238591773692514,-0.239537903586058,-0.240493939268398,-0.241461311661705,-0.242441578864384,-0.243436421035425,-0.244447633020902,-0.245477114588228,-0.246526858129804,-0.247598933697863,-0.248695471238326,-0.249818639905243,-0.250970624360709,-0.252153597999931,-0.253369693089109,-0.254620967866461,-0.255909370735127,-0.257236701771361,-0.258604571881903,-0.260014360069448,-0.261467169401941,-0.262963782426038,-0.264504616911725,-0.266089682956675,-0.267718542606658,-0.269390273252328,-0.271103436132473,-0.272856051298594,-0.274645580365669,-0.276468918281231,-0.278322395184091,-0.280201789193958,-0.28210235067712,-0.284018838179727,-0.285945565822791,-0.287876461530338,-0.289805135036534,-0.291724954213647,-0.293629127905507,-0.295510793163773,-0.297363104586447,-0.299179323363189,-0.300952903646954,-0.302677573995174,-0.304347411847663,-0.305956909317154,-0.307501028941412,-0.308975248459086,-0.310375594099873,-0.311698662298689,-0.312941630131987,-0.31410225511459,-0.315178865274911,-0.316170340638153,-0.317076087388771,-0.31789600605769,-0.318630455092456,-0.319280211128297,-0.319846427195201,-0.320330589981326,-0.320734477136873,-0.321060115454686,-0.321309740612701,-0.321485759015762,-0.321590712135673,-0.321627243622204,-0.321598069346647,-0.321505950444405,-0.321353669344228,-0.321144008708443,-0.320879733159783,-0.320563573634661,-0.3201982141784,-0.319786280983198,-0.319330333462871,-0.318832857158122,-0.318296258270705,-0.317722859633234,-0.317114897932406,-0.31647452201613,-0.315803792128824,-0.315104679933248,-0.314379069191372,-0.313628756990446,-0.312855455413532,-0.312060793565974,-0.311246319880686,-0.310413504635467,-0.309563742625023,-0.308698355938815,-0.307818596803401,-0.306925650454611,-0.306020638010801,-0.305104619323501,-0.304178595786293,-0.303243513086548,-0.302300263887984,-0.301349690434804,-0.300392587070578,-0.299429702667033,-0.298461742959609,-0.297489372788028,-0.296513218241304,-0.295533868707521,-0.294551878829509,-0.29356777036814,-0.292582033975416,-0.291595130879926,-0.290607494487488,-0.289619531900001,-0.288631625355643,-0.287644133593651,-0.286657393146914,-0.28567171956564,-0.284687408575307,-0.283704737172036,-0.282723964658496,-0.281745333623302,-0.280769070866834,-0.279795388276241,-0.278824483652332,-0.277856541490916,-0.276891733721053,-0.275930220402555,-0.274972150384978,-0.274017661930223,-0.273066883300769,-0.272119933315444,-0.271176921874558,-0.270237950456095,-0.269303112584612,-0.268372494274361,-0.267446174448097,-0.26652422533293,-0.265606712834514,-0.264693696890806,-0.263785231806535,-0.262881366569459,-0.261982145149449,0,-0.178755198602848,-0.180114788216525,-0.181420412088413,-0.182688431532188,-0.183930930327004,-0.185156070198067,-0.186368940818421,-0.187572316388031,-0.188767303712121,-0.1899538787559,-0.191131309473914,-0.192298474074676,-0.193454091172138,-0.194596879784278,-0.195725665600175,-0.196839447364025,-0.197937434498267,-0.199019064542461,-0.200084006765673,-0.201132156487543,-0.202163623231146,-0.203178714797556,-0.204177918637656,-0.205161881430314,-0.206131387490026,-0.207087336464539,-0.208030720699671,-0.208962602612553,-0.209884092403412,-0.21079632643494,-0.211700446607632,-0.212597581053267,-0.213488826453904,-0.214375232268885,-0.215257787117536,-0.216137407521565,-0.217014929160218,-0.217891100735306,-0.218766580484573,-0.219641935322931,-0.220517642534171,-0.221394093882871,-0.222271601969156,-0.223150408608941,-0.224030694990361,-0.224912593333612,-0.225796199766533,-0.226681588121599,-0.22756882436097,-0.228457981343829,-0.229349153663499,-0.230242472299261,-0.231138118848374,-0.232036339125926,-0.232937455942761,-0.233841880893622,-0.234750125007739,-0.235662808131707,-0.236580666928831,-0.237504561389903,-0.238435479757286,-0.239374541767343,-0.240323000115768,-0.24128224004685,-0.242253776961593,-0.243239251931935,-0.244240424999965,-0.245259166133338,-0.246297443702355,-0.247357310342025,-0.24844088606554,-0.249550338505771,-0.25068786018055,-0.251855642707536,-0.253055847937087,-0.254290576028534,-0.255561830567618,-0.256871480911506,-0.258221222052555,-0.259612532411976,-0.261046630107486,-0.262524428381513,-0.264046491023273,-0.265612988762633,-0.267223657747733,-0.26887776133246,-0.270574056483663,-0.272310766160614,-0.274085559010626,-0.275895537655875,-0.277737236711172,-0.279606631467722,-0.2814991579053,-0.283409744361348,-0.285332854802055,-0.287262543224359,-0.289192518290083,-0.291116216878156,-0.293026884863067,-0.294917663111674,-0.296781676457233,-0.298612123275112,-0.300402363258503,-0.302146001076493,-0.303836963785199,-0.305469570142348,-0.30703859032787,-0.308539294974643,-0.30996749283964,-0.31131955687144,-0.312592438832571,-0.313783672995394,-0.314891369733756,-0.315914200070308,-0.316851372407229,-0.317702602767001,-0.3184680799046,-0.319148426630831,-0.319744658618267,-0.320258141856987,-0.320690549797851,-0.321043821076351,-0.321320118559159,-0.321521790305792,-0.321651332895196,-0.321711357435794,-0.321704558460606,-0.321633685807767,-0.321501519501857,-0.321310847582439,-0.321064446772107,-0.320765065835961,-0.320415411455937,-0.32001813642532,-0.319575829959191,-0.319091009914037,-0.318566116712655,-0.3180035087776,-0.317405459286548,-0.316774154075129,-0.316111690526215,-0.315420077298683,-0.314701234762861,-0.313956996023671,-0.313189108425887,-0.312399235448413,-0.31158895890624,-0.310759781389459,-0.309913128878503,-0.309050353483594,-0.308172736264282,-0.307281490091929,-0.306377762524181,-0.30546263866587,-0.304537143995473,-0.303602247140358,-0.302658862587512,-0.301707853319458,-0.300750033367622,-0.299786170277536,-0.298816987482113,-0.297843166580672,-0.29686534952272,-0.295884140696432,-0.294900108922674,-0.293913789356024,-0.292925685294804,-0.291936269902525,-0.290945987843457,-0.289955256835261,-0.288964469121766,-0.287973992869084,-0.28698417348828,-0.285995334887845,-0.285007780659187,-0.284021795198309,-0.28303764476678,-0.282055578495018,-0.281075829330822,-0.280098614935965,-0.27912413853359,-0.278152589709006,-0.277184145166391,-0.276218969443775,-0.275257215588608,-0.274299025796041,-0.273344532012009,-0.27239385650305,-0.271447112394722,-0.27050440418037,-0.269565828201896,-0.268631473104118,-0.267701420264182,-0.266775744197441,-0.265854512941124,-0.264937788417043,-0.264025626774513,-0.263118078714597,-0.262215189796727,-0.261317000728688,0,-0.180221432575844,-0.181537922304152,-0.182810653061991,-0.184052402369249,-0.185273492452101,-0.186480814916806,-0.18767836664222,-0.188867967354976,-0.190049927163163,-0.191223596308926,-0.192387783918273,-0.193541059656908,-0.194681961157248,-0.195809129794625,-0.196921393980108,-0.198017815225131,-0.199097708629539,-0.20016064635578,-0.201206450131388,-0.202235176869219,-0.203247100064851,-0.204242688643185,-0.205222584285582,-0.20618757788104,-0.207138585529807,-0.208076624423114,-0.209002788883541,-0.209918226845832,-0.210824117067833,-0.21172164737269,-0.212611994229042,-0.213496303971491,-0.214375675947304,-0.215251147846986,-0.216123683437103,-0.216994162865237,-0.217863375651668,-0.218732016422837,-0.219600683380569,-0.220469879441018,-0.221340015920723,-0.222211418596051,-0.223084335918274,-0.223958949130742,-0.22483538400774,-0.225713723916899,-0.226594023898207,-0.227476325452212,-0.228360671736933,-0.229247122886211,-0.230135771180415,-0.231026755822105,-0.231920277093152,-0.23281660969437,-0.23371611509286,-0.234619252724736,-0.235526589920792,-0.236438810439366,-0.237356721503444,-0.238281259247899,-0.239213492487404,-0.240154624716376,-0.241105994249516,-0.242069072405901,-0.243045459631781,-0.244036879448419,-0.245045170102542,-0.246072273789674,-0.247120223316317,-0.248191126067318,-0.249287145151552,-0.250410477614256,-0.251563329629743,-0.25274788862573,-0.253966292341824,-0.255220594891175,-0.256512729976816,-0.25784447151316,-0.259217392017679,-0.26063281926643,-0.262091791846661,-0.263595014385779,-0.265142813382345,-0.266735094703934,-0.268371303939481,-0.270050390890069,-0.271770779541285,-0.273530344871731,-0.275326397806558,-0.277155679514671,-0.279014366069068,-0.280898084241702,-0.282801938891589,-0.284720552037827,-0.286648113302537,-0.288578440982273,-0.290505052583326,-0.292421243261343,-0.294320170263856,-0.296194941207891,-0.298038703852164,-0.299844734956349,-0.30160652586338,-0.303317862591645,-0.304972898471899,-0.306566217691727,-0.308092888496865,-0.309548505219032,-0.31092921872893,-0.312231755327093,-0.313453424463492,-0.314592116003039,-0.31564628801731,-0.316614946276909,-0.317497616743213,-0.318294312416138,-0.319005495892853,-0.319632038940238,-0.320175180291677,-0.320636482757437,-0.321017790597618,-0.321321187957073,-0.321548959010615,-0.321703550320946,-0.32178753577574,-0.321803584347726,-0.321754430814316,-0.321642849482269,-0.321471630887948,-0.321243561384165,-0.320961405479292,-0.320627890761476,-0.32024569521907,-0.319817436755749,-0.319345664693814,-0.318832853060195,-0.318281395455333,-0.317693601314235,-0.317071693380499,-0.316417806227122,-0.315733985671801,-0.31502218894857,-0.314284285511632,-0.313522058360786,-0.312737205790721,-0.31193134347846,-0.31110600683435,-0.310262653552156,-0.309402666302944,-0.308527355525729,-0.307637962275129,-0.306735661092782,-0.305821562874951,-0.304896717713681,-0.303962117693225,-0.303018699627097,-0.302067347724357,-0.301108896176399,-0.30014413165782,-0.299173795736909,-0.298198587192868,-0.297219164238261,-0.296236146646258,-0.295250117783183,-0.294261626547548,-0.293271189217389,-0.292279291208124,-0.291286388743525,-0.290292910442646,-0.289299258825716,-0.288305811742141,-0.287312923723818,-0.286320927266978,-0.285330134045796,-0.284340836060918,-0.283353306726071,-0.282367801895755,-0.281384560837025,-0.280403807148184,-0.279425749627183,-0.278450583092347,-0.277478489157989,-0.276509636967335,-0.275544183885071,-0.274582276151727,-0.273624049501989,-0.272669629748943,-0.271719133336131,-0.270772667859222,-0.269830332558986,-0.268892218787175,-0.267958410446845,-0.267028984408537,-0.266104010903681,-0.265183553896493,-0.264267671435584,-0.263356415986411,-0.262449834745648,-0.261547969938492,-0.260650859099853,0,-0.181685417406135,-0.182955586818043,-0.184192721677599,-0.185406610439189,-0.186605464234287,-0.187794527996304,-0.188976431281548,-0.190151873186229,-0.191320287093645,-0.192480376743816,-0.19363050798523,-0.194768976942034,-0.195894183286756,-0.197004734557056,-0.198099502243013,-0.199177645356977,-0.200238612948136,-0.201282133586288,-0.202308197176147,-0.20331703250632,-0.204309082583221,-0.205284978924555,-0.206245515462868,-0.207191622426034,-0.208124340430979,-0.209044794986298,-0.209954171605775,-0.21085369176081,-0.211744589928488,-0.212628092013794,-0.213505395434088,-0.214377651149186,-0.215245947901006,-0.216111298893722,-0.216974631100852,-0.21783677733206,-0.218698471132765,-0.219560344526817,-0.220422928549587,-0.221286656458451,-0.222151869452327,-0.223018824683536,-0.223887705305201,-0.224758632266741,-0.225631677548986,-0.226506878519074,-0.227384253083059,-0.228263815320074,-0.229145591294951,-0.23002963476484,-0.230916042518282,-0.231804969110654,-0.232696640786629,-0.233591368406686,-0.234489559219713,-0.235391727346132,-0.236298502855121,-0.237210639334574,-0.238129019863343,-0.239054661301687,-0.239988716818058,-0.240932476568546,-0.241887366440276,-0.242854944762327,-0.243836896878577,-0.244835027467181,-0.245851250482707,-0.246887576590616,-0.2479460979616,-0.249028970296871,-0.250138391966906,-0.251276580167112,-0.252445744026407,-0.253648054650515,-0.254885612142341,-0.256160409718294,-0.257474295132298,-0.258828929728244,-0.260225745565478,-0.261665901198009,-0.263150236832587,-0.264679229738003,-0.26625295092097,-0.267871024214025,-0.269532589028342,-0.271236268098589,-0.272980141577234,-0.27476172881213,-0.276577979055422,-0.278425272198297,-0.280299430403016,-0.282195741213845,-0.284108992379764,-0.286033518227488,-0.287963257001307,-0.289891818158722,-0.291812558202137,-0.293718663262281,-0.29560323635201,-0.297459386999812,-0.299280320865064,-0.301059426939558,-0.302790360051767,-0.304467116604103,-0.306084101774295,-0.307636186779871,-0.309118755215727,-0.310527737903894,-0.311859636117101,-0.313111533431767,-0.314281096813511,-0.315366567826079,-0.316366745074904,-0.317280959146786,-0.318109041389174,-0.318851287892129,-0.319508420001444,-0.320081542612893,-0.320572101385714,-0.320981839879032,-0.321312757467693,-0.321567068742553,-0.321747164951689,-0.321855577898807,-0.321894946587115,-0.321867986783769,-0.321777463582739,-0.321626166963045,-0.321416890274088,-0.321152411529271,-0.320835477351801,-0.320468789390859,-0.320054993010415,-0.319596668045374,-0.319096321418575,-0.318556381416309,-0.317979193427901,-0.31736701696562,-0.316722023793737,-0.316046297009111,-0.315341830929861,-0.314610531662676,-0.313854218233144,-0.313074624176557,-0.312273399499007,-0.311452112930063,-0.31061225439879,-0.30975523767443,-0.308882403121619,-0.307995020527704,-0.307094291966473,-0.306181354668612,-0.305257283874413,-0.304323095648804,-0.303379749642707,-0.302428151788083,-0.301469156916934,-0.300503571296963,-0.299532155078677,-0.298555624650423,-0.297574654899347,-0.296589881377399,-0.295601902372521,-0.294611280885949,-0.293618546517171,-0.292624197258604,-0.291628701202425,-0.290632498162284,-0.28963600121285,-0.288639598150243,-0.287643652876556,-0.286648506711638,-0.285654479635382,-0.284661871463686,-0.283670962961238,-0.282682016894184,-0.281695279025682,-0.280710979057225,-0.279729331518542,-0.278750536608747,-0.277774780991339,-0.276802238545512,-0.275833071076123,-0.274867428984589,-0.273905451902833,-0.272947269292329,-0.271993001010166,-0.271042757843957,-0.270096642017347,-0.269154747667747,-0.268217161297848,-0.267283962202385,-0.266355222871545,-0.265431009372308,-0.264511381708991,-0.263596394164127,-0.262686095620807,-0.261780529867505,-0.260879735886375,-0.259983748125935,0,-0.183136396797577,-0.18435985440515,-0.185560807757838,-0.186746729083241,-0.187923545637207,-0.189094602167481,-0.190260979096443,-0.191422162399044,-0.192576686490095,-0.193722631336821,-0.194857966316687,-0.195980770344817,-0.197089361819999,-0.198182366223695,-0.199258742403906,-0.200317782764338,-0.201359097944399,-0.202382592998203,-0.203388439439473,-0.204377045682025,-0.205349027216139,-0.206305177154943,-0.207246437411681,-0.208173870607105,-0.209088632767614,-0.209991946899401,-0.210885077574039,-0.211769306714339,-0.212645910813519,-0.213516139849491,-0.214381198166818,-0.215242227591556,-0.216100293019899,-0.216956370682715,-0.217811339237497,-0.218665973780238,-0.219520942805785,-0.2203768080796,-0.221234027319763,-0.222092959528303,-0.222953872757861,-0.223816954054972,-0.224682321286288,-0.225550036529258,-0.226420120694444,-0.227292569042148,-0.228167367260687,-0.229044507786195,-0.229924006062829,-0.230805916466203,-0.231690347639989,-0.23257747702445,-0.233467564384517,-0.234360964172605,-0.235258136586527,-0.236159657204541,-0.237066225097231,-0.23797866932895,-0.23889795376999,-0.239825180144303,-0.240761589237064,-0.241708560181968,-0.24266760774076,-0.243640377478041,-0.244628638724001,-0.245634275207723,-0.246659273235561,-0.247705707284463,-0.24877572288072,-0.249871516642349,-0.250995313380062,-0.25214934017948,-0.253335797427668,-0.254556826801889,-0.255814476308916,-0.257110662550045,-0.258447130490185,-0.259825411128072,-0.26124677759679,-0.26271220036584,-0.264222302363135,-0.265777314980916,-0.267377036065696,-0.269020791109425,-0.270707398946968,-0.272435143312706,-0.27420175160649,-0.276004382157137,-0.277839621143459,-0.279703490135255,-0.281591464950688,-0.283498506197988,-0.285419101489837,-0.287347318904295,-0.289276870837555,-0.291201186974894,-0.293113494722099,-0.295006905114784,-0.296874501978996,-0.298709431970068,-0.300504993077974,-0.302254719259419,-0.303952459034408,-0.305592446155869,-0.307169360806854,-0.30867838017799,-0.310115217703572,-0.311476150662642,-0.312758036258751,-0.313958316658849,-0.315075013783253,-0.316106714884771,-0.317052550131534,-0.317912163515116,-0.318685678447487,-0.319373659394854,-0.319977070833009,-0.320497234708049,-0.320935787459098,-0.321294637516038,-0.321575924034428,-0.321781977479381,-0.321915282526208,-0.3219784436127,-0.321974153358954,-0.321905163967317,-0.321774261628018,-0.321584243885027,-0.321337899860804,-0.321037993196504,-0.320687247534309,-0.320288334349216,-0.319843862927041,-0.319356372281979,-0.318828324809401,-0.31826210147612,-0.317659998360141,-0.317024224363852,-0.31635689993787,-0.315660056666718,-0.314935637581653,-0.314185498079835,-0.313411407342437,-0.312615050156898,-0.31179802906036,-0.310961866732151,-0.310108008573087,-0.309237825418296,-0.308352616338255,-0.30745361148984,-0.306541974985481,-0.305618807753965,-0.304685150371279,-0.303741985844001,-0.302790242331339,-0.301830795794974,-0.300864472568491,-0.299892051840376,-0.29891426804641,-0.297931813168879,-0.296945338941258,-0.295955458958127,-0.294962750690922,-0.293967757410816,-0.292970990020576,-0.291972928797694,-0.290974025051364,-0.289974702696187,-0.28897535974559,-0.287976369728098,-0.286978083029634,-0.285980828165054,-0.284984912982105,-0.283990625800953,-0.282998236492379,-0.282007997497651,-0.281020144793,-0.280034898801539,-0.279052465255332,-0.278073036010263,-0.277096789816183,-0.276123893044753,-0.275154500377278,-0.274188755454695,-0.273226791491807,-0.272268731857714,-0.271314690624341,-0.270364773084806,-0.269419076243316,-0.268477689278192,-0.267540693979503,-0.266608165162742,-0.265680171059899,-0.26475677368916,-0.263838029204462,-0.26292398822602,-0.262014696152881,-0.261110193458529,-0.260210515970469,-0.259315695134695,0,-0.18456583642029,-0.185744017496537,-0.186910050844201,-0.18806921552973,-0.189225081460257,-0.19037895064046,-0.19153026709571,-0.19267728763964,-0.19381768382209,-0.194948976561971,-0.196068814123504,-0.197175132745626,-0.198266236838023,-0.199340826851502,-0.200397994910944,-0.2014372020487,-0.202458246132105,-0.203461226073129,-0.20444650544951,-0.205414677065381,-0.206366529031402,-0.207303012453507,-0.208225210620264,-0.209134309548223,-0.210031569798552,-0.210918299564758,-0.211795829120213,-0.212665486789827,-0.213528576665109,-0.214386358313575,-0.215240028742176,-0.216090706861931,-0.21693942067011,-0.217787097320408,-0.218634556194502,-0.219482505023878,-0.220331539042958,-0.221182143086763,-0.222034696482051,-0.222889480522724,-0.223746688270508,-0.224606436382096,-0.225468778634855,-0.226333720805302,-0.227201236547388,-0.228071283920559,-0.22894382222931,-0.22981882885506,-0.230696315786023,-0.231576345579498,-0.232459046521901,-0.23334462678329,-0.234233387393485,-0.235125733894882,-0.23602218655164,-0.236923389015206,-0.237830115361736,-0.238743275427434,-0.239663918373364,-0.240593234412046,-0.241532554624656,-0.242483348790699,-0.24344722114245,-0.244425903945478,-0.24542124879543,-0.246435215511412,-0.247469858499395,-0.248527310456843,-0.249609763294,-0.250719446159962,-0.251858600484687,-0.253029451983307,-0.254234179618277,-0.255474881579326,-0.256753538421888,-0.25807197360198,-0.259431811758747,-0.260834435223532,-0.262280939373404,-0.263772087593179,-0.265308266757203,-0.266889444282957,-0.268515127933954,-0.270184329649415,-0.271895534742036,-0.273646677822331,-0.275435126768795,-0.277257675959885,-0.279110549811858,-0.280989417425163,-0.282889418835464,-0.284805203002736,-0.286730977267836,-0.288660567579609,-0.290587488369975,-0.292505020554178,-0.294406295783736,-0.296284384803187,-0.298132387577481,-0.299943522777474,-0.301711214242142,-0.303429172175654,-0.30509146707574,-0.30669259471051,-0.308227530842798,-0.309691774819815,-0.311081381576189,-0.312392982016236,-0.313623792125469,-0.314771611494987,-0.315834812213858,-0.31681231928731,-0.317703583871184,-0.318508550678624,-0.319227620919838,-0.319861612088996,-0.320411715824153,-0.320879454947472,-0.321266640654303,-0.321575330670522,-0.321807789046105,-0.32196644810591,-0.322053872941091,-0.322072728700114,-0.322025750828979,-0.32191571831714,-0.321745429928644,-0.321517683336584,-0.321235257031847,-0.320900894842889,-0.320517292880114,-0.320087088704781,-0.319612852516429,-0.319097080153121,-0.318542187703926,-0.317950507541731,-0.317324285595689,-0.316665679695428,-0.315976758832935,-0.315259503202091,-0.314515804889877,-0.313747469106824,-0.312956215857254,-0.312143681961908,-0.311311423356848,-0.310460917602686,-0.309593566547548,-0.308710699095477,-0.307813574039435,-0.306903382924634,-0.305981252913709,-0.3050482496303,-0.304105379961992,-0.303153594807366,-0.302193791755151,-0.301226817686254,-0.30025347129181,-0.29927450550236,-0.298290629824969,-0.29730251258644,-0.296310783081969,-0.295316033629488,-0.294318821530711,-0.293319670940526,-0.292319074646813,-0.291317495763158,-0.290315369337219,-0.289313103877653,-0.288311082802703,-0.287309665813567,-0.28630919019576,-0.285309972051632,-0.284312307467213,-0.28331647361649,-0.282322729806151,-0.281331318463748,-0.280342466072154,-0.279356384053067,-0.278373269602223,-0.277393306478862,-0.276416665751902,-0.275443506505133,-0.274473976503675,-0.273508212823787,-0.272546342448072,-0.271588482827963,-0.270634742415298,-0.269685221164726,-0.268740011008535,-0.267799196305468,-0.266862854264959,-0.265931055348174,-0.265003863647146,-0.264081337243236,-0.263163528546075,-0.262250484614069,-0.261342247457516,-0.260438854325272,-0.259540337975925,-0.258646726934293,0,-0.185966653566749,-0.187102782899829,-0.188236678729638,-0.189371384388037,-0.190508088317425,-0.19164600499862,-0.192782947178028,-0.193916001562294,-0.195042068351638,-0.196158212015764,-0.197261859134361,-0.198350891751623,-0.199423674459127,-0.200479041893102,-0.201516264622275,-0.202535005099179,-0.203535270767607,-0.204517368187461,-0.2054818599102,-0.206429524573175,-0.20736132003524,-0.208278349131007,-0.209181827607207,-0.2100730539044,-0.210953380587895,-0.211824187372133,-0.212686855802723,-0.213542745751265,-0.214393173938014,-0.215239394727623,-0.216082583446431,-0.21692382244973,-0.217764090128352,-0.218604252990088,-0.219445060887527,-0.220287145394143,-0.221131021259231,-0.22197709080329,-0.222825651051929,-0.223676903351056,-0.224530965160855,-0.225387883692108,-0.226247651026358,-0.227110220351059,-0.227975522941531,-0.22884348553217,-0.229714047738263,-0.230587179215362,-0.231462896273408,-0.232341277695871,-0.233222479548209,-0.234106748793191,-0.234994435561732,-0.235886003955479,-0.236782041280659,-0.237683265630929,-0.238590531749864,-0.239504835111193,-0.240427314157239,-0.24135925063357,-0.242302067951524,-0.243257327500764,-0.244226722822573,-0.245212071542464,-0.246215304949293,-0.247238455099032,-0.2482836393164,-0.249353041968517,-0.250448893393482,-0.251573445885348,-0.252728946667076,-0.253917607826698,-0.255141573250445,-0.256402882661181,-0.257703432961746,-0.2590449371904,-0.260428881518315,-0.261856480854538,-0.263328633768162,-0.264845877585232,-0.26640834466223,-0.268015720970348,-0.269667208235426,-0.271361490957003,-0.27309670966544,-0.274870441758713,-0.276679691181443,-0.278520888062354,-0.280389899210208,-0.282282050084792,-0.284192158515879,-0.286114580052111,-0.288043264400877,-0.28997182199127,-0.291893599279384,-0.293801761043777,-0.295689377612804,-0.297549514745152,-0.299375323765601,-0.301160129548069,-0.302897514038207,-0.304581393211179,-0.306206085652901,-0.307766371315169,-0.309257539403353,-0.31067542478456,-0.312016432729428,-0.313277552199897,-0.314456358249505,-0.315551004398599,-0.316560206075654,-0.317483216374569,-0.318319795467766,-0.319070175041461,-0.319735019090764,-0.320315382338263,-0.320812667431164,-0.321228581939648,-0.321565096032754,-0.321824401556623,-0.322008873090555,-0.322121031414759,-0.322163509693938,-0.322139022565693,-0.322050338223442,-0.321900253500575,-0.321691571895432,-0.32142708442435,-0.321109553151153,-0.320741697214303,-0.320326181155911,-0.319865605348163,-0.319362498310803,-0.318819310716801,-0.318238410890751,-0.317622081614921,-0.316972518070155,-0.31629182675231,-0.315582025218899,-0.314845042534716,-0.314082720298947,-0.313296814149474,-0.312488995652516,-0.311660854497263,-0.310813900925801,-0.309949568338251,-0.309069216021731,-0.308174131959526,-0.307265535683745,-0.306344581140795,-0.305412359544357,-0.304469902195155,-0.303518183250824,-0.302558122432645,-0.301590587658858,-0.30061639759678,-0.299636324128081,-0.29865109472337,-0.29766139472371,-0.296667869527948,-0.295671126685738,-0.294671737896966,-0.293670240918961,-0.292667141383395,-0.291662914525162,-0.290658006825891,-0.289652837574904,-0.288647800350659,-0.287643264425751,-0.286639576098665,-0.285637059955433,-0.284636020064361,-0.283636741106953,-0.282639489448081,-0.281644514148383,-0.280652047921785,-0.279662308040952,-0.278675497193346,-0.277691804290495,-0.276711405232953,-0.27573446363331,-0.27476113149953,-0.273791549880771,-0.272825849477725,-0.271864151219445,-0.270906566808495,-0.269953199236184,-0.26900414326954,-0.268059485911595,-0.26711930683648,-0.266183678800707,-0.265252668032007,-0.264326334596943,-0.263404732748501,-0.26248791125477,-0.261575913709765,-0.260668778827399,-0.259766540719527,-0.258869229158962,-0.257976869828284,0,-0.187333194436123,-0.188432352852146,-0.189538069708038,-0.19065142790967,-0.191771243568861,-0.192894686244395,-0.194018030098008,-0.195137320874456,-0.196248828254155,-0.197349294343733,-0.198436041613664,-0.199506995267191,-0.200560657023229,-0.201596053930028,-0.202612677059747,-0.203610418961174,-0.204589514586205,-0.205550487631528,-0.206494102567202,-0.207421321774558,-0.208333266912445,-0.209231183645509,-0.210116409037241,-0.210990341131127,-0.21185441045838,-0.212710053393568,-0.213558687420386,-0.214401688468076,-0.21524037053775,-0.216075967861863,-0.216909619834442,-0.217742358919859,-0.218575101699168,-0.21940864315066,-0.22024365419044,-0.221080682424317,-0.221920155988541,-0.222762390287763,-0.223607597377189,-0.224455897684633,-0.22530733372871,-0.226161885462488,-0.227019486857775,-0.227880043343089,-0.228743449717386,-0.229609608179997,-0.230478446143334,-0.231349933526548,-0.232224099263555,-0.233101046795534,-0.233980968354337,-0.234864157877581,-0.235751022427103,-0.236642092008883,-0.237538027713746,-0.238439628113652,-0.239347833858106,-0.240263730419301,-0.241188548933466,-0.242123665080278,-0.243070595932943,-0.244030994699778,-0.245006643265138,-0.245999442424717,-0.247011399699257,-0.248044614603147,-0.249101261242218,-0.250183568120035,-0.251293795046167,-0.252434207065188,-0.253607045363336,-0.254814495162468,-0.256058650679512,-0.257341477314685,-0.258664771333568,-0.260030117425623,-0.261438844653112,-0.262891981446172,-0.264390210447263,-0.265933824154857,-0.267522682454299,-0.269156173243706,-0.270833177454519,-0.272552039818994,-0.274310546740091,-0.276105912563748,-0.277934775432321,-0.279793203707452,-0.281676713691167,-0.283580299051217,-0.285498471981098,-0.287425315712779,-0.289354547571207,-0.291279591337703,-0.293193657299499,-0.295089828029647,-0.296961147687173,-0.298800712469276,-0.300601759796366,-0.302357753870641,-0.304062465415422,-0.305710043664221,-0.307295079007667,-0.308812655100693,-0.310258389656996,-0.31162846358756,-0.312919638551454,-0.314129263360154,-0.315255269995554,-0.31629616025634,-0.31725098423233,-0.318119311921509,-0.318901199353872,-0.319597150576946,-0.320208076799521,-0.320735253893106,-0.321180279325918,-0.32154502946186,-0.321831618006507,-0.322042356231133,-0.322179715460761,-0.322246292177662,-0.322244775970872,-0.322177920456981,-0.322048517208366,-0.321859372652052,-0.32161328784466,-0.321313040985128,-0.320961372495535,-0.320560972479744,-0.320114470357918,-0.319624426470744,-0.319093325448742,-0.318523571148153,-0.317917482964195,-0.317277293344189,-0.31660514633608,-0.315903097021779,-0.315173111698787,-0.314417068687499,-0.313636759654968,-0.312833891358649,-0.312010087725489,-0.311166892192728,-0.310305770246724,-0.309428112105197,-0.308535235496371,-0.307628388495704,-0.306708752387287,-0.305777444522567,-0.304835521153955,-0.303883980225104,-0.302923764103305,-0.301955762242586,-0.300980813768779,-0.299999709980082,-0.299013196758564,-0.298021976889664,-0.297026712288066,-0.29602802612942,-0.295026504888305,-0.294022700283523,-0.293017131132415,-0.29201028511633,-0.291002620459743,-0.289994567525757,-0.288986530330926,-0.287978887982454,-0.286971996040898,-0.285966187811538,-0.284961775567561,-0.283959051708199,-0.282958289854885,-0.281959745888436,-0.280963658930183,-0.279970252269884,-0.278979734243141,-0.27799229906096,-0.277008127593966,-0.276027388113689,-0.275050236993221,-0.274076819369449,-0.273107269768951,-0.272141712699535,-0.271180263209327,-0.270223027415187,-0.269270103002152,-0.268321579695512,-0.267377539707049,-0.266438058156868,-0.265503203472185,-0.264573037764355,-0.263647617185349,-0.262726992264838,-0.261811208228952,-0.260900305301746,-0.259994318990325,-0.259093280354537,-0.258197216262108,-0.257306149629991,0,-0.188662095366006,-0.189730426764991,-0.190812743729947,-0.191908385343215,-0.193013838593765,-0.19412435178472,-0.195234834084057,-0.196340481305419,-0.197437113943293,-0.19852130911756,-0.199590413956434,-0.200642497488824,-0.201676274035352,-0.202691017185199,-0.203686475288601,-0.204662794099996,-0.205620448685396,-0.206560184545808,-0.207482966797461,-0.208389935869014,-0.209282368232762,-0.210161640956868,-0.211029199202779,-0.211886526115305,-0.212735114825417,-0.213576442496739,-0.21441194649725,-0.215243002874755,-0.216070907365895,-0.216896859181746,-0.217721947795525,-0.218547142916274,-0.219373287772994,-0.220201095762503,-0.221031150436854,-0.221863908727651,-0.222699707229463,-0.223538771296548,-0.224381226649191,-0.22522711314016,-0.226076400299391,-0.226929004256192,-0.227784805632836,-0.228643668010197,-0.229505456583545,-0.230370056652953,-0.231237391625591,-0.232107440244527,-0.232980252798067,-0.233855966103191,-0.234734817094458,-0.235617154884169,-0.23650345118946,-0.237394309046438,-0.238290469749867,-0.239192817969095,-0.240102384997025,-0.241020350089272,-0.241948039845971,-0.242886925579855,-0.243838618602304,-0.24480486334531,-0.245787528223262,-0.246788594125543,-0.247810140421004,-0.248854328350134,-0.249923381682185,-0.251019564524442,-0.252145156191409,-0.253302423074488,-0.254493587499822,-0.255720793624403,-0.256986070499577,-0.258291292526823,-0.259638137642779,-0.261028043697217,-0.262462163626372,-0.263941320170245,-0.265465961030551,-0.267036115508355,-0.268651353788392,-0.270310750140517,-0.272012851377087,-0.273755651927656,-0.275536576859395,-0.277352474075188,-0.279199616756443,-0.281073716883063,-0.282969950362431,-0.28488299394136,-0.286807073673764,-0.288736024291134,-0.29066335839525,-0.292582343987747,-0.294486088494164,-0.29636762715432,-0.298220013455394,-0.300036409192665,-0.301810171761833,-0.303534936414913,-0.305204691440128,-0.3068138445392,-0.308357279052334,-0.309830399097678,-0.311229163122969,-0.312550105788075,-0.313790348486672,-0.314947599155939,-0.316020142302635,-0.31700682038502,-0.317907007831023,-0.318720579046226,-0.319447871776825,-0.320089647151506,-0.320647047642297,-0.321121554068794,-0.321514942633275,-0.321829242825759,-0.322066696886468,-0.322229721365249,-0.322320871178593,-0.322342806438611,-0.322298262217074,-0.322190021312423,-0.322020890008729,-0.321793676752249,-0.321511173622379,-0.321176140437994,-0.320791291315691,-0.32035928348162,-0.319882708131726,-0.319364083134769,-0.318805847376982,-0.318210356555471,-0.317579880238299,-0.316916600021846,-0.316222608629584,-0.315499909810507,-0.314750418909369,-0.313975963994548,-0.313178287442303,-0.312359047888393,-0.311519822469321,-0.310662109285833,-0.309787330030665,-0.308896832731006,-0.30799189456368,-0.30707372470771,-0.306143467204849,-0.305202203803761,-0.304250956768053,-0.303290691632206,-0.302322319892792,-0.301346701625202,-0.300364648018554,-0.299376923823456,-0.298384249709075,-0.297387304527338,-0.296386727483321,-0.295383120211835,-0.294377048761028,-0.293369045484421,-0.292359610843355,-0.291349215122159,-0.290338300058676,-0.289327280393003,-0.288316545337425,-0.287306459970637,-0.286297366559392,-0.285289585810722,-0.284283418057861,-0.28327914438295,-0.282277027679566,-0.281277313658,-0.280280231796167,-0.279285996238899,-0.278294806648293,-0.277306849007663,-0.276322296381565,-0.275341309634226,-0.274364038108612,-0.273390620268286,-0.272421184304059,-0.271455848707388,-0.270494722812326,-0.269537907307773,-0.268585494721672,-0.2676375698787,-0.266694210332928,-0.265755486776843,-0.264821463428051,-0.263892198394895,-0.262967744022174,-0.262048147218061,-0.261133449763272,-0.26022368860347,-0.25931889612583,-0.258419100420666,-0.257524325528916,-0.256634591676293,0,-0.189952561669071,-0.190996131920774,-0.192060291286644,-0.193142066826332,-0.194235700991121,-0.195334722610935,-0.196432921937412,-0.197524886747189,-0.198606199204969,-0.199673442651302,-0.200724121310217,-0.201756546335111,-0.202769714539648,-0.203763193237214,-0.204737017672496,-0.20569160319494,-0.206627671620847,-0.207546189801823,-0.208448317932739,-0.209335365244005,-0.210208751133577,-0.2110699702977,-0.211920560897995,-0.212762075203561,-0.213596052456019,-0.214423993928232,-0.215247340295766,-0.216067451527333,-0.216885589538125,-0.217702903848436,-0.218520420457867,-0.21933903409051,-0.220159503895885,-0.220982452610508,-0.221808369101721,-0.222637614134011,-0.223470429122934,-0.224306947576501,-0.22514720887097,-0.225991173969171,-0.226838742665342,-0.227689771930838,-0.228544094939059,-0.229401540364006,-0.230261951572967,-0.231125205367767,-0.231991229968276,-0.232860021974074,-0.233731662083052,-0.234606329387139,-0.235484314103604,-0.23636602863399,-0.237252016870692,-0.238142961692786,-0.239039690607678,-0.239943179503501,-0.240854554479241,-0.241775091716091,-0.242706215345219,-0.243649493255215,-0.244606630768191,-0.245579462098245,-0.246569939491405,-0.247580119933908,-0.248612149307563,-0.249668243868871,-0.250750668934534,-0.25186171467185,-0.253003668920257,-0.254178787011672,-0.255389258613833,-0.256637171693678,-0.257924473787506,-0.259252930871007,-0.260624084244085,-0.262039205980327,-0.263499253635272,-0.265004825056001,-0.266556114280229,-0.268152869647557,-0.269794355359399,-0.271479317806653,-0.273205958024865,-0.274971911625076,-0.276774237476182,-0.278609416275126,-0.280473359932004,-0.282361432420008,-0.284268482401724,-0.286188887555974,-0.288116610110052,-0.290045262652288,-0.291968182883529,-0.293878515588466,-0.295769299793068,-0.297633558843547,-0.299464391011228,-0.30125505820562,-0.302999070466355,-0.304690264097596,-0.306322871592471,-0.307891581851148,-0.309391589601094,-0.310818633356718,-0.312169021683137,-0.31343964793243,-0.314627993981371,-0.315732123803064,-0.316750667941956,-0.317682800128739,-0.318528207369479,-0.319287054877,-0.31995994718981,-0.320547886754657,-0.321052231143725,-0.321474649947325,-0.321817082237733,-0.322081695348541,-0.32227084556391,-0.32238704116932,-0.322432908184102,-0.322411158978963,-0.322324563880478,-0.322175925779512,-0.321968057691494,-0.321703763162336,-0.32138581937327,-0.32101696276933,-0.320599877017939,-0.320137183094398,-0.319631431288322,-0.319085094927868,-0.318500565625523,-0.31788014985918,-0.317226066714246,-0.316540446625832,-0.31582533097393,-0.315082672398566,-0.314314335715635,-0.31352209932737,-0.312707657033877,-0.311872620163801,-0.31101851995289,-0.310146810108962,-0.309258869510589,-0.30835600499466,-0.307439454195018,-0.306510388400498,-0.30556991540614,-0.304619082336068,-0.303658878420601,-0.302690237713722,-0.301714041740026,-0.300731122062875,-0.299742262767654,-0.298748202855872,-0.297749638547402,-0.296747225489414,-0.295741580871633,-0.294733285448399,-0.29372288546871,-0.292710894515985,-0.291697795259704,-0.290684041121438,-0.289670057858007,-0.288656245064688,-0.287642977601513,-0.286630606945772,-0.285619462473836,-0.284609852675439,-0.283602066303517,-0.282596373462623,-0.281593026638927,-0.28059226167465,-0.279594298689759,-0.278599342953609,-0.277607585709137,-0.276619204952085,-0.275634366167659,-0.274653223026878,-0.273675918044807,-0.272702583202724,-0.271733340536207,-0.270768302690985,-0.269807573448352,-0.268851248221807,-0.267899414526513,-0.266952152423087,-0.266009534937143,-0.265071628455936,-0.264138493103381,-0.263210183094643,-0.262286747071448,-0.261368228419168,-0.260454665566713,-0.259546092270168,-0.25864253788109,-0.257744027600298,-0.256850582717977,-0.255962220840837,0,-0.191204846692548,-0.192229879203396,-0.193281250610392,-0.194352939475281,-0.195437091977856,-0.196525796029007,-0.197612031054752,-0.198690056078041,-0.199755442784343,-0.200804955657853,-0.201836384527933,-0.202848373160053,-0.203840261441328,-0.204811948225703,-0.205763776644814,-0.206696440515455,-0.207610908718797,-0.208508363810826,-0.209390151296733,-0.210257736598051,-0.211112667475537,-0.211956540369925,-0.212790969706779,-0.213617559660353,-0.214437878194455,-0.215253433416339,-0.216065652414094,-0.216875862817261,-0.217685277339203,-0.218494981539989,-0.219305924999851,-0.220118916024284,-0.220934619919905,-0.221753560792298,-0.22257612672908,-0.223402578148649,-0.224233059021599,-0.225067610610997,-0.225906187331437,-0.226748674296401,-0.227594906108805,-0.228444686450022,-0.22929780803671,-0.230154072540233,-0.231013310098123,-0.23187539808814,-0.232740278880454,-0.233607976329771,-0.234478610814538,-0.235352412672633,-0.236229733920621,-0.237111058175471,-0.23799700872273,-0.2388883546932,-0.239786015321053,-0.240691062260388,-0.241604719935094,-0.242528363889339,-0.243463517094295,-0.244411844151899,-0.245375143320226,-0.246355336268811,-0.247354455457806,-0.248374629024001,-0.249418063051316,-0.2504870211054,-0.25158380092338,-0.252710708172545,-0.253870027227637,-0.255063988967108,-0.256294735655425,-0.257564283062057,-0.258874480068251,-0.260226966129273,-0.261623127090494,-0.263064049997376,-0.264550477687244,-0.266082764098476,-0.267660831372641,-0.26928412994782,-0.270951602936775,-0.272661656140982,-0.274412135060263,-0.276200310208593,-0.278022871932214,-0.279875935742557,-0.281755058923582,-0.283655268855987,-0.285571103129518,-0.287496661104551,-0.289425666155284,-0.291351537402398,-0.293267469348126,-0.29516651748597,-0.297041687693304,-0.298886027045776,-0.300692713629419,-0.30245514297435,-0.304167008889443,-0.305822376729681,-0.307415747459953,-0.308942111268847,-0.310396989908969,-0.311776467371209,-0.313077208915408,-0.314296468858512,-0.315432087847391,-0.31648248060596,-0.317446615339495,-0.31832398610225,-0.319114579491244,-0.319818837026336,-0.320437614523581,-0.320972139675923,-0.321423968933239,-0.321794944633083,-0.32208715318355,-0.322302884948437,-0.322444596338871,-0.322514874479576,-0.322516404695357,-0.322451940956082,-0.322324279327428,-0.322136234399695,-0.321890618607403,-0.321590224306981,-0.321237808446972,-0.320836079643241,-0.320387687458964,-0.319895213683972,-0.31936116540889,-0.318787969694971,-0.318177969649469,-0.317533421727672,-0.316856494095626,-0.316149265901241,-0.315413727315508,-0.314651780219414,-0.313865239425585,-0.313055834336444,-0.31222521095262,-0.311374934156398,-0.310506490205082,-0.309621289378297,-0.30872066873146,-0.307805894914965,-0.306878167025116,-0.305938619458505,-0.304988324746559,-0.304028296351251,-0.303059491406743,-0.302082813394929,-0.301099114745603,-0.300109199354281,-0.299113825012717,-0.298113705748777,-0.297109514073724,-0.296101883136118,-0.295091408782451,-0.294078651525416,-0.2930641384213,-0.292048364858501,-0.291031796259496,-0.290014869698914,-0.288997995440552,-0.287981558396299,-0.286965919510047,-0.285951417069705,-0.284938367950411,-0.28392706879207,-0.282917797114245,-0.28191081237141,-0.280906356951476,-0.279904657120413,-0.278905923915706,-0.277910353991282,-0.276918130416432,-0.27592942343115,-0.274944391160221,-0.273963180288253,-0.272985926697772,-0.272012756072388,-0.271043784466931,-0.270079118846378,-0.269118857595276,-0.268163090999295,-0.267211901700461,-0.266265365127506,-0.265323549902738,-0.264386518226709,-0.263454326241944,-0.262527024376864,-0.261604657671029,-0.260687266082718,-0.25977488477984,-0.258867544415086,-0.257965271386207,-0.25706808808224,-0.256176013116449,-0.255289061546718,0,-0.192419894119404,-0.193433175194218,-0.194476944744549,-0.19554198471886,-0.196618586393839,-0.197697749992008,-0.198772001114732,-0.199835571202648,-0.200884252935706,-0.201915160441611,-0.202926486533581,-0.203917285390387,-0.204887288115926,-0.205836751693581,-0.206766338527326,-0.207677021850426,-0.208570011551688,-0.209446695204817,-0.210308589910109,-0.211157301599077,-0.211994489458056,-0.21282183397031,-0.213641007722659,-0.214453648586333,-0.21526133519523,-0.216065564842032,-0.216867734022467,-0.217669121902431,-0.218470876978139,-0.219274007158883,-0.220079373435458,-0.220887687213897,-0.22169951130156,-0.222515264437733,-0.223335229169802,-0.22415956279365,-0.224988311007065,-0.225821423870359,-0.226658773630577,-0.227500173945038,-0.22834540003596,-0.229194209319114,-0.230046362073803,-0.230901641756435,-0.231759874602701,-0.232620948211075,-0.233484828850178,-0.234351577281871,-0.235221362938616,-0.236094476335631,-0.236971339634421,-0.237852515303237,-0.238738712841471,-0.239630793548778,-0.240529773326022,-0.241436823494627,-0.242353269614395,-0.243280588268397,-0.244220401768526,-0.245174470718124,-0.246144684350372,-0.247133048544625,-0.248141671409321,-0.249172746311491,-0.250228532231089,-0.251311331325469,-0.252423463607126,-0.253567238668401,-0.254744924431698,-0.255958712964423,-0.257210683475276,-0.25850276270292,-0.259836683019151,-0.261213938694726,-0.262635740914441,-0.264102972274506,-0.265616141644167,-0.26717534041749,-0.268780201311584,-0.270429860974316,-0.272122927737208,-0.273857455876987,-0.275630927722252,-0.277440244851856,-0.27928172947348,-0.281151136842997,-0.283043679290618,-0.284954062066781,-0.286876530822727,-0.288804930116048,-0.29073277190242,-0.292653312565861,-0.294559636676317,-0.296444745368653,-0.298301647031153,-0.300123447888431,-0.301903440070695,-0.303635184877982,-0.305312589166294,-0.306929973087559,-0.308482127786658,-0.309964362072458,-0.311372537510768,-0.312703091810708,-0.313953050770329,-0.315120029394524,-0.316202223085326,-0.317198390024069,-0.318107826013883,-0.318930333131901,-0.319666183558959,-0.320316079919064,-0.32088111338154,-0.321362720666368,-0.321762640958389,-0.322082873588579,-0.322325637189063,-0.322493330879974,-0.322588497906081,-0.322613792013236,-0.322571946741572,-0.322465747715245,-0.322298007927601,-0.322071545955455,-0.321789166985606,-0.32145364649929,-0.321067716434457,-0.320634053629706,-0.320155270345913,-0.319633906660252,-0.319072424531205,-0.318473203340864,-0.317838536731317,-0.317170630564253,-0.316471601846345,-0.315743478476886,-0.314988199688111,-0.314207617062224,-0.31340349602217,-0.312577517705463,-0.311731281141719,-0.31086630566504,-0.30998403350183,-0.309085832483221,-0.308172998838897,-0.30724676003592,-0.3063082776321,-0.305358650118737,-0.304398915732094,-0.303430055216929,-0.302452994528815,-0.301468607464907,-0.300477718215288,-0.299481103829138,-0.298479496591746,-0.29747358630987,-0.296464022504173,-0.295451416508487,-0.294436343476477,-0.29341934429696,-0.292400927419634,-0.291381570593424,-0.290361722519947,-0.28934180442484,-0.288322211549856,-0.28730331456875,-0.286285460930043,-0.285268976129754,-0.284254164917206,-0.283241312436963,-0.282230685309915,-0.281222532656432,-0.280217087064464,-0.279214565505336,-0.278215170199921,-0.277219089437744,-0.276226498351492,-0.275237559649283,-0.274252424306946,-0.273271232222461,-0.272294112834611,-0.271321185707783,-0.270352561084769,-0.269388340409335,-0.268428616820198,-0.267473475618008,-0.266522994706819,-0.265577245011452,-0.264636290872109,-0.263700190417473,-0.262768995917505,-0.261842754117064,-0.260921506551395,-0.260005289844514,-0.259094135991425,-0.258188072625064,-0.257287123268819,-0.256391307575419,-0.255500641552935,-0.254615137778623,0,-0.193599814298593,-0.194608415743377,-0.195649290211369,-0.196710536618755,-0.197780943339226,-0.198850845369365,-0.19991270414848,-0.200961029635171,-0.201992057154218,-0.203003403017674,-0.203993762901596,-0.204962662489318,-0.205910257455284,-0.206837177067932,-0.207744404322739,-0.208633184888865,-0.209504957475357,-0.210361299303466,-0.211203881799074,-0.212034433037168,-0.21285470467605,-0.213666442045792,-0.214471356717688,-0.215271101327121,-0.216067246703943,-0.216861261526727,-0.217654494793394,-0.218448161414734,-0.219243331206282,-0.220040921490944,-0.220841693440036,-0.221646252183038,-0.222455050614191,-0.223268396723931,-0.224086464190832,-0.22490930588978,-0.225736869907946,-0.226569017613715,-0.227405543295975,-0.228246194881705,-0.229090695247342,-0.229938763661952,-0.23079013693501,-0.231644589885742,-0.232501954801278,-0.233362139604277,-0.234225144504267,-0.23509107695819,-0.235960164812409,-0.236832767539019,-0.237709385512587,-0.238590667298676,-0.23947741494252,-0.240370587255092,-0.24127130109521,-0.24218083064098,-0.243100604632984,-0.244032201556453,-0.244977342711709,-0.245937883103093,-0.246915800058052,-0.247913179472025,-0.248932199562981,-0.249975112014024,-0.251044220385308,-0.252141855689581,-0.253270349050949,-0.254432001405647,-0.255629050258239,-0.256863633577909,-0.258137751007809,-0.259453222665777,-0.260811645935772,-0.262214350784015,-0.2636623542782,-0.26515631513719,-0.266696489285604,-0.268282687524316,-0.2699142365447,-0.271589944600922,-0.273308073200069,-0.275066316164013,-0.276861787350819,-0.278691018190748,-0.280549965989343,-0.2824340336792,-0.284338101368984,-0.286256569654705,-0.288183414240879,-0.290112250988855,-0.292036410090231,-0.293949017680117,-0.295843082882371,-0.297711588038215,-0.299547579727337,-0.301344258156631,-0.303095062568507,-0.304793750502967,-0.306434469022767,-0.308011816360519,-0.309520892847561,-0.310957340412008,-0.3123173703625,-0.313597779581689,-0.314795955619991,-0.315909871490742,-0.316938071212909,-0.317879647322688,-0.318734211681041,-0.319501860945016,-0.320183138054152,-0.320778991019056,-0.3212907301979,-0.321719985118966,-0.322068661763606,-0.322338901073097,-0.322533039292571,-0.322653570621349,-0.322703112506303,-0.322684373796006,-0.322600125870297,-0.322453176772966,-0.322246348304266,-0.321982455974103,-0.321664291674551,-0.321294608900395,-0.320876110326826,-0.320411437542708,-0.319903162734207,-0.319353782115627,-0.318765710910671,-0.31814127969689,-0.317482731937738,-0.31679222253978,-0.316071817286303,-0.315323493012568,-0.31454913840167,-0.313750555293201,-0.31292946040947,-0.312087487415715,-0.311226189241521,-0.310347040600539,-0.309451440654423,-0.308540715774963,-0.30761612236541,-0.306678849708319,-0.305730022812716,-0.304770705238232,-0.303801901877991,-0.302824561685696,-0.301839580335411,-0.30084780280522,-0.299850025878169,-0.29884700055581,-0.297839434381254,-0.29682799366997,-0.29581330564766,-0.294795960495448,-0.29377651330334,-0.292755485933506,-0.2917333687954,-0.290710622535062,-0.289687679641264,-0.288664945971306,-0.287642802199431,-0.286621605190911,-0.285601689304867,-0.28458336762893,-0.283566933148802,-0.28255265985573,-0.281540803794865,-0.280531604057377,-0.279525283719132,-0.278522050728619,-0.277522098746755,-0.276525607941035,-0.275532745736464,-0.274543667525521,-0.273558517339386,-0.272577428482482,-0.271600524132335,-0.27062791790664,-0.269659714399316,-0.268696009687258,-0.267736891809394,-0.266782441219578,-0.265832731214757,-0.264887828339786,-0.263947792770186,-0.26301267867405,-0.262082534554276,-0.261157403572199,-0.260237323853661,-0.259322328778487,-0.25841244725429,-0.257507703975458,-0.25660811966816,-0.255713711322125,-0.254824492409933,-0.2539404730945,0,-0.194748102790249,-0.195758661405413,-0.196800588395164,-0.197860111076479,-0.198924975607634,-0.199985332371576,-0.201033981392435,-0.202066004536128,-0.203078278884992,-0.204069051165431,-0.205037597130848,-0.205983955396846,-0.206908723310292,-0.207812903645392,-0.208697791314505,-0.20956488988943,-0.210415849088406,-0.211252416258714,-0.212076396831553,-0.212889620425699,-0.213693910597622,-0.214491057179586,-0.215282790778361,-0.216070759403863,-0.216856507427603,-0.217641457186217,-0.218426893580955,-0.219213952003757,-0.220003609861055,-0.220796681880351,-0.221593819282145,-0.222395512789676,-0.223202099338953,-0.224013772248264,-0.224830594515116,-0.225652514833491,-0.226479385867963,-0.227310984285055,-0.228147032026072,-0.228987218308563,-0.229831221863418,-0.230678732948643,-0.231529474726036,-0.232383223639674,-0.233239828492168,-0.234099227972607,-0.234961466446298,-0.235826707868208,-0.236695247727657,-0.237567522969744,-0.238444119868464,-0.239325779847082,-0.240213403253138,-0.241108051099076,-0.242010944775574,-0.242923463734541,-0.243847141123587,-0.244783657335189,-0.245734831413447,-0.246702610240909,-0.247689055409408,-0.24869632766412,-0.249726668800942,-0.250782380896054,-0.251865802754934,-0.252979283488199,-0.254125153155277,-0.255305690465593,-0.256523087592019,-0.257779412233525,-0.259076567163346,-0.260416247614759,-0.261799896986918,-0.263228661494819,-0.264703344535845,-0.266224361694242,-0.267791697446569,-0.269404864756583,-0.271062868846959,-0.272764176497032,-0.274506692229792,-0.276287742708197,-0.278104070552954,-0.279951838616968,-0.281826645505176,-0.283723552817061,-0.285637124222279,-0.287561476072557,-0.289490338824618,-0.291417128122535,-0.29333502398849,-0.295237056223234,-0.297116193844507,-0.29896543621159,-0.300777903409628,-0.302546923503558,-0.30426611441598,-0.305929458426063,-0.307531367611164,-0.309066738937625,-0.310530998128009,-0.311920131863351,-0.313230708297047,-0.314459886240684,-0.315605413714813,-0.316665616827813,-0.317639380147273,-0.318526119859503,-0.319325751076981,-0.320038650657336,-0.320665616849786,-0.321207826996241,-0.321666794395296,-0.322044325298522,-0.322342476859348,-0.322563516703599,-0.322709884643957,-0.322784156923404,-0.322789013248449,-0.322727206763865,-0.3226015370277,-0.322414825968445,-0.32216989674489,-0.321869555382038,-0.321516575022077,-0.321113682606155,-0.320663547788795,-0.320168773880686,-0.319631890615621,-0.319055348542196,-0.318441514849338,-0.317792670445658,-0.317111008125229,-0.316398631665918,-0.315657555720303,-0.314889706373032,-0.314096922251913,-0.313280956092816,-0.31244347667047,-0.311586071018377,-0.310710246871224,-0.30981743527243,-0.308908993297763,-0.307986206853398,-0.307050293513337,-0.306102405366918,-0.305143631852212,-0.304175002555508,-0.303197489960918,-0.302212012137409,-0.301219435353402,-0.300220576611467,-0.299216206097666,-0.298207049541831,-0.297193790486451,-0.29617707246308,-0.295157501076105,-0.294135645994541,-0.293112042853151,-0.292087195064694,-0.291061575545508,-0.290035628356947,-0.289009770265399,-0.287984392223771,-0.286959860777462,-0.285936519397849,-0.284914689746381,-0.283894672872339,-0.28287675034728,-0.281861185339165,-0.280848223629047,-0.279838094573166,-0.278831012013175,-0.277827175137134,-0.276826769293823,-0.275829966762782,-0.274836927482454,-0.273847799738608,-0.272862720815214,-0.271881817609762,-0.270905207214969,-0.269932997468702,-0.268965287473848,-0.268002168089781,-0.267043722396998,-0.266090026136388,-0.265141148124542,-0.264197150646424,-0.263258089826662,-0.262324015980634,-0.261394973946469,-0.260471003399026,-0.259552139146833,-0.258638411412944,-0.257729846100588,-0.256826465044468,-0.255928286248477,-0.255035324110596,-0.254147589635667,-0.25326509063672,0,-0.195869591685587,-0.196887393030576,-0.197933310039916,-0.198992235596178,-0.200051425793134,-0.201101366866806,-0.202135590732531,-0.203150014525509,-0.204142322481945,-0.205111488992915,-0.206057420757752,-0.206980689346871,-0.207882334113215,-0.208763719828257,-0.209626435230633,-0.210472220430119,-0.211302913448975,-0.212120408756651,-0.212926623000868,-0.213723465004962,-0.214512808444716,-0.215296466512086,-0.216076168429484,-0.216853537999395,-0.217630074538014,-0.218407136601694,-0.219185928905543,-0.219967492776955,-0.220752700398431,-0.22154225298554,-0.22233668292687,-0.223136359791967,-0.223941499997735,-0.224752179819928,-0.225568351348843,-0.226389860920623,-0.227216469509433,-0.228047874541663,-0.228883732590345,-0.229723682424169,-0.23056736791811,-0.231414460378264,-0.232264679888462,-0.233117815346761,-0.233973742922482,-0.234832442725797,-0.235694013539166,-0.236558685510968,-0.237426830754818,-0.238298971832175,-0.239175788120523,-0.240058120084544,-0.240946971473833,-0.241843509468582,-0.242749062785487,-0.243665117741192,-0.244593312251558,-0.245535427723479,-0.246493378773865,-0.24746920068942,-0.248465034523199,-0.249483109711339,-0.250525724088045,-0.2515952211808,-0.25269396468282,-0.253824310027894,-0.254988573035582,-0.256188995653673,-0.257427708900796,-0.258706693205424,-0.260027736447749,-0.261392390136555,-0.262801924291538,-0.264257281748413,-0.265759032753991,-0.267307330864002,-0.268901871289138,-0.270541852944807,-0.272225945536775,-0.273952263047603,-0.275718344967465,-0.277521146529376,-0.279357039057306,-0.281221821314245,-0.283110742448709,-0.285018536789996,-0.286939470347929,-0.288867398449526,-0.29079583351506,-0.292718021563663,-0.294627025669094,-0.296515814283469,-0.298377352130633,-0.300204691256523,-0.301991059819225,-0.303729946306776,-0.305415177078997,-0.307040985426263,-0.308602070703445,-0.310093646507693,-0.311511477298998,-0.31285190328806,-0.314111853814524,-0.315288849791838,-0.316380996089265,-0.317386964948805,-0.318305971691811,-0.319137744058567,-0.3198824865494,-0.320540841106264,-0.321113845399104,-0.321602889872387,-0.322009674574716,-0.322336166648197,-0.322584559203053,-0.322757232153936,-0.322856715453193,-0.322885655027025,-0.322846781605587,-0.322742882539133,-0.322576776609439,-0.322351291778764,-0.322069245766241,-0.321733429302652,-0.321346591887278,-0.32091142985327,-0.32043057653913,-0.319906594361712,-0.319341968589361,-0.318739102620932,-0.318100314586542,-0.317427835097908,-0.316723805989343,-0.31599027990427,-0.315229220595973,-0.314442503824881,-0.313631918747721,-0.312799169706164,-0.311945878334033,-0.311073585912665,-0.310183755913602,-0.309277776676443,-0.308356964177404,-0.307422564851056,-0.306475758433746,-0.305517660802575,-0.304549326788438,-0.303571752945681,-0.302585880264413,-0.301592596814505,-0.300592740312856,-0.299587100607686,-0.298576422075444,-0.297561405927434,-0.296542712424586,-0.295520962999806,-0.294496742288231,-0.293470600066431,-0.292443053102118,-0.291414586916415,-0.290385657461039,-0.289356692713042,-0.28832809418991,-0.287300238387971,-0.286273478147123,-0.28524814394494,-0.284224545123207,-0.283202971049927,-0.282183692219773,-0.281166961295924,-0.28015301409613,-0.279142070525759,-0.278134335460525,-0.277129999581439,-0.276129240164483,-0.275132221827358,-0.274139097235592,-0.273150007770156,-0.272165084158665,-0.271184447072126,-0.270208207689096,-0.269236468229041,-0.26826932245655,-0.267306856158049,-0.266349147592467,-0.265396267917347,-0.264448281591715,-0.263505246757007,-0.26256721559727,-0.261634234679766,-0.260706345277082,-0.259783583671751,-0.258865981444364,-0.257953565746074,-0.257046359556357,-0.256144381926839,-0.25524764821196,-0.254356170287199,-0.253469956755537,-0.252589013142807,0,-0.196969391306387,-0.197998244860731,-0.199049882603698,-0.2001082887604,-0.201160856290732,-0.202198941521391,-0.203217167739162,-0.204212504878504,-0.205183567104511,-0.206130118137854,-0.207052718122198,-0.207952469729582,-0.208830838308135,-0.209689527260585,-0.21053039267175,-0.211355384000028,-0.212166500871732,-0.212965759153819,-0.213755162079567,-0.214536674107469,-0.215312196464319,-0.216083544105737,-0.216852424271446,-0.217620417037529,-0.218388958354635,-0.219159326060898,-0.219932629302011,-0.22070980169777,-0.22149159847796,-0.222278597681037,-0.223071205375839,-0.223869664737424,-0.224674068690037,-0.225484375728682,-0.226300428449931,-0.22712197426484,-0.227948687733195,-0.228780193948053,-0.229616092410982,-0.230455980868597,-0.231299478626517,-0.232146248913623,-0.232996019933519,-0.233848604307286,-0.234703916678442,-0.235561989314153,-0.236422985593723,-0.237287211324185,-0.238155123862169,-0.239027339050359,-0.239904635995841,-0.240787959726614,-0.241678421762563,-0.242577298629186,-0.2434860283279,-0.244406204757354,-0.245339570057615,-0.246288004825231,-0.247253516123991,-0.248238223195561,-0.249244340758247,-0.250274159772837,-0.251330025553908,-0.252414313115054,-0.253529399659259,-0.254677634162618,-0.255861304052515,-0.257082599051119,-0.258343572342299,-0.259646099324521,-0.260991834332937,-0.262382165848351,-0.26381817085543,-0.265300569162455,-0.266829678643233,-0.268405372500585,-0.270027039770461,-0.271693550375997,-0.273403226090832,-0.275153818770523,-0.276942497150804,-0.27876584338508,-0.280619860297512,-0.282499990063269,-0.284401144699829,-0.286317748373637,-0.288243791111257,-0.290172893073811,-0.292098378131755,-0.294013355088946,-0.295910804575078,-0.297783669375581,-0.299624945815062,-0.301427773764968,-0.303185522911503,-0.304891873091489,-0.306540886769973,-0.308127072075946,-0.309645435209146,-0.311091521456789,-0.312461444489021,-0.31375190401279,-0.314960192235488,-0.316084189907065,-0.317122352961912,-0.318073690964896,-0.318937738679384,-0.319714522123072,-0.320404520467144,-0.321008625075222,-0.321528096881256,-0.321964523180673,-0.322319774767019,-0.32259596419619,-0.322795405809876,-0.322920578005273,-0.322974088104071,-0.322958640053331,-0.32287700508589,-0.322731995379161,-0.322526440678338,-0.322263167792401,-0.321944982827469,-0.321574655990622,-0.321154908776487,-0.320688403337017,-0.320177733830358,-0.319625419545995,-0.319033899609118,-0.318405529076202,-0.317742576245137,-0.317047221016051,-0.316321554152552,-0.315567577306961,-0.314787203686808,-0.313982259253068,-0.313154484353219,-0.312305535703909,-0.311436988648923,-0.310550339628028,-0.309647008801278,-0.308728342781439,-0.307795617434363,-0.30685004071354,-0.305892755500659,-0.304924842428875,-0.303947322669819,-0.302961160668995,-0.301967266817444,-0.300966500050261,-0.299959670364829,-0.298947541253657,-0.297930832048288,-0.296910220172183,-0.295886343301574,-0.294859801434264,-0.293831158867092,-0.292800946083406,-0.29176966155238,-0.29073777344239,-0.289705721250956,-0.288673917353974,-0.287642748477118,-0.286612577092367,-0.285583742742705,-0.28455656329802,-0.283531336145242,-0.28250833931571,-0.28148783255272,-0.280470058322112,-0.2794552427687,-0.278443596621246,-0.27743531604858,-0.276430583469389,-0.275429568318066,-0.27443242776895,-0.273439307421134,-0.272450341945973,-0.271465655699272,-0.270485363300077,-0.269509570177878,-0.268538373089947,-0.267571860610431,-0.266610113592771,-0.265653205606891,-0.264701203352562,-0.263754167050244,-0.262812150810647,-0.261875202984193,-0.26094336649149,-0.260016679135855,-0.259095173898884,-0.258178879220003,-0.257267819260886,-0.256362014155566,-0.255461480247037,-0.254566230311076,-0.253676273767999,-0.252791616882999,-0.251912262955704,0,-0.19805230816073,-0.19909473741927,-0.200152489898311,-0.201209357844059,-0.20225355942131,-0.20327783562399,-0.204278202320638,-0.205252840917905,-0.206201369635268,-0.207124365291948,-0.208023035295693,-0.208898990467755,-0.209754091094944,-0.210590345444085,-0.211409843469592,-0.212214712182963,-0.213007083128255,-0.213789065931744,-0.214562724575176,-0.215330054853436,-0.216092962586214,-0.216853242770189,-0.217612560161978,-0.218372431897377,-0.21913421275681,-0.219899083625122,-0.22066804359117,-0.221441906004653,-0.222221298665162,-0.223006668170789,-0.223798288309061,-0.224596272238839,-0.225400588094404,-0.226211077547083,-0.227027476788542,-0.227849439354849,-0.228676560191279,-0.229508400363135,-0.230344511844549,-0.231184461861886,-0.232027856326457,-0.232874361958535,-0.233723726776595,-0.234575798698167,-0.235430542068143,-0.236288051993758,-0.237148566420502,-0.238012475928294,-0.238880331261529,-0.239752848629779,-0.240630912828341,-0.241515578230207,-0.242408067694609,-0.243309769423454,-0.24422223177739,-0.245147156039788,-0.246086387091467,-0.247041901933545,-0.248015795972367,-0.249010266961165,-0.250027596479909,-0.251070128829834,-0.252140247224376,-0.253240347175639,-0.254372807006815,-0.255539955467862,-0.256744036495266,-0.257987171237813,-0.259271317568799,-0.260598227420476,-0.261969402406674,-0.263386048341454,-0.264849029410741,-0.266358822903995,-0.267915475556607,-0.269518562681675,-0.271167151372227,-0.272859769120899,-0.274594379223199,-0.276368364293007,-0.27817851911727,-0.280021053906299,-0.281891608755858,-0.283785279831393,-0.28569665742244,-0.287619875610818,-0.289548672868793,-0.291476462475564,-0.293396411237171,-0.295301524640931,-0.297184736294081,-0.299038999306127,-0.300857377188718,-0.302633131871708,-0.304359806567605,-0.306031301449758,-0.307641940426401,-0.309186527672107,-0.310660392996099,-0.312059425558126,-0.313380095862865,-0.314619466351996,-0.315775191251861,-0.316845506611936,-0.317829211678413,-0.318725642886145,-0.31953464182376,-0.320256518537153,-0.320892011494487,-0.321442245451592,-0.321908688340914,-0.322293108170525,-0.322597530771699,-0.322824199082557,-0.32297553450797,-0.323054100757694,-0.323062570438943,-0.323003694568894,-0.322880275077785,-0.32269514029458,-0.322451123344001,-0.322151043334911,-0.321797689184111,-0.321393805895023,-0.320942083095622,-0.320445145632888,-0.319905546020226,-0.319325758538523,-0.318708174799353,-0.31805510058942,-0.317368753827594,-0.316651263479216,-0.31590466928613,-0.3151309221846,-0.31433188529674,-0.313509335393821,-0.312664964741918,-0.311800383251506,-0.310917120862903,-0.310016630108751,-0.309100288803172,-0.308169402814695,-0.307225208886784,-0.306268877475627,-0.30530151558004,-0.304324169542834,-0.303337827806895,-0.302343423612585,-0.301341837625991,-0.300333900489966,-0.29932039529206,-0.298302059945143,-0.29727958947806,-0.296253638234839,-0.295224821982042,-0.294193719924635,-0.293160876631473,-0.292126803872009,-0.29109198236626,-0.290056863450425,-0.289021870660756,-0.287987401238484,-0.286953827558718,-0.285921498486306,-0.284890740661682,-0.283861859719718,-0.282835141444595,-0.28181085286363,-0.280789243282955,-0.279770545267883,-0.278754975570665,-0.277742736008308,-0.27673401429298,-0.275728984817457,-0.274727809397957,-0.273730637976605,-0.27273760928567,-0.271748851475619,-0.270764482708933,-0.269784611721543,-0.268809338353634,-0.267838754051488,-0.266872942341961,-0.265911979281082,-0.264955933878194,-0.264004868496991,-0.263058839234715,-0.262117896280732,-0.261182084255593,-0.260251442531696,-0.259326005536523,-0.25840580303945,-0.257490860423005,-0.256581198939452,-0.25567683595349,-0.254777785171844,-0.253884056860455,-0.252995658049958,-0.252112592730095,-0.251234862033639,0,-0.199123128943149,-0.200180035940806,-0.201242892993685,-0.202296122043784,-0.203329492628837,-0.204337586176626,-0.205318031955221,-0.206270313603426,-0.207195076116445,-0.208093695334544,-0.208967992421751,-0.20982004421873,-0.210652061906457,-0.211466316374218,-0.212265092631092,-0.213050660187388,-0.213825250886215,-0.214591039368191,-0.215350123933928,-0.216104507157556,-0.216856076473774,-0.217606585372377,-0.218357635980069,-0.219110663809692,-0.219866925379105,-0.220627489280759,-0.221393231136925,-0.222164832715631,-0.222942785317227,-0.223727397379075,-0.224518806093603,-0.225316992699546,-0.226121800993227,-0.226932958519916,-0.227750099846899,-0.228572791290082,-0.229400556463409,-0.230232902042393,-0.231069343175758,-0.231909428038075,-0.232752761086478,-0.233599024661154,-0.234447998647751,-0.235299577995905,-0.236153787958476,-0.237010796977897,-0.23787092719755,-0.238734662615992,-0.239602654929884,-0.240475727127707,-0.241354874901613,-0.242241265940149,-0.243136237151709,-0.244041289848984,-0.244958082900461,-0.24588842382806,-0.246834257802366,-0.247797654460735,-0.248780792450925,-0.249785941585853,-0.250815442485808,-0.251871683584842,-0.252957075390233,-0.254074021909588,-0.255224889201021,-0.256411971059228,-0.257637451925131,-0.258903367199242,-0.260211561248697,-0.261563643523387,-0.26296094333514,-0.264404464001454,-0.265894837206235,-0.267432278577271,-0.269016545615254,-0.270646899222278,-0.272322070158306,-0.274040231791518,-0.275798980492552,-0.277595324945002,-0.279425685499301,-0.28128590448198,-0.283171268089456,-0.285076540152348,-0.286996007665182,-0.288923537554829,-0.290852643730528,-0.292776563043191,-0.294688338406916,-0.296580907025228,-0.298447191439159,-0.300280190989242,-0.302073071267595,-0.303819249230586,-0.305512471840619,-0.307146886393725,-0.308717101048598,-0.310218234479274,-0.311645954002691,-0.312996501959251,-0.314266710526574,-0.315454005505215,-0.316556399916138,-0.317572478484405,-0.318501374248351,-0.31934273862947,-0.320096706330457,-0.320763856405165,-0.321345170774554,-0.321841991357502,-0.322255976855497,-0.322589060085543,-0.322843406604997,-0.323021375222851,-0.323125480849979,-0.323158360010238,-0.323122739217915,-0.323021406326231,-0.322857184867012,-0.322632911332793,-0.322351415298579,-0.322015502239961,-0.321627938875594,-0.321191440843545,-0.32070866251109,-0.320182188714476,-0.319614528227569,-0.319008108764927,-0.318365273334378,-0.317688277765914,-0.31697928925662,-0.316240385784998,-0.315473556261776,-0.314680701297844,-0.313863634482955,-0.31302408408116,-0.31216369506045,-0.311284031384632,-0.310386578505185,-0.309472745999518,-0.308543870309936,-0.307601217544573,-0.306645986307727,-0.305679310532468,-0.30470226229312,-0.303715854579356,-0.302721044017203,-0.301718733525322,-0.300709774897557,-0.299694971304986,-0.298675079712578,-0.297650813207171,-0.29662284323481,-0.295591801746577,-0.294558283252955,-0.293522846787529,-0.292486017781373,-0.291448289850003,-0.290410126495101,-0.289371962723516,-0.288334206586241,-0.287297240640237,-0.286261423336025,-0.285227090334062,-0.284194555752899,-0.283164113352131,-0.282136037653085,-0.281110585000177,-0.280087994565754,-0.279068489301204,-0.278052276836987,-0.277039550334183,-0.276030489290033,-0.275025260299853,-0.274024017777614,-0.273026904637357,-0.272034052937536,-0.271045584490274,-0.270061611437413,-0.269082236795158,-0.268107554969034,-0.267137652240746,-0.26617260722851,-0.265212491322281,-0.264257369095275,-0.263307298693078,-0.26236233220158,-0.261422515994892,-0.26048789106436,-0.259558493329709,-0.258634353933307,-0.257715499518471,-0.256801952492693,-0.25589373127663,-0.254990850539618,-0.254093321422466,-0.253201151748223,-0.252314346221566,-0.251432906617447,-0.250556831959566,0,-0.200186382078364,-0.2012567363587,-0.202322280497815,-0.20336876760063,-0.204388242157514,-0.205377481428535,-0.206335851368795,-0.207264156536963,-0.208164040675285,-0.209037629024594,-0.209887298518229,-0.210715533607591,-0.211524841992937,-0.212317708728293,-0.213096571534427,-0.213863805497316,-0.214621710245207,-0.215372496344805,-0.216118269956907,-0.21686101604321,-0.217602580986151,-0.218344655665365,-0.219088760016698,-0.21983622998762,-0.220588207647681,-0.221345635037349,-0.22210925215381,-0.222879599284947,-0.223657023719139,-0.224441690685537,-0.225233598223752,-0.226032595549441,-0.226838404377611,-0.227650642591414,-0.228468849601586,-0.229292512729515,-0.230121093962631,-0.230954056470472,-0.231790890328566,-0.232631136970029,-0.233474411965937,-0.2343204258201,-0.23516900254701,-0.236020095879596,-0.236873803022743,-0.237730375927091,-0.238590230103901,-0.239453951035258,-0.240322298254504,-0.241196207180386,-0.242076788786057,-0.242965327172309,-0.243863275095162,-0.244772247473029,-0.245694012870299,-0.246630482924461,-0.247583699654988,-0.248555820566243,-0.249549101435858,-0.250565876666419,-0.251608537073974,-0.252679504993839,-0.253781206604272,-0.254916041403551,-0.256086348827235,-0.257294372060964,-0.258542219190545,-0.259831821935083,-0.261164892329384,-0.262542877856551,-0.263966915676972,-0.265437786750813,-0.266955870801057,-0.268521103205024,-0.270132935024818,-0.271790297480971,-0.273491572227916,-0.275234568794492,-0.277016510498312,-0.278834030022509,-0.280683175653592,-0.282559428920269,-0.284457734050631,-0.286372539289605,-0.288297849705802,-0.290227290686989,-0.29215418089976,-0.294071613096658,-0.295972540817543,-0.297849868773437,-0.299696544538023,-0.301505649115551,-0.303270484008212,-0.304984652567202,-0.306642133668647,-0.308237346090941,-0.309765202361764,-0.3112211512666,-0.312601208640806,-0.313901976480738,-0.315120650785769,-0.31625501886647,-0.317303447113977,-0.318264860416249,-0.319138714527949,-0.319924962755721,-0.320624018316724,-0.321236713674503,-0.321764258063193,-0.322208194289281,-0.322570355760062,-0.322852824538764,-0.323057891075987,-0.323188016122033,-0.32324579518955,-0.323233925814131,-0.323155177753844,-0.323012366178143,-0.322808327821963,-0.322545900021436,-0.322227902502219,-0.321857121758495,-0.321436297838565,-0.320968113339968,-0.320455184411513,-0.319900053560124,-0.319305184065472,-0.318672955813902,-0.318005662374098,-0.317305509149426,-0.316574612455273,-0.315814999383414,-0.315028608329009,-0.314217290069094,-0.313382809293929,-0.312526846504424,-0.311651000199708,-0.310756789288961,-0.309845655670672,-0.308918966930639,-0.307978019117338,-0.307024039559744,-0.30605818969838,-0.305081567905374,-0.304095212273652,-0.30310010335917,-0.302097166863348,-0.301087276245644,-0.300071255258605,-0.299049880399749,-0.298023883276321,-0.296993952880425,-0.295960737773203,-0.294924848177712,-0.293886857980978,-0.292847306646337,-0.291806701037705,-0.290765517157827,-0.289724201802873,-0.28868317413599,-0.287642827182579,-0.286603529250191,-0.285565625276011,-0.284529438104903,-0.283495269701029,-0.282463402295989,-0.281434099476424,-0.280407607213911,-0.279384154839976,-0.278363955968884,-0.277347209370861,-0.276334099798229,-0.275324798766901,-0.274319465295543,-0.273318246604627,-0.272321278777502,-0.2713286873855,-0.270340588079005,-0.269357087146327,-0.268378282042117,-0.267404261886979,-0.266435107939845,-0.265470894044618,-0.264511687052465,-0.263557547221125,-0.26260852859247,-0.261664679349529,-0.260726042154103,-0.259792654466034,-0.258864548845139,-0.257941753236764,-0.257024291241861,-0.256112182372434,-0.25520544229316,-0.254304083049942,-0.253408113286107,-0.252517538446935,-0.251632360973145,-0.250752580483948,-0.249878193950234,0,-0.201245600021892,-0.202326682518665,-0.203391155475926,-0.204426939593941,-0.205429016868937,-0.206396576573673,-0.207330737478412,-0.208233572904371,-0.209107650469462,-0.209955763944199,-0.210780767659946,-0.211585482645347,-0.212372651483971,-0.21314492115802,-0.21390483807464,-0.214654845451945,-0.215397278257634,-0.216134354236833,-0.216868161414009,-0.217600643276649,-0.218333583082723,-0.219068588679236,-0.219807079044213,-0.220550273549668,-0.221299184719874,-0.222054615037393,-0.222817158132236,-0.223587204480079,-0.224364951538457,-0.225150418071179,-0.225943462256749,-0.226743803051544,-0.227551044186364,-0.228364700117158,-0.229184223226843,-0.230009031582708,-0.230838536589084,-0.231672169932679,-0.23250940929264,-0.23334980237296,-0.23419298890559,-0.235038720363271,-0.235886877206995,-0.236737483570533,-0.237590719350802,-0.238446929726298,-0.239306632165374,-0.240170521011873,-0.241039469748033,-0.241914531034925,-0.242796934620464,-0.243688083186241,-0.244589546179074,-0.245503051643476,-0.246430476039476,-0.247373831998611,-0.248335253941682,-0.249316981457263,-0.250321340322036,-0.25135072103503,-0.252407554739597,-0.253494286421586,-0.254613345301251,-0.255767112381547,-0.25695788517783,-0.258187839734138,-0.259458990129358,-0.260773145791746,-0.262131867070657,-0.26353641965682,-0.264987728592519,-0.266486332764642,-0.268032340919097,-0.269625390365752,-0.271264609648663,-0.272948586526423,-0.27467534263128,-0.276442316143562,-0.278246353722169,-0.280083712767384,-0.281950074858015,-0.283840570904529,-0.285749818201958,-0.287671969165044,-0.289600771101822,-0.291529635953142,-0.293451718519008,-0.295360001333164,-0.297247384058089,-0.299106775073085,-0.300931182831857,-0.302713804579848,-0.30444811014447,-0.306127918734863,-0.307747466996601,-0.309301466940398,-0.310785152778422,-0.312194316132246,-0.31352532949837,-0.314775158249183,-0.315941361791469,-0.317022084788578,-0.318016039568796,-0.318922480988936,-0.319741175100989,-0.320472362986675,-0.32111672108836,-0.321675319285211,-0.322149577851264,-0.322541224297856,-0.322852250956267,-0.323084874005919,-0.323241494505984,-0.323324661849108,-0.323337039929057,-0.323281376201752,-0.323160473722651,-0.322977166162996,-0.322734295742513,-0.322434693965667,-0.322081165011174,-0.321676471598427,-0.321223323138237,-0.320724365967126,-0.320182175462693,-0.319599249841094,-0.318978005444926,-0.318320773339902,-0.317629797050652,-0.316907231279024,-0.316155141461874,-0.31537550403893,-0.314570207314698,-0.313741052811143,-0.312889757019958,-0.312017953474449,-0.311127195071392,-0.310218956582623,-0.309294637304606,-0.308355563801834,-0.307402992706669,-0.306438113544231,-0.305462051556172,-0.304475870501781,-0.303480575418829,-0.302477115330059,-0.301466385884119,-0.300449231922346,-0.299426449964913,-0.298398790611708,-0.297366960854831,-0.296331626300897,-0.295293413302375,-0.294252910998091,-0.293210673263731,-0.29216722057373,-0.291123041776434,-0.290078595784743,-0.289034313184717,-0.28799059776485,-0.286947827968826,-0.285906358274675,-0.284866520503303,-0.28382862505936,-0.282792962107431,-0.281759802686451,-0.28072939976525,-0.279701989242016,-0.278677790890411,-0.277657009254984,-0.276639834498438,-0.275626443203196,-0.274616999129638,-0.273611653933253,-0.272610547842886,-0.271613810302124,-0.270621560575797,-0.269633908323467,-0.268650954141682,-0.267672790076688,-0.266699500109201,-0.26573116061277,-0.264767840787162,-0.263809603068151,-0.262856503514985,-0.261908592176784,-0.260965913438991,-0.26002850635101,-0.259096404936027,-0.258169638484031,-0.25724823182893,-0.256332205610647,-0.255421576523017,-0.25451635754827,-0.253616558178825,-0.252722184627102,-0.25183324002399,-0.250949724606613,-0.250071635895947,-0.249198968864869,0,-0.202303542653648,-0.203390832602875,-0.204449265574519,-0.205469733339641,-0.206450671976478,-0.207393729920698,-0.208301687489416,-0.209177770301489,-0.210025354858225,-0.210847797225477,-0.21164833540203,-0.212430047488982,-0.213195845332136,-0.213948484285899,-0.214690575504471,-0.215424593605147,-0.216152877359316,-0.216877623859482,-0.217600877863391,-0.218324518350429,-0.219050244213149,-0.219779560726632,-0.220513768123187,-0.221253953298122,-0.222000985393325,-0.222755515746459,-0.22351798245127,-0.224288619549223,-0.225067470667858,-0.225854406742143,-0.226649147307068,-0.227451284736758,-0.228260310729901,-0.229075644303201,-0.229896660551971,-0.230722719465964,-0.231553194143991,-0.2323874978266,-0.233225109255715,-0.234065595967099,-0.234908635219969,-0.235754032362638,-0.236601736519519,-0.237451853559787,-0.238304656369397,-0.239160592494664,-0.240020289257108,-0.240884556456125,-0.241754386779585,-0.242630954034158,-0.243515609289123,-0.244409875001812,-0.245315437161917,-0.246234135458166,-0.24716795143653,-0.248118994586674,-0.249089486264913,-0.250081741339771,-0.251098147432509,-0.252141141621673,-0.253213184489797,-0.25431673141369,-0.25545420103877,-0.256627940934005,-0.257840190497965,-0.259093041278573,-0.260388394978775,-0.261727919546083,-0.263113003883044,-0.264544711864158,-0.266023736497076,-0.267550355215042,-0.269124387425046,-0.270745155552268,-0.272411450905764,-0.274121505732126,-0.27587297281306,-0.277662913890784,-0.279487798065806,-0.281343511102447,-0.283225376300274,-0.285128187251193,-0.287046252414473,-0.28897345102235,-0.290903299398331,-0.292829026352832,-0.294743655941434,-0.296640095553821,-0.298511227067434,-0.300349998664787,-0.302149514886787,-0.30390312257796,-0.305604490567496,-0.307247681209604,-0.308827212258901,-0.310338107958812,-0.31177593864813,-0.31313684861837,-0.31441757235949,-0.315615439694854,-0.316728370613474,-0.317754860849277,-0.318693959429352,-0.319545239516402,-0.32030876390969,-0.320985046551119,-0.32157501131845,-0.322079949286455,-0.322501475509807,-0.322841486238664,-0.323102117328167,-0.323285704453985,-0.323394745603455,-0.323431866180202,-0.323399786942331,-0.323301294891869,-0.323139217146846,-0.322916397756781,-0.322635677366691,-0.322299875592556,-0.321911775941122,-0.321474113087118,-0.32098956230991,-0.320460730887621,-0.319890151248374,-0.319280275684218,-0.318633472442428,-0.317952023020075,-0.317238120500481,-0.316493868783524,-0.315721282575374,-0.3149222880167,-0.314098723841358,-0.313252342969888,-0.312384814453679,-0.311497725696292,-0.310592584888182,-0.309670823599848,-0.308733799486401,-0.307782799063558,-0.306819040521397,-0.305843676547661,-0.304857797137289,-0.303862432369021,-0.3028585551336,-0.301847083801222,-0.300828884818602,-0.299804775228291,-0.298775525104884,-0.297741859904351,-0.29670446272415,-0.295663976472903,-0.294621005949376,-0.293576119831293,-0.29252985257512,-0.291482706228487,-0.290435152157288,-0.289387632689831,-0.288340562680618,-0.287294330996501,-0.286249301928091,-0.285205816529348,-0.284164193888294,-0.283124732331832,-0.282087710567587,-0.281053388765657,-0.280022009583114,-0.278993799133996,-0.277968967907466,-0.276947711636734,-0.275930212121208,-0.2749166380043,-0.27390714550916,-0.27290187913455,-0.271900972312951,-0.270904548032918,-0.269912719427587,-0.268925590331151,-0.267943255805038,-0.266965802635427,-0.265993309803668,-0.265025848931068,-0.264063484699461,-0.263106275248878,-0.262154272553563,-0.26120752277754,-0.260266066610843,-0.259329939587472,-0.258399172386081,-0.257473791114343,-0.256553817577884,-0.255639269534653,-0.254730160935494,-0.253826502151709,-0.252928300190295,-0.252035558897552,-0.251148279151677,-0.250266459044962,-0.249390094056154,-0.248519177213508,0,-0.203361956653054,-0.204449166246927,-0.205495581592262,-0.206495726114049,-0.207451760556434,-0.208367656569285,-0.209247667275255,-0.210096000977272,-0.210916696808318,-0.211713548530136,-0.212490074319661,-0.213249525754581,-0.213994917611618,-0.214729061073231,-0.215454589776712,-0.216173974766023,-0.216889528673924,-0.217603401475463,-0.218317570706323,-0.219033828861695,-0.219753770248305,-0.220478779084308,-0.221210020212215,-0.221948433421224,-0.222694732055039,-0.223449406295284,-0.224212731251077,-0.224984779750759,-0.225765439525095,-0.226554434297532,-0.227351348160614,-0.228155652521647,-0.228966734845826,-0.22978392840986,-0.230606542299951,-0.231433890939605,-0.232265322508567,-0.233100245707309,-0.233938154424624,-0.23477864997245,-0.23562146065581,-0.23646645854195,-0.23731367337723,-0.238163303670583,-0.239015725016765,-0.23987149577062,-0.240731360205695,-0.241596249297781,-0.24246727926806,-0.243345748003574,-0.244233129447058,-0.245131066016223,-0.246041359076862,-0.246965957457215,-0.247906943955218,-0.248866519758023,-0.249846986666719,-0.250850727000703,-0.251880181047753,-0.252937821929447,-0.25402612776912,-0.255147551082472,-0.256304485360862,-0.257499228884971,-0.258733945892455,-0.260010625327166,-0.261331037518228,-0.262696689272541,-0.264108778010518,-0.265568145727078,-0.267075233711586,-0.268630039103593,-0.270232074486585,-0.271880331819193,-0.273573252061869,-0.275308701866321,-0.277083958645979,-0.278895705231148,-0.280740035128564,-0.282612469151839,-0.284507983871879,-0.286421051964889,-0.288345694125387,-0.290275541782444,-0.292203909432385,-0.294123875005189,-0.296028366339515,-0.297910251574937,-0.299762431097473,-0.301577928607771,-0.303349978924878,-0.30507211028951,-0.3067382191785,-0.308342635970071,-0.309880180186039,-0.311346204457687,-0.312736626791921,-0.314047951129625,-0.315277276568419,-0.316422295950943,-0.317481284786173,-0.318453081669127,-0.319337061492671,-0.320133102807145,-0.320841550685937,-0.321463176406822,-0.321999135170139,-0.322450922956511,-0.322820333488908,-0.323109416116041,-0.323320435284169,-0.323455832119035,-0.32351818850373,-0.323510193915203,-0.323434615174045,-0.323294269169931,-0.323091998548795,-0.322830650286752,-0.32251305702872,-0.322142021035303,-0.32172030055802,-0.32125059844876,-0.32073555280286,-0.320177729434762,-0.319579615989646,-0.318943617502343,-0.318272053225338,-0.317567154559807,-0.316831063936758,-0.316065834508879,-0.315273430527158,-0.314455728289508,-0.313614517561168,-0.312751503378448,-0.311868308158344,-0.310966474046601,-0.310047465445955,-0.30911267167451,-0.308163409711598,-0.307200926995024,-0.306226404239382,-0.305240958250211,-0.304245644713228,-0.303241460941673,-0.302229348568219,-0.301210196170674,-0.300184841823232,-0.299154075567073,-0.298118641795881,-0.297079241553359,-0.29603653474102,-0.294991142235619,-0.293943647916367,-0.292894600602827,-0.291844515904912,-0.290793877986835,-0.289743141247249,-0.288692731918028,-0.287643049584373,-0.286594468629024,-0.285547339603488,-0.284501990529192,-0.283458728131524,-0.282417839009679,-0.281379590745224,-0.2803442329522,-0.279311998271564,-0.278283103312654,-0.277257749544288,-0.276236124138046,-0.275218400766135,-0.274204740356194,-0.273195291805266,-0.272190192655082,-0.271189569730694,-0.270193539744412,-0.269202209866901,-0.268215678267199,-0.267234034623339,-0.266257360605156,-0.265285730330813,-0.264319210798456,-0.263357862294364,-0.262401738778886,-0.261450888251367,-0.260505353095234,-0.259565170404308,-0.258630372291391,-0.257700986180085,-0.25677703508078,-0.25585853785166,-0.254945509445566,-0.254037961143475,-0.253135900775334,-0.252239332928946,-0.251348259147557,-0.250462678116746,-0.249582585841227,-0.248707975812084,-0.24783883916498,0,-0.204420519345304,-0.205500621552788,-0.206528328024662,-0.20750304739469,-0.208430608872501,-0.209316995579189,-0.21016766663118,-0.210987604790053,-0.211781344481555,-0.212552981786433,-0.213306207623014,-0.214044363694005,-0.214770503741513,-0.215487445311951,-0.21619780526322,-0.216904018675196,-0.217608344195377,-0.218312859897484,-0.219019453528391,-0.219729810345949,-0.220445401018197,-0.221167471420083,-0.221897035652124,-0.222634873192149,-0.223381530744464,-0.224137329048389,-0.224902374639176,-0.225676576317308,-0.226459665880054,-0.227251222506494,-0.228050700067856,-0.228857456560471,-0.229670784828217,-0.230489943751723,-0.231314189127499,-0.232142803534905,-0.232975124584635,-0.233810571051607,-0.234648666509909,-0.235489060201122,-0.236331544973969,-0.237176072228283,-0.2380227638764,-0.238871921398345,-0.239724032112727,-0.240579772813306,-0.241440010932918,-0.242305803393399,-0.243178393284708,-0.244059204490925,-0.244949834347968,-0.245852044380269,-0.246767749124058,-0.247699003005799,-0.24864798520817,-0.249616982425227,-0.250608369385113,-0.251624587005182,-0.252668118042525,-0.253741460114644,-0.254847095991941,-0.255987461107368,-0.257164908289936,-0.258381669808556,-0.259639816910715,-0.260941217155986,-0.262287489975399,-0.26367996103111,-0.265119616102175,-0.266607055375506,-0.268142449168766,-0.269725496245268,-0.271355385989819,-0.273030765788311,-0.274749714982193,-0.276509726741871,-0.278307699112762,-0.280139936328918,-0.282002161260535,-0.283889539566503,-0.28579671576964,-0.287717861074059,-0.289646732319278,-0.291576741036484,-0.293501031163031,-0.295412563606894,-0.297304205556632,-0.299168822224193,-0.300999368601815,-0.302788978817606,-0.304531050786997,-0.306219324071153,-0.307847949154217,-0.309411546718692,-0.310905255909041,-0.312324771002489,-0.313666366328945,-0.314926909676835,-0.316103864770737,-0.317195283696813,-0.318199790375308,-0.319116556333096,-0.319945270115116,-0.320686101697088,-0.3213396632313,-0.321906967382474,-0.322389384402244,-0.322788598959313,-0.323106567597401,-0.323345477543446,-0.32350770744103,-0.323595790444359,-0.323612379980113,-0.323560218370847,-0.323442108415528,-0.323260887940683,-0.323019407269064,-0.322720509500591,-0.322367013461444,-0.321961699149726,-0.321507295488636,-0.321006470188815,-0.320461821518948,-0.319875871786364,-0.319251062336063,-0.318589749886138,-0.317894204029126,-0.317166605741563,-0.316409046757382,-0.315623529674297,-0.314811968675553,-0.313976190762173,-0.31311793740291,-0.312238866520322,-0.311340554741818,-0.310424499853922,-0.309492123406632,-0.308544773422381,-0.307583727171008,-0.306610193978182,-0.30562531804008,-0.304630181221801,-0.303625805821058,-0.302613157282231,-0.301593146848907,-0.300566634145628,-0.29953442968181,-0.298497297272681,-0.297455956373667,-0.296411084326017,-0.295363318512542,-0.294313258423289,-0.293261467631708,-0.292208475682488,-0.291154779892726,-0.29010084706847,-0.289047115138996,-0.287993994711367,-0.286941870548015,-0.285891102970172,-0.284842029190052,-0.283794964574705,-0.282750203844474,-0.28170802220895,-0.280668676443276,-0.279632405907607,-0.278599433512438,-0.277569966632452,-0.276544197971435,-0.275522306380739,-0.274504457633648,-0.273490805157931,-0.272481490728756,-0.271476645124052,-0.270476388744297,-0.269480832198639,-0.268490076859144,-0.267504215384882,-0.266523332217489,-0.265547504049753,-0.264576800268673,-0.263611283374399,-0.262651009376364,-0.26169602816785,-0.260746383880178,-0.259802115217624,-0.258863255774133,-0.257929834332816,-0.257001875149186,-0.256079398219009,-0.25516241953162,-0.25425095130951,-0.253345002234921,-0.252444577664161,-0.251549679830316,-0.250660308034987,-0.249776458829649,-0.248898126187202,-0.248025301664245,-0.247157974554568,0,-0.205477443426132,-0.206543092232964,-0.207545067168066,-0.208489483102138,-0.20938540997067,-0.210240385875719,-0.211060757705018,-0.211852052120446,-0.212619121019592,-0.213366224313249,-0.214097119948004,-0.214815160680727,-0.215523380320162,-0.216224558086509,-0.216921258797897,-0.217615852324865,-0.218310517890717,-0.2190072387466,-0.219707791796949,-0.220413735640231,-0.221126399532479,-0.221846875041515,-0.222576011601479,-0.223314416742027,-0.224062461407993,-0.224820290476264,-0.225587838306229,-0.226364848927578,-0.227150900278008,-0.227945431757871,-0.22874777427174,-0.229557181878246,-0.230372864166899,-0.231194018518705,-0.232019861479321,-0.232849658571149,-0.233682751985411,-0.234518585718518,-0.235356727841025,-0.236196889705451,-0.23703894200582,-0.23788292769292,-0.238729071822536,-0.239577788467977,-0.240429684863259,-0.241285562960167,-0.24214641858294,-0.243013438350779,-0.243887994513375,-0.24477163781107,-0.24566608843188,-0.246573225095386,-0.247495072250993,-0.248433785338018,-0.249391634019864,-0.250370983276478,-0.251374272220597,-0.25240399049595,-0.253462652121525,-0.25455276666696,-0.255676807681547,-0.256837178354388,-0.258036174456794,-0.259275944710002,-0.260558448831342,-0.261885413638373,-0.263258287730645,-0.264678195418506,-0.266145890722397,-0.267661712417242,-0.26922554123656,-0.270836760470119,-0.27249422127688,-0.274196214080971,-0.275940447412395,-0.277724035487314,-0.279543495688939,-0.281394756906399,-0.28327317941702,-0.285173586663673,-0.287090308894892,-0.289017238217931,-0.290947894184654,-0.292875498610892,-0.294793057946559,-0.296693451190595,-0.298569521102853,-0.30041416632071,-0.302220431951423,-0.303981596284544,-0.305691251446924,-0.307343376093804,-0.308932398574871,-0.310453249411578,-0.31190140234686,-0.313272903655692,-0.31456438981208,-0.315773093975362,-0.316896842071344,-0.317934039492026,-0.318883649616845,-0.31974516546872,-0.3205185758639,-0.321204327403077,-0.321803283591703,-0.32231668228046,-0.322746092492943,-0.323093371566908,-0.32336062338691,-0.323550158337419,-0.323664455462663,-0.323706127186997,-0.323677886830541,-0.323582519051058,-0.323422853255082,-0.323201739949096,-0.322922029944243,-0.322586556284377,-0.322198118735696,-0.32175947065519,-0.321273308042859,-0.320742260577727,-0.320168884438421,-0.319555656714332,-0.318904971221876,-0.318219135551201,-0.317500369180977,-0.31675080251205,-0.315972476684156,-0.315167344053216,-0.314337269219655,-0.313484030510467,-0.312609321829287,-0.31171475479941,-0.310801861134478,-0.309872095180441,-0.308926836580404,-0.307967393021115,-0.306995003026223,-0.306010838767008,-0.305016008866257,-0.304011561175193,-0.302998485507164,-0.301977716314973,-0.300950135301526,-0.299916573955842,-0.298877816008491,-0.297834599802229,-0.296787620575047,-0.295737532654024,-0.294684951559428,-0.293630456019255,-0.29257458989514,-0.291517864021047,-0.290460757956627,-0.289403721657437,-0.288347177064464,-0.287291519615607,-0.286237119681888,-0.285184323931241,-0.284133456622773,-0.283084820834427,-0.282038699626927,-0.280995357146878,-0.279955039671817,-0.278917976599991,-0.277884381387492,-0.276854452435372,-0.27582837392921,-0.27480631663356,-0.273788438643569,-0.272774886095999,-0.271765793841762,-0.270761286082006,-0.269761476969667,-0.26876647117834,-0.267776364440219,-0.26679124405477,-0.265811189369712,-0.264836272235819,-0.263866557436953,-0.262902103096687,-0.261942961062791,-0.260989177270785,-0.260040792087719,-0.259097840637246,-0.258160353107023,-0.2572283550394,-0.256301867606318,-0.255380907869285,-0.254465489025234,-0.253555620639042,-0.252651308863444,-0.251752556647019,-0.250859363930909,-0.249971727834885,-0.249089642833325,-0.248213100921675,-0.247342091773887,-0.246476602891337,0,-0.206530800568759,-0.207573501566365,-0.208542835036564,-0.20945260666424,-0.210314328817476,-0.211136545752282,-0.211926152879445,-0.212688984108925,-0.213430030728442,-0.214153582162294,-0.214863364611382,-0.215562670610822,-0.216254462385004,-0.216941442149361,-0.217626092061973,-0.218310690980889,-0.21899731580071,-0.219687833950907,-0.220383892000775,-0.221086903860731,-0.221798040967036,-0.222518226048581,-0.22324813150481,-0.223988182987942,-0.224738568425185,-0.225499252410142,-0.226269995628166,-0.227050378759078,-0.227839830126814,-0.228637656243048,-0.229443074322151,-0.230255245826184,-0.231073310126459,-0.231896417435457,-0.232723760261071,-0.23355460275469,-0.234388307456346,-0.235224359074884,-0.236062385071374,-0.23690217293312,-0.237743684129106,-0.238587064822131,-0.239432653476787,-0.240280985545421,-0.241132795437204,-0.241989015980224,-0.242850775575367,-0.243719393216702,-0.244596371518889,-0.245483387851149,-0.246382283632379,-0.247295051796156,-0.248223822390269,-0.249170846235719,-0.250138476537163,-0.251129148312858,-0.252145355499245,-0.253189625585533,-0.254264491648468,-0.25537246168876,-0.256515985219372,-0.257697417123075,-0.258918978882626,-0.260182717391261,-0.261490461672711,-0.262843777976283,-0.264243923860173,-0.265691802030063,-0.267187914853789,-0.268732320618413,-0.270324592724291,-0.271963783111383,-0.273648391275483,-0.275376340245875,-0.277144960851744,-0.278950985495438,-0.280790552472044,-0.282659221626871,-0.284552001829747,-0.286463390377476,-0.288387424028215,-0.290317740943311,-0.29224765238617,-0.29417022262872,-0.296078355168584,-0.297964883086661,-0.299822661193769,-0.301644657538522,-0.303424041882161,-0.305154268887065,-0.306829154004479,-0.308442940367405,-0.309990355375448,-0.311466656075696,-0.312867662872461,-0.314189781515248,-0.315430013697764,-0.316585956934501,-0.317655794653832,-0.318638277651117,-0.319532698180605,-0.320338858033739,-0.321057031960125,-0.321687927744596,-0.322232644169692,-0.322692627977951,-0.323069630813176,-0.323365666973523,-0.323582972660155,-0.323723967259854,-0.323791217063493,-0.323787401698217,-0.323715283441751,-0.323577679493544,-0.323377437199509,-0.323117412164478,-0.32280044913786,-0.322429365522123,-0.322006937328895,-0.321535887392095,-0.321018875639932,-0.32045849122629,-0.31985724632568,-0.31921757140322,-0.318541811781099,-0.317832225334729,-0.317090981164589,-0.316320159103078,-0.315521749929018,-0.314697656175514,-0.313849693429341,-0.312979592031848,-0.312088999102342,-0.311179480814973,-0.310252524869404,-0.309309543103812,-0.308351874206252,-0.307380786487058,-0.306397480680807,-0.305403092751587,-0.304398696679802,-0.303385307212703,-0.30236388256426,-0.301335327052907,-0.300300493668249,-0.299260186559942,-0.298215163443821,-0.297166137921855,-0.296113781713844,-0.295058726799817,-0.294001567473007,-0.292942862303995,-0.291883136017208,-0.29082288128145,-0.289762560416494,-0.288702607018055,-0.287643427503704,-0.28658540258241,-0.285528888650509,-0.284474219116979,-0.283421705660894,-0.282371639423965,-0.281324292141025,-0.280279917211277,-0.279238750713081,-0.278201012364964,-0.277166906435469,-0.276136622604379,-0.275110336777752,-0.274088211859118,-0.273070398479084,-0.272057035685515,-0.271048251596349,-0.270044164017018,-0.269044881024348,-0.26805050151874,-0.267061115746321,-0.266076805792683,-0.265097646049753,-0.264123703657246,-0.263155038920081,-0.262191705703065,-0.261233751804101,-0.260281219307072,-0.259334144915525,-0.258392560268204,-0.257456492237415,-0.256525963211186,-0.255600991360077,-0.254681590889505,-0.253767772278368,-0.252859542504707,-0.251956905259138,-0.251059861146695,-0.250168407877726,-0.249282540448446,-0.248402251311695,-0.247527530538441,-0.246658365970534,-0.245794743365176,0,-0.207578322782198,-0.208587937554957,-0.209518322348945,-0.210389927404871,-0.21121561159615,-0.212004350831016,-0.212763258598659,-0.213498247868038,-0.214214280151126,-0.214915550769776,-0.215605666838332,-0.216287799999211,-0.216964798043521,-0.217639254248159,-0.218313542395729,-0.218989828009686,-0.219670065244915,-0.220355986588533,-0.221049090330758,-0.221750629088571,-0.222461601506435,-0.223182748477351,-0.223914554678849,-0.2246572557999,-0.225410851489282,-0.226175123759865,-0.226949660331762,-0.227733882193922,-0.22852707451354,-0.229328419928895,-0.230137033223534,-0.230951996394453,-0.231772393187226,-0.232597342268108,-0.233426028326739,-0.234257730542942,-0.235091847997078,-0.235927921746653,-0.236765653424892,-0.23760492033399,-0.238445787102874,-0.239288514054286,-0.240133562478208,-0.240981597038841,-0.241833485552135,-0.242690296362925,-0.243553293527878,-0.244423929976081,-0.245303838776513,-0.246194822594066,-0.247098841366472,-0.248017998186266,-0.248954523327581,-0.249910756319577,-0.25088912593905,-0.251892127976247,-0.252922300622238,-0.253982197335048,-0.255074357066714,-0.256201271775931,-0.257365351211749,-0.258568885033582,-0.259814002431322,-0.26110262952564,-0.262436444960794,-0.2638168342471,-0.265244843563339,-0.266721133884663,-0.268245936451625,-0.269819010732057,-0.27143960613956,-0.273106428850015,-0.274817615089975,-0.276570712248441,-0.278362669078212,-0.280189836099418,-0.28204797709448,-0.283932292293377,-0.285837453498779,-0.287757651005434,-0.289686651744936,-0.291617867657641,-0.293544432881968,-0.29545928798277,-0.297355269138104,-0.29922519998762,-0.30106198373065,-0.302858693055535,-0.304608655584494,-0.306305532722954,-0.307943390094962,-0.309516758107418,-0.311020681592284,-0.312450757902908,-0.31380316326362,-0.315074667569052,-0.316262638182712,-0.317365033579911,-0.318380387909741,-0.319307787711291,-0.32014684211191,-0.320897647865319,-0.321560750562514,-0.322137103278564,-0.3226280238139,-0.323035151560143,-0.323360404877637,-0.323605939723268,-0.323774110120062,-0.32386743092008,-0.323888543183403,-0.323840182381137,-0.323725149530973,-0.323546285290115,-0.323306446962284,-0.323008488321814,-0.322655242117395,-0.322249505089282,-0.32179402531497,-0.321291491687984,-0.320744525330859,-0.320155672745237,-0.319527400507994,-0.318862091331276,-0.318162041315452,-0.317429458236355,-0.31666646072133,-0.31587507818184,-0.315057251383586,-0.314214833547699,-0.313349591888627,-0.3124632095056,-0.311557287554907,-0.3106333476398,-0.309692834363415,-0.308737117997891,-0.307767497229799,-0.306785201948134,-0.305791396046587,-0.304787180216525,-0.303773594711332,-0.302751622066315,-0.301722189761558,-0.300686172817728,-0.299644396317199,-0.298597637844765,-0.297546629843898,-0.296492061885883,-0.295434582850337,-0.294374803016584,-0.29331329606615,-0.292250600997311,-0.291187223953107,-0.290123639964714,-0.289060294612334,-0.287997605606045,-0.286935964289217,-0.285875737067242,-0.284817266764397,-0.283760873911698,-0.282706857968637,-0.281655498481651,-0.280607056182163,-0.27956177402697,-0.278519878183696,-0.277481578963943,-0.27644707170672,-0.275416537614592,-0.274390144544968,-0.273368047758788,-0.272350390628819,-0.271337305309662,-0.270328913371471,-0.269325326399314,-0.268326646559978,-0.267332967137991,-0.266344373042475,-0.26536094128644,-0.264382741439973,-0.263409836058763,-0.262442281089289,-0.26148012625195,-0.260523415403325,-0.259572186878723,-0.258626473816081,-0.257686304462241,-0.256751702462566,-0.255822687134805,-0.254899273728067,-0.253981473667726,-0.253069294787019,-0.252162741546058,-0.25126181523896,-0.250366514189722,-0.24947683393747,-0.248592767411653,-0.24771430509773,-0.246841435193861,-0.245974143759099,-0.245112414853529,0,-0.20861600121151,-0.209581848769526,-0.210468088603793,-0.211299045141365,-0.212087691728134,-0.212842905714246,-0.213571722066899,-0.214279924728899,-0.214972292876807,-0.215652820308097,-0.216324922706316,-0.216991602727416,-0.217655560546618,-0.218319255528952,-0.218984932177894,-0.219654623649513,-0.220330143261236,-0.221013071193452,-0.221704741009795,-0.22240622886389,-0.223118347136643,-0.223841643525422,-0.224576406105096,-0.225322674493189,-0.226080256926309,-0.22684875277603,-0.227627579800378,-0.228416005248118,-0.229213179812694,-0.230018173372944,-0.230830011456154,-0.231647711409782,-0.232470317362071,-0.233296933178289,-0.234126752766841,-0.234959087246965,-0.235793388646762,-0.236629269948322,-0.23746652142877,-0.238305123357361,-0.239145255196363,-0.239987301516317,-0.240831854874818,-0.241679715923857,-0.242531891006617,-0.243389587483652,-0.244254206994055,-0.245127336813193,-0.246010739418456,-0.246906340321574,-0.247816214173591,-0.248742569099482,-0.249687729176216,-0.250654114933303,-0.251644221730682,-0.252660595857127,-0.253705808195156,-0.254782425317103,-0.255892977913166,-0.257039926506691,-0.258225624485509,-0.259452278570673,-0.26072190695492,-0.262036295470846,-0.263396952290437,-0.264805061809229,-0.266261438524394,-0.267766481869643,-0.269320133112543,-0.270921835542089,-0.272570499265865,-0.274264471986058,-0.276001517121956,-0.277778800584504,-0.279592887379692,-0.281439749018967,-0.283314782447794,-0.285212840873983,-0.28712827649688,-0.28905499472304,-0.290986519024286,-0.292916065173379,-0.294836623205911,-0.296741045128447,-0.298622136143981,-0.300472747012914,-0.302285865121638,-0.304054701894346,-0.305772774352536,-0.307433978889134,-0.30903265566256,-0.310563642408393,-0.312022316888112,-0.313404627621029,-0.314707112954001,-0.315926908894066,-0.317061746446613,-0.318109939455711,-0.319070364128966,-0.319942431546282,-0.32072605450414,-0.321421610041413,-0.322029898938511,-0.322552103388928,-0.322989743921805,-0.323344636515804,-0.323618850697565,-0.323814669270012,-0.323934550172941,-0.323981090845318,-0.323956995338759,-0.323865044326579,-0.323708068063432,-0.32348892227682,-0.323210466912874,-0.322875547613613,-0.322486979769959,-0.32204753497238,-0.321559929667686,-0.321026815824446,-0.320450773409428,-0.31983430448189,-0.319179828720488,-0.318489680207819,-0.317766105309587,-0.317011261498121,-0.316227216983251,-0.315415951026641,-0.314579354828526,-0.313719232888041,-0.312837304749804,-0.311935207060152,-0.311014495866222,-0.310076649100018,-0.309123069197673,-0.308155085811351,-0.307173958577662,-0.306180879912163,-0.305176977804526,-0.304163318593339,-0.303140909703318,-0.302110702331021,-0.301073594068001,-0.300030431452776,-0.298982012445105,-0.297929088817788,-0.296872368462749,-0.295812517609398,-0.294750162954307,-0.293685893702111,-0.292620263518271,-0.291553792394872,-0.290486968431139,-0.289420249530672,-0.288354065017731,-0.287288817175055,-0.286224882705917,-0.285162614123153,-0.28410234106802,-0.283044371561723,-0.281988993192483,-0.280936474240963,-0.279887064746859,-0.278840997519374,-0.277798489094254,-0.276759740639957,-0.275724938815484,-0.274694256582263,-0.273667853972425,-0.27264587881571,-0.271628467427129,-0.270615745257431,-0.269607827508345,-0.268604819714438,-0.26760681829338,-0.266613911066304,-0.265626177749859,-0.264643690421488,-0.263666513959381,-0.262694706458471,-0.261728319623767,-0.260767399142281,-0.25981198503469,-0.258862111987853,-0.257917809669227,-0.256979103024164,-0.256046012557033,-0.25511855459705,-0.254196741549642,-0.25328058213415,-0.252370081608601,-0.251465241982268,-0.25056606221668,-0.249672538415704,-0.248784664005303,-0.247902429903525,-0.247025824681254,-0.246154834714228,-0.245289444326798,-0.244429635927858,0,-0.209638063770646,-0.21055032906114,-0.211388792715009,-0.21217779928162,-0.212929285769891,-0.213651605253964,-0.214351468349466,-0.215034350082665,-0.215704717341212,-0.216366275445444,-0.217022193785045,-0.217675271566471,-0.218328037989052,-0.218982800213221,-0.219641656959874,-0.220306492893463,-0.220978964426386,-0.221660483652442,-0.222352204386137,-0.223055012592442,-0.223769522485648,-0.224496078952523,-0.225234766519349,-0.225985424734355,-0.226747669538035,-0.227520919937571,-0.228304429095174,-0.229097318791891,-0.229898616143858,-0.230707291426986,-0.2315222959041,-0.232342598637012,-0.233167221393624,-0.233995270914732,-0.234825967974096,-0.235658672836947,-0.23649290688632,-0.237328370335292,-0.238164956070357,-0.239002759773161,-0.239842086542909,-0.240683454290083,-0.241527594195237,-0.242375448527284,-0.243228166097147,-0.244087095588815,-0.244953776964605,-0.245829931088734,-0.246717447656795,-0.247618371461881,-0.248534886973999,-0.249469301160914,-0.250424024438099,-0.251401549605414,-0.25240442861045,-0.253435246975037,-0.254496595733857,-0.255591040763814,-0.25672108943091,-0.257889154548576,-0.259097515727955,-0.260348278305944,-0.26164333015975,-0.262984296854658,-0.264372495721304,-0.265808889614738,-0.267294041263713,-0.268828069266861,-0.27041060692368,-0.272040765192251,-0.273717101131833,-0.275437593206432,-0.277199624785856,-0.278999977076269,-0.280834832538597,-0.282699789610016,-0.284589889235468,-0.28649965335224,-0.288423135065553,-0.290353979826018,-0.292285496493239,-0.294210736768309,-0.296122581126091,-0.298013829098549,-0.29987729157151,-0.301705882671961,-0.303492708847023,-0.30523115286737,-0.306914950717924,-0.308538259651537,-0.31009571605638,-0.311582482201195,-0.312994281349669,-0.314327421152146,-0.315578805608755,-0.31674593623582,-0.317826903345121,-0.318820368556278,-0.319725539804323,-0.320542140179852,-0.321270371953939,-0.32191087710264,-0.322464695566501,-0.32293322236935,-0.323318164588166,-0.323621499021521,-0.323845431255937,-0.32399235668459,-0.324064823895988,-0.324065500725462,-0.323997143151813,-0.32386256712639,-0.323664623342512,-0.32340617488891,-0.323090077680833,-0.322719163525051,-0.322296225648899,-0.321824006506844,-0.321305187669416,-0.320742381597088,-0.320138125104485,-0.319494874326972,-0.318815001011024,-0.318100789961117,-0.317354437488336,-0.316578050718876,-0.31577364763382,-0.314943157724421,-0.314088423159583,-0.31321120037395,-0.312313161995996,-0.311395899045634,-0.310460923340093,-0.309509670055204,-0.308543500396746,-0.307563704343252,-0.306571503427605,-0.305568053530041,-0.304554447659779,-0.303531718706516,-0.302500842146548,-0.301462738691282,-0.300418276868501,-0.299368275528991,-0.298313506273017,-0.297254695792744,-0.296192528128054,-0.295127646834347,-0.294060657061832,-0.292992127546629,-0.291922592514585,-0.290852553499263,-0.289782481075939,-0.288712816513779,-0.287643973348588,-0.286576338878728,-0.285510275586902,-0.284446122490596,-0.283384196424013,-0.282324793254336,-0.281268189035155,-0.280214641099854,-0.279164389097703,-0.278117655975352,-0.277074648906323,-0.276035560171054,-0.275000567989926,-0.273969837311649,-0.272943520559263,-0.271921758335937,-0.270904680092653,-0.269892404759764,-0.26888504134432,-0.267882689494994,-0.266885440036315,-0.26589337547386,-0.264906570471965,-0.263925092305435,-0.262949001286654,-0.261978351169445,-0.261013189530919,-0.26005355813253,-0.259099493261467,-0.258151026053439,-0.25720818279789,-0.256270985226594,-0.255339450786529,-0.254413592897908,-0.253493421198156,-0.25257894177262,-0.251670157372722,-0.250767067622249,-0.24986966921241,-0.248977956086297,-0.2480919196133,-0.247211548754045,-0.246336830216353,-0.245467748602703,-0.244604286549682,-0.243746424859827,0,-0.210636888106903,-0.211488481491797,-0.21227742006033,-0.213024401342647,-0.213739473486514,-0.214430182303957,-0.215102726121452,-0.215762123930713,-0.21641242729788,-0.217056989535895,-0.217698697674691,-0.218340126747582,-0.218983620916373,-0.219631322803963,-0.220285172575028,-0.220946892669658,-0.221617968213284,-0.222299628826489,-0.222992834907332,-0.223698269971075,-0.224416339811517,-0.225147178751566,-0.225890662890409,-0.226646429950029,-0.22741390505425,-0.228192331544919,-0.228980805764683,-0.229778314624555,-0.230583774730857,-0.23139607186816,-0.232214099714795,-0.233036796794301,-0.23386318082657,-0.234692379822573,-0.235523659453351,-0.23635644640556,-0.237190347602766,-0.238025165316635,-0.238860908310398,-0.239697799246097,-0.240536278646916,-0.241377005737588,-0.242220856492354,-0.243068919204653,-0.243922487859844,-0.244783053546092,-0.245652294083325,-0.246532061989998,-0.247424370845976,-0.24833138005058,-0.249255377920715,-0.250198763027676,-0.251164023635097,-0.252153715076636,-0.253170434902245,-0.254216795627948,-0.255295394947328,-0.256408783304581,-0.257559428789849,-0.258749679397916,-0.259981722790983,-0.26125754382407,-0.262578880225572,-0.263947176972427,-0.265363540054697,-0.266828690482125,-0.268342919538028,-0.26990604642487,-0.271517379561236,-0.273175682871109,-0.274879148442791,-0.276625376916721,-0.278411366880709,-0.280233514402243,-0.282087623608825,-0.283968928941323,-0.28587212935982,-0.287791434389086,-0.289720621469208,-0.291653103647537,-0.293582006234937,-0.295500250677132,-0.297400643584213,-0.299275968638311,-0.301119078975898,-0.302922987625718,-0.304680953676745,-0.306386562046339,-0.308033795003525,-0.309617093956971,-0.311131410419048,-0.312572245481693,-0.313935677562432,-0.315218378577652,-0.316417619056612,-0.317531263009936,-0.318557753601594,-0.319496090840133,-0.320345802603958,-0.321106910351626,-0.32177989084902,-0.322365635180351,-0.322865406209594,-0.323280795533636,-0.323613680827817,-0.323866184337409,-0.324040633122194,-0.324139521521339,-0.324165476176545,-0.324121223835708,-0.324009562058704,-0.323833332861872,-0.323595399268155,-0.323298624674687,-0.322945854907743,-0.322539902804797,-0.322083535143391,-0.321579461725012,-0.321030326417572,-0.320438699961095,-0.319807074346407,-0.319137858585018,-0.318433375698955,-0.317695860771318,-0.316927459911081,-0.316130229998762,-0.315306139092511,-0.31445706738674,-0.31358480862738,-0.312691071899078,-0.311777483710051,-0.310845590309868,-0.309896860184092,-0.30893268667757,-0.307954390705146,-0.306963223514818,-0.305960369473867,-0.304946948853353,-0.303924020590605,-0.302892585013029,-0.301853586509773,-0.300807916140538,-0.299756414173196,-0.298699872543909,-0.297639037235153,-0.296574610568517,-0.295507253410345,-0.294437587289333,-0.293366196426025,-0.292293629674837,-0.291220402379806,-0.290146998145727,-0.289073870526662,-0.288001444634114,-0.28693011866735,-0.285860265368501,-0.284792233405185,-0.283726348683444,-0.282662915593813,-0.281602218193354,-0.28054452132645,-0.279490071687116,-0.278439098825538,-0.277391816101461,-0.276348421587013,-0.27530909892142,-0.274274018120021,-0.273243336339885,-0.272217198604236,-0.27119573848782,-0.270179078765228,-0.269167332024138,-0.268160601245299,-0.267158980351041,-0.266162554723981,-0.265171401697523,-0.264185591019665,-0.263205185291558,-0.262230240382179,-0.261260805820413,-0.260296925165772,-0.259338636358915,-0.258385972053061,-0.257438959927354,-0.256497622983143,-0.255561979824123,-0.254632044921218,-0.253707828863032,-0.252789338592666,-0.251876577631625,-0.250969546291549,-0.250068241874396,-0.249172658861745,-0.24828278909377,-0.247398621938481,-0.246520144451735,-0.245647341528534,-0.244780196046074,-0.243918688998989,-0.243062799627227,0,-0.211604621214409,-0.212391832933578,-0.213131484392128,-0.213837541683662,-0.214517757987015,-0.215178739899169,-0.215826041074233,-0.216464111823077,-0.217096515055792,-0.217726213556237,-0.218355794840245,-0.218987601975922,-0.219623788189961,-0.220266324115403,-0.220916981462778,-0.221577308512695,-0.222248606044514,-0.222931908030868,-0.22362796909223,-0.224337259538951,-0.225059968238304,-0.225796013186479,-0.226545059381116,-0.227306543328209,-0.228079703279142,-0.22886361409682,-0.229657225511999,-0.230459402462168,-0.231268966207716,-0.232084734988262,-0.232905563105247,-0.233730377481464,-0.234558210939094,-0.235388231640029,-0.236219768332537,-0.23705233123508,-0.237885628552864,-0.238719578759287,-0.239554318879754,-0.240390209088375,-0.241227833969974,-0.242068000813427,-0.242911735291173,-0.24376027484852,-0.244615060079502,-0.245477724308485,-0.246350081532785,-0.247234112815373,-0.248131951152093,-0.249045864777762,-0.249978238823094,-0.250931555191949,-0.25190837049812,-0.252911291884715,-0.253942950548758,-0.25500597281043,-0.256102948601511,-0.257236397302066,-0.258408730928548,-0.259622214770247,-0.260878925683617,-0.262180708383601,-0.26352913021495,-0.264925435040548,-0.266370497042353,-0.267864775386919,-0.269408270853141,-0.271000485645287,-0.272640387709369,-0.274326380924587,-0.276056282544038,-0.277827309201136,-0.279636072673903,-0.281478586405239,-0.283350283514525,-0.2852460467103,-0.287160250136289,-0.289086812769674,-0.29101926256131,-0.292950810086006,-0.294874430081531,-0.296782948921921,-0.298669135815422,-0.300525795357002,-0.302345859010641,-0.304122473151133,-0.305849081455096,-0.307519499685113,-0.309127981242386,-0.310669272250232,-0.312138655349158,-0.313531981809511,-0.314845691976804,-0.31607682443782,-0.317223014617041,-0.318282483772157,-0.31925401954901,-0.320136949379583,-0.320931108065107,-0.321636800886584,-0.322254763536021,-0.322786120073445,-0.323232339997883,-0.323595195384846,-0.323876718897715,-0.32407916333342,-0.324204963220321,-0.324256698853004,-0.324237063028002,-0.324148830638396,-0.323994831194606,-0.323777924263557,-0.323500977758053,-0.323166848961596,-0.322778368139521,-0.322338324563639,-0.321849454763019,-0.321314432806442,-0.320735862421016,-0.320116270755113,-0.319458103600978,-0.318763721902127,-0.318035399382059,-0.317275321143299,-0.31648558309868,-0.315668192109738,-0.31482506671976,-0.313958038381161,-0.313068853088358,-0.312159173337948,-0.311230580347881,-0.310284576476254,-0.309322587788521,-0.308345966729175,-0.307355994860497,-0.306353885636737,-0.305340787187178,-0.304317785086009,-0.303285905090848,-0.302246115835122,-0.301199331462456,-0.300146414193744,-0.29908817681973,-0.298025385113769,-0.296958760160995,-0.295888980601452,-0.29481668478581,-0.293742472843255,-0.292666908661842,-0.291590521782261,-0.290513809206433,-0.28943723712278,-0.288361242550295,-0.287286234903785,-0.286212597482852,-0.285140688887275,-0.284070844361546,-0.283003377071358,-0.281938579314863,-0.280876723671477,-0.279818064091021,-0.278762836925894,-0.277711261908958,-0.2766635430797,-0.275619869661198,-0.274580416890304,-0.273545346803393,-0.272514808979919,-0.271488941245948,-0.270467870339717,-0.26945171254122,-0.26844057426769,-0.267434552636784,-0.266433735999193,-0.265438204442298,-0.264448030266428,-0.263463278435195,-0.262484007001305,-0.261510267509168,-0.260542105375564,-0.259579560249568,-0.258622666352843,-0.257671452801392,-0.256725943909758,-0.255786159478644,-0.254852115066861,-0.253923822248432,-0.253001288855702,-0.252084519209179,-0.251173514334859,-0.250268272169696,-0.249368787755879,-0.248475053424507,-0.247587058969259,-0.246704791810583,-0.245828237150932,-0.244957378121533,-0.244092195921124,-0.24323266994713,-0.242378777919652,0,-0.212533100222697,-0.213256718764309,-0.213949184736482,-0.214616464164658,-0.215264103624536,-0.215897766921265,-0.216522276747012,-0.217141436407974,-0.217758277962436,-0.218375360361825,-0.218994972299216,-0.219619228374063,-0.220250091508642,-0.220889356441494,-0.221538618453779,-0.222199240920182,-0.222872328198393,-0.223558706505416,-0.224258913616733,-0.224973197460631,-0.225701523340271,-0.226443589293565,-0.227198848885012,-0.22796654050105,-0.228745722014827,-0.229535309525729,-0.230334118783932,-0.231140907889572,-0.231954419908437,-0.232773424162463,-0.233596755119831,-0.234423348009954,-0.235252270506511,-0.236082750041492,-0.236914196521664,-0.237746220405518,-0.238578646256105,-0.239411522008948,-0.240245124282675,-0.241079960114059,-0.241916765521253,-0.242756501293235,-0.243600346374497,-0.244449689167037,-0.245306117011894,-0.24617140404472,-0.247047497548811,-0.247936502858604,-0.248840666800421,-0.249762359598377,-0.250704055124259,-0.251668309333344,-0.252657736705257,-0.253674984501972,-0.254722704665194,-0.255803523204032,-0.25692000697179,-0.25807462779862,-0.259269724034539,-0.260507459664444,-0.261789781281744,-0.263118373347616,-0.264494612314968,-0.265919520354971,-0.267393719582989,-0.268917387832017,-0.270490217156123,-0.272111376353853,-0.273779478871353,-0.275492557466842,-0.277248046982561,-0.279042776470112,-0.280872971745801,-0.282734269213664,-0.28462174148947,-0.286529934998315,-0.28845291931567,-0.290384347595761,-0.292317527004204,-0.294245497668276,-0.296161118302597,-0.298057156382922,-0.299926380545036,-0.301761652792437,-0.303556018111884,-0.305302789218748,-0.306995624375831,-0.308628596534793,-0.310196252418405,-0.311693660571083,-0.313116447829996,-0.314460824085744,-0.315723595589061,-0.316902167401035,-0.317994535866568,-0.318999272206972,-0.319915498475384,-0.320742857200102,-0.32148147606163,-0.32213192891735,-0.322695194413011,-0.323172613313049,-0.323565845552395,-0.323876827870228,-0.324107732739542,-0.324260929162012,-0.324338945761009,-0.324344436480334,-0.324280149084916,-0.324148896563534,-0.323953531452979,-0.323696923037427,-0.323381937325326,-0.323011419667331,-0.322588179851354,-0.322114979492932,-0.321594521529356,-0.321029441622726,-0.32042230127906,-0.319775582496476,-0.319091683764227,-0.318372917245179,-0.317621506986325,-0.316839588014676,-0.316029206188729,-0.315192318688451,-0.314330795039022,-0.313446418575244,-0.31254088826448,-0.31161582081608,-0.31067275301455,-0.309713144222123,-0.308738379003989,-0.307749769836237,-0.306748559862599,-0.305735925671423,-0.30471298006902,-0.303680774829625,-0.302640303405805,-0.301592503586252,-0.30053826009056,-0.299478407092921,-0.298413730668612,-0.297344971158811,-0.296272825450731,-0.295197949171207,-0.294120958792877,-0.293042433652949,-0.29196291788516,-0.290882922266142,-0.289802925977829,-0.288723378287863,-0.287644700150274,-0.286567285728878,-0.285491503845986,-0.284417699359147,-0.283346194468655,-0.282277289958641,-0.281211266374518,-0.280148385139548,-0.279088889613273,-0.278033006094474,-0.276980944771263,-0.27593290062086,-0.2748890542615,-0.273849572758843,-0.272814610389182,-0.271784309361621,-0.270758800501362,-0.269738203896082,-0.268722629507352,-0.267712177748913,-0.266706940033592,-0.265706999290485,-0.264712430454033,-0.263723300926481,-0.262739671015144,-0.261761594345856,-0.260789118253884,-0.25982228415353,-0.258861127887568,-0.257905680057634,-0.25695596633658,-0.256012007763806,-0.255073821024461,-0.254141418713424,-0.253214809584877,-0.252293998788269,-0.251378988091397,-0.250469776091317,-0.249566358413748,-0.248668727901586,-0.24777687479314,-0.246890786890618,-0.246010449719424,-0.245135846678739,-0.244266959183875,-0.243403766800836,-0.242546247373518,-0.241694377143936,0,-0.213415520655151,-0.214080592766444,-0.214729503172927,-0.215361006009393,-0.215978951192677,-0.216588137358468,-0.217192603251317,-0.217795460306297,-0.218399198942399,-0.219005985040027,-0.219617824835592,-0.220236616897741,-0.220864139006302,-0.221502008180768,-0.222151636256648,-0.222814191580316,-0.223490570717079,-0.224181381001282,-0.224886933625704,-0.225607246645567,-0.226342057174384,-0.22709084194293,-0.2278528452315,-0.228627112996765,-0.229412531842299,-0.230207871362141,-0.231011828340193,-0.231823071320419,-0.232640284168123,-0.233462207408002,-0.23428767633304,-0.235115655111423,-0.235945266358871,-0.236775815875531,-0.237606812457401,-0.238437982872976,-0.239269282240579,-0.240100900148302,-0.240933262926691,-0.241767032516833,-0.242603102377373,-0.243442590848282,-0.244286832342601,-0.245137366675578,-0.245995926769042,-0.246864424892663,-0.247744937527283,-0.248639688862776,-0.249551032877091,-0.250481433887185,-0.251433445418678,-0.252409687211378,-0.253412820163978,-0.254445519024668,-0.255510442656401,-0.256610201746971,-0.257747323895587,-0.25892421608935,-0.260143124684545,-0.261406093127778,-0.262714917788534,-0.26407110242438,-0.265475811958326,-0.266929826408573,-0.268433495966813,-0.269986698363441,-0.27158879977679,-0.273238620628186,-0.274934407644834,-0.276673813558318,-0.278453885729868,-0.280271064848791,-0.282121194635836,-0.28399954320114,-0.285900836364149,-0.287819302853144,-0.289748730881892,-0.291682535171728,-0.293613833072857,-0.295535528063496,-0.297440398593126,-0.299321190006912,-0.301170707157505,-0.302981905286769,-0.304747976844821,-0.306462432101241,-0.308119171680375,-0.309712549500889,-0.311237424996625,-0.312689203917127,-0.314063867427654,-0.315357989627999,-0.31656874396828,-0.317693899343969,-0.318731806892666,-0.319681378687476,-0.320542059626853,-0.321313793862835,-0.321996987096027,-0.322592466005783,-0.323101435987937,-0.323525438250551,-0.323866307180131,-0.324126128745427,-0.324307200560569,-0.324411994089686,-0.32444311934578,-0.324403292320246,-0.324295305277856,-0.324121999965831,-0.323886243714646,-0.323590908351711,-0.323238851805763,-0.322832902248326,-0.322375844597266,-0.321870409194793,-0.321319262466645,-0.320724999369221,-0.320090137435854,-0.319417112241127,-0.318708274112108,-0.317965885926939,-0.317192121853613,-0.31638906689454,-0.315558717115257,-0.314702980448039,-0.313823677973022,-0.312922545590642,-0.312001236009555,-0.311061320983801,-0.310104293741627,-0.309131571556347,-0.308144498416599,-0.307144347759758,-0.306132325237781,-0.305109571489767,-0.304077164899794,-0.303036124322392,-0.30198741176132,-0.300931934990116,-0.299870550105375,-0.298804064005783,-0.297733236791733,-0.296658784081871,-0.29558137924418,-0.294501655540308,-0.293420208182721,-0.292337596305013,-0.291254344846283,-0.290170946351016,-0.28908786268626,-0.288005526678217,-0.286924343670579,-0.28584469300714,-0.284766929441323,-0.283691384475316,-0.282618367631619,-0.281548167659732,-0.280481053680786,-0.279417276272829,-0.278357068499465,-0.277300646884472,-0.276248212334965,-0.275199951015584,-0.274156035176118,-0.273116623934875,-0.272081864020032,-0.271051890471121,-0.270026827302672,-0.269006788132015,-0.267991876773081,-0.266982187798019,-0.265977807068315,-0.264978812237048,-0.263985273223821,-0.262997252663827,-0.262014806332458,-0.261037983546762,-0.260066827545011,-0.259101375845556,-0.258141660586111,-0.257187708844514,-0.256239542941974,-0.255297180729776,-0.254360635860321,-0.253429918043372,-0.252505033288307,-0.251585984133141,-0.250672769861036,-0.249765386704988,-0.248863828041329,-0.247968084572651,-0.24707814450073,-0.246193993689991,-0.245315615822036,-0.2444429925417,-0.243576103595121,-0.242714926960224,-0.241859438970057,-0.24100961442935,0,-0.214247303536417,-0.214862208054377,-0.215472237780181,-0.216071603817519,-0.216663211570344,-0.217251094172352,-0.217838474963864,-0.218427761440982,-0.21902092216522,-0.219619762287068,-0.220226034481,-0.220841439787187,-0.221467578340888,-0.222105888221092,-0.222757590870889,-0.223423649642546,-0.224104742455635,-0.224801247603406,-0.225513241379362,-0.226240506306468,-0.226982548860052,-0.227738625555824,-0.228507776150999,-0.22928886254583,-0.230080611835964,-0.230881661892357,-0.231690607852944,-0.232506047999379,-0.233326627652237,-0.23415107993176,-0.234978262478585,-0.235807189489874,-0.236637058682976,-0.23746727303606,-0.238297457361952,-0.239127469940255,-0.239957409559927,-0.240787618409537,-0.241618681297352,-0.242451421692628,-0.243286895058166,-0.244126379898712,-0.244971366886276,-0.245823546348117,-0.246684794321577,-0.247557157297154,-0.248442835691449,-0.249344166018577,-0.250263601665294,-0.251203692123914,-0.25216706050023,-0.253156379092747,-0.254174342836104,-0.25522364041678,-0.256306922904009,-0.257426769793896,-0.258585652440339,-0.259785894942088,-0.261029632670347,-0.262318768753679,-0.26365492898381,-0.265039415763023,-0.266473161875656,-0.267956685025791,-0.269490044232188,-0.271072799300375,-0.272703974690238,-0.274382029154755,-0.276104832531732,-0.277869651016507,-0.27967314212322,-0.281511360352106,-0.283379774321164,-0.28527329579832,-0.28718632069535,-0.289112781673236,-0.291046211580081,-0.292979816520345,-0.294906556962442,-0.296819234954775,-0.298710585259741,-0.300573368048103,-0.302400460733839,-0.304184946575875,-0.305920197824856,-0.307599951439578,-0.3092183757223,-0.310770126603666,-0.31225039272258,-0.31365492886963,-0.314980077771668,-0.316222780569768,-0.317380576667379,-0.318451593889036,-0.319434530086801,-0.320328627460561,-0.321133640922539,-0.321849801842244,-0.322477778464218,-0.323018634207273,-0.323473784940749,-0.3238449562007,-0.324134141165874,-0.324343560067756,-0.324475621567182,-0.324532886496885,-0.324518034248311,-0.324433831974191,-0.32428310668669,-0.32406872025459,-0.323793547241317,-0.32346045547764,-0.323072289227155,-0.322631854777728,-0.322141908276278,-0.321605145616094,-0.32102419418386,-0.320401606276366,-0.319739854003333,-0.3190413255019,-0.318308322299253,-0.31754305767188,-0.316747655862558,-0.315924152028832,-0.315074492809273,-0.314200537405763,-0.313304059091502,-0.312386747065009,-0.311450208580269,-0.310495971292163,-0.309525485764471,-0.308540128095118,-0.307541202619895,-0.306529944661762,-0.305507523297993,-0.304475044121997,-0.30343355198063,-0.302384033671275,-0.301327420586006,-0.30026459129272,-0.299196374045391,-0.298123549217471,-0.297046851654135,-0.295966972940402,-0.294884563583341,-0.293800235107548,-0.292714562063864,-0.291628083951975,-0.290541307058066,-0.289454706209157,-0.288368726446055,-0.287283784617147,-0.286200270895458,-0.285118550221541,-0.284038963674855,-0.28296182977636,-0.281887445725094,-0.280816088571471,-0.279748016330048,-0.278683469034456,-0.277622669737143,-0.276565825456508,-0.275513128073946,-0.274464755183237,-0.273420870894618,-0.272381626595829,-0.271347161672281,-0.270317604188468,-0.269293071532591,-0.268273671026333,-0.267259500501605,-0.266250648845988,-0.26524719651856,-0.264249216037664,-0.263256772442117,-0.26226992372731,-0.261288721257516,-0.260313210155725,-0.259343429672199,-0.258379413532909,-0.257421190268952,-0.256468783527967,-0.255522212368548,-0.25458149153857,-0.2536466317383,-0.252717639869131,-0.251794519268723,-0.250877269933282,-0.249965888727687,-0.249060369584123,-0.248160703689845,-0.247266879664662,-0.246378883728707,-0.245496699861018,-0.244620309949416,-0.243749693932172,-0.242884829931886,-0.242025694382025,-0.241172262146485,-0.240324506632586,0,-0.215027131241072,-0.215601638796221,-0.216177974389197,-0.216749269837119,-0.217318240212972,-0.21788821949591,-0.218461598755341,-0.219040102276893,-0.219625225102276,-0.220218461817593,-0.220821349023599,-0.221435411603647,-0.222062079663759,-0.22270261036008,-0.223358027126827,-0.224029078185322,-0.224716212398534,-0.225419569900213,-0.226138985338106,-0.226874002056782,-0.22762389580383,-0.228387706572397,-0.229164277089473,-0.22995229632298,-0.230750346282515,-0.231556950366829,-0.232370621577829,-0.233189909069956,-0.23401344171888,-0.234839967653095,-0.235668388973679,-0.23649779117035,-0.237327467008185,-0.238156934895178,-0.2389859519369,-0.239814522035537,-0.240642899495254,-0.241471588655757,-0.242301340095373,-0.243133143929515,-0.243968220686898,-0.244808010181187,-0.245654158716691,-0.246508504879658,-0.247373064077184,-0.248250011898543,-0.249141666292898,-0.25005046848617,-0.250978962500888,-0.251929773098474,-0.252905581935103,-0.253909101711832,-0.25494304810792,-0.256010109314439,-0.257112913033803,-0.258253990880233,-0.259435740206076,-0.260660383488684,-0.261929925540504,-0.263246108948617,-0.264610368305393,-0.266023783954077,-0.267487036135532,-0.269000360577068,-0.270563506702161,-0.272175699750765,-0.273835608173312,-0.275541317686955,-0.277290313350786,-0.27907947092029,-0.280905058575663,-0.282762749883258,-0.284647648548245,-0.286554325158636,-0.288476865720035,-0.290408931355433,-0.292343828117214,-0.294274585453287,-0.296194041510568,-0.298094933169333,-0.299969988500341,-0.301812019236254,-0.303614010856615,-0.305369208000434,-0.30707119313444,-0.308713956703439,-0.310291957352358,-0.311800171214355,-0.313234129681446,-0.314589945489848,-0.315864327340503,-0.31705458361863,-0.318158616062102,-0.319174904449316,-0.320102483530302,-0.320940913511936,-0.32169024543432,-0.322350982748856,-0.322924040338511,-0.323410702117713,-0.323812578223223,-0.324131562667687,-0.324369792182694,-0.324529606834873,-0.324613512862282,-0.324624148052985,-0.32456424987584,-0.324436626476445,-0.324244130569468,-0.323989636191693,-0.323676018227314,-0.323306134576934,-0.322882810812934,-0.322408827144801,-0.321886907507089,-0.321319710578372,-0.32070982254063,-0.320059751393522,-0.319371922646164,-0.318648676219182,-0.317892264401406,-0.317104850717872,-0.316288509578412,-0.315445226588587,-0.314576899416886,-0.313685339123648,-0.31277227186806,-0.31183934091968,-0.310888108910183,-0.309920060269519,-0.308936603798283,-0.307939075334955,-0.306928740482797,-0.305906797366593,-0.304874379394236,-0.303832558002322,-0.302782345368608,-0.301724697077386,-0.30066051472654,-0.299590648467497,-0.298515899471263,-0.297437022315508,-0.296354727289141,-0.295269682612045,-0.294182516568719,-0.293093819555402,-0.292004146041042,-0.290914016442984,-0.289823918918811,-0.288734311076084,-0.287645621602081,-0.286558251815838,-0.285472577144971,-0.284388948529879,-0.283307693758022,-0.28222911873099,-0.281153508667101,-0.280081129242272,-0.279012227671864,-0.277947033736151,-0.276885760752028,-0.2758286064935,-0.274775754063388,-0.273727372718672,-0.272683618651742,-0.271644635729783,-0.270610556194424,-0.269581501323676,-0.268557582058126,-0.267538899593235,-0.266525545939532,-0.265517604452398,-0.264515150333041,-0.263518251102216,-0.262526967048142,-0.261541351649997,-0.260561451978314,-0.259587309073527,-0.258618958303842,-0.257656429703559,-0.25669974829291,-0.255748934380413,-0.254804003848692,-0.25386496842467,-0.252931835934979,-0.2520046105474,-0.251083292999085,-0.250167880812289,-0.249258368498287,-0.248354747750124,-0.247457007624802,-0.246565134715475,-0.245679113314205,-0.244798925565777,-0.243924551613071,-0.243055969734447,-0.242193156473561,-0.241336086762043,-0.240484734035399,-0.239639070342519,0,-0.215756483754858,-0.216300137011439,-0.216848009363615,-0.217395544780017,-0.217945795665498,-0.218501393390569,-0.219063894690155,-0.219634394653304,-0.220213988335558,-0.220803922834938,-0.221405560278313,-0.222020270356482,-0.222649318813319,-0.223293777998699,-0.22395446452432,-0.224631901014603,-0.225326297356968,-0.226037547604218,-0.226765239785518,-0.22750867664532,-0.228266905665259,-0.229038756762413,-0.229822885958507,-0.230617823201638,-0.231422022467957,-0.232233912307266,-0.233051945126938,-0.233874643719288,-0.234700643806069,-0.235528731675165,-0.236357876294449,-0.237187255585101,-0.23801627680471,-0.238844591217257,-0.239672103405628,-0.240498975709956,-0.24132562835287,-0.24215273584476,-0.242981220254322,-0.243812241889264,-0.244647187866774,-0.245487658970765,-0.246335455100194,-0.24719255951603,-0.248061121999303,-0.248943440943419,-0.249841944324305,-0.250759169424735,-0.251697741136768,-0.252660348630299,-0.253649720157816,-0.254668595766667,-0.255719697711416,-0.256805698400848,-0.257929185777232,-0.259092626109436,-0.260298324285841,-0.26154838181633,-0.262844652892588,-0.264188699009246,-0.265581742810267,-0.2670246219894,-0.268517744233018,-0.270061044339474,-0.271653944771361,-0.273295320985335,-0.274983472927816,-0.276716104074291,-0.278490309316747,-0.280302572862583,-0.282148777097043,-0.284024223082195,-0.285923663025962,-0.287841344666982,-0.289771067102186,-0.291706247154934,-0.293639994965929,-0.295565197111497,-0.297474605237564,-0.299360927963279,-0.301216923671003,-0.303035491768514,-0.304809760086502,-0.306533166254212,-0.308199531165996,-0.309803122993484,-0.311338710589972,-0.312801605551485,-0.314187692618675,-0.315493448503172,-0.316715949582439,-0.317852869214259,-0.318902465666347,-0.319863561833833,-0.320735518027734,-0.32151819916506,-0.322211937682985,-0.322817493444457,-0.323336011810914,-0.32376898093945,-0.324118189226685,-0.324385683678331,-0.324573729839498,-0.324684773781886,-0.324721406514851,-0.324686331070578,-0.324582332411426,-0.32441225022028,-0.324178954562697,-0.323885324351837,-0.323534228502573,-0.323128509628387,-0.322670970112106,-0.322164360367654,-0.321611369103304,-0.32101461539599,-0.32037664238978,-0.319699912438578,-0.318986803522499,-0.318239606778321,-0.317460524996454,-0.316651671949237,-0.315815072427882,-0.31495266287758,-0.314066292532005,-0.313157724959539,-0.312228639943889,-0.311280635631282,-0.310315230885206,-0.309333867797513,-0.308337914311906,-0.307328666922126,-0.306307353412915,-0.305275135616766,-0.304233112163946,-0.303182321207117,-0.302123743105251,-0.301058303054479,-0.299986873656018,-0.29891027741351,-0.297829289153961,-0.296744638368058,-0.295657011466973,-0.294567053953909,-0.293475372509584,-0.292382536991624,-0.291289082348507,-0.290195510449209,-0.289102291830136,-0.288009867361267,-0.286918649833688,-0.285829025470911,-0.284741355366491,-0.283655976850589,-0.282573204788153,-0.281493332811453,-0.280416634489681,-0.279343364438328,-0.278273759371005,-0.277208039096334,-0.276146407462457,-0.275089053251665,-0.274036151027543,-0.272987861936993,-0.271944334469344,-0.270905705174752,-0.26987209934393,-0.268843631651225,-0.267820406762922,-0.266802519912606,-0.265790057445303,-0.264783097332063,-0.26378170965655,-0.262785957075121,-0.261795895251847,-0.260811573269782,-0.2598330340198,-0.258860314568175,-0.257893446504091,-0.25693245626814,-0.255977365462861,-0.255028191146285,-0.254084946109418,-0.253147639138532,-0.25221627526309,-0.251290855990093,-0.250371379525589,-0.24945784098403,-0.248550232586162,-0.247648543846045,-0.246752761747819,-0.245862870912752,-0.244978853757119,-0.244100690641388,-0.243228360011202,-0.24236183853059,-0.241501101207829,-0.240646121514366,-0.239796871497151,-0.238953321884767,0,-0.216438667055445,-0.216959869889301,-0.217484241765198,-0.218012434347597,-0.218547985580988,-0.21909274370015,-0.219647451376135,-0.220212662014866,-0.220789164500406,-0.221378028546564,-0.221980482783523,-0.22259775915682,-0.223230961017985,-0.223880969300858,-0.224548383510538,-0.22523348990621,-0.22593625014783,-0.226656305720295,-0.227392995085669,-0.228145381424018,-0.228912289158132,-0.229692347468729,-0.230484038902765,-0.231285751091,-0.232095829588138,-0.232912629950267,-0.23373456736202,-0.234560162398087,-0.235388081822266,-0.236217173664359,-0.237046496145593,-0.237875340326573,-0.238703246613185,-0.239530015465866,-0.240355712812104,-0.241180670761133,-0.24200548426709,-0.242831004388836,-0.243658328758797,-0.244488789808115,-0.245323941209637,-0.246165542901704,-0.247015544951484,-0.247876070412878,-0.248749397235727,-0.249637939194318,-0.250544225727095,-0.251470880518485,-0.252420598609721,-0.253396121799905,-0.254400212092431,-0.255435622956187,-0.256505068206208,-0.257611188365113,-0.258756514444636,-0.259943429185375,-0.261174125911343,-0.262450565292017,-0.263774430455281,-0.265147081055681,-0.266569507068108,-0.268042283240464,-0.269565525291557,-0.271138849072994,-0.272761334015819,-0.27443149224345,-0.276147244742115,-0.277905905929451,-0.279704177844897,-0.281538154998494,-0.283403340658618,-0.285294675039465,-0.287206575476416,-0.289132988267137,-0.291067451428207,-0.293003167194056,-0.294933082691379,-0.296849976882049,-0.298746551602471,-0.300615524354555,-0.302449720434568,-0.304242162025231,-0.305986152020767,-0.307675350593884,-0.309303842831797,-0.310866196144464,-0.312357506558723,-0.313773433432836,-0.315110222534054,-0.316364717797252,-0.317534362409499,-0.318617190132441,-0.319611807975613,-0.320517371467714,-0.321333553842461,-0.322060510466731,-0.322698839799884,-0.323249542093979,-0.323713976935372,-0.32409382059874,-0.324391024044012,-0.324607772242847,-0.324746445380569,-0.324809582346846,-0.32479984680731,-0.324719996040983,-0.324572852635988,-0.324361279058576,-0.324088155047745,-0.323756357738454,-0.323368744379458,-0.322928137485595,-0.322437312247349,-0.321898986011229,-0.321315809641426,-0.320690360575133,-0.320025137389539,-0.319322555706927,-0.318584945274686,-0.317814548068519,-0.31701351727938,-0.316183917057025,-0.315327722895313,-0.314446822556232,-0.313543017440892,-0.312618024326291,-0.311673477396467,-0.310710930505643,-0.309731859619156,-0.308737665385382,-0.307729675798488,-0.306709148917784,-0.305677275614691,-0.304635182322987,-0.303583933772063,-0.302524535686473,-0.301457937438174,-0.300385034640515,-0.299306671675372,-0.298223644146783,-0.297136701256166,-0.296046548095616,-0.294953847857014,-0.293859223955703,-0.292763262068331,-0.291666512085194,-0.290569489977948,-0.289472679584098,-0.28837653430997,-0.287281478754245,-0.286187910254304,-0.285096200357846,-0.28400669622233,-0.282919721944901,-0.281835579825473,-0.280754551565702,-0.279676899406528,-0.278602867206971,-0.277532681466811,-0.276466552295739,-0.275404674331476,-0.274347227609318,-0.27329437838546,-0.272246279916388,-0.271203073196532,-0.270164887656296,-0.269131841822488,-0.268104043943089,-0.267081592578213,-0.26606457715904,-0.265053078516383,-0.264047169380534,-0.263046914853876,-0.262052372857751,-0.261063594554948,-0.260080624749119,-0.259103502262378,-0.258132260292261,-0.257166926749153,-0.256207524575255,-0.255254072046091,-0.254306583055501,-0.253365067385015,-0.25242953095847,-0.251499976082662,-0.250576401674803,-0.249658803477492,-0.248747174261886,-0.247841504019716,-0.246941780144747,-0.246047987604264,-0.245160109101118,-0.24427812522685,-0.243402014606378,-0.2425317540347,-0.241667318606047,-0.2408086818359,-0.239955815776246,-0.239108691124445,-0.23826727732605,0,-0.217079294100157,-0.217583627360039,-0.218089055421631,-0.218602336213281,-0.219127203652661,-0.219664589693504,-0.220214478270627,-0.220777000868849,-0.221352747682714,-0.221942681609402,-0.222547933486332,-0.223169608745615,-0.223808645326302,-0.224465722964271,-0.225141212305853,-0.225835152385866,-0.22654724834426,-0.227276884352591,-0.228023148667944,-0.228784868642882,-0.229560653779175,-0.230348944869638,-0.231148067160983,-0.231956285418123,-0.232771858827985,-0.233593093853176,-0.234418393412874,-0.235246301099659,-0.236075539504088,-0.236905042083682,-0.237733978354768,-0.238561772485622,-0.239388115615331,-0.240212972408388,-0.241036582479304,-0.241859457387507,-0.242682373917003,-0.243506364325752,-0.244332704186024,-0.245162898348406,-0.245998665457771,-0.246841921337372,-0.247694761444288,-0.248559442491392,-0.249438363232352,-0.250334044320504,-0.251249107082186,-0.252186250992516,-0.253148229607761,-0.254137824694741,-0.255157818304788,-0.256210962568192,-0.257299947035263,-0.258427363462009,-0.259595668031575,-0.260807141116084,-0.262063844815477,-0.263367578657703,-0.264719834004261,-0.266121747871466,-0.267574057044275,-0.269077053518196,-0.2706305424465,-0.272233803884472,-0.273885559699389,-0.275583947043682,-0.277326499760246,-0.279110138995439,-0.280931174132729,-0.282785314927275,-0.284667695423109,-0.286572909878573,-0.288495060526411,-0.290427816570496,-0.29236448339371,-0.294298080544915,-0.296221426711606,-0.298127229591385,-0.300008178368701,-0.30185703639709,-0.303666731688061,-0.305430442915631,-0.307141678852387,-0.308794349444813,-0.31038282709298,-0.311901997099926,-0.313347296674957,-0.31471474228928,-0.316000945570583,-0.317203118268051,-0.318319067108053,-0.31934717958537,-0.320286401892585,-0.321136210282304,-0.321896577188299,-0.322567933410117,-0.323151127600362,-0.323647384194909,-0.324058260803757,-0.324385605943367,-0.324631517848544,-0.324798304960073,-0.324888448548798,-0.324904567811759,-0.324849387663853,-0.32472570935091,-0.324536383927403,-0.324284288574125,-0.32397230567715,-0.323603304548083,-0.323180125635568,-0.322705567057731,-0.322182373273157,-0.321613225702632,-0.321000735113978,-0.320347435586479,-0.319655779878786,-0.318928136033726,-0.318166785064456,-0.31737391957829,-0.316551643206758,-0.315701970722667,-0.314826828736873,-0.313928056878876,-0.313007409376124,-0.31206655695697,-0.31110708901145,-0.310130515952547,-0.309138271728243,-0.308131716441597,-0.307112139042249,-0.306080760058239,-0.305038734341921,-0.303987153808009,-0.30292705014556,-0.30185939748896,-0.30078511503584,-0.299705069602296,-0.298620078107909,-0.297530909984866,-0.29643828950705,-0.295342898036262,-0.294245376183837,-0.293146325886885,-0.292046312399106,-0.290945866196796,-0.289845484801193,-0.288745634518698,-0.28764675210086,-0.28654924632629,-0.285453499506828,-0.28435986892047,-0.283268688173646,-0.282180268495492,-0.281094899966824,-0.280012852686476,-0.278934377877711,-0.277859708937319,-0.276789062430009,-0.275722639030634,-0.274660624416703,-0.273603190113589,-0.272550494294743,-0.271502682539131,-0.270459888548073,-0.269422234823516,-0.268389833309735,-0.267362786000349,-0.266341185512455,-0.265325115629614,-0.264314651815317,-0.263309861698519,-0.262310805532704,-0.261317536629913,-0.260330101771075,-0.259348541593914,-0.258372890959646,-0.257403179299606,-0.256439430942901,-0.255481665426118,-0.254529897786048,-0.253584138836371,-0.252644395429157,-0.251710670702021,-0.250782964311707,-0.249861272654836,-0.248945589076534,-0.248035904067582,-0.247132205450718,-0.246234478556689,-0.245342706390595,-0.244456869789067,-0.243576947568777,-0.24270291666673,-0.241834752272811,-0.240972427954987,-0.240115915777564,-0.239265186412886,-0.238420209246819,-0.237580952478357,0,-0.217684746316529,-0.218174531069846,-0.218665208080141,-0.219167962725585,-0.219686060552556,-0.220219382230252,-0.220767257269495,-0.221329543220285,-0.221906744455555,-0.222499781242966,-0.223109712849902,-0.223737521144762,-0.224383969911783,-0.225049524701687,-0.225734314358326,-0.226438120124405,-0.227160383679093,-0.22790022923701,-0.228656496830526,-0.229427784664314,-0.230212498553146,-0.231008906341332,-0.231815195089469,-0.232629528807739,-0.233450104642897,-0.234275205674394,-0.235103248811216,-0.235932826666972,-0.236762742690505,-0.237592039212339,-0.238420018410164,-0.239246256483295,-0.240070611547781,-0.240893225917794,-0.241714523527541,-0.242535203277426,-0.243356229067338,-0.244178817218905,-0.245004421897895,-0.245834719037826,-0.246671589145382,-0.247517099245436,-0.24837348410479,-0.249243126764314,-0.250128538312996,-0.251032336757242,-0.251957224776817,-0.252905966116398,-0.253881360340015,-0.254886215675197,-0.255923319695172,-0.256995407630972,-0.258105128171047,-0.259255006693383,-0.260447405983484,-0.261684484619169,-0.262968153347674,-0.264300029938327,-0.265681393160511,-0.267113136705386,-0.268595724033628,-0.270129145281216,-0.271712877481396,-0.27334584945276,-0.275026412750465,-0.276752320070129,-0.278520712423784,-0.280328116268856,-0.282170451562411,-0.284043051436177,-0.285940693850253,-0.287857645197098,-0.289787715409309,-0.291724323695561,-0.293660573612535,-0.295589335800921,-0.297503336394161,-0.2993952488699,-0.301257786971595,-0.303083796290728,-0.304866342170713,-0.306598791766578,-0.30827488835785,-0.3098888163481,-0.311435255771516,-0.312909425541012,-0.314307115089762,-0.31562470445675,-0.31685917322802,-0.31800809905446,-0.319069646714499,-0.320042548871421,-0.320926079790043,-0.32172002332998,-0.322424636529466,-0.323040610043414,-0.323569026611984,-0.324011318621374,-0.324369225686616,-0.324644753045281,-0.32484013140885,-0.324957778780747,-0.325000264621342,-0.324970276623648,-0.324870590260781,-0.32470404117844,-0.324473500432619,-0.324181852513903,-0.323831976053927,-0.323426727075541,-0.322968924624472,-0.322461338605196,-0.321906679635977,-0.321307590736028,-0.320666640660454,-0.319986318704712,-0.319269030809053,-0.318517096803749,-0.31773274864744,-0.316918129522911,-0.316075293666776,-0.315206206821499,-0.314312747209718,-0.313396706941787,-0.312459793777724,-0.31150363317423,-0.310529770556202,-0.309539673760062,-0.308534735603426,-0.307516276542043,-0.306485547380698,-0.305443732009852,-0.304391950144303,-0.30333126004408,-0.302262661201282,-0.301187096979532,-0.30010545719538,-0.299018580633187,-0.297927257487025,-0.296832231724709,-0.295734203370558,-0.294633830704629,-0.293531732377184,-0.29242848943801,-0.291324647280874,-0.290220717503996,-0.289117179687877,-0.288014483092191,-0.286913048273756,-0.285813268627809,-0.284715511855002,-0.283620121356638,-0.282527417560765,-0.281437699181782,-0.280351244416224,-0.279268312077415,-0.278189142671619,-0.277113959418304,-0.276042969217074,-0.274976363563748,-0.273914319418035,-0.272857000025116,-0.271804555693428,-0.270757124530818,-0.269714833141167,-0.268677797283508,-0.267646122495548,-0.266619904683462,-0.265599230679697,-0.264584178770484,-0.263574819194652,-0.262571214615266,-0.261573420565541,-0.260581485870412,-0.259595453045056,-0.258615358671629,-0.257641233755365,-0.256673104061179,-0.255710990431825,-0.254754909088589,-0.253804871915506,-0.252860886727956,-0.251922957526513,-0.250991084736849,-0.25006526543644,-0.249145493568804,-0.248231760145949,-0.247324053439664,-0.246422359162269,-0.245526660637398,-0.244636938961348,-0.243753173155523,-0.242875340310428,-0.242003415721707,-0.241137373018627,-0.240277184285439,-0.239422820175978,-0.238574250021896,-0.23773144193484,-0.236894362902929,0,-0.218259427018778,-0.218735792094747,-0.219215738593945,-0.219712262554722,-0.220227311588961,-0.220759643156671,-0.221308095825668,-0.221872421568898,-0.222453147540702,-0.223051202565368,-0.223667587672442,-0.224303154577398,-0.224958478332533,-0.225633794489889,-0.226328976483414,-0.227043538013138,-0.227776652176762,-0.22852718308372,-0.229293727452224,-0.230074664186884,-0.230868209879547,-0.231672477995488,-0.232485539408238,-0.233305482001211,-0.234130467262348,-0.234958782125515,-0.235788884714802,-0.236619443081278,-0.237449366448181,-0.238277828870605,-0.239104285548567,-0.239928482295703,-0.240750458854817,-0.241570546867242,-0.242389363351574,-0.243207800537759,-0.244027012846074,-0.244848401708661,-0.245673598815661,-0.246504448238893,-0.247342987752654,-0.248191429540956,-0.24905214035935,-0.249927621111765,-0.25082048571184,-0.251733439026162,-0.252669253645212,-0.253630745197626,-0.254620745915198,-0.255642076170308,-0.256697513744334,-0.257789760645002,-0.258921407372293,-0.260094894635578,-0.261312472647793,-0.262576158263394,-0.263887690382482,-0.265248484209358,-0.266659585124218,-0.26812162309464,-0.269634768710509,-0.271198692062538,-0.272812525790218,-0.27447483368929,-0.276183586281573,-0.277936144702393,-0.279729254146395,-0.281559047927919,-0.283421062958109,-0.285310267122971,-0.287221098675247,-0.289147517343463,-0.2910830664336,-0.293020944775117,-0.294954086967804,-0.296875250043214,-0.298777104385605,-0.300652326580011,-0.302493691780541,-0.304294163225131,-0.306046976660804,-0.307745717676456,-0.309384390252291,-0.31095747520584,-0.312459977620869,-0.313887462763321,-0.31523608039508,-0.316502577771701,-0.317684301938328,-0.318779192207591,-0.319785763907979,-0.320703084629347,-0.321530744266427,-0.3222688201772,-0.32291783873884,-0.323478734509254,-0.323952808096988,-0.324341683716219,-0.324647267265772,-0.324871705629342,-0.325017347754873,-0.325086707939245,-0.325082431623681,-0.325007263897885,-0.324864020817951,-0.324655563564986,-0.324384775407555,-0.324054541380737,-0.323667730556402,-0.323227180751902,-0.322735685506197,-0.322195983142008,-0.321610747728456,-0.320982581759596,-0.320314010369022,-0.319607476908386,-0.318865339727349,-0.318089870003469,-0.317283250482258,-0.316447574999655,-0.315584848671086,-0.314696988642942,-0.313785825313346,-0.312853103939616,-0.311900486559485,-0.310929554162177,-0.309941809053593,-0.308938677367302,-0.307921511679743,-0.30689159369398,-0.305850136961743,-0.304798289618152,-0.303737137107707,-0.302667704883776,-0.30159096106696,-0.300507819050533,-0.299419140043515,-0.298325735544007,-0.297228369737203,-0.296127761813986,-0.295024588207321,-0.29391948474473,-0.292813048716048,-0.291705840856416,-0.29059838724511,-0.289491181121299,-0.288384684618249,-0.287279330417832,-0.286175523327441,-0.285073641781627,-0.283974039270899,-0.28287704570026,-0.281782968680085,-0.280692094751994,-0.279604690552398,-0.278521003916335,-0.277441264924242,-0.276365686894212,-0.275294467322256,-0.274227788773017,-0.273165819723318,-0.272108715360826,-0.271056618340068,-0.270009659497921,-0.268967958530634,-0.267931624634339,-0.26690075711095,-0.265875445941226,-0.264855772326735,-0.263841809202348,-0.262833621720819,-0.261831267710946,-0.260834798110708,-0.25984425737674,-0.258859683871391,-0.257881110228601,-0.256908563699719,-0.255942066480363,-0.254981636019338,-0.254027285310602,-0.253079023169177,-0.252136854491904,-0.25120078050385,-0.250270798991159,-0.249346904521072,-0.248429088649827,-0.247517340119099,-0.246611645041593,-0.245711987076392,-0.244818347594608,-0.243930705835873,-0.24304903905616,-0.242173322667406,-0.241303530369388,-0.240439634274263,-0.239581605024172,-0.238729411902291,-0.237883022937669,-0.237042405004206,-0.236207523914072,0,-0.21880681697872,-0.219270605377203,-0.219743895827622,-0.2202383425078,-0.220753783501771,-0.221287906566783,-0.221839283668581,-0.22240773780106,-0.222993912830488,-0.223598778502277,-0.224223275758928,-0.224868109705342,-0.225533646765456,-0.22621987460969,-0.226926397727872,-0.227652453976448,-0.228396945086355,-0.229158477813312,-0.229935413701313,-0.230725925566043,-0.231528058561064,-0.232339793459158,-0.233159109719277,-0.233984046042961,-0.234812756420797,-0.235643560076655,-0.236474984180328,-0.237305798670133,-0.23813504296831,-0.238962044756667,-0.239786431291163,-0.240608133964113,-0.241427386971012,-0.242244721011047,-0.243060952955556,-0.243877172369014,-0.244694725675403,-0.245515198642107,-0.246340397715524,-0.247172330597888,-0.24801318631203,-0.248865314866665,-0.249731206514482,-0.250613470492432,-0.251514813050575,-0.252438014514279,-0.253385905085333,-0.2543613390712,-0.255367167238426,-0.256406207016214,-0.257481210329249,-0.258594828914578,-0.259749577075152,-0.260947791941063,-0.262191591446705,-0.263482830385192,-0.264823055066227,-0.266213457275104,-0.26765482840188,-0.269147514773001,-0.270691375363612,-0.272285743187227,-0.273929391739865,-0.275620507907749,-0.277356672721961,-0.279134851252558,-0.280951392774242,-0.282802042104924,-0.2846819627214,-0.286585771901601,-0.288507587744274,-0.290441087492759,-0.292379576161523,-0.294316064056298,-0.296243351415117,-0.298154118101025,-0.300041016066562,-0.301896762198997,-0.303714229150752,-0.305486531861302,-0.307207107677633,-0.308869788266274,-0.310468861861929,-0.311999124793376,-0.313455921642817,-0.31483517380682,-0.316133396614437,-0.317347705503478,-0.318475812046439,-0.319516010845149,-0.320467158474566,-0.321328645752582,-0.322100364648677,-0.322782671127374,-0.323376345161639,-0.32388254905655,-0.324302785104633,-0.324638853460504,-0.324892810982098,-0.325066931645688,-0.32516366900763,-0.325185621061281,-0.325135497725582,-0.325016091103942,-0.324830248568811,-0.324580848658606,-0.324270779718625,-0.323902921175151,-0.323480127300728,-0.323005213307127,-0.322480943589263,-0.321910021936913,-0.321295083530097,-0.32063868853731,-0.319943317142307,-0.319211365833972,-0.318445144804243,-0.317646876310387,-0.316818693869736,-0.315962642166901,-0.315080677565088,-0.314174669124407,-0.313246400040665,-0.312297569428098,-0.311329794378702,-0.310344612239257,-0.309343483054857,-0.30832779213466,-0.307298852701832,-0.306257908595229,-0.305206136995267,-0.304144651150841,-0.303074503087953,-0.301996686284096,-0.300912138295362,-0.299821743325778,-0.2987263347306,-0.297626697447142,-0.29652357034839,-0.295417648515985,-0.294309585430364,-0.293199995076812,-0.292089453967028,-0.290978503076459,-0.289867649698275,-0.288757369215255,-0.287648106791289,-0.286540278984438,-0.28543427528377,-0.284330459572322,-0.283229171518696,-0.282130727899843,-0.281035423857674,-0.27994353409214,-0.278855313993409,-0.277771000715782,-0.276690814195903,-0.275614958117825,-0.274543620827371,-0.273476976198221,-0.272415184452035,-0.271358392934874,-0.270306736852085,-0.269260339963733,-0.268219315242594,-0.267183765496617,-0.266153783957696,-0.265129454838514,-0.264110853859113,-0.263098048744814,-0.262091099696981,-0.261090059838085,-0.260094975632442,-0.259105887283933,-0.258122829111934,-0.257145829906637,-0.256174913264882,-0.255210097907547,-0.254251397979493,-0.253298823333031,-0.252352379795777,-0.251412069423776,-0.250477890740672,-0.249549838963694,-0.248627906217182,-0.247712081734321,-0.246802352047728,-0.245898701169507,-0.245001110761329,-0.244109560295103,-0.243224027204725,-0.242344487029408,-0.241470913549038,-0.240603278912002,-0.239741553755878,-0.238885707321395,-0.238035707560009,-0.237191521235452,-0.236353114019574,-0.235520450582781,0,-0.219329395328635,-0.219782160122675,-0.220253084599232,-0.220749389313145,-0.221268302709637,-0.221806664450335,-0.222363054926531,-0.222937536988551,-0.22353094022071,-0.224144284405886,-0.22477843244446,-0.225433917144834,-0.226110872186229,-0.226809018475505,-0.227527678986143,-0.228265809575488,-0.22902204068853,-0.229794727770584,-0.230582008829045,-0.231381867315763,-0.232192198087383,-0.233010873954481,-0.233835810333909,-0.2346650257479,-0.235496696304748,-0.236329202779447,-0.237161169427013,-0.237991494157192,-0.238819370141661,-0.239644299290898,-0.240466098315835,-0.241284898276648,-0.242101138621871,-0.242915556745142,-0.243729174046784,-0.244543279397699,-0.245359410777835,-0.246179335714642,-0.247005030990235,-0.247838661929549,-0.248682561433467,-0.249539208786608,-0.250411208153485,-0.251301266581596,-0.25221217125764,-0.253146765714074,-0.25410792465826,-0.255098527095443,-0.256121427439736,-0.257179424353873,-0.258275227128319,-0.259411419502688,-0.26059042094608,-0.261814445546277,-0.26308545880791,-0.264405132823237,-0.265774800451075,-0.267195409313474,-0.268667476588425,-0.270191045731222,-0.271765646387334,-0.27339025885516,-0.27506328450736,-0.276782523574814,-0.278545161629543,-0.280347765966508,-0.282186292877215,-0.284056106532611,-0.285952009856181,-0.287868287382394,-0.289798759677694,-0.291736848471717,-0.293675651228782,-0.295608023508184,-0.297526667139857,-0.299424221999795,-0.301293359022938,-0.303126872049304,-0.304917766164322,-0.306659340361655,-0.308345262614388,-0.309969635771123,-0.311527053075677,-0.313012642519333,-0.314422099649273,-0.315751708854002,-0.316998353507481,-0.318159515663907,-0.319233266244775,-0.32021824684436,-0.321113644398587,-0.321919160019081,-0.322634973295394,-0.323261703322623,-0.323800367628426,-0.324252340062788,-0.324619308585215,-0.324903233745993,-0.325106308518047,-0.3252309199998,-0.325279613381641,-0.325255058452481,-0.325160018820245,-0.324997323931912,-0.324769843905045,-0.324480467122976,-0.324132080498988,-0.323727552279708,-0.323269717232956,-0.322761364049114,-0.322205224776144,-0.321603966105378,-0.320960182326907,-0.320276389778617,-0.31955502262084,-0.318798429778307,-0.318008872901992,-0.317188525214973,-0.316339471118179,-0.315463706443569,-0.314563139253556,-0.313639591096283,-0.31269479863649,-0.311730415591148,-0.310748014907721,-0.30974909113085,-0.308735062910444,-0.307707275610651,-0.306667003984987,-0.305615454888032,-0.304553769998748,-0.303483028534429,-0.302404249937911,-0.301318396523716,-0.300226376071534,-0.299129044357764,-0.298027207617864,-0.29692162493399,-0.29581301054388,-0.294702036068219,-0.29358933265476,-0.292475493038398,-0.291361073517127,-0.290246595844443,-0.289132549039257,-0.288019391114797,-0.286907550728308,-0.285797428753626,-0.284689399778883,-0.283583813531771,-0.282480996234874,-0.281381251893655,-0.280284863519729,-0.279192094292028,-0.278103188658511,-0.277018373380976,-0.27593785852554,-0.274861838401279,-0.273790492449443,-0.272723986085621,-0.271662471497128,-0.270606088397823,-0.269554964742484,-0.268509217402763,-0.267468952806709,-0.266434267543699,-0.265405248936594,-0.26438197558282,-0.263364517866007,-0.262352938439742,-0.261347292684919,-0.260347629142086,-0.259353989920139,-0.258366411082619,-0.257384923012827,-0.256409550758899,-0.255440314359923,-0.254477229154124,-0.253520306070098,-0.252569551902002,-0.25162496956959,-0.250686558363901,-0.249754314179397,-0.24882822973328,-0.247908294772687,-0.246994496270426,-0.246086818609874,-0.245185243759632,-0.244289751438494,-0.243400319271249,-0.242516922935824,-0.241639536302234,-0.240768131563791,-0.239902679360982,-0.239043148898412,-0.238189508055212,-0.237341723489222,-0.23649976073534,-0.235663584298301,-0.234833157740225,0,-0.219829090065676,-0.220273723439123,-0.22074681778489,-0.221248590705369,-0.221773627425088,-0.222318319075763,-0.22288155709165,-0.223463786728932,-0.224066058404486,-0.224689425315162,-0.22533463884231,-0.226002026152091,-0.226691461431859,-0.227402380239076,-0.228133813394245,-0.228884431458133,-0.229652597051261,-0.230436424000987,-0.231233842133971,-0.232042665870299,-0.232860664239681,-0.233685629724125,-0.234515443431841,-0.235348134446987,-0.236181931687306,-0.237015307154612,-0.237847010016154,-0.238676091461224,-0.239501920705947,-0.240324192853158,-0.241142929547773,-0.241958473504088,-0.242771478029402,-0.243582892641601,-0.244393945792693,-0.245206125581837,-0.246021159185609,-0.246840991563992,-0.247667763829306,-0.248503791501398,-0.249351542722695,-0.250213616376115,-0.251092719940402,-0.251991646833124,-0.252913252932061,-0.253860431931503,-0.254836089180764,-0.25584311366783,-0.256884347851078,-0.257962555105785,-0.259080384639093,-0.260240333835918,-0.261444708127532,-0.262695578621661,-0.263994737894708,-0.26534365451851,-0.266743427070219,-0.268194738547108,-0.269697812270017,-0.27125237050012,-0.272857597103241,-0.274512105663686,-0.276213914465113,-0.277960429710816,-0.279748438243239,-0.281574110839449,-0.283433016906392,-0.285320151082552,-0.287229971881679,-0.289156452104747,-0.291093140317973,-0.293033232270049,-0.294969650725046,-0.296895131842459,-0.298802315964237,-0.300683840487656,-0.302532432424143,-0.30434099827236,-0.30610270896651,-0.307811077888356,-0.309460030238296,-0.311043962426804,-0.312557790549771,-0.313996987425885,-0.31535760807875,-0.316636303920884,-0.317830326225141,-0.318937519740178,-0.319956307513715,-0.320885668128899,-0.321725106637137,-0.322474620491011,-0.323134661751144,-0.323706096770421,-0.324190164457729,-0.32458843410088,-0.324902763593618,-0.325135258772373,-0.325288234430981,-0.325364177451147,-0.325365712366422,-0.325295569570294,-0.325156556285941,-0.324951530336569,-0.324683376690698,-0.324354986705496,-0.323969239952043,-0.323528988477819,-0.323037043342424,-0.32249616325094,-0.321909045104168,-0.321278316284856,-0.320606528502912,-0.319896153029417,-0.319149577158188,-0.318369101744017,-0.31755693967787,-0.316715215170927,-0.315845963730927,-0.314951132725586,-0.3140325824388,-0.313092087535594,-0.312131338861465,-0.311151945510631,-0.31015543710592,-0.309143266240447,-0.308116811037939,-0.307077377794654,-0.306026203671177,-0.304964459407205,-0.303893252036676,-0.302813627584296,-0.301726573727834,-0.300633022413361,-0.299533852413149,-0.298429891818033,-0.297321920457944,-0.296210672245864,-0.295096837441853,-0.293981064834904,-0.292863963841394,-0.291746106519696,-0.290628029501179,-0.289510235838436,-0.288393196771965,-0.287277353416971,-0.286163118372192,-0.285050877252923,-0.283940990150546,-0.282833793021036,-0.28172959900498,-0.280628699681681,-0.279531366259988,-0.27843785070844,-0.277348386827334,-0.276263191265265,-0.275182464482657,-0.274106391664731,-0.273035143586293,-0.27196887743067,-0.270907737565013,-0.26985185627414,-0.268801354454988,-0.267756342273667,-0.266716919787035,-0.265683177530616,-0.264655197074611,-0.263633051549677,-0.262616806144056,-0.261606518573579,-0.260602239525975,-0.259604013080872,-0.258611877106782,-0.257625863636299,-0.256645999220713,-0.255672305265113,-0.254704798345069,-0.253743490505871,-0.25278838954528,-0.251839499280687,-0.250896819801527,-0.249960347707749,-0.249030076335106,-0.248105995967982,-0.247188094040427,-0.246276355326059,-0.245370762117423,-0.244471294395392,-0.243577929989148,-0.242690644727252,-0.241809412580306,-0.240934205795633,-0.240064995024437,-0.239201749441837,-0.23834443686017,-0.237493023835913,-0.236647475770592,-0.235807757005986,-0.234973830913932,-0.234145659981045,0,-0.220307247690661,-0.220748744804402,-0.221228661693806,-0.221739055767191,-0.222272386298596,-0.222825144187472,-0.223396827815947,-0.223988362249919,-0.224601013479964,-0.225235825604507,-0.225893391588848,-0.226573794322114,-0.227276621064517,-0.228001005148983,-0.228745677529662,-0.229509023715475,-0.230289145813305,-0.231083929675914,-0.231891116180712,-0.232708374678812,-0.233533376070822,-0.234363862834675,-0.235197713558237,-0.236032999990225,-0.236868035203274,-0.237701412073319,-0.238532031855648,-0.239359123137769,-0.240182251848426,-0.241001323290614,-0.241816577345292,-0.242628578070334,-0.24343819891042,-0.244246604654912,-0.245055231150612,-0.245865763611976,-0.246680114188907,-0.247500399265045,-0.248328916778395,-0.249168123689302,-0.250020613573894,-0.250889094197897,-0.25177636482813,-0.252685292968015,-0.253618790159137,-0.254579786473038,-0.255571203325411,-0.256595924278063,-0.257656763551804,-0.258756432054789,-0.259897500834888,-0.261082361989638,-0.262313187211256,-0.263591884303844,-0.264920052181259,-0.266298935031703,-0.267729376512213,-0.269211775004787,-0.270746041116565,-0.272331558729191,-0.273967150986478,-0.27565105264454,-0.277380890185226,-0.27915367100473,-0.280965782830101,-0.282813004286613,-0.284690527242287,-0.286592991201243,-0.288514529618802,-0.290448827586476,-0.292389189906138,-0.294328618163399,-0.296259895044906,-0.298175673845237,-0.300068570895369,-0.301931258529898,-0.303756556201384,-0.305537517447334,-0.307267510611218,-0.308940291499744,-0.310550066505894,-0.312091545118528,-0.313559981151301,-0.314951202432966,-0.316261629087028,-0.317488280873741,-0.318628774358684,-0.319681310901542,-0.320644656622829,-0.32151811560609,-0.322301497633092,-0.322995081736746,-0.323599576799942,-0.32411608033769,-0.324546036484795,-0.324891194080804,-0.325153565606369,-0.325335387587314,-0.325439082950019,-0.325467225688339,-0.325422508090867,-0.325307710679626,-0.325125674927758,-0.324879278754463,-0.324571414739647,-0.324204970957289,-0.32378281429427,-0.323307776098802,-0.322782639988198,-0.322210131638206,-0.321592910374093,-0.320933562385997,-0.320234595396714,-0.319498434618113,-0.318727419842105,-0.317923803522852,-0.317089749718199,-0.316227333769807,-0.315338542612764,-0.314425275616446,-0.313489345868813,-0.31253248182618,-0.311556329259584,-0.310562453437321,-0.309552341490867,-0.308527404918382,-0.307488982186277,-0.306438341394915,-0.305376682979574,-0.304305142422206,-0.303224792953483,-0.302136648228031,-0.301041664958823,-0.299940745499288,-0.298834740364001,-0.297724450680792,-0.296610630568801,-0.29549398943847,-0.294375194210704,-0.293254871453469,-0.292133609435002,-0.291011960093538,-0.289890440924064,-0.288769536783142,-0.287649701613224,-0.286531360088237,-0.285414909182464,-0.284300719664942,-0.283189137521765,-0.282080485308762,-0.280975063437113,-0.279873151394479,-0.278775008904266,-0.277680877025588,-0.276590979196526,-0.275505522223185,-0.274424697217033,-0.273348680482926,-0.272277634360172,-0.271211708018891,-0.270151038213881,-0.269095749998078,-0.268045957397662,-0.267001764050755,-0.26596326381156,-0.264930541321755,-0.263903672550826,-0.262882725306977,-0.261867759720166,-0.260858828698745,-0.259855978361112,-0.258859248443697,-0.257868672686578,-0.256884279197899,-0.255906090798258,-0.254934125346131,-0.253968396045376,-0.25300891173577,-0.252055677167515,-0.251108693260583,-0.250167957349718,-0.249233463415878,-0.248305202304869,-0.247383161933848,-0.246467327486375,-0.245557681596624,-0.244654204523353,-0.243756874314189,-0.242865666960755,-0.241980556545135,-0.241101515378155,-0.240228514129911,-0.239361521952994,-0.238500506598773,-0.237645434527136,-0.236796271010041,-0.235952980229202,-0.235115525368246,-0.234283868699617,-0.233457971666531,0,-0.22076532681396,-0.221210937942638,-0.221702164074341,-0.222223736032726,-0.222767026504107,-0.223329256693389,-0.22391077999811,-0.224513037076691,-0.225137460952536,-0.225785020618665,-0.226456093788318,-0.2271504781201,-0.227867447953527,-0.228605820654911,-0.229364023455234,-0.230140161213153,-0.230932087078982,-0.231737476753463,-0.232553905352707,-0.233378924696982,-0.234210138303637,-0.23504527137442,-0.235882233447182,-0.236719171967467,-0.237554515699033,-0.238387007543891,-0.239215726923023,-0.24004010234418,-0.240859915137125,-0.241675295567384,-0.242486712654863,-0.243294959038218,-0.244101132158095,-0.244906612902606,-0.245713042686264,-0.246522299737641,-0.247336475166638,-0.248157849182354,-0.248988867646688,-0.249832118983761,-0.250690311325392,-0.251566249660593,-0.252462812673276,-0.253382928897166,-0.254329551789718,-0.255305633326782,-0.256314095746054,-0.257357801118872,-0.258439518505868,-0.259561888551093,-0.26072738549002,-0.261938276687342,-0.263196579977842,-0.264504019254041,-0.265861978922889,-0.26727145803402,-0.268733025056518,-0.270246774440648,-0.271812286235802,-0.273428590135284,-0.275094135372085,-0.276806767887702,-0.27856371613011,-0.280361586701923,-0.28219637087341,-0.284063462699923,-0.285957689146529,-0.287873352236461,-0.28980428282133,-0.291743905140474,-0.293685310917924,-0.295621341362249,-0.297544675110488,-0.299447919912642,-0.301323705703386,-0.303164776662103,-0.30496407992345,-0.306714848763451,-0.308410678339136,-0.310045592385731,-0.311614099653243,-0.313111239270719,-0.314532614638103,-0.315874415840629,-0.317133430940606,-0.31830704681163,-0.319393240431128,-0.320390561733655,-0.321298109249141,-0.322115499810547,-0.322842833620541,-0.323480655925089,-0.324029916462692,-0.324491927751211,-0.324868323149026,-0.325161015492287,-0.325372156972436,-0.325504100783955,-0.32555936494596,-0.325540598585979,-0.325450550872012,-0.325292042690727,-0.3250679410956,-0.324781136488373,-0.324434522449538,-0.324030978097403,-0.323573352829266,-0.323064453280876,-0.322507032330342,-0.321903779968555,-0.321257315858824,-0.320570183412786,-0.319844845216655,-0.319083679650864,-0.318288978556415,-0.317462945812209,-0.316607696698941,-0.315725257936398,-0.314817568292024,-0.313886479669124,-0.312933758593111,-0.311961088023461,-0.310970069427709,-0.309962225061713,-0.308939000407591,-0.30790176672729,-0.30685182369555,-0.30579040208131,-0.304718666451191,-0.303637717872887,-0.302548596599859,-0.301452284721965,-0.300349708769417,-0.299241742259889,-0.298129208180708,-0.297012881399867,-0.295893491001165,-0.294771722540107,-0.293648220218324,-0.292523588975264,-0.291398396496667,-0.290273175140038,-0.289148423777896,-0.288024609560001,-0.286902169596162,-0.285781512561504,-0.284663020226316,-0.283547048912757,-0.282433930880842,-0.281323975646212,-0.280217471232245,-0.279114685359086,-0.278015866572193,-0.27692124531296,-0.275831034933949,-0.274745432661235,-0.273664620506288,-0.272588766129763,-0.271518023659506,-0.270452534464993,-0.269392427890347,-0.268337821948021,-0.267288823975099,-0.266245531254154,-0.265208031600467,-0.264176403917354,-0.263150718721266,-0.262131038638262,-0.261117418873343,-0.26010990765411,-0.259108546650107,-0.258113371369144,-0.257124411531847,-0.256141691425602,-0.255165230239003,-0.254195042377865,-0.253231137763794,-0.252273522116271,-0.251322197219134,-0.250377161172317,-0.249438408629643,-0.248505931023435,-0.247579716776661,-0.246659751503287,-0.245746018197499,-0.244838497412383,-0.243937167428641,-0.243042004413896,-0.242152982573089,-0.241270074290453,-0.24039325026354,-0.239522479629698,-0.238657730085452,-0.237798967999135,-0.236946158517166,-0.236099265664299,-0.235258252438189,-0.234423080898556,-0.233593712251274,-0.232770106927622,0,-0.221206363840487,-0.221664304002319,-0.222170759737893,-0.222705350900216,-0.223259774262403,-0.223832599950895,-0.224425195036472,-0.225039478654956,-0.225676960484607,-0.226338449787707,-0.227024046826946,-0.227733224065347,-0.228464920506078,-0.229217628261891,-0.229989471659004,-0.230778283975414,-0.231581685512303,-0.232397163960351,-0.233222155812246,-0.234054126328771,-0.23489064517483,-0.2357294550442,-0.23656853114053,-0.237406130087573,-0.238240827572513,-0.239071544698452,-0.239897563586234,-0.240718533197759,-0.241534466646572,-0.242345731423335,-0.243153034008631,-0.243957400293545,-0.244760153101884,-0.245562887929293,-0.246367447804801,-0.247175897957729,-0.24799050075238,-0.248813691145925,-0.24964805273952,-0.250496294334178,-0.251361226774123,-0.252245739762347,-0.25315277826586,-0.254085318090785,-0.255046340198908,-0.256038803356291,-0.257065614749842,-0.258129598278133,-0.259233460316991,-0.260379752876958,-0.261570834206732,-0.262808827051593,-0.264095574945035,-0.265432597090831,-0.266821042575622,-0.268261644831563,-0.269754677436097,-0.271299912481767,-0.272896582862833,-0.274543349896537,-0.276238277715184,-0.277978815821882,-0.279761791091478,-0.281583410315667,-0.283439274138379,-0.28532440290993,-0.287233274616713,-0.289159874632723,-0.291097756609641,-0.293040113396198,-0.294979856479187,-0.296909702091695,-0.298822261860281,-0.300710135679277,-0.302566004418554,-0.304382720095879,-0.306153391273651,-0.307871461663248,-0.309530780222668,-0.311125661394954,-0.312650934533163,-0.314101981968917,-0.315474765583521,-0.316765842113401,-0.317972367749377,-0.31909209286072,-0.320123347883498,-0.321065021556495,-0.32191653276911,-0.322677797309368,-0.32334919077432,-0.323931508838627,-0.324425925979744,-0.324833953639289,-0.325157398668723,-0.325398322770944,-0.325559003514361,-0.325641897367194,-0.325649605081011,-0.325584839646005,-0.32545039694773,-0.325249129176212,-0.324983920973366,-0.324657668252639,-0.32427325958466,-0.323833560013119,-0.32334139714465,-0.322799549343812,-0.322210735857958,-0.321577608695644,-0.320902746085058,-0.320188647344933,-0.319437729008472,-0.318652322050517,-0.317834670078715,-0.316986928360521,-0.316111163569016,-0.315209354141513,-0.314283391155548,-0.313335079636954,-0.312366140224208,-0.311378211122069,-0.310372850285655,-0.309351537783517,-0.308315678295033,-0.307266603703513,-0.30620557575185,-0.305133788732431,-0.30405237218734,-0.302962393598689,-0.301864861052293,-0.300760725860845,-0.299650885135305,-0.298536184295487,-0.297417419512712,-0.296295340079123,-0.295170650699633,-0.294044013703748,-0.292916051175498,-0.291787347000634,-0.290658448830937,-0.289529869966127,-0.288402091154361,-0.287275562312694,-0.286150704169247,-0.285027909829053,-0.283907546265777,-0.28278995574164,-0.281675457157996,-0.280564347339088,-0.279456902251526,-0.278353378162073,-0.277254012736306,-0.276159026080683,-0.275068621730542,-0.27398298758646,-0.272902296801397,-0.271826708620931,-0.270756369178852,-0.269691412250297,-0.268631959964524,-0.267578123479353,-0.266530003619216,-0.265487691478677,-0.264451268993198,-0.263420809478864,-0.262396378142682,-0.261378032565012,-0.260365823155594,-0.259359793584584,-0.258359981189932,-0.257366417362365,-0.256379127909183,-0.255398133398013,-0.254423449481594,-0.253455087204632,-0.252493053293691,-0.251537350431041,-0.25058797751334,-0.249644929895973,-0.24870819962383,-0.247777775649259,-0.246853644037903,-0.245935788163069,-0.245024188889269,-0.244118824745506,-0.243219672088886,-0.242326705259065,-0.24143989672404,-0.240559217217754,-0.239684635869962,-0.238816120328771,-0.237953636876271,-0.237097150537616,-0.236246625183912,-0.235402023629258,-0.234563307722249,-0.233730438432248,-0.232903375930703,-0.232082079667785,0,-0.221634627873813,-0.222113038055709,-0.22263765599123,-0.223186322851381,-0.223752610545109,-0.224336939020639,-0.224941723518419,-0.225569247964732,-0.226220972580903,-0.226897450664677,-0.227598442729271,-0.22832306041123,-0.229069890504142,-0.229837096162785,-0.230622504958746,-0.231423692709715,-0.232238067721647,-0.233062956177505,-0.233895686932274,-0.234733672857915,-0.235574485734712,-0.236415922120346,-0.237256058350514,-0.238093293636377,-0.238926381000058,-0.239754446458174,-0.240576997388822,-0.241393921387706,-0.242205477138667,-0.243012278907683,-0.243815276239245,-0.24461573031452,-0.245415188247372,-0.246215456371123,-0.247018573327057,-0.247826783522702,-0.248642511297449,-0.249468335924916,-0.250306967401862,-0.251161222826023,-0.252034003051288,-0.252928269227903,-0.253847018787023,-0.2547932604112,-0.255769987543785,-0.256780150029078,-0.257826623539928,-0.258912176538837,-0.260039434631045,-0.261210842301555,-0.262428622180342,-0.263694732147777,-0.26501082077134,-0.266378181749594,-0.267797708223185,-0.269269847987314,-0.270794560796176,-0.272371279077141,-0.273998873460237,-0.2756756245664,-0.277399202476694,-0.279166655216882,-0.280974407433133,-0.282818270204588,-0.284693462641251,-0.286594645559903,-0.288515967130694,-0.290451119960811,-0.292393408651161,-0.294335826451182,-0.296271139269746,-0.298191974999248,-0.300090915894081,-0.301960591627394,-0.303793770638412,-0.30558344747639,-0.307322924039547,-0.309005882884299,-0.310626451123342,-0.312179253818642,-0.313659456183743,-0.315062794316218,-0.316385594564749,-0.317624781979028,-0.318777878581646,-0.319842992431144,-0.320818798611154,-0.321704513382785,-0.322499862780461,-0.3232050469222,-0.323820701252577,-0.324347855849677,-0.324787893815928,-0.32514250964567,-0.325413668327807,-0.325603565806573,-0.325714591292915,-0.325749291797049,-0.325710339142426,-0.325600499624096,-0.325422606391081,-0.325179534562802,-0.324874179033213,-0.324509434872113,-0.324088180199866,-0.323613261388105,-0.323087480423498,-0.322513584263032,-0.32189425600612,-0.321232107710177,-0.320529674680967,-0.319789411076183,-0.319013686669715,-0.318204784634088,-0.317364900209326,-0.316496140137463,-0.315600522752867,-0.314679978629183,-0.313736351693903,-0.312771400731228,-0.311786801202873,-0.31078414732481,-0.309764954345586,-0.30873066097883,-0.307682631948843,-0.306622160613865,-0.305550471636665,-0.304468723676649,-0.303378012081651,-0.302279371561159,-0.301173778825796,-0.300062155180622,-0.298945369062194,-0.297824238511378,-0.296699533575687,-0.29557197863647,-0.294442254657562,-0.293311001353158,-0.292178819273592,-0.291046271808532,-0.289913887107745,-0.288782159920153,-0.287651553352367,-0.286522500548214,-0.285395406291142,-0.284270648531526,-0.28314857984116,-0.282029528797295,-0.280913801298698,-0.279801681816256,-0.278693434580686,-0.2775893047099,-0.276489519278581,-0.275394288332486,-0.274303805849938,-0.273218250652939,-0.272137787270248,-0.271062566754721,-0.269992727457126,-0.268928395758568,-0.267869686763586,-0.266816704955906,-0.265769544818737,-0.264728291421447,-0.263693020974344,-0.262663801353227,-0.261640692595307,-0.260623747367982,-0.259613011411932,-0.25860852395988,-0.257610318132342,-0.256618421311577,-0.255632855494929,-0.25465363762867,-0.253680779923385,-0.252714290151919,-0.251754171930822,-0.250800424986189,-0.249853045404746,-0.248912025870988,-0.247977355891129,-0.247049022004577,-0.246127007983626,-0.245211295021997,-0.244301861912847,-0.243398685216809,-0.242501739420623,-0.241610997086853,-0.240726428995189,-0.239848004275796,-0.238975690535124,-0.23810945397462,-0.237249259502689,-0.236395070840313,-0.235546850620644,-0.23470456048291,-0.233868161160944,-0.233037612566615,-0.232212873868459,-0.23139390356575,0,-0.222055282474457,-0.22256132969549,-0.223105708464088,-0.223668729241339,-0.224247263990959,-0.224843867375134,-0.225461892036666,-0.226103801880827,-0.226770856308454,-0.22746325333296,-0.228180356768286,-0.228920889208393,-0.229683075542058,-0.230464752704495,-0.231263463457375,-0.23207654556841,-0.232901221027114,-0.233734685305922,-0.234574194252712,-0.235417145392327,-0.236261150593483,-0.237104097747589,-0.237944199993212,-0.238780031913783,-0.239610552929279,-0.240435118741329,-0.241253482155371,-0.242065784894903,-0.242872542156505,-0.243674621653737,-0.244473218790603,-0.245269829419874,-0.246066221405561,-0.246864405946845,-0.247666609353494,-0.248475245706345,-0.249292890602671,-0.250122255982898,-0.250966165866528,-0.25182753269308,-0.252709333868038,-0.253614588053122,-0.254546330712486,-0.255507588429766,-0.256501351543146,-0.257530544704834,-0.258597995055986,-0.259706397816345,-0.26085827921794,-0.262055956861778,-0.263301497742597,-0.264596674365588,-0.26594291956535,-0.267341280824907,-0.268792375073626,-0.270296345108249,-0.271852818921063,-0.27346087332273,-0.275119003304046,-0.276825098580957,-0.27857642870258,-0.280369637967233,-0.282200751184843,-0.284065191047975,-0.285957807535573,-0.287872919385651,-0.289804367252604,-0.291745577732494,-0.293689637018848,-0.295629372566615,-0.297557440816084,-0.299466418782017,-0.301348897161412,-0.30319757256552,-0.305005336540127,-0.306765359197952,-0.308471165536622,-0.310116702838091,-0.311696397919523,-0.313205203408553,-0.314638632624246,-0.315992783037517,-0.317264348642731,-0.31845062188145,-0.319549486010072,-0.320559398990566,-0.321479370107051,-0.322308930573808,-0.323048099408598,-0.323697345806994,-0.32425754917805,-0.324729957898535,-0.325116147721438,-0.325417980642689,-0.32563756489535,-0.32577721660872,-0.325839423545305,-0.325826811214671,-0.325742111561817,-0.325588134339841,-0.325367741202584,-0.325083822492165,-0.324739276648013,-0.324336992127001,-0.323879831697285,-0.323370618950017,-0.322812126862006,-0.32220706823715,-0.321558087854094,-0.320867756150865,-0.320138564283344,-0.319372920402598,-0.318573147005572,-0.317741479224025,-0.31688006392729,-0.315990959525321,-0.315076136369069,-0.314137477655523,-0.313176780754526,-0.312195758883596,-0.311196043065558,-0.310179184311606,-0.309146655979624,-0.308099856264099,-0.307040110779862,-0.305968675207181,-0.304886737970442,-0.303795422926874,-0.30269579204549,-0.301588848059671,-0.300475537079746,-0.299356751154394,-0.298233330771902,-0.297106067294233,-0.295975705318466,-0.294842944961601,-0.293708444065933,-0.292572820323213,-0.29143665331669,-0.290300486480851,-0.289164828979303,-0.288030157501716,-0.286896917981183,-0.285765527233679,-0.284636374521536,-0.283509823043114,-0.282386211350942,-0.281265854700746,-0.280149046333857,-0.279036058695523,-0.277927144591668,-0.276822538286649,-0.275722456544535,-0.27462709961638,-0.273536652175952,-0.272451284206273,-0.271371151839313,-0.270296398151066,-0.269227153914185,-0.268163538310283,-0.267105659603897,-0.26605361578007,-0.265007495147403,-0.263967376908343,-0.262933331698432,-0.261905422096108,-0.260883703104637,-0.259868222607624,-0.258859021799522,-0.257856135592468,-0.256859593000713,-0.255869417503849,-0.254885627389983,-0.253908236079931,-0.252937252433467,-0.251972681038599,-0.251014522484794,-0.250062773621024,-0.24911742779946,-0.248178475105604,-0.247245902575585,-0.24631969440133,-0.24539983212427,-0.244486294818212,-0.243579059261949,-0.242678100102198,-0.24178339000737,-0.240894899812686,-0.240012598657107,-0.239136454112523,-0.238266432305623,-0.237402498032851,-0.236544614868822,-0.235692745268547,-0.234846850663815,-0.234006891554042,-0.233172827591887,-0.232344617663933,-0.231522219966679,-0.23070559207812,0,-0.222474994521001,-0.223013103183299,-0.223577304704069,-0.22415427750999,-0.224745221862584,-0.225354823586738,-0.225987114322543,-0.226644496863295,-0.227327867145888,-0.228036974689238,-0.228770740110088,-0.229527478697043,-0.230305052102445,-0.231100980771992,-0.231912540651857,-0.232736856250259,-0.233570993700431,-0.23441205268009,-0.235257253999063,-0.236104019325579,-0.236950040083229,-0.237793333497436,-0.238632284798346,-0.239465675530869,-0.240292698700698,-0.241112962065884,-0.241926481264898,-0.242733664669387,-0.243535291888676,-0.2443324877643,-0.245126693509002,-0.245919636397106,-0.246713299130628,-0.247509889711947,-0.248311812368831,-0.249121639815122,-0.249942086900142,-0.250775985507191,-0.25162626040884,-0.252495905673836,-0.253387961145867,-0.254305488475818,-0.255251546183745,-0.256229163252099,-0.257241310805374,-0.258290871511214,-0.259380606442317,-0.260513119265125,-0.26169081776826,-0.262915872908052,-0.264190175726818,-0.265515292687034,-0.266892420155238,-0.268322338956145,-0.269805370091312,-0.271341332868085,-0.27292950680294,-0.274568598737946,-0.276256716629909,-0.277991351429839,-0.279769368359542,-0.281587008709113,-0.283439903025061,-0.285323096239428,-0.287231084916483,-0.289157866380821,-0.291096999058937,-0.29304167293822,-0.294984788647054,-0.296919043311225,-0.298837021066347,-0.300731285920846,-0.302594474580507,-0.30441938686828,-0.306199071499438,-0.307926905192744,-0.309596663397756,-0.311202581276764,-0.312739403974716,-0.314202425618488,-0.315587516885819,-0.316891141354647,-0.31811036116972,-0.319242832834015,-0.320286794141287,-0.321241043410922,-0.322104912269332,-0.322878233248585,-0.32356130345021,-0.324154845459279,-0.324659966600112,-0.325078117509827,-0.325411050877924,-0.325660781066724,-0.325829545195093,-0.325919766141331,-0.325934017803977,-0.325874992854019,-0.32574547311984,-0.325548302667696,-0.325286363575396,-0.32496255434437,-0.324579770854481,-0.324140889735468,-0.323648754007456,-0.323106160829183,-0.322515851185217,-0.321880501341138,-0.321202715897531,-0.320485022278552,-0.319729866498067,-0.318939610055211,-0.318116527821096,-0.317262806788804,-0.316380545569518,-0.315471754528136,-0.314538356462075,-0.31358218773677,-0.312604999800704,-0.311608461011481,-0.310594158712506,-0.309563601507243,-0.308518221684725,-0.307459377756125,-0.306388357067691,-0.30530637846026,-0.304214594949987,-0.303114096408811,-0.302005912226644,-0.300891013940309,-0.299770317816888,-0.298644687381536,-0.297514935881757,-0.29638182868197,-0.29524608558364,-0.294108383067612,-0.292969356456326,-0.291829601994592,-0.290689678848367,-0.289550111021649,-0.288411389192152,-0.287273972466904,-0.286138290059246,-0.28500474288904,-0.283873705108108,-0.282745525553114,-0.281620529128224,-0.280499018119998,-0.279381273446986,-0.27826755584657,-0.277158107001592,-0.276053150609283,-0.274952893394988,-0.27385752607316,-0.272767224258006,-0.27168214932614,-0.270602449233526,-0.269528259288905,-0.268459702885841,-0.267396892195445,-0.266339928821744,-0.265288904421597,-0.264243901290969,-0.263204992919304,-0.262172244513649,-0.261145713494131,-0.260125449962277,-0.259111497143628,-0.258103891806007,-0.257102664654755,-0.256107840706152,-0.255119439640213,-0.254137476133966,-0.253161960176262,-0.252192897365133,-0.251230289188625,-0.250274133290027,-0.24932442371833,-0.248381151164727,-0.247444303185915,-0.246513864414919,-0.245589816760124,-0.244672139593153,-0.243760809926202,-0.24285580257941,-0.241957090338813,-0.241064644105387,-0.240178433035672,-0.239298424674438,-0.238424585079828,-0.237556878941381,-0.23669526969134,-0.235839719609584,-0.234990189922563,-0.23414664089654,-0.233309031925461,-0.232477321613739,-0.231651467854234,-0.230831427901684,-0.230017158441841,0,-0.222901174197031,-0.223471717452436,-0.224054275619308,-0.224644309290729,-0.225247758247594,-0.225871115574565,-0.226518704521859,-0.227192592514987,-0.227893154137548,-0.228619612215053,-0.229370412366365,-0.230143456042118,-0.230936249353207,-0.231746013201344,-0.232569780811456,-0.233404493547039,-0.234247096761136,-0.235094633083227,-0.235944329182915,-0.236793672298009,-0.23764047378163,-0.238482918104537,-0.239319596879626,-0.240149528429555,-0.240972164146487,-0.241787383388264,-0.242595478934104,-0.243397135113966,-0.244193400663948,-0.244985658182732,-0.245775591807186,-0.246565154421878,-0.247356535395843,-0.248152129523404,-0.248954507551297,-0.249766388413589,-0.25059061307581,-0.251430119713372,-0.25228791981698,-0.253167074727493,-0.254070672051773,-0.255001801396209,-0.255963528872616,-0.25695886987904,-0.257990759733329,-0.259062021837693,-0.260175333176013,-0.261333187089992,-0.26253785344293,-0.263791336457478,-0.265095330702001,-0.266451175893505,-0.267859811376681,-0.269321731320173,-0.270836941833273,-0.272404921338569,-0.274024585627758,-0.275694259068633,-0.277411653411575,-0.279173855556668,-0.280977325483428,-0.282817905313756,-0.284690840179372,-0.286590811206803,-0.288511980530195,-0.290448047813324,-0.292392317329236,-0.294337774232921,-0.296277168293461,-0.298203103049685,-0.300108128136122,-0.301984832407479,-0.303825935476764,-0.305624375374366,-0.307373390225486,-0.309066592117868,-0.310698031672055,-0.312262252210773,-0.313754332829133,-0.31516992007064,-0.316505248294894,-0.317757149164406,-0.318923050967516,-0.320000968723848,-0.320989486184909,-0.321887730945932,-0.322695343930189,-0.323412444500599,-0.324039592403897,-0.324577747669299,-0.325028229475791,-0.325392674878715,-0.325672998155147,-0.325871351395238,-0.325990086838626,-0.326031721335175,-0.32599890320044,-0.325894381640027,-0.325720978834165,-0.325481564704359,-0.325179034327324,-0.3248162879167,-0.324396213259001,-0.323921670465651,-0.323395478886457,-0.322820406020076,-0.322199158252859,-0.321534373257628,-0.320828613887627,-0.3200843634071,-0.319304021908022,-0.318489903771852,-0.317644236045209,-0.316769157608824,-0.315866719029559,-0.314938882995559,-0.313987525244495,-0.313014435904291,-0.312021321174528,-0.311009805284979,-0.309981432675307,-0.308937670346876,-0.30787991034398,-0.30680947232746,-0.305727606208857,-0.304635494817806,-0.303534256579481,-0.302424948182539,-0.301308567221194,-0.300186054797887,-0.299058298075491,-0.297926132770103,-0.296790345577416,-0.295651676527213,-0.294510821261962,-0.293368433236673,-0.292225125838199,-0.291081474423017,-0.289938018273266,-0.288795262471429,-0.287653679694523,-0.286513711929113,-0.285375772108767,-0.284240245675852,-0.283107492069786,-0.281977846143985,-0.280851619513906,-0.279729101838628,-0.278610562038469,-0.277496249451175,-0.276386394929186,-0.2752812118805,-0.274180897255588,-0.273085632482796,-0.271995584354604,-0.270910905867029,-0.269831737014442,-0.268758205541938,-0.267690427657356,-0.266628508704967,-0.265572543802759,-0.264522618445171,-0.263478809073052,-0.262441183612549,-0.261409801984542,-0.260384716586164,-0.259365972745896,-0.258353609153633,-0.257347658267047,-0.256348146695532,-0.25535509556292,-0.254368520850123,-0.253388433718783,-0.252414840816955,-0.251447744567798,-0.250487143442205,-0.249533032216239,-0.248585402214206,-0.247644241538151,-0.246709535284511,-0.245781265748638,-0.244859412617842,-0.243943953153595,-0.243034862363479,-0.242132113163448,-0.241235676530915,-0.240345521649197,-0.239461616043759,-0.238583925710726,-0.237712415238078,-0.236847047919922,-0.235987785864233,-0.235134590094412,-0.234287420644993,-0.23344623665183,-0.232610996437057,-0.231781657589104,-0.230958177038047,-0.230140511126541,-0.229328615676571,0,-0.223339546628441,-0.22393966390001,-0.224537853760129,-0.225139836093772,-0.225755976838073,-0.226393949180462,-0.227057890259988,-0.227749253633811,-0.228467755687851,-0.229212036994916,-0.229980054034914,-0.230769300495745,-0.231576943791249,-0.232399929355877,-0.233235077749792,-0.234079182438283,-0.234929107402227,-0.235781880401702,-0.236634777282584,-0.237485393616192,-0.238331701319002,-0.239172089270392,-0.240005388129409,-0.240830880470743,-0.241648298002482,-0.242457808012442,-0.243259991349639,-0.244055814223772,-0.244846595941165,-0.245633974432451,-0.246419871103566,-0.247206456190716,-0.247996115449026,-0.248791418674243,-0.249595090261617,-0.250409981754664,-0.251239046133068,-0.252085313434162,-0.25295186719419,-0.25384182113082,-0.254758295462982,-0.25570439227426,-0.256683169368071,-0.257697612133524,-0.258750603037678,-0.259844888480425,-0.260983042890189,-0.262167430099625,-0.263400162217297,-0.264683056400102,-0.266017590126713,-0.267404855768294,-0.268845515441203,-0.270339757298391,-0.271887254561531,-0.273487128703852,-0.275137918253595,-0.276837554690046,-0.278583346840231,-0.280371975049196,-0.282199496188646,-0.284061360290334,-0.285952439249544,-0.287867067652999,-0.289799095361775,-0.291741951044503,-0.293688715432768,-0.295632202683623,-0.297565047906691,-0.299479798665601,-0.30136900811072,-0.303225327351443,-0.305041594733675,-0.30681091984656,-0.308526760330336,-0.310182989877247,-0.311773956188884,-0.313294528053151,-0.314740131109319,-0.316106772259062,-0.317391053036697,-0.318590172559075,-0.319701920925104,-0.320724664121996,-0.321657321619419,-0.322499337897062,-0.323250649161609,-0.323911646473832,-0.324483136434416,-0.324966300477625,-0.325362653703955,-0.325674004054677,-0.325902412499685,-0.326050154781059,-0.326119685132653,-0.326113602283917,-0.326034617956111,-0.325885527972086,-0.325669186027054,-0.325388480107009,-0.325046311492779,-0.324645576250054,-0.324189149077865,-0.323679869368632,-0.32312052932063,-0.322513863937459,-0.321862542747567,-0.321169163079121,-0.320436244730633,-0.319666225884975,-0.318861460123084,-0.318024214403277,-0.317156667882211,-0.316260911463818,-0.315338947972729,-0.314392692858638,-0.313423975347511,-0.312434539964545,-0.311426048362128,-0.310400081393853,-0.309358141382747,-0.30830165453841,-0.307231973483664,-0.306150379856665,-0.305058086959186,-0.303956242426108,-0.302845930894904,-0.301728176657341,-0.300603946278532,-0.299474151171134,-0.29833965011475,-0.297201251712595,-0.296059716779211,-0.294915760654509,-0.293770055440719,-0.292623232159899,-0.291475882830622,-0.290328562463217,-0.289181790973657,-0.288036055016675,-0.286891809739207,-0.285749480455603,-0.28460946424634,-0.283472131482256,-0.28233782727643,-0.281206872866061,-0.280079566926711,-0.278956186821401,-0.277836989787062,-0.276722214060837,-0.275612079948769,-0.274506790839321,-0.273406534164195,-0.272311482308832,-0.271221793474921,-0.270137612497204,-0.269059071616746,-0.267986291212831,-0.266919380495497,-0.265858438160715,-0.26480355301007,-0.263754804536792,-0.262712263479847,-0.261675992347758,-0.260646045913745,-0.259622471683681,-0.258605310338314,-0.257594596151123,-0.2565903573831,-0.255592616655708,-0.254601391303182,-0.253616693705287,-0.252638531601596,-0.251666908388288,-0.250701823398408,-0.249743272166503,-0.248791246678475,-0.247845735607463,-0.246906724536512,-0.245974196168754,-0.245048130525788,-0.244128505134901,-0.243215295205731,-0.242308473796975,-0.241408011973654,-0.240513878955489,-0.239626042256834,-0.238744467818668,-0.237869120133047,-0.236999962360449,-0.236136956440399,-0.235280063195728,-0.234429242430827,-0.233584453024217,-0.232745653015749,-0.23191279968873,-0.231085849647238,-0.230264758888908,-0.229449482873417,-0.228639976586912,0,-0.223794483375032,-0.224418365896694,-0.225028693137476,-0.225641605369631,-0.226270863765716,-0.226924457292233,-0.22760582318523,-0.228315549611489,-0.229052593555856,-0.22981498590803,-0.23060019891954,-0.231405337138244,-0.232227254895161,-0.233062653016099,-0.233908175117758,-0.234760506829623,-0.23561647410319,-0.23647313493521,-0.237327859477942,-0.238178395063969,-0.239022914365382,-0.239860046401178,-0.240688891282497,-0.241509020422478,-0.242320464460212,-0.243123691399114,-0.243919577488667,-0.24470937323576,-0.245494666666636,-0.246277345617522,-0.247059560450324,-0.247843688201396,-0.248632298801283,-0.249428123669104,-0.250234026698028,-0.251052977413661,-0.251888025906347,-0.252742279009488,-0.253618877115303,-0.254520970982302,-0.255451697890294,-0.256414156534567,-0.257411380117102,-0.258446307186036,-0.259521749892454,-0.260640359473453,-0.261804588929853,-0.263016653042996,-0.264278486064154,-0.265591697607492,-0.266957527477248,-0.26837680035455,-0.269849881450335,-0.271376634388288,-0.272956382705049,-0.27458787643323,-0.276269265255921,-0.277998079680485,-0.279771221568221,-0.281584965171988,-0.283434969577299,-0.285316303119855,-0.287223479975007,-0.289150508698192,-0.291090952060095,-0.293037997089027,-0.294984533830355,-0.296923240982434,-0.298846676291887,-0.300747369405126,-0.30261791478908,-0.304451062356281,-0.306239803555249,-0.307977450906558,-0.309657709262818,-0.311274737426988,-0.312823199155598,-0.314298302978445,-0.315695830662189,-0.317012154512707,-0.318244244034659,-0.319389662735491,-0.32044655606876,-0.321413631656362,-0.322290133013062,-0.323075808024745,-0.323770873411519,-0.32437597634684,-0.324892154313516,-0.325320794165858,-0.32566359124276,-0.325922509246585,-0.326099741473387,-0.326197673856146,-0.326218850167788,-0.326165939627145,-0.326041707060066,-0.325848985690012,-0.325590652567601,-0.325269606595917,-0.324888749067128,-0.324450966594737,-0.323959116303458,-0.323416013123889,-0.322824419030656,-0.322187034059321,-0.321506488938095,-0.32078533917425,-0.320026060441417,-0.319231045121879,-0.318402599867058,-0.317542944049142,-0.316654208986847,-0.315738437838395,-0.314797586064667,-0.313833522375022,-0.312848030077322,-0.311842808762226,-0.310819476259756,-0.309779570813432,-0.308724553424014,-0.30765581032098,-0.306574655525416,-0.30548233347298,-0.304380021670058,-0.303268833360236,-0.302149820181748,-0.301023974799689,-0.299892233499551,-0.298755478731075,-0.297614541593504,-0.296470204255203,-0.295323202302174,-0.294174227011419,-0.293023927546238,-0.291872913071612,-0.290721754788644,-0.289570987887785,-0.288421113421151,-0.287272600094785,-0.286125885982076,-0.284981380159955,-0.283839464269683,-0.282700494004324,-0.28156480052511,-0.280432691809049,-0.279304453930198,-0.278180352277077,-0.277060632708726,-0.275945522651902,-0.274835232141903,-0.273729954809477,-0.272629868816225,-0.271535137740858,-0.270445911418603,-0.269362326735993,-0.268284508383191,-0.267212569565955,-0.266146612679218,-0.265086729944252,-0.264033004011236,-0.262985508529024,-0.2619443086838,-0.260909461708247,-0.259881017362769,-0.258859018390255,-0.257843500945777,-0.256834495002554,-0.255832024735477,-0.254836108883363,-0.253846761091124,-0.252863990232903,-0.251887800717228,-0.25091819277516,-0.249955162732343,-0.248998703265861,-0.248048803646698,-0.247105449968619,-0.246168625364192,-0.245238310208664,-0.244314482312355,-0.243397117102199,-0.242486187793022,-0.241581665549124,-0.240683519636704,-0.2397917175676,-0.238906225234866,-0.238027007040587,-0.237154026016392,-0.236287243937042,-0.235426621427479,-0.234572118063707,-0.233723692467819,-0.232881302397505,-0.232044904830345,-0.231214456043155,-0.230389911686673,-0.229571226855839,-0.228758356155896,-0.22795125376455,0,-0.224268454143986,-0.224908111900601,-0.225526956451222,-0.226150191381247,-0.226793344423361,-0.227463725542174,-0.2281635849569,-0.228892450371741,-0.22964846487862,-0.230429053097684,-0.231231226725683,-0.232051731406027,-0.232887141976336,-0.233733951742423,-0.234588668340071,-0.235447914016812,-0.236308523468356,-0.237167632354922,-0.238022751386888,-0.238871823011519,-0.239713259669503,-0.24054596412504,-0.241369333477048,-0.242183249167978,-0.242988055679363,-0.243784530703418,-0.244573849470277,-0.24535754564911,-0.246137470881089,-0.246915754588667,-0.247694765276926,-0.248477074128523,-0.249265421315613,-0.250062685124052,-0.25087185371456,-0.251695999134632,-0.252538253042004,-0.253401783501406,-0.254289772165711,-0.255205391144535,-0.256151778892669,-0.257132014512375,-0.258149089953827,-0.259205879713546,-0.260305107768767,-0.261449311643885,-0.262640803680527,-0.263881629772202,-0.265173526023418,-0.266517873996308,-0.267915655408104,-0.269367407332177,-0.270873179124098,-0.272432492431966,-0.274044305746166,-0.275706984987216,-0.277418281612089,-0.27917531963201,-0.280974592774163,-0.28281197278575,-0.284682729575941,-0.286581563529014,-0.288502649914834,-0.290439694889823,-0.292386002144862,-0.294334548840606,-0.296278069099515,-0.298209143020139,-0.300120288961344,-0.302004056725437,-0.303853119256166,-0.305660360559751,-0.307418957746905,-0.309122455367469,-0.310764830548072,-0.312340547825404,-0.313844602970095,-0.315272555496388,-0.316620549930559,-0.317885326249598,-0.319064220188709,-0.320155154343869,-0.321156621160867,-0.322067659005726,-0.322887822557528,-0.323617148759984,-0.324256119521114,-0.324805622270156,-0.32526690937642,-0.325641557314983,-0.325931426336442,-0.326138621268961,-0.326265453955767,-0.326314407713947,-0.326288104093551,-0.326189272121352,-0.326020720131719,-0.325785310218166,-0.325485935282586,-0.325125498614165,-0.324706895895402,-0.324232999507249,-0.323706644987887,-0.323130619488858,-0.322507652066903,-0.32184040564897,-0.321131470510414,-0.320383359111595,-0.319598502145207,-0.318779245655129,-0.317927849096899,-0.317046484219659,-0.316137234659329,-0.315202096142575,-0.314242977210648,-0.313261700381314,-0.312260003675708,-0.311239542445016,-0.310201891439386,-0.309148547068355,-0.308080929808393,-0.307000386718888,-0.305908194033069,-0.304805559795045,-0.303693626518286,-0.302573473844598,-0.301446121185948,-0.3003125303344,-0.299173608028002,-0.298030208462707,-0.29688313574238,-0.295733146260656,-0.294580951009883,-0.293427217813676,-0.292272573480688,-0.291117605878146,-0.289962865924489,-0.288808869501109,-0.287656099283749,-0.286505006494593,-0.285356012576431,-0.2842095107906,-0.283065867740661,-0.281925424823922,-0.280788499613092,-0.279655387170437,-0.278526361296874,-0.277401675718482,-0.276281565212934,-0.275166246678314,-0.274055920146814,-0.27295076974571,-0.27185096460802,-0.270756659735157,-0.269667996813839,-0.268585104989459,-0.267508101598023,-0.266437092858706,-0.265372174529002,-0.264313432524345,-0.263260943504029,-0.262214775425151,-0.261174988066247,-0.260141633522191,-0.259114756671893,-0.258094395620205,-0.257080582115434,-0.256073341943746,-0.25507269530171,-0.254078657148154,-0.253091237536455,-0.252110441928314,-0.25113627149003,-0.250168723372212,-0.24920779097385,-0.248253464191577,-0.247305729654947,-0.246364570948483,-0.245429968821229,-0.244501901384479,-0.243580344298341,-0.242665270947743,-0.241756652608457,-0.240854458603699,-0.239958656451807,-0.239069212005499,-0.238186089583171,-0.237309252092657,-0.236438661147887,-0.235574277178817,-0.234716059535002,-0.23386396658316,-0.233017955799064,-0.232177983854059,-0.231344006696507,-0.230515979628438,-0.229693857377665,-0.228877594165614,-0.228067143771099,-0.227262459590265,0,-0.22476184927852,-0.225408144133382,-0.226032464817613,-0.226666101170699,-0.227324337253106,-0.228012810847596,-0.228732187144084,-0.22948081846853,-0.230256032338703,-0.231054680990678,-0.231873356117548,-0.232708484657223,-0.233556402433457,-0.234413437868916,-0.235276008306714,-0.236140720938362,-0.23700446880408,-0.237864514274236,-0.238718555222493,-0.239564771701832,-0.240401852997472,-0.241229006414651,-0.2420459501264,-0.242852892944894,-0.243650504078104,-0.244439875871714,-0.245222482286562,-0.246000135487056,-0.24677494247015,-0.247549263192352,-0.24832567118938,-0.249106917255495,-0.249895896374933,-0.250695617785731,-0.251509177810377,-0.25233973490664,-0.253190486271367,-0.254064645263767,-0.254965418895838,-0.255895984659705,-0.256859466018747,-0.257858905976776,-0.258897238253172,-0.259977255728785,-0.261101575984685,-0.262272603930954,-0.263492491712352,-0.264763096278152,-0.26608593520949,-0.267462141602987,-0.268892419006274,-0.270376997580326,-0.271915592814858,-0.273507368235744,-0.275150903606603,-0.276844170130484,-0.278584514093897,-0.280368650258943,-0.282192666098497,-0.284052037687238,-0.285941657715813,-0.287855875699482,-0.289788550024083,-0.29173311103242,-0.293682633927186,-0.295629919876833,-0.29756758338169,-0.299488143709175,-0.301384118054212,-0.303248114032782,-0.305072919174572,-0.30685158523958,-0.308577505431278,-0.310244482898328,-0.311846789286708,-0.313379212501708,-0.314837093241691,-0.316216350251694,-0.317513494597076,-0.318725633561584,-0.319850465021312,-0.32088626333139,-0.321831857885574,-0.322686605573362,-0.323450358370953,-0.324123427269017,-0.324706543670893,-0.325200819298518,-0.325607705528967,-0.325928952959804,-0.326166571873527,-0.326322794145574,-0.326400037021161,-0.326400869076506,-0.326327978581829,-0.326184144397884,-0.325972209464875,-0.325695056882241,-0.325355588529032,-0.324956706136634,-0.324501294697019,-0.323992208069482,-0.323432256635551,-0.322824196844381,-0.32217072248826,-0.321474457548996,-0.320737950459979,-0.319963669634915,-0.319154000121969,-0.318311241250868,-0.317437605149863,-0.316535216019154,-0.315606110057036,-0.314652235944507,-0.313675455803243,-0.312677546550544,-0.311660201583031,-0.310625032728539,-0.309573572412711,-0.30850727599325,-0.307427524220761,-0.306335625790438,-0.305232819953716,-0.304120279163376,-0.302999111729445,-0.301870364466742,-0.30073502531797,-0.299594025938965,-0.298448244235114,-0.297298506840042,-0.296145591529482,-0.29499022956483,-0.293833107962277,-0.29267487168455,-0.291516125753349,-0.290357437281392,-0.289199337423723,-0.28804232324855,-0.286886859528378,-0.285733380452639,-0.284582291263344,-0.283433969815564,-0.282288768064771,-0.28114701348322,-0.280009010407688,-0.278875041320966,-0.277745368069547,-0.276620233020004,-0.275499860156522,-0.274384456122075,-0.273274211205669,-0.272169300278071,-0.271069883678356,-0.269976108053581,-0.268888107153793,-0.26780600258454,-0.266729904518965,-0.265659912371477,-0.264596115434949,-0.263538593483279,-0.262487417341093,-0.261442649422295,-0.260404344239076,-0.259372548882936,-0.258347303479203,-0.257328641616434,-0.256316590752065,-0.255311172595554,-0.254312403470243,-0.253320294655085,-0.252334852707316,-0.251356079767117,-0.25038397384523,-0.24941852909447,-0.248459736066009,-0.24750758195125,-0.2465620508101,-0.245623123786368,-0.244690779311007,-0.243764993293854,-0.242845739304515,-0.241932988742972,-0.241026711000489,-0.240126873611347,-0.239233442395912,-0.238346381595498,-0.237465653999507,-0.236591221065234,-0.235723043030765,-0.234861079021333,-0.234005287149497,-0.233155624609482,-0.232312047766001,-0.231474512237856,-0.230642972976614,-0.22981738434061,-0.228997700164561,-0.228183873824998,-0.227375858301777,-0.226573606235858,0,-0.22527301870587,-0.225916904305247,-0.226544894359468,-0.227189882760654,-0.227864797346384,-0.228572749741234,-0.2293125641814,-0.23008139743799,-0.230875812868063,-0.231692151282696,-0.232526638588551,-0.23337543105034,-0.234234671617614,-0.235100571275905,-0.235969506911723,-0.236838122255052,-0.23770342041976,-0.238562840366759,-0.239414313260438,-0.240256297567205,-0.241087793796546,-0.241908341123859,-0.242717998904558,-0.243517316422124,-0.244307294219255,-0.245089340133268,-0.245865222771335,-0.246637024682647,-0.247407096966038,-0.248178016535129,-0.248952546780163,-0.249733601938006,-0.25052421512197,-0.251327509676511,-0.252146673307868,-0.252984934295882,-0.253845539007598,-0.254731729901885,-0.255646723228354,-0.256593685676228,-0.257575709313516,-0.258595784269201,-0.259656768747289,-0.260761356118604,-0.261912039011287,-0.263111070511173,-0.264360422785053,-0.265661743648572,-0.267016311810523,-0.268424991729034,-0.269888189204082,-0.271405808994919,-0.27297721587956,-0.274601200655644,-0.276275952607312,-0.277999039922422,-0.279767399432119,-0.281577336857678,-0.28342453848906,-0.285304094892221,-0.287210536859318,-0.289137883394054,-0.291079701083915,-0.293029173775439,-0.294979181062632,-0.29692238374608,-0.298851314142735,-0.300758468940489,-0.302636402208477,-0.304477816197519,-0.306275647692045,-0.308023147895137,-0.309713954126318,-0.311342151967149,-0.312902326880269,-0.314389604730026,-0.315799681025625,-0.317128839071784,-0.318373957532078,-0.319532508175843,-0.320602544784743,-0.321582684338225,-0.322472081680217,-0.323270398897939,-0.323977770624685,-0.32459476642076,-0.325122351299287,-0.325561845355378,-0.32591488333629,-0.326183374863868,-0.326369465894751,-0.326475501883098,-0.32650399299844,-0.326457581649908,-0.326339012478839,-0.326151104905097,-0.32589672824823,-0.325578779392194,-0.325200162920883,-0.324763773620041,-0.32427248121798,-0.323729117221812,-0.323136463696316,-0.32249724382805,-0.321814114116915,-0.321089658040135,-0.320326381038794,-0.319526706684048,-0.318692973888298,-0.317827435035548,-0.316932254914588,-0.316009510348051,-0.31506119041988,-0.314089197212796,-0.313095346976176,-0.312081371652978,-0.311048920702171,-0.309999563160311,-0.308934789892562,-0.307856015989588,-0.306764583272266,-0.305661762871218,-0.304548757852691,-0.303426705866393,-0.302296681794506,-0.301159700384359,-0.300016718850077,-0.298868639431086,-0.297716311897529,-0.296560535994637,-0.29540206381976,-0.294241602127244,-0.293079814557614,-0.291917323788607,-0.290754713606536,-0.289592530897241,-0.288431287556596,-0.287271462321039,-0.28611350251911,-0.284957825745341,-0.283804821458137,-0.282654852503575,-0.281508256567188,-0.280365347555992,-0.279226416913088,-0.278091734867259,-0.276961551620018,-0.27583609847258,-0.274715588895227,-0.273600219541528,-0.272490171209813,-0.271385609754295,-0.270286686948142,-0.269193541300755,-0.268106298831459,-0.267025073801702,-0.26594996940782,-0.264881078436331,-0.26381848388365,-0.262762259542044,-0.261712470553549,-0.260669173933531,-0.259632419065461,-0.258602248168421,-0.257578696738795,-0.256561793967499,-0.255551563134073,-0.254548021978864,-0.253551183054487,-0.252561054057684,-0.251577638142634,-0.250600934216731,-0.249630937219778,-0.248667638387505,-0.247711025500262,-0.246761083117706,-0.245817792800238,-0.244881133317927,-0.243951080847599,-0.243027609158745,-0.24211068978886,-0.241200292208798,-0.240296383978683,-0.239398930894899,-0.238507897128661,-0.237623245356602,-0.236744936883847,-0.235872931759965,-0.235007188888191,-0.234147666128306,-0.233294320393501,-0.23244710774157,-0.231605983460733,-0.230770902150397,-0.229941817797115,-0.229118683846025,-0.228301453268006,-0.227490078622783,-0.226684512118214,-0.225884705665962,0,-0.225798088585322,-0.226432402053414,-0.22706399490018,-0.227722221213557,-0.228415743491538,-0.229144554516124,-0.22990555932322,-0.230694796967683,-0.231508165520066,-0.232341576411219,-0.233190953534145,-0.234052236016025,-0.234921424504461,-0.235794664069583,-0.236668344506194,-0.23753920026491,-0.23840439760596,-0.239261601934323,-0.240109022476753,-0.240945434402773,-0.241770180389281,-0.24258315473338,-0.243384773640739,-0.244175935419255,-0.244957974114422,-0.245732609731269,-0.246501897676355,-0.247268179484987,-0.24803403632342,-0.248802246210938,-0.24957574541878,-0.250357594088206,-0.251150945775999,-0.251959020383099,-0.252785079746371,-0.253632405067133,-0.254504275303961,-0.255403945662074,-0.256334625358846,-0.257299453927222,-0.258301475430366,-0.259343610097022,-0.260428623044499,-0.261559089931846,-0.262737359576891,-0.263965513774141,-0.265245324761868,-0.266578211000828,-0.267965192137133,-0.26940684421963,-0.270903256418176,-0.272453990632863,-0.274058045484553,-0.275713826223356,-0.277419122074374,-0.279171092451947,-0.280966263310556,-0.28280053466263,-0.284669199985476,-0.286566977871379,-0.288488055861676,-0.29042614596659,-0.292374550930751,-0.294326239884165,-0.296273931644411,-0.298210183630682,-0.300127484132314,-0.302018345556674,-0.303875396269954,-0.305691468738469,-0.307459681869518,-0.309173515725626,-0.31082687712494,-0.312414155021873,-0.313930264962624,-0.31537068230765,-0.316731464287532,-0.318009261293622,-0.319201318088349,-0.320305465844587,-0.321320106086344,-0.322244187705016,-0.323077178271164,-0.323819030857772,-0.32447014754557,-0.325031340703214,-0.325503793033829,-0.325889017263057,-0.326188816219776,-0.326405243935313,-0.326540568265323,-0.326597235424269,-0.326577836718246,-0.326485077669249,-0.326321749643754,-0.326090704030484,-0.325794828956285,-0.325437028484042,-0.325020204201711,-0.324547239085498,-0.324020983501918,-0.323444243201573,-0.322819769151116,-0.32215024904773,-0.321438300361922,-0.320686464758447,-0.31989720375129,-0.319072895456119,-0.318215832312039,-0.317328219653504,-0.316412175022468,-0.315469728120124,-0.314502821306655,-0.313513310566181,-0.312502966862441,-0.311473477818622,-0.310426449662088,-0.309363409381605,-0.308285807050879,-0.30719501827802,-0.306092346745689,-0.304979026811471,-0.3038562261422,-0.302725048359817,-0.301586535679699,-0.300441671525452,-0.29929138310679,-0.298136543949523,-0.296977976368693,-0.295816453877751,-0.294652703528218,-0.293487408175626,-0.292321208668737,-0.291154705960034,-0.289988463136333,-0.288823007369106,-0.287658831784713,-0.286496397255257,-0.285336134111204,-0.284178443777245,-0.283023700333163,-0.2818722520017,-0.28072442256556,-0.279580512715849,-0.278440801334305,-0.27730554671175,-0.276174987705233,-0.275049344836318,-0.273928821332982,-0.272813604117544,-0.27170386474304,-0.270599760280352,-0.26950143415841,-0.268409016959667,-0.267322627173012,-0.266242371906189,-0.265168347559749,-0.264100640464436,-0.263039327483891,-0.261984476584423,-0.260936147373568,-0.259894391609049,-0.258859253679689,-0.257830771059765,-0.256808974738199,-0.255793889623937,-0.25478553492879,-0.253783924528937,-0.252789067306264,-0.251800967470601,-0.250819624863921,-0.249845035247463,-0.248877190572716,-0.247916079237149,-0.246961686325516,-0.246013993837528,-0.245072980902636,-0.244138623982639,-0.243210897062782,-0.242289771831973,-0.241375217852722,-0.240467202721364,-0.239565692219109,-0.238670650454405,-0.237782039997115,-0.236899822004941,-0.236023956342527,-0.235154401693651,-0.23429111566687,-0.233434054894999,-0.232583175128739,-0.231738431324802,-0.230899777728809,-0.230067167953273,-0.229240555050919,-0.228419891583604,-0.227605129687074,-0.226796221131805,-0.225993117380113,-0.225195769639769,0,-0.226331528264843,-0.226952660283836,-0.227589800445837,-0.22826400867579,-0.228978263990998,-0.229729196575265,-0.230511904362522,-0.231321475864095,-0.232153279319305,-0.233002892095966,-0.233866004922146,-0.234738396587232,-0.23561597934637,-0.236494887268631,-0.237371579300842,-0.238242936628567,-0.239106342208697,-0.239959736795345,-0.240801650187003,-0.24163120920067,-0.24244812548629,-0.243252667090342,-0.244045617914883,-0.244828229076312,-0.245602165775897,-0.246369452749176,-0.247132420739237,-0.247893655798418,-0.248655952608725,-0.249422272455101,-0.250195706007937,-0.250979440682306,-0.251776732043358,-0.252590878516252,-0.253425198526705,-0.254283009134492,-0.255167605216174,-0.256082238294698,-0.257030094193445,-0.258014268803554,-0.259037741390364,-0.260103345023486,-0.261213733892002,-0.262371347458843,-0.263578371613485,-0.26483669719598,-0.266147876483343,-0.267513078445142,-0.268933043781173,-0.270408040941221,-0.27193782448477,-0.273521597256189,-0.275157977917469,-0.276844975385864,-0.278579971659788,-0.280359714377596,-0.282180320239212,-0.284037290133079,-0.285925536459099,-0.287839422735501,-0.289772815142317,-0.291719145208295,-0.293671482416013,-0.295622615106642,-0.297565137734664,-0.299491542273913,-0.301394311424522,-0.303266011224079,-0.305099380726788,-0.306887416575814,-0.308623450543778,-0.310301218436884,-0.311914919128136,-0.313459262881558,-0.314929508529479,-0.316321489448026,-0.317631628624301,-0.318856943409039,-0.319995040791861,-0.321044104218535,-0.322002873090626,-0.322870616151177,-0.323647099971533,-0.32433255372209,-0.324927631342242,-0.325433372131266,-0.325851160670687,-0.32618268686771,-0.326429906785042,-0.326595004800365,-0.326680357522803,-0.326688499787067,-0.326622092950219,-0.32648389563229,-0.326276736970506,-0.326003492397278,-0.325667061903754,-0.32527035071264,-0.324816252255027,-0.324307633324975,-0.323747321271432,-0.323138093078603,-0.322482666182062,-0.321783690867854,-0.321043744104711,-0.320265324664584,-0.319450849393431,-0.318602650502045,-0.31772297375525,-0.316813977446746,-0.315877732055953,-0.314916220492139,-0.313931338839908,-0.312924897528457,-0.311898622854976,-0.31085415880005,-0.309793069079848,-0.308716839386317,-0.307626879772526,-0.30652452714566,-0.305411047835074,-0.304287640207245,-0.303155437303423,-0.302015509479344,-0.300868867029554,-0.299716462781696,-0.298559194648613,-0.297397908128317,-0.296233398743785,-0.295066414416252,-0.293897657767095,-0.292727788344706,-0.29155742477382,-0.29038714682569,-0.289217497408334,-0.288048984476703,-0.286882082863216,-0.285717236029576,-0.284554857741144,-0.283395333665501,-0.282239022897035,-0.281086259409629,-0.279937353439644,-0.278792592801514,-0.277652244138357,-0.276516554110015,-0.275385750521007,-0.274260043390833,-0.273139625969075,-0.272024675697711,-0.270915355122996,-0.269811812759227,-0.268714183906658,-0.267622591425721,-0.266537146469706,-0.265457949177915,-0.264385089331279,-0.263318646972316,-0.26225869299125,-0.261205289680043,-0.260158491255973,-0.259118344356392,-0.258084888506133,-0.257058156559048,-0.256038175115037,-0.255024964913878,-0.254018541207104,-0.253018914109118,-0.25202608892865,-0.251040066481644,-0.250060843386561,-0.24908841234308,-0.248122762395079,-0.247163879178777,-0.246211745156837,-0.2452663398392,-0.244327639991389,-0.243395619830953,-0.242470251212726,-0.241551503803495,-0.240639345246675,-0.239733741317532,-0.238834656069483,-0.23794205197195,-0.237055890040254,-0.236176129957971,-0.235302730192172,-0.234435648101934,-0.233574840040501,-0.23272026145144,-0.231871866959121,-0.231029610453833,-0.23019344517184,-0.229363323770643,-0.22853919839972,-0.227721020766992,-0.226908742201252,-0.226102313710772,-0.225301686038301,-0.224506809712658,0,-0.226866759265416,-0.227476171180624,-0.228122800192044,-0.228816377134417,-0.229553498982588,-0.230327577876826,-0.231132194641616,-0.231961724118307,-0.232811161997955,-0.233675851533662,-0.234551319931155,-0.23543324382054,-0.236317503443378,-0.237200279562568,-0.238078158716988,-0.238948225842995,-0.239808133683369,-0.240656145331474,-0.241491150490954,-0.242312658427767,-0.243120771792522,-0.243916145920435,-0.244699938146811,-0.245473751288019,-0.246239574857262,-0.246999726902843,-0.24775679864364,-0.248513603384337,-0.249273130559423,-0.250038505205068,-0.250812952705271,-0.25159976830749,-0.252402290649804,-0.253223878378386,-0.254067888848993,-0.254937657887086,-0.255836479615649,-0.256767585437328,-0.257734121369005,-0.258739123065729,-0.259785488031841,-0.260875944696417,-0.262013018224934,-0.263198993146351,-0.264435873091436,-0.265725338159855,-0.267068700654704,-0.268466860136776,-0.269920258948207,-0.271428839526369,-0.272992004963055,-0.274608584350082,-0.276276804479857,-0.277994269429276,-0.279757949441199,-0.281564180326882,-0.283408674346919,-0.285286543194208,-0.287192333312189,-0.289120073352172,-0.291063333126017,-0.293015292968762,-0.294968822015182,-0.296916563538881,-0.298851025223904,-0.300764672053688,-0.302650019421033,-0.304499724089121,-0.306306670763789,-0.308064052260529,-0.309765441549856,-0.3114048543213,-0.312976801096516,-0.314476328323062,-0.315899048270341,-0.317241157909694,-0.318499447276636,-0.319671298074787,-0.320754673482402,-0.321748100262422,-0.322650644357965,-0.323461881182634,-0.324181861796232,-0.324811076099987,-0.325350414100234,-0.325801126184201,-0.326164783234225,-0.326443237284159,-0.326638583299743,-0.326753122547597,-0.326789327908705,-0.32674981139371,-0.326637294030434,-0.326454578219121,-0.326204522587874,-0.325890019329019,-0.325513973955827,-0.32507928738712,-0.324588840243574,-0.324045479222995,-0.323452005411229,-0.322811164379766,-0.322125637919468,-0.32139803726144,-0.320630897640095,-0.31982667405932,-0.318987738129813,-0.318116375853749,-0.317214786241432,-0.31628508065347,-0.315329282770766,-0.314349329103316,-0.313347069957162,-0.312324270786861,-0.311282613868364,-0.310223700234286,-0.309149051820129,-0.308060113776046,-0.30695825690433,-0.305844780187856,-0.304720913379299,-0.30358781962511,-0.302446598101935,-0.301298286646526,-0.300143864363136,-0.298984254195033,-0.297820325449098,-0.296652896264513,-0.295482736018353,-0.294310567662442,-0.2931370699872,-0.291962879809406,-0.290788594081765,-0.289614771923083,-0.288441936568545,-0.287270577240252,-0.286101150938644,-0.284934084155913,-0.283769774512829,-0.282608592320704,-0.281450882070439,-0.280296963850764,-0.279147134697944,-0.278001669879276,-0.276860824112793,-0.275724832725618,-0.274593912753416,-0.273468263983395,-0.272348069943273,-0.271233498838601,-0.270124704440778,-0.269021826928033,-0.267924993681613,-0.266834320039307,-0.2657499100084,-0.264671856940062,-0.263600244167105,-0.262535145606956,-0.261476626331631,-0.260424743106422,-0.2593795448989,-0.258341073359821,-0.257309363277389,-0.256284443006307,-0.255266334872956,-0.254255055557972,-0.253250616457455,-0.252253024023945,-0.251262280088267,-0.250278382163293,-0.249301323730592,-0.248331094510911,-0.247367680719362,-0.246411065306169,-0.245461228183748,-0.244518146440882,-0.243581794544695,-0.242652144531103,-0.24172916618437,-0.240812827206366,-0.239903093376111,-0.238999928700118,-0.238103295554059,-0.23721315481623,-0.236329465993257,-0.235452187338487,-0.23458127596345,-0.233716687942796,-0.23285837841304,-0.232006301665483,-0.231160411233611,-0.230320659975284,-0.229487000150006,-0.228659383491542,-0.227837761276135,-0.227022084386579,-0.226212303372356,-0.225408368506078,-0.224610229836418,-0.223817837237738,0,-0.227397891504098,-0.228002311145482,-0.228664043043509,-0.229380687039064,-0.230142599844831,-0.23094049281832,-0.231766861489408,-0.232615645555168,-0.233481630538329,-0.234360021790292,-0.235246249876091,-0.236135947494299,-0.237025021128927,-0.23790975816573,-0.238786932644745,-0.239653890362855,-0.240508605475905,-0.241349707499523,-0.242176481302246,-0.242988844513062,-0.243787307472926,-0.244572920889873,-0.245347215976632,-0.246112141227098,-0.246869999237889,-0.247623386185664,-0.248375135790427,-0.249128268873625,-0.249885948987288,-0.250651444064123,-0.251428093624866,-0.252219280776343,-0.25302840803302,-0.253858875884042,-0.254714062992513,-0.255597306939974,-0.256511884503719,-0.257460990566902,-0.258447714902924,-0.259475016239956,-0.260545693194289,-0.261662351859122,-0.2628273700457,-0.264042858393392,-0.265310618790727,-0.266632100775592,-0.268008356803371,-0.269439997478669,-0.270927148029946,-0.272469407456228,-0.274065811879903,-0.27571480368857,-0.277414208032331,-0.27916121815339,-0.280952390858347,-0.282783653200291,-0.284650321122945,-0.286547130443106,-0.288468280126043,-0.29040748736156,-0.292358053499387,-0.294312939476778,-0.296264848993401,-0.298206317381658,-0.300129803902825,-0.302027785083587,-0.303892846699374,-0.305717772108794,-0.307495624838857,-0.309219823598636,-0.310884208240267,-0.312483095568313,-0.314011324298362,-0.315464288861019,-0.316837962118536,-0.318128907392041,-0.319334280476314,-0.32045182253918,-0.321479844961451,-0.3224172072724,-0.323263289379443,-0.32401795928605,-0.324681537447042,-0.325254758834236,-0.325738733686744,-0.326134907807082,-0.326445023144018,-0.326671079281641,-0.326815296336345,-0.326880079652813,-0.326867986589076,-0.326781695590866,-0.326623977677307,-0.326397670393668,-0.326105654231837,-0.325750831474754,-0.325336107386133,-0.324864373640416,-0.324338493868868,-0.323761291184981,-0.323135537544809,-0.322463944794624,-0.321749157258479,-0.320993745721132,-0.320200202666706,-0.319370938639892,-0.318508279603933,-0.317614465177791,-0.316691647643337,-0.315741891622056,-0.314767174329278,-0.313769386322263,-0.312750332666515,-0.311711734452258,-0.310655230600238,-0.309582379902666,-0.30849466325134,-0.307393486010707,-0.306280180498836,-0.305156008544056,-0.304022164089325,-0.302879775820273,-0.301729909796378,-0.300573572067837,-0.299411711263485,-0.298245221137567,-0.297074943065357,-0.29590166847952,-0.294726141240781,-0.29354905993795,-0.29237108011357,-0.291192816412598,-0.290014844652436,-0.288837703813429,-0.287661897949642,-0.286487898020283,-0.285316143642624,-0.284147044767661,-0.282980983280067,-0.281818314524273,-0.280659368758686,-0.279504452540226,-0.278353850041463,-0.277207824302742,-0.276066618421692,-0.274930456682582,-0.273799545627959,-0.272674075074997,-0.271554219078973,-0.270440136846211,-0.269331973598828,-0.268229861393504,-0.267133919896493,-0.266044257116966,-0.264960970100753,-0.263884145586441,-0.262813860625721,-0.261750183169825,-0.260693172623764,-0.259642880370061,-0.25859935026356,-0.257562619098832,-0.256532717051636,-0.255509668095801,-0.254493490396859,-0.253484196683667,-0.252481794599204,-0.25148628703168,-0.250497672427012,-0.249515945083693,-0.248541095431005,-0.247573110291492,-0.246611973128553,-0.245657664279972,-0.244710161178159,-0.243769438557826,-0.242835468651798,-0.241908221375612,-0.240987664501514,-0.240073763822443,-0.239166483306567,-0.238265785242867,-0.23737163037829,-0.236483978046913,-0.235602786291582,-0.234728011978422,-0.233859610904628,-0.232997537899889,-0.232141746921818,-0.231292191145709,-0.230448823048929,-0.229611594490253,-0.228780456784409,-0.227955360772108,-0.227136256885808,-0.226323095211434,-0.225515825546302,-0.224714397453427,-0.223918760312444,-0.223128863367302,0,-0.227922247143143,-0.228531655380956,-0.229215156920501,-0.229958470597251,-0.230746669170038,-0.231568584122388,-0.232416144599037,-0.233283142582625,-0.234164304364948,-0.235054782846078,-0.235949973667172,-0.236845523211746,-0.237737424017817,-0.238622131746182,-0.239496668524846,-0.240358697229128,-0.241206562543718,-0.242039300586998,-0.242856621721733,-0.243658872298202,-0.244446981238954,-0.245222396997341,-0.245987019743265,-0.246743132795059,-0.247493336423649,-0.248240486272861,-0.248987637817858,-0.249737997556536,-0.250494881017251,-0.251261677180013,-0.252041818546428,-0.252838755848322,-0.25365593624264,-0.254496783785197,-0.255364680991514,-0.256262950364141,-0.257194834879339,-0.258163476571216,-0.259171892520701,-0.260222947744465,-0.26131932468133,-0.262463489187929,-0.263657653178787,-0.264903734275301,-0.266203313059182,-0.267557588752976,-0.26896733436592,-0.2704328525387,-0.271953933485253,-0.273529816552566,-0.275159156989256,-0.276839999520342,-0.278569760260723,-0.280345218358101,-0.282162518536283,-0.284017185415355,-0.285904150125169,-0.287817789316928,-0.289751976233405,-0.291700143044307,-0.293655353214374,-0.295610382273556,-0.297557805024741,-0.299490086975126,-0.301399677627148,-0.303279103221868,-0.305121056592559,-0.306918481952255,-0.30866465269322,-0.310353240600158,-0.311978375251047,-0.313534692776211,-0.315017373545135,-0.31642216873075,-0.317745416045259,-0.318984045237147,-0.320135574177509,-0.321198096541379,-0.32217026220691,-0.323051251555554,-0.323840744866289,-0.324538887964203,-0.325146255217232,-0.325663810883281,-0.326092869701732,-0.326435057505902,-0.326692272512705,-0.326866647827673,-0.326960515591527,-0.326976373091339,-0.326916851066725,-0.326784684360358,-0.32658268499256,-0.326313717681536,-0.325980677783222,-0.325586471586939,-0.325133998873901,-0.324626137624128,-0.324065730742328,-0.323455574663829,-0.322798409696677,-0.322096911954753,-0.321353686738407,-0.320571263222979,-0.319752090321182,-0.318898533592095,-0.318012873077146,-0.317097301951542,-0.316153925887958,-0.315184763037679,-0.314191744542572,-0.313176715499316,-0.312141436304904,-0.311087584319716,-0.310016755791223,-0.308930467987758,-0.30783016149761,-0.306717202654118,-0.305592886052359,-0.304458437127496,-0.303315014768919,-0.302163713947976,-0.301005568340326,-0.299841552926946,-0.298672586560335,-0.297499534484864,-0.296323210802153,-0.295144380874235,-0.293963763658759,-0.292782033971871,-0.291599824675611,-0.290417728787621,-0.289236301511892,-0.288056062189977,-0.286877496172734,-0.285701056613192,-0.284527166181576,-0.283356218703857,-0.282188580725524,-0.281024593002478,-0.279864571921128,-0.278708810849933,-0.277557581424693,-0.276411134769994,-0.275269702659219,-0.274133498615578,-0.273002718956589,-0.271877543784422,-0.270758137924494,-0.269644651814644,-0.268537222347172,-0.267435973665956,-0.266341017920819,-0.265252455981199,-0.264170378111158,-0.263094864607656,-0.26202598640394,-0.260963805639851,-0.259908376200737,-0.258859744226613,-0.257817948593136,-0.256783021365861,-0.255754988229219,-0.254733868891549,-0.253719677467476,-0.252712422838852,-0.251712108995416,-0.250718735356281,-0.249732297073279,-0.248752785317159,-0.247780187547581,-0.246814487767781,-0.245855666764759,-0.244903702335776,-0.243958569501919,-0.243020240709453,-0.24208868601961,-0.241163873287485,-0.24024576833061,-0.239334335087801,-0.238429535768796,-0.237531330995208,-0.236639679933261,-0.235754540418779,-0.234875869074833,-0.234003621422481,-0.233137751984957,-0.232278214385688,-0.231424961440481,-0.230577945244179,-0.229737117252134,-0.228902428356736,-0.228073828959318,-0.227251269037653,-0.226434698209313,-0.225624065791108,-0.224819320854824,-0.224020412279468,-0.22322728880021,-0.222439899054206,0,-0.228440005115933,-0.229066095458157,-0.229778274904118,-0.230551334623802,-0.231366687351272,-0.23221229711041,-0.233080066962484,-0.233963904432084,-0.234858601876091,-0.235759329627162,-0.236661503962572,-0.237560841973949,-0.238453483511924,-0.239336115362197,-0.24020606812728,-0.2410613760257,-0.241900799796063,-0.242723817464312,-0.24353058949656,-0.244321905196973,-0.245099116817973,-0.245864067083832,-0.246619014881137,-0.247366562856085,-0.248109589655671,-0.248851188611516,-0.249594613829113,-0.250343233935905,-0.251100493170658,-0.251869879065454,-0.25265489567258,-0.253459041107977,-0.25428578810308,-0.255138566259205,-0.256020744764999,-0.256935614452123,-0.257886368214372,-0.258876078991046,-0.259907674709779,-0.260983909792551,-0.262107333048061,-0.263280252001654,-0.264504693947669,-0.265782364245079,-0.267114602610434,-0.268502338385928,-0.269946045966486,-0.271445701748166,-0.273000744100073,-0.274610037951934,-0.276271845618898,-0.277983805444632,-0.279742919727117,-0.281545553195814,-0.283387443036167,-0.285263721114838,-0.287168948659306,-0.289097163206185,-0.291041937175722,-0.29299644698024,-0.29495355115741,-0.296905875660048,-0.298845904154134,-0.300766070992656,-0.302658854454859,-0.304516867871485,-0.306332946392074,-0.308100227379084,-0.309812222718338,-0.311462881695209,-0.313046643477807,-0.314558478649093,-0.315993919617797,-0.317349080094766,-0.318620664132793,-0.319805965484185,-0.320902858226535,-0.321909779742329,-0.322825707215295,-0.323650128831149,-0.324383010850356,-0.325024761664185,-0.325576193861457,-0.326038485230631,-0.326413139507773,-0.326701947562242,-0.326906949594021,-0.327030398803632,-0.327074726890652,-0.327042511641773,-0.326936446785474,-0.326759314217782,-0.326513958642369,-0.32620326461767,-0.325830135962972,-0.325397477443633,-0.324908178631577,-0.324365099819958,-0.323771059859401,-0.323128825776488,-0.322441104032351,-0.321710533279548,-0.3209396784782,-0.320131026237001,-0.319286981250802,-0.318409863713445,-0.31750190759222,-0.316565259658297,-0.31560197917562,-0.314614038158867,-0.313603322118981,-0.312571631222404,-0.311520681797465,-0.3104521081282,-0.309367464482389,-0.308268227326528,-0.307155797686043,-0.306031503614094,-0.304896602736992,-0.303752284848453,-0.302599674528735,-0.301439833768125,-0.300273764577357,-0.299102411570228,-0.297926664506184,-0.296747360782759,-0.295565287869679,-0.294381185678099,-0.293195748859909,-0.292009629033303,-0.290823436931907,-0.289637744475706,-0.288453086762805,-0.287269963981767,-0.286088843244821,-0.284910160342739,-0.283734321422566,-0.282561704589724,-0.28139266143627,-0.280227518497286,-0.279066578637564,-0.277910122370846,-0.27675840911396,-0.275611678378271,-0.274470150900871,-0.273334029717937,-0.272203501182696,-0.271078735930386,-0.269959889792569,-0.268847104663112,-0.267740509318086,-0.266640220191766,-0.265546342110854,-0.264458968988982,-0.263378184483454,-0.262304062616141,-0.261236668360348,-0.260176058195393,-0.259122280630581,-0.258075376700172,-0.257035380430859,-0.256002319283218,-0.254976214568517,-0.253957081842196,-0.252944931275276,-0.251939768004893,-0.250941592465074,-0.249950400698843,-0.248966184652667,-0.247988932454205,-0.247018628674284,-0.24605525457395,-0.24509878833744,-0.244149205291816,-0.243206478114033,-0.242270577026102,-0.241341469979023,-0.240419122826112,-0.239503499486288,-0.238594562097899,-0.237692271163596,-0.236796585686754,-0.235907463299912,-0.235024860385667,-0.234148732190449,-0.233279032931563,-0.232415715897876,-0.231558733544499,-0.230708037581798,-0.229863579059052,-0.229025308443044,-0.228193175691881,-0.227367130324291,-0.226547121484659,-0.225733098004041,-0.224925008457368,-0.224122801217057,-0.223326424503236,-0.222535826430753,-0.221750955053165,0,-0.228953335158994,-0.229608738787649,-0.230355873731473,-0.231160833441552,-0.232003433685462,-0.232871837063601,-0.233758414789924,-0.234657400013836,-0.235563740793474,-0.236472677217126,-0.237379696083575,-0.238280642222822,-0.239171865506673,-0.240050347291907,-0.240913785857111,-0.241760637947296,-0.24259012120358,-0.243402185065797,-0.244197458295606,-0.244977180807188,-0.245743126573343,-0.246497523260449,-0.247242973072163,-0.247982378129716,-0.24871887264049,-0.249455763144502,-0.250196477305991,-0.250944521048375,-0.251703443318282,-0.252476807401458,-0.253268167486098,-0.254081049058516,-0.254918931701058,-0.255785232921841,-0.256683291761474,-0.257616351077554,-0.258587537591401,-0.259599838984472,-0.260656077548393,-0.261758880119007,-0.262910644258586,-0.264113500889267,-0.265369273821846,-0.266679436863167,-0.268045069416739,-0.269466811707255,-0.270944820950977,-0.272478729950006,-0.274067609697751,-0.275709937634465,-0.277403573175477,-0.27914574204326,-0.280933030763535,-0.282761392435633,-0.284626164563865,-0.286522099350619,-0.288443406419755,-0.29038380748145,-0.292336601991282,-0.29429474242293,-0.296250917390969,-0.298197640550734,-0.300127342984827,-0.302032466672705,-0.303905556636354,-0.305739349458825,-0.30752685607405,-0.309261437010166,-0.310936868614427,-0.312547399172833,-0.314087794238347,-0.315553370875702,-0.316940020898856,-0.318244223503424,-0.319463047969993,-0.320594147328597,-0.321635744028047,-0.32258660874802,-0.323446033531934,-0.324213800411654,-0.324890146649393,-0.325475727646589,-0.325971578472697,-0.326379074856612,-0.326699894366823,-0.326935978389058,-0.327089495396629,-0.327162805902232,-0.327158429382835,-0.327079013382765,-0.3269273049248,-0.32670612429489,-0.326418341212676,-0.326066853356461,-0.325654567176787,-0.325184380906304,-0.324659169654093,-0.324081772459034,-0.323454981168306,-0.322781531002621,-0.322064092668782,-0.321305265881731,-0.320507574161918,-0.319673460779057,-0.318805285719685,-0.317905323563083,-0.3169757621577,-0.316018701998112,-0.315036156210401,-0.314030051061686,-0.313002226917103,-0.311954439574827,-0.310888361916668,-0.309805585818312,-0.308707624269368,-0.307595913659069,-0.306471816188709,-0.30533662237667,-0.304191553626312,-0.303037764830935,-0.301876346993638,-0.300708329843118,-0.299534684429339,-0.298356325685607,-0.29717411494583,-0.295988862407817,-0.294801329535209,-0.293612231392225,-0.292422238906748,-0.291231981058477,-0.290042046989874,-0.288852988038519,-0.287665319690237,-0.286479523452997,-0.285296048652095,-0.284115314147614,-0.28293770997548,-0.281763598913757,-0.28059331797606,-0.279427179834129,-0.278265474171781,-0.277108468972525,-0.275956411743235,-0.274809530676269,-0.273668035752485,-0.272532119787579,-0.271401959424147,-0.270277716071867,-0.269159536798119,-0.268047555171328,-0.266941892059264,-0.265842656384442,-0.264749945838708,-0.263663847559038,-0.262584438766479,-0.261511787370099,-0.260445952537736,-0.259386985235254,-0.258334928735959,-0.257289819101715,-0.256251685637281,-0.255220551319271,-0.254196433201101,-0.253179342795208,-0.252169286433771,-0.251166265609093,-0.250170277294742,-0.249181314248516,-0.24819936529821,-0.247224415611125,-0.246256446948225,-0.245295437903774,-0.244341364131254,-0.243394198556323,-0.24245391157753,-0.241520471255454,-0.240593843490922,-0.239673992192895,-0.238760879436609,-0.237854465612494,-0.2369547095664,-0.236061568731602,-0.235174999253036,-0.234294956104212,-0.233421393197194,-0.23255426348604,-0.231693519064069,-0.230839111255286,-0.229990990700303,-0.229149107437049,-0.228313410976564,-0.227483850374157,-0.226660374296174,-0.225842931082627,-0.225031468805905,-0.224225935325808,-0.223426278341071,-0.222632445437612,-0.221844384133667,-0.221062041921978,0,-0.229465958379244,-0.230163624464453,-0.23095054369747,-0.231788326650594,-0.23265741077245,-0.23354713412512,-0.234450724382766,-0.235362876136209,-0.236278742564679,-0.237193669296372,-0.238103259672632,-0.239003544292472,-0.239891147190063,-0.240763407595599,-0.241618448376705,-0.242455195727804,-0.243273359301151,-0.244073382815849,-0.244856374525968,-0.245624025721585,-0.246378524053611,-0.24712246707076,-0.247858780010422,-0.248590640640391,-0.249321412837832,-0.250054589638647,-0.250793745708145,-0.251542498576499,-0.252304477543963,-0.253083298877177,-0.253882545768989,-0.254705751496846,-0.255556384264992,-0.256437832331306,-0.257353388181638,-0.258306230707809,-0.259299404559217,-0.260335796064852,-0.261418105357941,-0.262548814576725,-0.263730152260029,-0.264964054303022,-0.26625212208364,-0.267595578608714,-0.268995223754052,-0.270451389876059,-0.271963899243618,-0.27353202486675,-0.275154456371547,-0.276829272578567,-0.278553922375545,-0.280325215329678,-0.282139323258484,-0.283991793675242,-0.285877575654634,-0.287791058241271,-0.289726121068112,-0.291676196387055,-0.293634341266098,-0.295593318302533,-0.297545682863981,-0.299483874618931,-0.301400310970339,-0.303287479967376,-0.305138030341437,-0.306944856485625,-0.308701176458007,-0.310400601418873,-0.312037195288586,-0.313605523811659,-0.315100692611578,-0.316518374198923,-0.317854824235697,-0.319106887649016,-0.320271995419688,-0.321348153042704,-0.322333921768085,-0.323228393786257,-0.324031162528594,-0.324742289219261,-0.325362266747603,-0.325891981839945,-0.326332676403768,-0.326685908803128,-0.326953515707862,-0.327137575045319,-0.327240370475818,-0.327264357713998,-0.327212132929463,-0.327086403382223,-0.326889960381497,-0.326625654600258,-0.32629637373164,-0.325905022436259,-0.325454504500546,-0.324947707104416,-0.324387487080975,-0.323776659040556,-0.323117985225261,-0.322414166957736,-0.321667837548169,-0.320881556526167,-0.320057805068434,-0.319198982498844,-0.318307403743991,-0.317385297634476,-0.316434805949675,-0.315457983111381,-0.314456796439369,-0.313433126889411,-0.312388770201561,-0.31132543839346,-0.310244761540027,-0.3091482897871,-0.308037495552369,-0.306913775872336,-0.305778454858953,-0.304632786234153,-0.303477955914587,-0.30231508462265,-0.301145230503259,-0.299969391728881,-0.298788509078015,-0.297603468474796,-0.296415103479486,-0.295224197721563,-0.294031487268744,-0.292837662926789,-0.291643372466143,-0.290449222772645,-0.289255781920427,-0.288063581165963,-0.286873116862939,-0.285684852298162,-0.284499219449254,-0.283316620665262,-0.282137430271657,-0.280961996101465,-0.279790640954491,-0.278623663986743,-0.277461342032322,-0.276303930860091,-0.275151666367526,-0.274004765714174,-0.272863428397122,-0.271727837270936,-0.270598159514435,-0.269474547546663,-0.268357139894389,-0.267246062013363,-0.266141427065531,-0.265043336654342,-0.263951881520179,-0.26286714219792,-0.26178918963851,-0.260718085796393,-0.259653884184541,-0.258596630398779,-0.257546362612989,-0.256503112046738,-0.255466903406797,-0.254437755303918,-0.253415680646224,-0.252400687010448,-0.251392776992227,-0.250391948536589,-0.249398195249708,-0.248411506692941,-0.247431868660139,-0.246459263439122,-0.245493670058212,-0.244535064518631,-0.243583420013548,-0.24263870713452,-0.241700894066012,-0.24076994676866,-0.239845829151907,-0.238928503236596,-0.238017929308067,-0.23711406606031,-0.236216870731642,-0.235326299232402,-0.234442306265095,-0.233564845437403,-0.232693869368472,-0.231829329788836,-0.230971177634337,-0.230119363134378,-0.229273835894815,-0.228434544975799,-0.227601438964842,-0.226774466045365,-0.225953574061001,-0.22513871057586,-0.224329822931016,-0.223526858297391,-0.22272976372527,-0.221938486190602,-0.221152972638301,-0.220373170022679,0,-0.229984078625064,-0.230735308929701,-0.231564719522699,-0.232434838924615,-0.233328780749994,-0.234237819415686,-0.235156277256283,-0.236079361399074,-0.237002440804431,-0.237920989722778,-0.238830772995739,-0.239728067150708,-0.240609835777627,-0.241473838206252,-0.242318675295249,-0.243143784147697,-0.243949394787688,-0.244736460706502,-0.245506573415217,-0.246261869293042,-0.247004935264904,-0.247738718224689,-0.248466441660196,-0.249191531646204,-0.249917553266137,-0.250648157609785,-0.251387038777229,-0.252137899791851,-0.252904425974058,-0.253690264131315,-0.254499005853852,-0.255334173242278,-0.256199205507426,-0.257097445051331,-0.258032121842927,-0.259006335128995,-0.260023031760744,-0.261084980663398,-0.262194743227077,-0.263354639650189,-0.264566711519878,-0.265832681165438,-0.267153908565983,-0.268531346827544,-0.269965497459058,-0.27145636686204,-0.273003425593943,-0.274605572058889,-0.276261102310504,-0.277967687610405,-0.27972236126594,-0.281521516069114,-0.283360913377541,-0.285235704525202,-0.287140464839209,-0.289069240087129,-0.291015604710605,-0.292972730740802,-0.294933465866117,-0.296890418758042,-0.298836049479065,-0.300762762613526,-0.302663000688432,-0.304529335488499,-0.306354555012834,-0.308131744057296,-0.309854356718714,-0.311516279482891,-0.313111883953983,-0.314636068684888,-0.316084289955115,-0.317452581696097,-0.31873756507022,-0.319936448459952,-0.321047018812913,-0.322067625417534,-0.322997157255505,-0.323835015097548,-0.324581079486072,-0.325235675690592,-0.325799536638226,-0.326273764720514,-0.326659793266598,-0.326959348357839,-0.327174411545359,-0.327307183923511,-0.327360051911812,-0.327335555007012,-0.327236355686702,-0.327065211576437,-0.326824949933507,-0.326518444451658,-0.32614859435148,-0.325718305689837,-0.325230474797674,-0.32468797373789,-0.324093637662612,-0.32345025394146,-0.322760552928366,-0.322027200233528,-0.321252790368525,-0.320439841635988,-0.319590792140001,-0.31870799679931,-0.317793725251983,-0.316850160547276,-0.315879398527805,-0.314883447812523,-0.313864230298391,-0.312823582105823,-0.311763254899919,-0.310684917526142,-0.309590157905372,-0.308480485139161,-0.307357331781483,-0.306222056238398,-0.305075945261676,-0.303920216506765,-0.302756021129336,-0.301584446398228,-0.300406518305744,-0.299223204159178,-0.298035415139953,-0.296844008819078,-0.295649791619618,-0.29445352121866,-0.293255908882841,-0.292057621732839,-0.290859284933456,-0.289661483806904,-0.288464765867845,-0.287269642779439,-0.286076592230347,-0.284886059733131,-0.283698460344987,-0.282514180312084,-0.281333578639124,-0.280156988585937,-0.278984719093162,-0.27781705613919,-0.276654264030634,-0.275496586628715,-0.274344248513939,-0.273197456091512,-0.272056398639904,-0.270921249304976,-0.269792166042055,-0.268669292508278,-0.267552758907507,-0.266442682790023,-0.26533916980918,-0.264242314437091,-0.263152200641384,-0.262068902524959,-0.26099248493063,-0.259923004012439,-0.258860507775361,-0.257805036585058,-0.256756623649234,-0.255715295472107,-0.254681072283423,-0.253653968443366,-0.252633992824664,-0.251621149173132,-0.250615436447792,-0.249616849141717,-0.248625377584619,-0.247641008228199,-0.246663723915196,-0.245693504133032,-0.244730325252906,-0.243774160755133,-0.242824981441492,-0.241882755635299,-0.240947449369894,-0.240019026566167,-0.239097449199749,-0.238182677458428,-0.237274669890346,-0.236373383543483,-0.235478774096901,-0.234590795984233,-0.233709402509824,-0.232834545957947,-0.231966177695475,-0.231104248268371,-0.230248707492345,-0.229399504538004,-0.228556588010799,-0.227719906026052,-0.226889406279355,-0.226065036112583,-0.225246742575776,-0.224434472485112,-0.223628172477199,-0.222827789059881,-0.222033268659763,-0.221244557666635,-0.220461602474963,-0.219684349522622,0,-0.230516003110647,-0.231328348809547,-0.232200407257889,-0.233100938969731,-0.234017320566355,-0.234943214815562,-0.235874104004092,-0.236805675624614,-0.237733493535897,-0.238653177055428,-0.239560699726099,-0.240452647263404,-0.241326388982132,-0.242180164302922,-0.243013100641923,-0.243825180813849,-0.244617175911826,-0.24539055672897,-0.246147394090226,-0.246890256123616,-0.247622108480648,-0.248346221764707,-0.249066088913499,-0.249785353994721,-0.25050775281011,-0.251237064859297,-0.25197707558443,-0.252731547385258,-0.253504197640674,-0.254298681869919,-0.25511858018498,-0.255967385295722,-0.256848490504284,-0.257765176342639,-0.25872059474992,-0.259717749941986,-0.260759475387308,-0.261848406566445,-0.262986949455179,-0.264177244932662,-0.26542112957408,-0.266720093539738,-0.268075236514243,-0.269487222874056,-0.270956237459966,-0.272481943492722,-0.27406344428345,-0.275699250444256,-0.277387254288162,-0.27912471301342,-0.280908242090965,-0.28273382001574,-0.284596805248681,-0.286491965777956,-0.288413521282683,-0.290355197411875,-0.292310291220955,-0.29427174636491,-0.296232236257205,-0.29818425309055,-0.300120200398136,-0.302032486724212,-0.303913617975484,-0.305756286136624,-0.30755345224363,-0.309298421801251,-0.310984911183961,-0.312607103950431,-0.31415969640515,-0.315637932135185,-0.317037625615803,-0.318355175300442,-0.319587566877985,-0.320732367587732,-0.321787712628678,-0.322752284787396,-0.323625288443326,-0.324406419099241,-0.325095829536543,-0.325694093618784,-0.326202168670828,-0.326621357253234,-0.326953269038161,-0.327199783379955,-0.327363013064616,-0.327445269620562,-0.327449030480479,-0.327376908201658,-0.327231621880422,-0.32701597083499,-0.326732810579855,-0.326385031072717,-0.325975537181406,-0.325507231291986,-0.324982997959504,-0.324405690488658,-0.323778119322166,-0.323103042109044,-0.32238315532264,-0.321621087298542,-0.320819392564742,-0.319980547340409,-0.3191069460847,-0.318200898983068,-0.317264630265123,-0.316300277255057,-0.315309890062817,-0.314295431831371,-0.3132587794625,-0.312201724750451,-0.311125975859417,-0.310033159087125,-0.308924820862794,-0.30780242993332,-0.306667379696735,-0.305520990646847,-0.304364512897337,-0.303199128757718,-0.302025955337167,-0.300846047155656,-0.299660398744758,-0.298469947223241,-0.297275574834968,-0.296078111438737,-0.294878336941645,-0.293676983669187,-0.29247473866678,-0.291272245928705,-0.290070108551539,-0.288868890810133,-0.287669120155003,-0.286471289130717,-0.285275857215439,-0.284083252582315,-0.282893873783775,-0.28170809136019,-0.280526249374585,-0.279348666875339,-0.278175639288962,-0.277007439745184,-0.27584432033667,-0.274686513315742,-0.273534232230524,-0.272387673002927,-0.271247014950908,-0.270112421757381,-0.268984042388157,-0.267862011961208,-0.266746452569535,-0.265637474059817,-0.264535174768983,-0.263439642220764,-0.262350953784216,-0.261269177296114,-0.260194371649072,-0.259126587347139,-0.258065867030556,-0.257012245971292,-0.255965752540903,-0.254926408652162,-0.253894230175884,-0.252869227334255,-0.251851405071948,-0.250840763406212,-0.249837297757092,-0.248840999258852,-0.247851855053631,-0.246869848568313,-0.245894959775524,-0.244927165439632,-0.243966439348593,-0.243012752532395,-0.242066073468871,-0.241126368277569,-0.240193600902341,-0.239267733283271,-0.23834872551856,-0.237436536016892,-0.236531121640835,-0.235632437841776,-0.23474043878684,-0.233855077478269,-0.232976305865661,-0.232104074951471,-0.231238334890158,-0.230379035081327,-0.229526124257196,-0.228679550564714,-0.227839261642627,-0.227005204693764,-0.226177326552833,-0.225355573749952,-0.224539892570163,-0.223730229109172,-0.222926529325488,-0.22212873908921,-0.221336804227606,-0.220550670567693,-0.219770283975975,-0.218995590395498,0,-0.23107094560215,-0.231946738532308,-0.232858943134481,-0.233786652392871,-0.234722401229958,-0.235662337363649,-0.236602996562978,-0.237540444284617,-0.238470398815677,-0.239388641743258,-0.240291407998158,-0.241175659373009,-0.242039236976286,-0.242880916684479,-0.243700394809234,-0.244498226885513,-0.245275737324341,-0.246034913364536,-0.246778293395606,-0.24750885706625,-0.24822992242688,-0.248945053551721,-0.249657980580433,-0.250372532879887,-0.251092585038645,-0.251822014657909,-0.252564670377766,-0.253324348254744,-0.254104774457838,-0.254909592243469,-0.255742351272093,-0.256606497509384,-0.257505362186162,-0.258442148552132,-0.259419915433842,-0.260441556886982,-0.261509777511901,-0.262627063276585,-0.263795647962388,-0.265017475613933,-0.266294159634117,-0.267626939414706,-0.269016635626862,-0.270463605506314,-0.271967699644724,-0.273528221930936,-0.275143894361474,-0.276812828447927,-0.278532504880674,-0.280299762958075,-0.282110801056476,-0.283961189103132,-0.285845893631345,-0.287759315560406,-0.289695340373032,-0.291647399884839,-0.293608544340872,-0.295571523160468,-0.297528872308747,-0.299473006021422,-0.301396310463789,-0.303291236871897,-0.305150391802998,-0.306966622305017,-0.308733094085661,-0.310443361100671,-0.312091425364234,-0.313671786188257,-0.315179478457881,-0.316610099927515,-0.317959827858365,-0.319225425602887,-0.320404239966908,-0.321494190343988,-0.322493750720549,-0.323401925699406,-0.324218221690517,-0.32494261437968,-0.325575513517201,-0.326117725978172,-0.326570417941698,-0.326935076925215,-0.327213474297645,-0.327407628785895,-0.32751977138644,-0.327552311999561,-0.327507808019495,-0.327388935039866,-0.327198459770223,-0.326939215205964,-0.326614078049635,-0.326225948345742,-0.32577773126289,-0.325272320935302,-0.324712586259738,-0.324101358532605,-0.323441420804892,-0.322735498828829,-0.321986253469097,-0.321196274452675,-0.320368075334323,-0.31950408955905,-0.318606667508192,-0.317678074421825,-0.316720489096724,-0.315736003265931,-0.314726621572899,-0.313694262060139,-0.312640757099054,-0.311567854694301,-0.310477220102308,-0.309370437709634,-0.308249013122522,-0.307114375424333,-0.305967879562477,-0.304810808831031,-0.303644377419453,-0.302469733001609,-0.301287959342837,-0.300100078905937,-0.29890705543978,-0.29770979653684,-0.296509156148152,-0.295305937046286,-0.29410089322867,-0.292894732255173,-0.291688117515257,-0.290481670421175,-0.289275972524758,-0.288071567556215,-0.286868963384142,-0.285668633896595,-0.284471020803616,-0.283276535362092,-0.282085560024173,-0.280898450010821,-0.279715534812279,-0.278537119617492,-0.277363486674607,-0.276194896584844,-0.275031589532081,-0.273873786450536,-0.27272169013299,-0.27157548628195,-0.270435344506184,-0.26930141926499,-0.268173850762554,-0.267052765794671,-0.265938278550082,-0.264830491368569,-0.263729495457936,-0.262635371571874,-0.261548190650692,-0.260468014426775,-0.259394895996579,-0.258328880360886,-0.257270004934984,-0.256218300030343,-0.255173789309285,-0.25413649021411,-0.253106414372017,-0.252083567977149,-0.251067952150974,-0.250059563282191,-0.249058393347285,-0.24806443021276,-0.247077657920089,-0.246098056954301,-0.245125604497131,-0.244160274665563,-0.243202038736592,-0.242250865358953,-0.241306720752559,-0.240369568896304,-0.239439371704907,-0.238516089195381,-0.237599679643727,-0.236690099732377,-0.235787304688919,-0.234891248416581,-0.234001883616937,-0.233119161905269,-0.232243033918992,-0.231373449419538,-0.230510357388057,-0.229653706115283,-0.228803443285888,-0.227959516057647,-0.22712187113568,-0.226290454842074,-0.225465213181115,-0.224646091900405,-0.223833036548076,-0.223025992526323,-0.222224905141469,-0.22142971965075,-0.220640381306007,-0.219856835394463,-0.219079027276742,-0.218306902422296,0,-0.231657739413032,-0.232593391913526,-0.233540816275941,-0.234491418827185,-0.235442993095507,-0.236393917634041,-0.237341527776954,-0.238282117070863,-0.239211513213058,-0.240125685656002,-0.241021191489698,-0.241895438948168,-0.242746805570351,-0.243574654828276,-0.244379286628654,-0.245161847407132,-0.245924218076906,-0.24666889284962,-0.247398858212772,-0.248117478552032,-0.248828392708947,-0.249535423986852,-0.250242504673889,-0.250953615000317,-0.25167273556485,-0.252403811632491,-0.253150727301848,-0.253917287334496,-0.254707204399116,-0.25552408957257,-0.256371444123393,-0.257252650848694,-0.258170963517056,-0.259129493268299,-0.260131191122944,-0.261178826052457,-0.262274958352613,-0.263421908345695,-0.264621720712895,-0.265876125025701,-0.267186493302147,-0.268553795656404,-0.26997855533145,-0.271460804595409,-0.273000043131809,-0.274595200650642,-0.276244605479278,-0.277945960849969,-0.279696330476695,-0.281492134805594,-0.283329159032196,-0.285202573613279,-0.287106967575312,-0.289036394454684,-0.290984430221299,-0.292944242063544,-0.294908666476838,-0.296870294726184,-0.298821563467927,-0.300754848133917,-0.302662556612133,-0.304537220802976,-0.306371583783521,-0.308158680559468,-0.309891910707068,-0.311565101581959,-0.313172561173987,-0.314709120092667,-0.316170162555163,-0.317551646599515,-0.318850114047083,-0.320062690981255,-0.321187079690964,-0.3222215431482,-0.323164883152534,-0.324016413289628,-0.324775927822815,-0.325443667576177,-0.326020283782939,-0.326506800772604,-0.326904578261356,-0.327215273898866,-0.327440806615348,-0.327583321209228,-0.327645154520227,-0.327628803446753,-0.327536894990597,-0.327372158446408,-0.327137399797706,-0.326835478334823,-0.326469285472199,-0.326041725712128,-0.325555699678368,-0.325014089125148,-0.324419743814168,-0.323775470143481,-0.323084021406904,-0.322348089560303,-0.321570298371114,-0.320753197829424,-0.319899259702335,-0.319010874117924,-0.318090347070532,-0.31713989874514,-0.316161662565004,-0.315157684873366,-0.314129925166751,-0.31308025680405,-0.312010468122101,-0.31092226389479,-0.309817267078786,-0.308697020794723,-0.307562990498088,-0.306416566299124,-0.305259065395762,-0.304091734587912,-0.302915752845482,-0.301732233906056,-0.300542228881542,-0.299346728856026,-0.298146667459794,-0.296942923406881,-0.295736322985625,-0.294527642493659,-0.293317610610396,-0.292106910701583,-0.290896183051765,-0.289686027021638,-0.288477003128235,-0.287269635046729,-0.286064411533349,-0.284861788269506,-0.283662189627758,-0.28246601036063,-0.281273617213701,-0.280085350464603,-0.278901525389864,-0.277722433661635,-0.276548344676546,-0.275379506818972,-0.274216148661093,-0.273058480102161,-0.271906693449386,-0.27076096444287,-0.269621453226983,-0.268488305270551,-0.267361652238164,-0.266241612814881,-0.26512829348653,-0.26402178927774,-0.262922184449786,-0.26182955316022,-0.260743960086231,-0.259665461013573,-0.258594103392825,-0.257529926864685,-0.256472963755917,-0.255423239547499,-0.254380773316446,-0.253345578152716,-0.252317661552534,-0.251297025789411,-0.250283668264068,-0.249277581834405,-0.248278755126616,-0.247287172828471,-0.246302815965761,-0.245325662162812,-0.24435568588797,-0.243392858684874,-0.242437149390304,-0.241488524339361,-0.240546947558672,-0.239612380948289,-0.238684784452913,-0.237764116223039,-0.236850332766583,-0.235943389091522,-0.235043238840048,-0.234149834414715,-0.233263127097023,-0.232383067158863,-0.23150960396722,-0.230642686082518,-0.229782261350957,-0.228928276991186,-0.228080679675614,-0.227239415606684,-0.226404430588367,-0.225575670093163,-0.224753079324857,-0.223936603277259,-0.223126186789166,-0.222321774595754,-0.221523311376599,-0.22073074180052,-0.219944010567426,-0.219163062447327,-0.218387842316676,-0.217618295192195,0,-0.232283280894642,-0.233269745235653,-0.234245578137143,-0.235214097890801,-0.236177696139309,-0.237136429978137,-0.238088076568033,-0.239028989568125,-0.239955072573256,-0.240862523624645,-0.241748292272034,-0.242610306032555,-0.243447540293948,-0.244259990290199,-0.245048585222533,-0.245815070902705,-0.246561878452749,-0.247291990945901,-0.248008816064172,-0.248716070084069,-0.249417676375677,-0.250117679915551,-0.250820177978757,-0.251529266145078,-0.252248998002188,-0.252983356430029,-0.253736234077363,-0.254511420559058,-0.255312593972704,-0.256143314516147,-0.257007018246895,-0.257907009328634,-0.258846449435015,-0.259828343309636,-0.260855519803467,-0.261930608022291,-0.263056008515727,-0.264233859726839,-0.265466000197796,-0.266753927292065,-0.268098753444349,-0.269501161180681,-0.270961358354682,-0.272479035211789,-0.274053325009773,-0.275682769979095,-0.277365294389882,-0.279098186394941,-0.280878090135811,-0.28270100933149,-0.28456232322336,-0.286456815337164,-0.288378715061657,-0.290321751557,-0.29227921902059,-0.294244051881998,-0.296208908099476,-0.298166258412303,-0.300108479185035,-0.302027946373638,-0.303917128153418,-0.305768673870539,-0.307575497201004,-0.309330851705152,-0.311028397329633,-0.312662256807731,-0.314227061318032,-0.315717985157905,-0.317130769552746,-0.318461736039506,-0.31970779012389,-0.320866416109966,-0.321935664138395,-0.322914130548568,-0.32380093270687,-0.324595679426076,-0.325298438048499,-0.325909699187002,-0.326430340021726,-0.326861586944011,-0.32720497822876,-0.32746232730745,-0.327635687109835,-0.327727315845816,-0.327739644511471,-0.327675246325692,-0.327536808236452,-0.327327104578118,-0.327048972912873,-0.326705292049452,-0.326298962200135,-0.325832887211436,-0.325309958784279,-0.324733042584854,-0.324104966137037,-0.323428508380608,-0.322706390775794,-0.321941269833543,-0.32113573095176,-0.320292283440201,-0.319413356620527,-0.318501296892668,-0.317558365664182,-0.316586738045177,-0.315588502217684,-0.314565659394775,-0.313520124291233,-0.312453726033957,-0.31136820944657,-0.310265236648753,-0.309146388916591,-0.308013168755729,-0.306867002144267,-0.305709240907174,-0.304541165188442,-0.30336398599135,-0.30217884776098,-0.300986830986572,-0.299788954804458,-0.298586179585119,-0.29737940949046,-0.296169494989691,-0.294957235324183,-0.293743380913505,-0.292528635696408,-0.291313659401907,-0.290099069746844,-0.288885444557336,-0.28767332381246,-0.286463211609266,-0.285255578048911,-0.284050861044239,-0.282849468049623,-0.281651777714268,-0.280458141460486,-0.27926888498874,-0.278084309711421,-0.276904694117504,-0.275730295070345,-0.274561349040958,-0.273398073279155,-0.272240666924975,-0.27108931206283,-0.269944174720773,-0.268805405817278,-0.267673142057874,-0.266547506783942,-0.265428610775895,-0.264316553012937,-0.2632114213915,-0.262113293404394,-0.261022236782646,-0.259938310101901,-0.258861563355208,-0.25779203849393,-0.256729769938431,-0.25567478506014,-0.254627104636495,-0.253586743280228,-0.252553709844349,-0.251528007804154,-0.250509635617495,-0.249498587064484,-0.248494851567778,-0.24749841449448,-0.246509257440689,-0.245527358499641,-0.244552692514353,-0.243585231315623,-0.242624943946207,-0.241671796871928,-0.240725754180452,-0.239786777768424,-0.238854827517588,-0.237929861460541,-0.237011835936673,-0.236100705738847,-0.235196424251353,-0.234298943579597,-0.233408214672016,-0.232524187434634,-0.231646810838684,-0.230776033021676,-0.229911801382284,-0.229054062669406,-0.228202763065701,-0.227357848265946,-0.226519263550472,-0.225686953853984,-0.224860863830001,-0.224040937911178,-0.223227120365739,-0.222419355350234,-0.221617586958842,-0.22082175926939,-0.220031816386305,-0.219247702480642,-0.218469361827384,-0.217696738840141,-0.216929778103413,0,-0.232951261373714,-0.233975544577154,-0.234971849028183,-0.235953022255826,-0.23692479126304,-0.237888131355585,-0.238840856669131,-0.23977922694503,-0.24069921452345,-0.241597306676601,-0.242470925160014,-0.243318590195669,-0.244139931042256,-0.244935610079723,-0.245707201264892,-0.246457047887882,-0.247188115327893,-0.247903848968617,-0.248608043815597,-0.24930472977065,-0.24999807454944,-0.250692304691586,-0.251391643924175,-0.252100267257848,-0.252822268591509,-0.253561639249528,-0.254322254740069,-0.25510786706575,-0.255922100095611,-0.256768445778921,-0.257650259309666,-0.258570751705753,-0.259532978627328,-0.260539824610413,-0.261593982228383,-0.262697926012658,-0.263853881266222,-0.265063788190987,-0.266329262023611,-0.267651550133105,-0.269031487273769,-0.270469450401976,-0.271965314645926,-0.273518412152419,-0.275127495612055,-0.276790708272457,-0.278505562178434,-0.280268926222307,-0.282077025345229,-0.283925451905333,-0.285809189831275,-0.287722651726625,-0.289659728603562,-0.291613851429556,-0.293578063196567,-0.295545099797069,-0.297507477640896,-0.299457585692647,-0.301387779465718,-0.303290474482584,-0.305158236799965,-0.306983868392233,-0.308760485470216,-0.310481588163702,-0.312141120389877,-0.313733519141114,-0.315253752830308,-0.316697348709243,-0.31806040970919,-0.319339621331498,-0.320532249433317,-0.321636129908278,-0.322649651356578,-0.323571731879274,-0.324401791125362,-0.325139718676461,-0.325785839781717,-0.326340879363643,-0.326805925111938,-0.327182390373414,-0.327471977437448,-0.327676641711811,-0.327798557186171,-0.327840083491796,-0.327803734786926,-0.327692150628147,-0.32750806892883,-0.327254301055518,-0.326933709071543,-0.326549185103156,-0.326103632776201,-0.325599950650064,-0.325041017559404,-0.324429679762345,-0.323768739785668,-0.323060946852536,-0.322308988775862,-0.321515485200157,-0.320682982076161,-0.319813947255423,-0.318910767095961,-0.31797574397494,-0.317011094609714,-0.31601894909444,-0.315001350565562,-0.313960255415715,-0.312897533981841,-0.311814971639461,-0.310714270241097,-0.30959704984258,-0.30846485066656,-0.307319135257748,-0.306161290789352,-0.30499263148476,-0.303814401122787,-0.30262777559872,-0.301433865517005,-0.300233718794673,-0.299028323257603,-0.297818609214379,-0.296605451994906,-0.295389674443115,-0.294172049354981,-0.292953301854779,-0.291734111703984,-0.290515115538548,-0.289296909031387,-0.28808004897794,-0.28686505530347,-0.285652412991542,-0.284442573933703,-0.283235958700909,-0.282032958237719,-0.280833935480573,-0.279639226901807,-0.278449143981292,-0.277263974607732,-0.276083984411836,-0.274909418033652,-0.273740500326439,-0.272577437499476,-0.27142041820224,-0.270269614552371,-0.269125183109833,-0.267987265799634,-0.266855990785443,-0.265731473296368,-0.264613816409116,-0.263503111787675,-0.262399440382613,-0.261302873091978,-0.260213471385748,-0.259131287895686,-0.258056366972368,-0.256988745211102,-0.255928451948363,-0.254875509730302,-0.253829934754811,-0.252791737288563,-0.251760922060371,-0.250737488632148,-0.24972143174868,-0.248712741667377,-0.247711404469086,-0.246717402351017,-0.245730713902759,-0.244751314366329,-0.243779175881122,-0.242814267714621,-0.241856556479637,-0.240906006338843,-0.239962579197306,-0.239026234883686,-0.238096931320732,-0.237174624685679,-0.236259269561115,-0.235350819076835,-0.234449225043208,-0.23355443807652,-0.232666407716746,-0.231785082538178,-0.23091041025331,-0.230042337810359,-0.229180811484775,-0.228325776965091,-0.227477179433416,-0.226634963640884,-0.225799073978336,-0.224969454542512,-0.224146049197998,-0.223328801635174,-0.222517655424385,-0.221712554066546,-0.220913441040398,-0.220120259846579,-0.21933295404872,-0.218551467311712,-0.217775743437315,-0.217005726397261,-0.216241360363988,0,-0.2336615060646,-0.234708852104791,-0.235717418307656,-0.236706090191004,-0.237682306331974,-0.238647104766956,-0.239597946800625,-0.240530888674369,-0.241442002267772,-0.242328146687226,-0.243187303289087,-0.244018656264449,-0.244822536921095,-0.245600299626559,-0.246354167279647,-0.247087067965096,-0.247802475781802,-0.248504263854162,-0.249196574322076,-0.249883707804604,-0.250570033084079,-0.251259916409553,-0.251957668804914,-0.252667509053724,-0.253393539592609,-0.254139732347074,-0.254909921549493,-0.255707800745071,-0.256536921472176,-0.2574006914561,-0.258302370543909,-0.259245063005112,-0.260231705210035,-0.261265048065121,-0.262347633928191,-0.263481768047791,-0.264669484871756,-0.265912509853645,-0.267212217652545,-0.268569587870297,-0.269985159695244,-0.271458987015405,-0.272990595715871,-0.274578944973358,-0.276222394393216,-0.27791867878998,-0.279664892284057,-0.281457483170784,-0.283292260715982,-0.28516441465249,-0.287068547709666,-0.288998721023061,-0.29094851176989,-0.292911081885727,-0.294879256268391,-0.296845608493532,-0.298802551776323,-0.300742432732015,-0.302657625424107,-0.304540623243367,-0.306384126326333,-0.308181122483163,-0.309924959941079,-0.311609410596621,-0.313228722881811,-0.314777663761093,-0.316251549765495,-0.317646267319845,-0.318958282915223,-0.320184643914415,-0.321322970950391,-0.322371442988487,-0.323328776177102,-0.324194197616948,-0.324967415143989,-0.325648584155608,-0.326238272422174,-0.32673742372528,-0.32714732105649,-0.327469550002116,-0.32770596283465,-0.327858643733116,-0.327929875464632,-0.327922107779079,-0.327837927698167,-0.327680031819335,-0.327451200703208,-0.327154275370151,-0.326792135895827,-0.326367682066901,-0.32588381603513,-0.32534342689035,-0.324749377059546,-0.324104490429645,-0.323411542085291,-0.322673249549185,-0.321892265411133,-0.321071171232334,-0.320212472613374,-0.319318595317505,-0.318391882344885,-0.317434591858271,-0.316448895865989,-0.315436879573745,-0.314400541322769,-0.313341793037787,-0.312262461114388,-0.311164287681242,-0.310048932178424,-0.308917973198643,-0.307772910543465,-0.30661516745165,-0.305446092961415,-0.304266964372811,-0.303078989780481,-0.301883310650792,-0.300681004420758,-0.299473087099285,-0.298260515854096,-0.297044191570227,-0.295824961368271,-0.294603621072578,-0.293380917621426,-0.29215755141278,-0.290934178580628,-0.289711413198177,-0.288489829405169,-0.287269963457585,-0.286052315698741,-0.284837352451486,-0.283625507831773,-0.28241718548436,-0.281212760241809,-0.280012579708243,-0.278816965769648,-0.277626216032651,-0.276440605193918,-0.275260386342414,-0.274085792196857,-0.272917036280769,-0.27175431403752,-0.270597803887822,-0.269447668232067,-0.268304054399922,-0.267167095549519,-0.266036911518555,-0.264913609629559,-0.263797285451497,-0.262688023519845,-0.261585898017187,-0.260490973416288,-0.259403305087573,-0.25832293987281,-0.257249916626758,-0.256184266728458,-0.255126014563743,-0.254075177980523,-0.253031768718279,-0.251995792813147,-0.250967250979934,-0.249946138972293,-0.248932447922257,-0.247926164660264,-0.24692727201674,-0.245935749106256,-0.244951571595218,-0.243974711954015,-0.243005139694467,-0.242042821593409,-0.241087721903168,-0.240139802549677,-0.239199023318906,-0.238265342032274,-0.237338714711647,-0.236419095734511,-0.235506437979881,-0.234600692965444,-0.233701810976452,-0.232809741186811,-0.231924431772814,-0.231045830019935,-0.230173882423057,-0.229308534780533,-0.228449732282397,-0.227597419593081,-0.226751540928925,-0.225912040130793,-0.225078860732065,-0.224251946022261,-0.223431239106548,-0.222616682961369,-0.221808220486401,-0.221005794553071,-0.220209348049794,-0.219418823924158,-0.218634165222192,-0.217855315124911,-0.217082216982281,-0.216314814344756,-0.215553050992523,0,-0.234410374074253,-0.235466272132105,-0.236479422050158,-0.237470885240316,-0.238448089200574,-0.239411303129531,-0.240357320377415,-0.241281953510308,-0.24218144934337,-0.243053142212017,-0.243895664640525,-0.244708930490477,-0.245494010903227,-0.246252964944879,-0.246988656608576,-0.247704575183855,-0.248404668703037,-0.249093196081221,-0.249774600898875,-0.250453407831907,-0.251134141246724,-0.251821264345141,-0.252519136424205,-0.253231985284377,-0.253963891550701,-0.254718781631531,-0.255500426185655,-0.256312441253498,-0.257158289583953,-0.258041280112712,-0.258964563986719,-0.25993112595835,-0.260943770378067,-0.262005101389364,-0.263117497274945,-0.264283079221329,-0.265503675064602,-0.266780778855793,-0.268115507340748,-0.269508554683344,-0.270960146966244,-0.272469998170441,-0.274037269452331,-0.275660533592393,-0.277337746471384,-0.279066227328773,-0.280842649368829,-0.282663042002076,-0.284522805649997,-0.286416739611521,-0.288339083010043,-0.2902835683339,-0.292243486579526,-0.294211762534502,-0.296181038326452,-0.298143763038158,-0.300092285969328,-0.302018951022779,-0.303916189711172,-0.305776610414412,-0.307593081754344,-0.30935880827269,-0.311067396976347,-0.312712913724953,-0.314289928853315,-0.315793551822278,-0.317219455056458,-0.318563887441294,-0.319823678206003,-0.320996232109289,-0.322079516971776,-0.323072044667614,-0.323972846704751,-0.324781445497702,-0.325497822377876,-0.326122383303824,-0.326655923135793,-0.32709958923298,-0.327454845024079,-0.327723434096478,-0.32790734525035,-0.328008778872871,-0.328030114906127,-0.327973882610382,-0.327842732262135,-0.327639408873359,-0.327366727973639,-0.327027553460029,-0.326624777489144,-0.326161302361774,-0.325640024331121,-0.325063819251049,-0.324435529969797,-0.323757955366936,-0.32303384092634,-0.322265870735371,-0.321456660799719,-0.320608753564275,-0.319724613532654,-0.318806623881254,-0.317857083967916,-0.316878207639992,-0.315872122251931,-0.314840868308011,-0.313786399651649,-0.312710584128518,-0.311615204656532,-0.310501960641463,-0.30937246968249,-0.308228269517322,-0.307070820161626,-0.305901506202256,-0.304721639208309,-0.303532460228212,-0.302335142344919,-0.301130793264849,-0.29992045791949,-0.298705121061508,-0.297485709839926,-0.29626309634132,-0.295038100086154,-0.293811490471294,-0.292583989151454,-0.291356272353827,-0.29012897312148,-0.288902683482232,-0.287677956540769,-0.286455308492568,-0.28523522055898,-0.284018140843435,-0.282804486109271,-0.281594643480118,-0.280388972064175,-0.279187804503958,-0.277991448453403,-0.276800187984344,-0.27561428492457,-0.274433980129742,-0.273259494691536,-0.272091031084431,-0.27092877425356,-0.269772892646064,-0.268623539188347,-0.267480852211623,-0.266344956328099,-0.265215963260049,-0.264093972624052,-0.262979072672503,-0.261871340994532,-0.260770845178316,-0.259677643436755,-0.258591785198359,-0.257513311665146,-0.256442256339272,-0.255378645520028,-0.254322498772773,-0.253273829371292,-0.252232644715023,-0.251198946722477,-0.250172732202172,-0.249153993202285,-0.248142717340191,-0.247138888112994,-0.246142485190102,-0.24515348468882,-0.244171859433922,-0.243197579202077,-0.242230610951978,-0.241270919040968,-0.240318465428919,-0.239373209870071,-0.238435110093517,-0.237504121972956,-0.236580199686323,-0.235663295865871,-0.234753361739224,-0.233850347261932,-0.232954201241989,-0.232064871456769,-0.231182304762814,-0.23030644719888,-0.229437244082603,-0.228574640101167,-0.227718579396302,-0.226869005643931,-0.226025862128779,-0.225189091814216,-0.224358637407611,-0.223534441421454,-0.222716446230483,-0.221904594125043,-0.221098827360888,-0.220299088205636,-0.219505318982061,-0.218717462108407,-0.217935460135894,-0.217159255783571,-0.216388791970676,-0.215624011846638,-0.214864858818868,0,-0.235191669879237,-0.23624334923276,-0.237254571989186,-0.238244807818729,-0.23921987957781,-0.240178589815983,-0.2411168732817,-0.242030344248168,-0.242915545149703,-0.243770405300405,-0.244594299223362,-0.245387926782575,-0.246153123890228,-0.246892653597733,-0.247610000693162,-0.248309181372634,-0.248994574168364,-0.249670775297051,-0.250342479537677,-0.25101438618962,-0.25169112845333,-0.252377223671731,-0.253077041254698,-0.253794784766521,-0.254534484562437,-0.255299997478071,-0.256095010357979,-0.256923044605575,-0.25778745939784,-0.258691451693012,-0.259638051637032,-0.260630112425039,-0.261670294088143,-0.26276104105117,-0.263904553647475,-0.265102754087603,-0.266357247664611,-0.267669280243149,-0.269039693321259,-0.270468878169049,-0.27195673072875,-0.273502609095579,-0.275105295475839,-0.27676296452559,-0.278473159899377,-0.280232780676799,-0.28203807908291,-0.283884670580435,-0.285767556998169,-0.287681162887886,-0.289619384794914,-0.291575652612758,-0.293543001699876,-0.295514153996859,-0.297481606022049,-0.299437721365021,-0.301374825155224,-0.303285297963612,-0.305161666695642,-0.306996690243469,-0.30878343796517,-0.310515359425979,-0.312186344244526,-0.313790771309296,-0.315323547042143,-0.316780132765527,-0.318156561561978,-0.31944944528722,-0.32065597260716,-0.32177389907315,-0.322801530333292,-0.323737699606898,-0.324581740533218,-0.325333456453847,-0.325993087110331,-0.326561273643498,-0.327039022676558,-0.327427670156566,-0.327728845523412,-0.327944436675525,-0.328076556109513,-0.328127508528107,-0.328099760137716,-0.327995909793467,-0.32781866209535,-0.327570802493271,-0.327255174420669,-0.326874658444862,-0.326432153396796,-0.325930559422405,-0.325372762881793,-0.324761623010222,-0.324099960245881,-0.323390546123237,-0.322636094626889,-0.321839254899038,-0.321002605193515,-0.320128647970613,-0.319219806029395,-0.318278419577541,-0.317306744142971,-0.316306949236168,-0.315281117677304,-0.314231245507661,-0.313159242410446,-0.312066932571741,-0.310956055917908,-0.309828269671298,-0.308685150171447,-0.307528194914046,-0.306358824764857,-0.305178386310357,-0.303988154311178,-0.302789334228438,-0.301583064796745,-0.300370420621063,-0.299152414777746,-0.297930001402845,-0.296704078253356,-0.295475489229369,-0.294245026847121,-0.293013434654771,-0.291781409584354,-0.290549604234751,-0.289318629081804,-0.288089054612743,-0.286861413383076,-0.285636201994852,-0.284413882995957,-0.283194886700621,-0.281979612931874,-0.280768432687049,-0.279561689727797,-0.278359702096328,-0.277162763559844,-0.27597114498526,-0.274785095646471,-0.273604844466475,-0.272430601196774,-0.27126255753645,-0.270100888193367,-0.26894575188992,-0.267797292315738,-0.266655639029701,-0.265520908313598,-0.26439320397968,-0.263272618134317,-0.262159231899882,-0.261053116096934,-0.259954331888685,-0.25886293138965,-0.257778958240346,-0.256702448149769,-0.255633429407352,-0.254571923366009,-0.253517944897801,-0.252471502823689,-0.251432600318764,-0.250401235294297,-0.24937740075784,-0.248361085152616,-0.247352272677291,-0.24635094358725,-0.24535707447836,-0.24437063855422,-0.243391605877793,-0.242419943608307,-0.24145561622423,-0.240498585733104,-0.239548811868984,-0.238606252278151,-0.237670862693788,-0.236742597100208,-0.235821407887247,-0.234907245995365,-0.234000061051972,-0.233099801499487,-0.232206414715587,-0.231319847126091,-0.230440044310898,-0.229566951103359,-0.228700511683472,-0.227840669665238,-0.226987368178513,-0.226140549945666,-0.225300157353338,-0.224466132519585,-0.223638417356657,-0.222816953629677,-0.222001683011432,-0.221192547133515,-0.220389487634028,-0.219592446202018,-0.218801364618869,-0.218016184796793,-0.2172368488146,-0.216463298950906,-0.215695477714918,-0.214933327874949,-0.214176792484773,0,-0.235997613320172,-0.237035053447362,-0.238039403780851,-0.23902520275655,-0.23999537226163,-0.240946772941637,-0.241874448859147,-0.242773952125062,-0.243642281191421,-0.244478089111367,-0.245281576599573,-0.246054272608809,-0.246798787761438,-0.247518574068723,-0.248217704334489,-0.248900677180244,-0.249572250411934,-0.250237303541354,-0.250900728828189,-0.25156734903052,-0.252241859120588,-0.252928788549523,-0.253632480236315,-0.254357082305369,-0.255106548677894,-0.255884644894073,-0.256694955954036,-0.257540893462662,-0.258425699897525,-0.259352448351877,-0.260324036608904,-0.2613431748648,-0.262412366831993,-0.263533884322627,-0.264709735742576,-0.265941629224998,-0.267230931405186,-0.26857862308755,-0.269985253278912,-0.271450893253892,-0.272975092468394,-0.274556838234067,-0.276194521097381,-0.277885907820001,-0.279628123723399,-0.281417645935985,-0.283250308766762,-0.285121322034143,-0.287025302717155,-0.288956319790615,-0.290907951582881,-0.292873354484457,-0.294845341369065,-0.296816467694666,-0.298779122954819,-0.300725624968142,-0.302648314434924,-0.304539647254889,-0.306392282280124,-0.308199162455395,-0.309953587651961,-0.311649277904254,-0.313280426184099,-0.314841740268449,-0.316328473651051,-0.317736445798037,-0.319062052339586,-0.320302266017613,-0.321454629371398,-0.322517240241989,-0.323488731218448,-0.324368244143083,-0.325155400748485,-0.325850270426332,-0.326453336035848,-0.326965458556853,-0.327387841285205,-0.327721994162614,-0.327969698732009,-0.328132974116646,-0.328214044337154,-0.328215307206593,-0.328139304979063,-0.327988696872176,-0.327766233536882,-0.32747473350899,-0.327117061644243,-0.326696109512235,-0.326214777702891,-0.325675959982087,-0.32508252921953,-0.324437325001845,-0.323743142836367,-0.323002724846092,-0.32221875185328,-0.32139383674793,-0.320530519037642,-0.319631260476905,-0.318698441676413,-0.317734359596483,-0.316741225832724,-0.315721165606809,-0.314676217380161,-0.313608333013705,-0.312519378402202,-0.311411134517175,-0.310285298797832,-0.309143486834723,-0.307987234295969,-0.306817999050876,-0.305637163450402,-0.304446036728358,-0.303245857491371,-0.302037796269466,-0.300822958102653,-0.299602385142178,-0.29837705924803,-0.297147904567014,-0.295915790078102,-0.294681532093952,-0.293445896709446,-0.2922096021898,-0.290973321292339,-0.289737683517366,-0.288503277284719,-0.287270652033654,-0.286040320244526,-0.284812759381557,-0.283588413756558,-0.282367696314077,-0.281150990338852,-0.279938651086862,-0.278731007341546,-0.277528362897044,-0.276330997970474,-0.275139170545433,-0.273953117649008,-0.272773056564671,-0.271599185983464,-0.270431687095913,-0.269270724627114,-0.268116447817405,-0.266968991351023,-0.265828476235099,-0.264695010631273,-0.263568690642194,-0.262449601055055,-0.261337816044287,-0.260233399835433,-0.25913640733216,-0.258046884708296,-0.256964869966696,-0.25589039346666,-0.254823478421562,-0.253764141368263,-0.252712392609827,-0.251668236632953,-0.250631672501509,-0.249602694227456,-0.248581291120399,-0.247567448116932,-0.246561146090894,-0.245562362145592,-0.244571069888976,-0.243587239692734,-0.242610838936175,-0.241641832235778,-0.24068018166119,-0.239725846938424,-0.238778785641008,-0.237838953369719,-0.236906303921583,-0.235980789448713,-0.235062360607586,-0.234150966699274,-0.233246555801159,-0.232349074890599,-0.231458469961009,-0.230574686130788,-0.229697667745483,-0.228827358473594,-0.227963701396362,-0.227106639091896,-0.226256113713946,-0.225412067065644,-0.224574440668483,-0.223743175826814,-0.222918213688115,-0.22209949529927,-0.221286961659092,-0.220480553767302,-0.219680212670158,-0.218885879502946,-0.218097495529489,-0.217315002178869,-0.216538341079501,-0.215767454090735,-0.215002283332102,-0.214242771210364,-0.213488860444482,0,-0.236818991436364,-0.237836258445151,-0.238830512182397,-0.239809468206875,-0.240772265907401,-0.241713631712591,-0.242627860001474,-0.243510661034767,-0.244359678067667,-0.245174416145216,-0.245955973406542,-0.246706734146756,-0.247430076985207,-0.248130113161072,-0.248811458623599,-0.249479040602501,-0.250137938243814,-0.2507932560034,-0.251450027586309,-0.252113147388366,-0.252787325728024,-0.253477063708726,-0.254186643349289,-0.254920128658733,-0.255681373583879,-0.256474033176579,-0.257301574856947,-0.258167287234144,-0.259074284539747,-0.260025505295401,-0.261023704354892,-0.262071437922255,-0.263171041552573,-0.264324601497671,-0.265533920073859,-0.266800476011655,-0.268125381003358,-0.269509333894429,-0.270952574165261,-0.272454836513039,-0.27401530845794,-0.275632592950956,-0.277304677939586,-0.279028914741982,-0.280802006883413,-0.28262001076026,-0.284478349121939,-0.286371837913319,-0.288294726519193,-0.290240750924056,-0.292203198774715,-0.294174984841687,-0.296148734948468,-0.298116876102296,-0.300071730336371,-0.302005609673905,-0.303910909651746,-0.305780198989333,-0.307606303242613,-0.309382380620664,-0.311101988539178,-0.312759139911702,-0.314348348609442,-0.31586466392895,-0.317303694274365,-0.318661620572587,-0.319935200187289,-0.321121762278133,-0.322219195666811,-0.323225930327357,-0.324140913622856,-0.324963582374109,-0.325693831778132,-0.326331982105343,-0.326878744002711,-0.327335183123245,-0.327702684695811,-0.327982918547558,-0.328177804997025,-0.328289481950971,-0.328320273462701,-0.328272659944223,-0.328149250168457,-0.3279527551501,-0.327685963953846,-0.327351721445351,-0.326952907972935,-0.326492420945534,-0.325973158254246,-0.325398003470348,-0.3247698127413,-0.324091403297701,-0.323365543477932,-0.322594944173083,-0.321782251592418,-0.320930041248848,-0.320040813064428,-0.319116987497603,-0.318160902596593,-0.317174811886727,-0.316160883003653,-0.315121196988858,-0.314057748168894,-0.312972444544796,-0.311867108623459,-0.310743478628041,-0.309603210029673,-0.30844787734791,-0.307278976172304,-0.306097925362229,-0.304906069386601,-0.303704680769373,-0.302494962610647,-0.301278051156935,-0.300055018397467,-0.298826874666573,-0.297594571234987,-0.296359002875462,-0.29512101039043,-0.293881383091477,-0.292640861222254,-0.291400138318092,-0.290159863497017,-0.288920643678116,-0.28768304572435,-0.286447598507805,-0.285214794896255,-0.283985093660579,-0.282758921303188,-0.281536673808126,-0.280318718313916,-0.279105394710579,-0.277897017162544,-0.276693875559367,-0.275496236896373,-0.274304346587457,-0.273118429712386,-0.271938692200988,-0.270765321956661,-0.269598489921657,-0.26843835108657,-0.267285045446444,-0.26613869890589,-0.264999424135531,-0.263867321382068,-0.262742479234167,-0.261624975346332,-0.260514877122818,-0.259412242363618,-0.258317119874415,-0.257229550042379,-0.256149565379564,-0.255077191035618,-0.254012445281405,-0.25295533996512,-0.251905880942336,-0.250864068481422,-0.249829897645641,-0.248803358653219,-0.247784437216582,-0.246773114861908,-0.245769369230078,-0.244773174360064,-0.243784500955721,-0.24280331663691,-0.241829586175828,-0.240863271719367,-0.239904332998299,-0.238952727524004,-0.238008410773464,-0.237071336363167,-0.23614145621256,-0.235218720697626,-0.234303078795156,-0.233394478218237,-0.232492865543448,-0.231598186330247,-0.230710385232978,-0.229829406105924,-0.228955192101799,-0.228087685764053,-0.227226829113344,-0.226372563728496,-0.225524830822284,-0.224683571312304,-0.223848725887247,-0.223020235068808,-0.222198039269499,-0.221382078846594,-0.220572294152422,-0.219768625581234,-0.218971013612814,-0.218179398853056,-0.217393722071649,-0.216613924237058,-0.215839946548949,-0.215071730468207,-0.214309217744688,-0.213552350442838,-0.212801070965302,0,-0.237646451656705,-0.238642169757668,-0.239624745678644,-0.240595134555529,-0.241548293847276,-0.242476934561723,-0.24337490886479,-0.244238371978804,-0.245065813279259,-0.245857706871094,-0.246616100489482,-0.247344240238528,-0.2480462483694,-0.248726851066333,-0.249391151270791,-0.250044442813757,-0.250692062823216,-0.251339279292741,-0.25199121023068,-0.252652770272946,-0.253328640213171,-0.254023254671012,-0.254740803117251,-0.255485239698466,-0.256260297720157,-0.25706950520269,-0.257916198559239,-0.258803532103467,-0.259734481731878,-0.260711841711972,-0.261738214027234,-0.262815990181143,-0.263947325750898,-0.265134108317868,-0.266377919697182,-0.267679993652119,-0.269041170514625,-0.270461850340653,-0.271941946402443,-0.273480840949434,-0.275077345242683,-0.276729665871211,-0.27843537928069,-0.280191416276686,-0.281994058003125,-0.283838944544777,-0.285721096871111,-0.287634952345721,-0.289574413495064,-0.291532909191934,-0.293503466894884,-0.295478794126592,-0.297451367000836,-0.299413523342543,-0.301357557803565,-0.303275816364499,-0.30516078772639,-0.307005189322888,-0.308802046003167,-0.310544759823082,-0.312227169808424,-0.313843600991354,-0.31538890244311,-0.316858474411093,-0.318248285000104,-0.319554877105463,-0.32077536650557,-0.321907432153951,-0.322949299781067,-0.3238997199321,-0.324757941538595,-0.325523682059526,-0.326197095141488,-0.32677873664741,-0.327269529796351,-0.327670730049772,-0.327983890276824,-0.328210826635682,-0.328353585521673,-0.328414411856577,-0.328395718927187,-0.328300059924288,-0.328130101285045,-0.327888597901252,-0.327578370222069,-0.327202283251838,-0.32676322742038,-0.326264101284241,-0.32570779600193,-0.325097181513891,-0.324435094348307,-0.323724326966465,-0.322967618556192,-0.322167647178363,-0.32132702316963,-0.320448283704068,-0.319533888417157,-0.31858621599737,-0.317607561653304,-0.316600135367745,-0.315566060854056,-0.314507375134773,-0.313426028667065,-0.312323885944733,-0.31120272651154,-0.310064246325785,-0.308910059421123,-0.307741699813603,-0.306560623609667,-0.305368211274453,-0.304165770024075,-0.302954536309654,-0.301735678364647,-0.300510298790585,-0.299279437159569,-0.29804407261481,-0.296805126453257,-0.295563464676748,-0.294319900500349,-0.293075196808484,-0.291830068551244,-0.290585185074763,-0.289341172380954,-0.288098615313066,-0.286858059664566,-0.28562001420976,-0.284384952655313,-0.283153315512519,-0.281925511890698,-0.280701921212586,-0.279482894852969,-0.278268757702109,-0.277059809655799,-0.275856327034057,-0.274658563930638,-0.273466753495662,-0.272281109153721,-0.271101825759886,-0.269929080696077,-0.268763034910222,-0.267603833900662,-0.266451608648196,-0.265306476498141,-0.264168541994713,-0.26303789766999,-0.261914624789647,-0.260798794057585,-0.259690466281494,-0.258589693001335,-0.25749651708263,-0.256410973276378,-0.255333088747345,-0.254262883572389,-0.253200371210417,-0.252145558945487,-0.251098448304501,-0.25005903545087,-0.249027311555456,-0.248003263146034,-0.246986872436457,-0.245978117636641,-0.244976973244436,-0.243983410320382,-0.24299739674631,-0.24201889746869,-0.241047874727575,-0.240084288271946,-0.239128095562241,-0.238179251960761,-0.237237710910656,-0.236303424104138,-0.235376341640508,-0.2344564121746,-0.233543583056168,-0.23263780046073,-0.231739009512363,-0.2308471543989,-0.229962178479956,-0.229084024388208,-0.228212634124287,-0.227347949145672,-0.226489910449913,-0.225638458652509,-0.224793534059748,-0.223955076736798,-0.223123026571319,-0.222297323332853,-0.221477906728235,-0.220664716453248,-0.219857692240752,-0.219056773905473,-0.218261901385657,-0.217473014781762,-0.216690054392363,-0.215912960747436,-0.215141674639167,-0.214376137150428,-0.213616289681066,-0.212862073972125,-0.212113432128121,0,-0.238472575025752,-0.23944867374798,-0.240419340967549,-0.241379906500322,-0.242321236219889,-0.243234450207536,-0.244113405342517,-0.244955028318631,-0.245758849899935,-0.246526408467034,-0.247260729209753,-0.247965904690563,-0.248646758539491,-0.249308573776501,-0.249956874105798,-0.25059725117129,-0.251235232740281,-0.251876187248918,-0.252525259989056,-0.253187335917154,-0.253867023848931,-0.254568656773079,-0.255296303208738,-0.256053784933978,-0.256844696983572,-0.257672426493899,-0.25854016769767,-0.259450931086129,-0.26040754542089,-0.261412651868269,-0.262468690037797,-0.263577876137864,-0.264742173826096,-0.265963258644203,-0.267242477199069,-0.268580802492361,-0.269978787012999,-0.271436515387626,-0.272953558525802,-0.274528931287323,-0.276161055725307,-0.277847731907336,-0.279586118177533,-0.28137272248908,-0.283203406109986,-0.285073400592684,-0.28697733841596,-0.288909297178516,-0.290862856675634,-0.292831167656125,-0.294807030568926,-0.296782982198296,-0.298751387779562,-0.300704536002112,-0.30263473425225,-0.304534401524977,-0.306396156630448,-0.308212899619353,-0.309977884726832,-0.311684783558456,-0.31332773768492,-0.314901400246755,-0.316400966572979,-0.317822194169514,-0.319161412722406,-0.320415524981017,-0.321581999537129,-0.322658856601475,-0.323644647907239,-0.324538431850455,-0.325339744920712,-0.326048570392901,-0.326665305151624,-0.327190725412955,-0.327625951999989,-0.327972415724339,-0.328231823328671,-0.328406124357661,-0.328497479247213,-0.328508228854548,-0.328440865594189,-0.328298006296229,-0.328082366862341,-0.327796738760853,-0.327443967373765,-0.327026932184992,-0.326548528779524,-0.326011652607153,-0.325419184451188,-0.32477397753204,-0.32407884616713,-0.323336555902273,-0.322549815025068,-0.32172126736787,-0.320853486306417,-0.319948969859898,-0.319010136799197,-0.318039323671893,-0.317038782655309,-0.316010680152337,-0.314957096048706,-0.31388002355474,-0.312781369559386,-0.311662955429119,-0.310526518189361,-0.309373712031027,-0.308206110089732,-0.307025206450022,-0.305832418331605,-0.304629088419019,-0.303416487300314,-0.302195815984314,-0.300968208469626,-0.299734734342007,-0.298496401379772,-0.297254158149776,-0.296008896579111,-0.294761454489944,-0.293512618087048,-0.292263124389439,-0.291013663599166,-0.289764881401816,-0.288517381194514,-0.287271726238404,-0.28602844173349,-0.284788016814624,-0.283550906468114,-0.28231753336905,-0.281088289639956,-0.279863538531823,-0.278643616028916,-0.277428832379045,-0.276219473551228,-0.275015802622847,-0.273818061098535,-0.27262647016313,-0.27144123187111,-0.270262530274938,-0.269090532494794,-0.267925389732125,-0.266767238229462,-0.265616200178889,-0.264472384581526,-0.263335888060302,-0.262206795628278,-0.261085181414651,-0.259971109350565,-0.258864633816728,-0.257765800254781,-0.256674645744294,-0.255591199547162,-0.254515483621131,-0.253447513104068,-0.252387296770561,-0.251334837462311,-0.250290132493757,-0.249253174034258,-0.248223949468138,-0.24720244173379,-0.246188629642999,-0.24518248818159,-0.24418398879242,-0.243193099641712,-0.242209785869659,-0.24123400982617,-0.240265731292599,-0.239304907690255,-0.238351494276409,-0.237405444328541,-0.236466709317456,-0.235535239069926,-0.234610981921434,-0.233693884859593,-0.232783893658761,-0.231880953006355,-0.230985006621342,-0.230095997365341,-0.229213867346769,-0.228338558018419,-0.227470010268849,-0.226608164507937,-0.225752960746929,-0.224904338673305,-0.224062237720751,-0.223226597134524,-0.222397356032466,-0.221574453461934,-0.220757828452859,-0.219947420067173,-0.219143167444811,-0.218345009846479,-0.21755288669338,-0.216766737604081,-0.215986502428678,-0.215212121280408,-0.214443534564889,-0.213680683007084,-0.212923507676161,-0.212171950008346,-0.211425951827903,0,-0.239293282807276,-0.240252559114649,-0.24121198616374,-0.242161666626464,-0.243088915436503,-0.243983953980893,-0.2448411857831,-0.245658642407246,-0.246437066067999,-0.247179123304834,-0.24788881644859,-0.248571046450908,-0.249231278754885,-0.249875282554077,-0.250508927570669,-0.251138029312763,-0.251768236409999,-0.25240495436006,-0.253053300053664,-0.253718081328789,-0.254403795775443,-0.255114643172523,-0.25585454631567,-0.256627175567485,-0.257435973175604,-0.258284174192543,-0.259174821628321,-0.260110774219936,-0.261094705876241,-0.262129096436977,-0.263216213870685,-0.264358088438595,-0.265556479686397,-0.266812837409448,-0.268128257982484,-0.26950343765978,-0.270938624636887,-0.272433571815244,-0.273987492315889,-0.275599019834914,-0.27726617590704,-0.278986346032688,-0.280756266419597,-0.282572022790317,-0.284429062316682,-0.286322219274659,-0.288245754488556,-0.290193408079619,-0.292158464482543,-0.294133828178143,-0.296112108144066,-0.298085708676607,-0.300046924007014,-0.301988034037926,-0.303901398562223,-0.305779547490351,-0.307615264886246,-0.309401664972763,-0.311132258686612,-0.312801009810103,-0.314402380153351,-0.315931363680473,-0.317383509845867,-0.318754936717827,-0.320042334708294,-0.321242961897772,-0.322354632046445,-0.323375696423615,-0.324305020577412,-0.325141957116404,-0.325886315495396,-0.326538329699847,-0.327098624615909,-0.327568181763586,-0.327948304964373,-0.328240586415797,-0.32844687355587,-0.328569237021566,-0.328609939937166,-0.328571408710138,-0.328456205463141,-0.328267002189677,-0.328006556686628,-0.327677690288378,-0.327283267403376,-0.326826176834153,-0.326309314845173,-0.325735569929101,-0.325107809210688,-0.324428866418125,-0.323701531344396,-0.32292854071546,-0.322112570378055,-0.321256228717273,-0.320362051212822,-0.319432496042753,-0.318469940644477,-0.317476679144769,-0.31645492057321,-0.315406787776881,-0.314334316958034,-0.313239457760784,-0.312124073837458,-0.310989943830023,-0.309838762706866,-0.308672143400079,-0.307491618693183,-0.306298643313901,-0.305094596191084,-0.30388078283916,-0.302658437837559,-0.301428727376297,-0.300192751842495,-0.298951548425806,-0.297706093723737,-0.296457306330569,-0.295206049396046,-0.293953133142209,-0.292699317328778,-0.29144531365922,-0.290191788121244,-0.288939363256829,-0.287688620358132,-0.286440101586645,-0.285194312013933,-0.283951721583028,-0.28271276699026,-0.281477853487871,-0.28024735660822,-0.279021623810801,-0.277800976053631,-0.276585709290796,-0.275376095898185,-0.274172386029587,-0.272974808905444,-0.271783574036641,-0.270598872385769,-0.26942087746832,-0.268249746396273,-0.26708562086654,-0.265928628096677,-0.264778881710258,-0.263636482574242,-0.262501519590595,-0.2613740704444,-0.260254202310569,-0.259141972521239,-0.25803742919583,-0.256940611835692,-0.255851551885158,-0.254770273260782,-0.25369679285042,-0.25263112098378,-0.251573261875953,-0.250523214045404,-0.249480970707787,-0.24844652014693,-0.247419846064217,-0.246400927907577,-0.245389741181204,-0.24438625773707,-0.243390446049258,-0.242402271472062,-0.241421696482774,-0.240448680910016,-0.239483182148425,-0.238525155360462,-0.237574553666083,-0.23663132832094,-0.23569542888378,-0.234766803373642,-0.233845398417436,-0.232931159388455,-0.232024030536332,-0.231123955108924,-0.230230875466595,-0.229344733189328,-0.228465469177068,-0.22759302374369,-0.226727336704963,-0.225868347460843,-0.225015995072417,-0.224170218333829,-0.223330955839445,-0.222498146046553,-0.221671727333848,-0.220851638055947,-0.220037816594154,-0.219230201403706,-0.2184287310577,-0.217633344287885,-0.216843980022509,-0.216060577421393,-0.215283075908391,-0.214511415201387,-0.213745535339981,-0.212985376710992,-0.212230880071914,-0.211481986572433,-0.210738637774138,0,-0.240106110217444,-0.241051563780257,-0.24200081030075,-0.242938443947573,-0.243849179444091,-0.24472323261443,-0.245556133562517,-0.246347324056587,-0.24709888510943,-0.247814636715189,-0.248499527786126,-0.249159207201886,-0.249799706708204,-0.250427200224279,-0.251047822082579,-0.251667534321485,-0.25229203583167,-0.252926706903229,-0.253576582839881,-0.254246350326979,-0.254940360378424,-0.255662652028982,-0.256416981494193,-0.257206852252435,-0.258035542346733,-0.258906126083379,-0.259821488154041,-0.260784328979579,-0.261797160740578,-0.262862294114835,-0.263981816194073,-0.265157560418064,-0.266391069664238,-0.26768355388266,-0.269035843882714,-0.270448343064368,-0.271920979041869,-0.273453157223097,-0.275043718471051,-0.27669090297067,-0.27839232234044,-0.280144941853351,-0.281945074360548,-0.283788387145355,-0.28566992248533,-0.287584132184045,-0.289524925777858,-0.291485731557494,-0.293459569003974,-0.295439130757639,-0.297416871848753,-0.299385103643324,-0.301336089814459,-0.303262141643987,-0.305155710086613,-0.307009472275392,-0.308816410490338,-0.310569882023602,-0.31226367882414,-0.313892076261681,-0.315449870786387,-0.316932406654158,-0.318335592221361,-0.319655906576923,-0.320890397470654,-0.322036671616468,-0.323092878504383,-0.324057688855351,-0.324930268809401,-0.325710250861894,-0.32639770246595,-0.326993093111135,-0.32749726057726,-0.327911376953748,-0.32823691491385,-0.32847561464143,-0.328629451727566,-0.328700606284723,-0.328691433467405,-0.328604435538781,-0.328442235581659,-0.328207552918013,-0.327903180272824,-0.327531962694262,-0.327096778222295,-0.32660052028096,-0.326046081755303,-0.325436340701962,-0.324774147632286,-0.324062314298583,-0.323303603907393,-0.322500722678569,-0.321656312665208,-0.320772945747144,-0.319853118709587,-0.318899249318542,-0.317913673305684,-0.316898642177319,-0.315856321764796,-0.314788791437074,-0.313698043900019,-0.312585985511273,-0.311454437044016,-0.31030513483767,-0.309139732278327,-0.307959801556419,-0.306766835653855,-0.305562250517358,-0.304347387379095,-0.303123515189859,-0.301891833133965,-0.30065347319865,-0.299409502774222,-0.298160927264257,-0.296908692688072,-0.295653688260266,-0.294396748934487,-0.293138657900731,-0.29188014902732,-0.290621909240459,-0.289364580835702,-0.28810876371701,-0.286855017560209,-0.285603863898679,-0.284355788129918,-0.28311124144242,-0.281870642662896,-0.280634380024409,-0.279402812856435,-0.278176273198234,-0.276955067337212,-0.275739477274176,-0.274529762117597,-0.273326159409125,-0.272128886382694,-0.270938141159645,-0.269754103882312,-0.268576937788559,-0.267406790229725,-0.266243793634435,-0.265088066420694,-0.263939713858625,-0.262798828886172,-0.261665492880022,-0.260539776383923,-0.259421739796514,-0.258311434020708,-0.25720890107658,-0.25611417467965,-0.255027280786362,-0.253948238108483,-0.252877058598087,-0.251813747904672,-0.250758305805942,-0.249710726613659,-0.248670999555939,-0.247639109137272,-0.24661503547751,-0.245598754630964,-0.244590238886738,-0.24358945705133,-0.24259637471449,-0.241610954499291,-0.240633156297279,-0.239662937489554,-0.238700253154573,-0.237745056263433,-0.236797297863325,-0.235856927249849,-0.234923892128819,-0.233998138768138,-0.233079612140344,-0.232168256056316,-0.23126401329068,-0.230366825699371,-0.229476634329807,-0.228593379524089,-0.227717001015639,-0.226847438019642,-0.225984629317656,-0.225128513336717,-0.22427902822326,-0.223436111912158,-0.222599702191156,-0.221769736760962,-0.220946153291254,-0.220128889472842,-0.219317883066191,-0.218513071946536,-0.217714394145778,-0.216921787891341,-0.216135191642189,-0.215354544122145,-0.21457978435069,-0.213810851671374,-0.213047685777987,-0.212290226738634,-0.21153841501781,-0.210792191496627,-0.210051497491276,0,-0.240909262561036,-0.241844296138437,-0.242784306174863,-0.243708355438646,-0.244599879042764,-0.2454500910658,-0.246256202970827,-0.247019311053176,-0.247742905920026,-0.248431943472047,-0.249092258309582,-0.249730165926365,-0.250352174998516,-0.250964774111188,-0.251574276203296,-0.252186710990004,-0.252807757816204,-0.253442711959909,-0.254096477534481,-0.254773580266722,-0.255478193721869,-0.2562141730627,-0.25698509115664,-0.257794272725293,-0.25864482318608,-0.259539649785918,-0.260481473507463,-0.261472830998032,-0.262516066412873,-0.26361331358104,-0.264766469310505,-0.265977158972285,-0.267246695764497,-0.26857603527482,-0.269965727145071,-0.271415865797287,-0.272926042302067,-0.27449529954607,-0.276122092872085,-0.277804258306941,-0.279538990346691,-0.28132283102688,-0.283151671666917,-0.285020768248477,-0.286924770884098,-0.288857767277156,-0.290813339498607,-0.292784632843539,-0.294764435017259,-0.296745263469758,-0.298719458376847,-0.300679278575839,-0.302616997713173,-0.304524997949579,-0.306395858783859,-0.308222438878207,-0.30999794916925,-0.311716015998294,-0.313370733460144,-0.314956704622601,-0.316469071683269,-0.317903535487666,-0.319256365120523,-0.320524398495255,-0.321705035005641,-0.322796221374379,-0.323796431844831,-0.324704643826116,-0.325520310030126,-0.326243328043488,-0.326874008168766,-0.327413040255865,-0.327861460133497,-0.328220616146592,-0.328492136211448,-0.328677895717883,-0.328779986536769,-0.328800687331614,-0.328742435323116,-0.328607799614533,-0.328399456151829,-0.328120164364482,-0.327772745509452,-0.32736006272108,-0.326885002752913,-0.326350459382989,-0.325759318441736,-0.325114444410898,-0.324418668532839,-0.323674778361914,-0.322885508683466,-0.322053533721178,-0.321181460550074,-0.320271823630277,-0.319327080375635,-0.318349607671482,-0.317341699256856,-0.316305563888531,-0.315243324206915,-0.31415701622722,-0.313048589383143,-0.311919907054494,-0.310772747514651,-0.309608805238335,-0.308429692514865,-0.307236941316661,-0.30603200537737,-0.304816262438371,-0.303591016626656,-0.302357500931117,-0.301116879748037,-0.299870251470126,-0.298618651096695,-0.297363052845593,-0.296104372750258,-0.294843471227735,-0.293581155605783,-0.292318182599193,-0.291055260727258,-0.289793052665926,-0.288532177529602,-0.287273213078784,-0.286016697850795,-0.284763133211849,-0.283512985329448,-0.282266687064827,-0.281024639785741,-0.279787215100378,-0.27855475651359,-0.277327581006984,-0.276105980544649,-0.274890223506557,-0.273680556051815,-0.272477203414057,-0.271280371131394,-0.270090246213347,-0.268906998247251,-0.267730780446617,-0.266561730643919,-0.265399972230249,-0.264245615044249,-0.26309875621268,-0.2619594809449,-0.260827863283514,-0.259703966813318,-0.258587845330657,-0.257479543475173,-0.256379097325904,-0.25528653496356,-0.25420187700077,-0.253125137081983,-0.252056322354656,-0.250995433913255,-0.249942467217567,-0.248897412486693,-0.247860255070081,-0.246830975796846,-0.245809551304586,-0.244795954348825,-0.243790154094172,-0.242792116388212,-0.241801804019099,-0.240819176957763,-0.239844192585609,-0.238876805908518,-0.237916969757925,-0.236964634979713,-0.236019750611613,-0.23508226404976,-0.234152121205027,-0.233229266649715,-0.232313643755161,-0.231405194820766,-0.23050386119495,-0.229609583388488,-0.228722301180663,-0.22784195371866,-0.22696847961057,-0.22610181701239,-0.225241903709354,-0.224388677191929,-0.223542074726773,-0.222702033422961,-0.221868490293738,-0.221041382314071,-0.220220646474235,-0.219406219829668,-0.218598039547306,-0.217796042948613,-0.217000167549492,-0.216210351097262,-0.21542653160487,-0.214648647382508,-0.213876637066776,-0.213110439647546,-0.212349994492669,-0.211595241370629,-0.210846120471295,-0.210102572424864,-0.209364538319115,0,-0.24170196193831,-0.242630085650219,-0.243561201142458,-0.244469532055877,-0.245338846454115,-0.246162364798728,-0.246939447468453,-0.24767300159889,-0.248367933035782,-0.24903027235243,-0.24966665049829,-0.250283950043073,-0.250889056027422,-0.251488675503879,-0.252089211614185,-0.252696683268032,-0.253316682830299,-0.253954364497433,-0.254614456147827,-0.255301287674583,-0.256018829254907,-0.256770733697975,-0.257560377903306,-0.258390899476513,-0.259265225597409,-0.260186092233741,-0.261156052682405,-0.262177475166835,-0.263252529818668,-0.264383165837335,-0.265571079977787,-0.266817677792208,-0.268124029271346,-0.269490820712751,-0.270918304795513,-0.272406250963421,-0.273953898302599,-0.275559913132042,-0.277222353490206,-0.27893864258297,-0.280705553046739,-0.28251920357046,-0.28437506901528,-0.286268004682784,-0.288192284833387,-0.29014165497426,-0.292109396855104,-0.294088404566711,-0.296071269666906,-0.29805037289214,-0.300017979774165,-0.301966337383348,-0.303887769465928,-0.30577476742319,-0.307620074877693,-0.309416763959123,-0.311158301888906,-0.312838606915686,-0.314452093121729,-0.315993704055766,-0.317458935529328,-0.318843848226488,-0.320145071013743,-0.321359795996648,-0.32248576645752,-0.32352125883277,-0.324465059860794,-0.325316439964245,-0.326075123836486,-0.326741259092294,-0.32731538372713,-0.327798393014995,-0.328191506367458,-0.328496234579334,-0.328714347801385,-0.328847844507765,-0.328898921665128,-0.328869946260153,-0.32876342830124,-0.32858199537666,-0.328328368823981,-0.32800534154281,-0.327615757463706,-0.327162492669665,-0.326648438152263,-0.32607648417195,-0.325449506180908,-0.324770352257132,-0.324041831989951,-0.323266706750085,-0.322447681271472,-0.321587396467526,-0.320688423401241,-0.31975325832647,-0.318784318716827,-0.317783940198877,-0.316754374307408,-0.315697786982615,-0.314616257731775,-0.313511779381314,-0.312386258349004,-0.311241515370152,-0.310079286616085,-0.308901225147726,-0.307708902651661,-0.306503811410629,-0.305287366464822,-0.304060907924701,-0.302825703400122,-0.301582950514502,-0.300333779476387,-0.299079255684207,-0.297820382343163,-0.296558103076057,-0.295293304512543,-0.294026818843662,-0.292759426330646,-0.291491857758957,-0.290224796830208,-0.288958882486132,-0.287694711160138,-0.286432838953115,-0.285173783731219,-0.28391802714421,-0.282666016563689,-0.28141816694123,-0.280174862586924,-0.278936458869343,-0.277703283838257,-0.276475639771802,-0.275253804649989,-0.274038033556679,-0.27282856001226,-0.271625597239403,-0.270429339364314,-0.269239962555965,-0.268057626105793,-0.266882473450369,-0.265714633139489,-0.264554219752148,-0.263401334762766,-0.262256067360023,-0.261118495220557,-0.259988685239752,-0.258866694221726,-0.257752569530597,-0.25664634970499,-0.255548065037696,-0.254457738122305,-0.253375384368547,-0.252301012488024,-0.251234624951905,-0.250176218422109,-0.249125784157423,-0.248083308395911,-0.247048772714938,-0.24602215437003,-0.24500342661375,-0.243992558995714,-0.24298951764478,-0.241994265534432,-0.24100676273229,-0.240026966634645,-0.239054832186873,-0.238090312090513,-0.23713335699778,-0.236183915694225,-0.235241935270204,-0.234307361281814,-0.233380137901886,-0.232460208061603,-0.231547513583286,-0.23064199530485,-0.229743593196408,-0.228852246469479,-0.227967893679218,-0.227090472820078,-0.226219921415271,-0.225356176600405,-0.224499175201608,-0.223648853808484,-0.222805148842177,-0.221967996618847,-0.22113733340881,-0.220313095491596,-0.219495219207177,-0.218683641003562,-0.217878297481,-0.217079125432969,-0.216286061884149,-0.215499044125552,-0.214718009746984,-0.213942896666984,-0.213173643160403,-0.212410187883756,-0.211652469898475,-0.210900428692205,-0.210154004198234,-0.209413136813207,-0.208677767413184,0,-0.242484124752739,-0.243408763196641,-0.244330294960231,-0.245220042742778,-0.246063882305527,-0.246857940294116,-0.247604052763554,-0.24830698816948,-0.248973005633481,-0.249609108071669,-0.250222608651332,-0.250820842761187,-0.251410963135367,-0.25199979560786,-0.25259374495893,-0.25319874303483,-0.253820231650313,-0.254463172740609,-0.255132078308287,-0.255831053033865,-0.256563843020395,-0.257333885000479,-0.258144351379216,-0.258998187619272,-0.259898139592719,-0.260846769545745,-0.261846460194765,-0.262899407175988,-0.264007600611975,-0.265172796962539,-0.266396482625833,-0.26767983098043,-0.269023654736269,-0.270428355607135,-0.271893873435289,-0.273419636985185,-0.275004518666384,-0.276646795429699,-0.278344117988666,-0.280093490336743,-0.281891261250881,-0.283733129093856,-0.285614160759809,-0.287528825067965,-0.289471040325206,-0.291434235182273,-0.29341142133779,-0.295395276136297,-0.297378232694695,-0.299352574903188,-0.301310534499379,-0.303244387414158,-0.305146546730221,-0.307009649862517,-0.308826637939966,-0.310590825808458,-0.312295961553045,-0.313936274919087,-0.315506514468238,-0.317001973711391,-0.318418506799717,-0.319752534617143,-0.321001042300106,-0.32216156931689,-0.323232193277322,-0.324211508625521,-0.325098601306672,-0.325893020406458,-0.326594747651159,-0.327204165537842,-0.327722024746015,-0.32814941137067,-0.328487714415749,-0.328738593898882,-0.328903949843294,-0.328985892370543,-0.328986713057016,-0.328908857676093,-0.328754900414982,-0.328527519628514,-0.328229475170336,-0.327863587323561,-0.327432717337149,-0.326939749560411,-0.326387575155565,-0.325779077357008,-0.32511711823582,-0.324404526918875,-0.323644089203948,-0.322838538505353,-0.321990548058998,-0.321102724311345,-0.3201776014136,-0.319217636740506,-0.3182252073523,-0.317202607318693,-0.316152045824911,-0.315075645981932,-0.313975444265823,-0.312853390514411,-0.311711348413359,-0.310551096407824,-0.309374328980248,-0.308182658239295,-0.306977615769446,-0.30576065469525,-0.304533151918537,-0.303296410491158,-0.302051662089768,-0.300800069562996,-0.299542729524869,-0.298280674971664,-0.297014877902383,-0.295746251925858,-0.294475654839994,-0.293203891170967,-0.291931714662245,-0.290659830705133,-0.289388898704197,-0.288119534372341,-0.286852311951579,-0.285587766356692,-0.284326395239842,-0.283068660975124,-0.281814992562688,-0.280565787452681,-0.279321413289772,-0.278082209579421,-0.276848489277428,-0.275620540304539,-0.274398626988139,-0.27318299143323,-0.271973854824987,-0.270771418665325,-0.269575865945931,-0.268387362260262,-0.267206056857013,-0.266032083637552,-0.264865562099796,-0.263706598230938,-0.26255528535143,-0.26141170491251,-0.260275927249547,-0.259148012293377,-0.258028010241732,-0.256915962192796,-0.255811900742842,-0.254715850549811,-0.253627828864633,-0.252547846032003,-0.251475905962243,-0.250412006575816,-0.249356140221971,-0.248308294072944,-0.247268450495045,-0.246236587397917,-0.245212678563175,-0.244196693953579,-0.243188600003818,-0.24218835989395,-0.241195933806464,-0.240211279167898,-0.239234350875874,-0.238265101512393,-0.237303481544154,-0.236349439510647,-0.235402922200719,-0.234463874818256,-0.233532241137626,-0.232607963649445,-0.231690983697247,-0.230781241605557,-0.229878676799874,-0.228983227919033,-0.228094832920369,-0.227213429178116,-0.226338953575426,-0.225471342590367,-0.224610532376265,-0.223756458836702,-0.2229090576955,-0.222068264561956,-0.221234014991629,-0.220406244542923,-0.219584888829716,-0.218769883570273,-0.217961164632644,-0.217158668076774,-0.216362330193497,-0.215572087540619,-0.214787876976246,-0.214009635689527,-0.213237301228962,-0.212470811528424,-0.211710104931034,-0.210955120211005,-0.210205796593595,-0.209462073773268,-0.20872389193018,-0.207991191745086,0,-0.243256495344803,-0.244180392320966,-0.245090286984478,-0.245957830284824,-0.246772757199827,-0.247534785491784,-0.248248374435207,-0.248920091900498,-0.249557424552618,-0.250168209874384,-0.250760309368764,-0.251341386375827,-0.251918747872654,-0.252499238009436,-0.253089176678787,-0.253694336387455,-0.254319950058491,-0.254970742086845,-0.255650975056433,-0.256364504968336,-0.257114838596383,-0.257905187615104,-0.258738515334229,-0.25961757310449,-0.260544924622665,-0.261522957381433,-0.262553881341336,-0.263639715542473,-0.264782263843116,-0.265983081305931,-0.267243432988675,-0.268564247069072,-0.269946064367638,-0.271388986439841,-0.272892624491086,-0.274456051415691,-0.276077759259206,-0.277755624334213,-0.279486882066722,-0.281268113401469,-0.28309524424539,-0.284963558984115,-0.286867728581183,-0.288801853187895,-0.290759518585301,-0.292733865185547,-0.294717667776341,-0.296703423736009,-0.298683447108184,-0.30064996572613,-0.302595218527889,-0.304511550303259,-0.306391501349248,-0.308227889859231,-0.310013885302404,-0.311743071530221,-0.31340949884067,-0.315007724707395,-0.316532843311936,-0.317980504383764,-0.319346922141915,-0.32062887533922,-0.321823699537236,-0.322929272794489,-0.323943995943521,-0.324866768576811,-0.325696961771632,-0.326434388472313,-0.327079272326793,-0.327632215651979,-0.328094167086238,-0.328466389382008,-0.328750427699449,-0.328948078684269,-0.329061360548719,-0.329092484323082,-0.329043826403948,-0.328917902493115,-0.328717342995228,-0.328444869921552,-0.328103275330008,-0.327695401316856,-0.327224121562255,-0.326692324419931,-0.326102897530054,-0.325458713924051,-0.324762619580489,-0.324017422382417,-0.323225882418797,-0.32239070356596,-0.321514526279502,-0.320599921522749,-0.319649385754808,-0.318665336899416,-0.317650111215047,-0.316605960987092,-0.315535052964243,-0.314439467463316,-0.313321198069566,-0.312182151862944,-0.311024150104531,-0.309848929321534,-0.308658142733517,-0.307453361966993,-0.306236079009918,-0.305007708362029,-0.303769589341203,-0.302522988510159,-0.301269102191672,-0.300009059044198,-0.298743922673213,-0.297474694256757,-0.296202315166612,-0.294927669569219,-0.293651586992852,-0.29237484484978,-0.291098170904108,-0.289822245677727,-0.288547704788369,-0.287275141215134,-0.286005107488036,-0.28473811779918,-0.283474650034073,-0.28221514772234,-0.280960021907788,-0.279709652938324,-0.278464392176665,-0.277224563633219,-0.275990465522773,-0.274762371746927,-0.273540533304372,-0.272325179631286,-0.271116519874223,-0.269914744097944,-0.268720024430689,-0.267532516149406,-0.266352358707449,-0.265179676707251,-0.264014580820417,-0.262857168657677,-0.26170752559104,-0.260565725530452,-0.259431831657196,-0.258305897116179,-0.257187965669186,-0.256078072311111,-0.254976243851072,-0.253882499460263,-0.252796851188297,-0.251719304449733,-0.250649858482376,-0.249588506778901,-0.248535237493242,-0.247490033823138,-0.246452874370157,-0.245423733478429,-0.244402581553302,-0.24338938536102,-0.242384108310497,-0.241386710718196,-0.24039715005707,-0.239415381190457,-0.238441356591793,-0.237475026550947,-0.236516339367937,-0.235565241534749,-0.234621677905948,-0.233685591858707,-0.232756925442873,-0.231835619521643,-0.23092161390338,-0.23001484746509,-0.229115258268039,-0.228222783665952,-0.227337360406242,-0.22645892472466,-0.225587412433748,-0.224722759005457,-0.223864899648269,-0.223013769379144,-0.222169303090588,-0.221331435613132,-0.220500101773486,-0.219675236448628,-0.218856774616057,-0.218044651400438,-0.217238802116861,-0.216439162310897,-0.215645667795652,-0.214858254685996,-0.214076859430128,-0.213301418838643,-0.212531870111243,-0.211768150861249,-0.211010199138017,-0.210257953447413,-0.209511352770455,-0.20877033658022,-0.20803484485715,-0.207304818102826,0,-0.244020872891045,-0.244944972343053,-0.245839616497801,-0.246680671562402,-0.247463232203892,-0.248190990511283,-0.248870979073184,-0.24951139627853,-0.250120776336726,-0.250707626085207,-0.251280207669596,-0.251846381312275,-0.252413493383005,-0.252988307753875,-0.253576977025747,-0.254185047683773,-0.254817491849359,-0.255478757842175,-0.256172831910938,-0.256903304079668,-0.257673432000837,-0.258486197904892,-0.259344355054738,-0.260250461417988,-0.261206899449038,-0.262215881858177,-0.26327944401152,-0.26439942416442,-0.265577433116832,-0.266814815136227,-0.268112602165427,-0.269471463453658,-0.270891652840871,-0.272372955995785,-0.273914639952974,-0.275515407300347,-0.277173357317382,-0.27888595623776,-0.280650018591975,-0.282461701267619,-0.284316511507461,-0.286209329559141,-0.288134446115951,-0.29008561407599,-0.292056113533063,-0.294038828336748,-0.296026332059667,-0.298010980821322,-0.299985010165631,-0.301940633088651,-0.303870136366582,-0.305765972532589,-0.307620845173738,-0.309427785637464,-0.311180219716205,-0.312872023383188,-0.314497567147585,-0.316051749053691,-0.317530016743492,-0.318928379319865,-0.320243409981441,-0.321472240550239,-0.322612549085612,-0.32366254178369,-0.324620930313571,-0.325486905654535,-0.326260109386334,-0.326940603259763,-0.327528837747566,-0.328025620154088,-0.328432082751439,-0.328749651313245,-0.328980014335621,-0.329125093168432,-0.329187013226894,-0.32916807641221,-0.329070734837945,-0.328897565934208,-0.328651248982242,-0.32833454311629,-0.327950266816133,-0.327501278901693,-0.326990461029894,-0.326420701683291,-0.325794881629671,-0.325115860821986,-0.32438646669867,-0.323609483835831,-0.322787644895135,-0.321923622804588,-0.321020024103972,-0.320079383382442,-0.319104158732847,-0.318096728145522,-0.317059386763738,-0.315994344923403,-0.314903726901011,-0.313789570296049,-0.312653825976917,-0.311498358522868,-0.31032494709829,-0.309135286699756,-0.307930989720594,-0.306713587782096,-0.305484533784842,-0.304245204137965,-0.302996901128322,-0.30174085539557,-0.300478228482926,-0.299210115436978,-0.297937547433244,-0.296661494407237,-0.295382867673625,-0.294102522518666,-0.292821260753394,-0.291539833217166,-0.290258942223028,-0.288979243938043,-0.287701350693189,-0.286425833218745,-0.285153222802191,-0.283884013366664,-0.282618663468819,-0.281357598215709,-0.280101211100881,-0.278849865760421,-0.277603897650099,-0.276363615645144,-0.275129303564416,-0.273901221621038,-0.272679607801656,-0.271464679176691,-0.270256633143986,-0.269055648608361,-0.267861887099572,-0.266675493831237,-0.265496598703214,-0.26432531724996,-0.263161751537304,-0.262005991010039,-0.260858113292689,-0.259718184945713,-0.258586262179363,-0.25746239152731,-0.256346610482114,-0.255238948094477,-0.254139425538205,-0.253048056642664,-0.251964848394472,-0.250889801410081,-0.249822910380826,-0.248764164491932,-0.247713547816925,-0.246671039688785,-0.245636615049146,-0.244610244776753,-0.243591895996347,-0.242581532369068,-0.241579114365423,-0.240584599521803,-0.239597942681474,-0.238619096220937,-0.237648010262479,-0.236684632873711,-0.235728910254822,-0.234780786914281,-0.233840205833615,-0.232907108621919,-0.231981435660674,-0.231063126239433,-0.230152118682909,-0.229248350469954,-0.2283517583449,-0.227462278421709,-0.226579846281341,-0.225704397062744,-0.224835865547821,-0.22397418624075,-0.223119293441952,-0.222271121317057,-0.221429603961126,-0.22059467545843,-0.219766269938041,-0.218944321625471,-0.218128764890606,-0.217319534292145,-0.216516564618754,-0.215719790927121,-0.214929148577115,-0.214144573264198,-0.213366001049274,-0.212593368386115,-0.211826612146514,-0.211065669643308,-0.210310478651383,-0.209560977426811,-0.2088171047242,-0.208078799812396,-0.207346002488616,-0.206618653091122,0,-0.244779960779742,-0.245702127278749,-0.246576338977153,-0.247386171880118,-0.248133100141665,-0.248824817543132,-0.249470687221588,-0.250080278678531,-0.250662953271431,-0.251227703992098,-0.251783038426733,-0.252336880824215,-0.252896503964237,-0.253468497210279,-0.254058769495812,-0.254672581621719,-0.25531460044396,-0.255988967074274,-0.256699371487335,-0.257449126695082,-0.258241236784961,-0.259078454481732,-0.259963325322076,-0.260898216880581,-0.261885332648885,-0.262926711093184,-0.264024211093072,-0.2651794854261,-0.266393944255499,-0.267668710755905,-0.269004571119488,-0.270401921255548,-0.271860712547577,-0.273380399065088,-0.274959888633544,-0.276597500126807,-0.278290929242248,-0.280037224830177,-0.281832777563422,-0.283673322345308,-0.285553955371098,-0.287469166196309,-0.289412884552472,-0.291378541022113,-0.293359140079816,-0.295347343465936,-0.297335561421018,-0.299316049002386,-0.301281004549167,-0.30322266736559,-0.305133411849111,-0.307005835582174,-0.308832839306942,-0.310607697177048,-0.312324116192377,-0.313976284235806,-0.315558906612208,-0.317067231413915,-0.318497064385016,-0.319844774219512,-0.321107289403644,-0.322282087805445,-0.32336718023488,-0.324361089159116,-0.325262823674427,-0.326071851723882,-0.326788070421827,-0.327411775213756,-0.3279436284724,-0.328384628013999,-0.328736075916512,-0.328999547935588,-0.329176863744354,-0.329270058168202,-0.329281353543696,-0.329213133299093,-0.329067916830321,-0.328848335728355,-0.328557111399857,-0.328197034111201,-0.327770943475456,-0.32728171039191,-0.326732220437826,-0.3261253587022,-0.325463996041488,-0.324750976727567,-0.323989107449002,-0.32318114761816,-0.322329800929015,-0.321437708103907,-0.320507440762115,-0.319541496338917,-0.318542293980957,-0.317512171342051,-0.316453382203092,-0.315368094840279,-0.314258391067364,-0.31312626587996,-0.311973627632832,-0.310802298684647,-0.309614016448447,-0.308410434790266,-0.30719312572261,-0.30596358134381,-0.304723215978642,-0.303473368479802,-0.302215304653937,-0.300950219779858,-0.299679241190251,-0.298403430891671,-0.297123788200851,-0.295841252378297,-0.2945567052429,-0.293270973753732,-0.291984832547458,-0.290699006421783,-0.289414172757153,-0.288130963870515,-0.286849969296329,-0.285571737991285,-0.284296780460187,-0.283025570801465,-0.2817585486715,-0.280496121167678,-0.279238664630618,-0.277986526366532,-0.276740026291054,-0.275499458496194,-0.274265092742353,-0.273037175877514,-0.271815933185899,-0.270601569668486,-0.269394271257862,-0.268194205969933,-0.267001524995038,-0.265816363731001,-0.264638842760652,-0.263469068776313,-0.262307135453679,-0.261153124277491,-0.260007105321326,-0.258869137983757,-0.25773927168306,-0.256617546512573,-0.255503993858737,-0.254398636983746,-0.253301491574686,-0.252212566260925,-0.25113186310148,-0.250059378043954,-0.248995101356617,-0.247939018035087,-0.24689110818502,-0.245851347382122,-0.244819707010773,-0.243796154582433,-0.242780654034977,-0.241773166014035,-0.240773648137348,-0.23978205524311,-0.238798339623198,-0.237822451242161,-0.236854337942771,-0.235893945638915,-0.234941218496551,-0.233996099103404,-0.233058528628067,-0.232128446969107,-0.231205792894752,-0.230290504173708,-0.22938251769762,-0.228481769595653,-0.227588195341664,-0.226701729854383,-0.225822307591014,-0.224949862634644,-0.224084328775812,-0.223225639588588,-0.222373728501478,-0.221528528863461,-0.220689974005437,-0.219857997297369,-0.219032532201358,-0.218213512320901,-0.217400871446551,-0.216594543598199,-0.215794463064169,-0.215000564437329,-0.214212782648384,-0.213431052996522,-0.21265531117758,-0.211885493309865,-0.21112153595779,-0.210363376153443,-0.209610951416214,-0.208864199770612,-0.20812305976237,-0.20738747047295,-0.20665737153255,-0.205932703131694,0,-0.245535813234116,-0.246450799536185,-0.247298057970187,-0.248071798913586,-0.248780246822721,-0.249434757428909,-0.250046615888723,-0.25062643817689,-0.251184168454388,-0.251729094546852,-0.252269812916439,-0.252814181356286,-0.253369290957627,-0.253941468964746,-0.254536311976352,-0.255158743673193,-0.255813089433636,-0.256503159891679,-0.257232335954718,-0.258003648778154,-0.258819849531235,-0.259683465306123,-0.260596839036756,-0.261562152654792,-0.262581433822817,-0.263656547417032,-0.264789173499086,-0.265980773867464,-0.267232549473554,-0.268545391084637,-0.269919825621794,-0.271355960624081,-0.272853429302347,-0.274411338642459,-0.276028222982825,-0.277702005403832,-0.279429969105066,-0.281208740692507,-0.283034286942611,-0.284901926154362,-0.286806354656598,-0.28874168843016,-0.290701519165943,-0.292678983450426,-0.294666843191851,-0.296657574913129,-0.298643465175806,-0.300616709187411,-0.302569509594304,-0.304494172572489,-0.306383198585739,-0.308229365558385,-0.3100258026763,-0.31176605354601,-0.313444127970575,-0.315054542106622,-0.316592347220528,-0.318053147641747,-0.319433108804996,-0.320728956476022,-0.321937968371266,-0.323057959419008,-0.324087261881694,-0.325024701481389,-0.325869570558471,-0.326621599162394,-0.327280924835354,-0.3278480617151,-0.328323869459169,-0.328709522384048,-0.32900647912141,-0.329216453019727,-0.329341383462104,-0.329383408227994,-0.329344836994818,-0.329228126052877,-0.329035854290617,-0.328770700495178,-0.328435422003421,-0.328032834729965,-0.32756579459035,-0.327037180328733,-0.32644987775039,-0.325806765349769,-0.325110701315056,-0.324364511880595,-0.323570980989152,-0.322732841217424,-0.321852765910446,-0.320933362463978,-0.319977166688537,-0.318986638184712,-0.317964156656567,-0.316912019088489,-0.3158324377104,-0.314727538677036,-0.313599361388578,-0.312449858382331,-0.311280895728201,-0.310094253864253,-0.308891628812521,-0.307674633719387,-0.306444800669116,-0.305203582723441,-0.303952356144373,-0.302692422761576,-0.301425012449667,-0.300151285684626,-0.298872336152133,-0.297589193383974,-0.296302825401836,-0.29501414135063,-0.293723994106161,-0.292433182844279,-0.291142455560832,-0.289852511533642,-0.288564003719432,-0.287277541080141,-0.285993690834396,-0.284712980631061,-0.283435900642803,-0.282162905578463,-0.280894416613787,-0.279630823240683,-0.278372485035713,-0.277119733348962,-0.275872872914799,-0.27463218338633,-0.273397920795588,-0.272170318941668,-0.270949590709177,-0.269735929319444,-0.268529509517001,-0.267330488693897,-0.266139007954397,-0.264955193122618,-0.26377915569563,-0.262610993744496,-0.2614507927657,-0.260298626485316,-0.259154557618234,-0.258018638584671,-0.256890912186115,-0.255771412242797,-0.254660164194657,-0.253557185667746,-0.252462487007869,-0.251376071783248,-0.250297937257851,-0.249228074836999,-0.248166470486753,-0.247113105128543,-0.246067955010389,-0.245030992056034,-0.244002184193213,-0.242981495662237,-0.241968887305996,-0.240964316842434,-0.23996773912049,-0.238979106360446,-0.237998368379573,-0.237025472803915,-0.236060365267001,-0.235102989596239,-0.234153287987709,-0.233211201170005,-0.232276668557774,-0.231349628395546,-0.230430017892402,-0.229517773348037,-0.228612830270696,-0.227715123487459,-0.226824587247334,-0.225941155317561,-0.225064761073531,-0.224195337582694,-0.223332817682809,-0.222477134054853,-0.221628219290933,-0.220786005957457,-0.219950426653879,-0.219121414067253,-0.218298901022857,-0.217482820531118,-0.216673105831052,-0.215869690430439,-0.215072508142908,-0.214281493122139,-0.213496579893338,-0.212717703382159,-0.211944798941221,-0.211177802374371,-0.210416649958824,-0.209661278465313,-0.208911625176377,-0.208167627902885,-0.207429224998924,-0.206696355375146,-0.205968958510653,-0.205246974463546,0,-0.246289384212901,-0.247189023027884,-0.248001927437215,-0.248734956871687,-0.249402728626478,-0.250019589337207,-0.250598218085834,-0.251149918100016,-0.251684965065949,-0.252212751514961,-0.25274181041131,-0.253279808688961,-0.253833555201893,-0.254409036046856,-0.255011475947084,-0.255645419221379,-0.256314822392796,-0.257023150465581,-0.257773469614001,-0.258568530247481,-0.259410835958822,-0.260302695516518,-0.261246256629081,-0.262243521542929,-0.263296345562024,-0.264406420289475,-0.265575243829805,-0.26680408042122,-0.268093912061537,-0.269445384710769,-0.270858751641636,-0.272333816489275,-0.273869878526752,-0.275465682652127,-0.277119376494858,-0.278828476909838,-0.280589847904442,-0.282399691722467,-0.284253554384122,-0.286146346460616,-0.288072379265195,-0.290025416000213,-0.291998736750849,-0.293985215603265,-0.295977407631176,-0.297967643078004,-0.299948125790982,-0.301911032856152,-0.303848612442635,-0.305753277080684,-0.307617689948517,-0.309434842195684,-0.311198119848037,-0.312901359381316,-0.314538891579423,-0.316105573777009,-0.317596810999197,-0.319008566838163,-0.32033736513971,-0.32158028371416,-0.322734941342761,-0.32379947933599,-0.324772538829351,-0.325653234891878,-0.326441128388558,-0.327136196394089,-0.32773880181335,-0.328249662732005,-0.328669821904257,-0.329000616686875,-0.329243649649686,-0.329400760031904,-0.329473996168588,-0.329465588979631,-0.329377926591724,-0.329213530149111,-0.328975030858882,-0.328665148309151,-0.328286670092054,-0.327842432757079,-0.32733530411315,-0.326768166889912,-0.326143903759782,-0.325465383712778,-0.324735449766257,-0.323956907981805,-0.323132517752028,-0.32226498331124,-0.321356946416237,-0.320410980136737,-0.319429583689746,-0.318415178248154,-0.317370103651197,-0.316296615943113,-0.315196885666084,-0.314072996834452,-0.312926946518987,-0.311760644972475,-0.310575916231074,-0.309374499129498,-0.308158048671987,-0.306928137705245,-0.305686258843726,-0.304433826601984,-0.30317217969299,-0.30190258345545,-0.300626232377088,-0.299344252684613,-0.298057704974578,-0.296767586862651,-0.295474835631813,-0.294180330862777,-0.292884897032458,-0.291589306068594,-0.290294279850675,-0.28900049264916,-0.2877085734966,-0.286419108485707,-0.285132642990671,-0.283849683809126,-0.282570701223095,-0.281296130978088,-0.280026376180191,-0.27876180911159,-0.277502772965467,-0.276249583501581,-0.275002530624235,-0.273761879884536,-0.272527873909103,-0.271300733757536,-0.270080660211054,-0.268867834994809,-0.267662421936435,-0.266464568063391,-0.265274404641688,-0.264092048158545,-0.262917601251497,-0.26175115358643,-0.260592782686964,-0.25944255471754,-0.258300525222474,-0.257166739823217,-0.256041234875916,-0.254924038091357,-0.253815169119217,-0.252714640098552,-0.251622456176285,-0.250538615995438,-0.249463112154742,-0.248395931641189,-0.247337056237014,-0.246286462902526,-0.245244124136121,-0.244210008312768,-0.243184080002161,-0.242166300267696,-0.241156626947349,-0.240155014917485,-0.239161416340574,-0.238175780897728,-0.237198056006926,-0.236228187027758,-0.235266117453454,-0.234311789090927,-0.23336514222954,-0.232426115799224,-0.231494647518586,-0.230570674033575,-0.229654131047257,-0.228744953441216,-0.227843075389072,-0.226948430462575,-0.226060951730699,-0.225180571852166,-0.224307223161761,-0.223440837750823,-0.222581347542236,-0.221728684360265,-0.220882779995514,-0.220043566265322,-0.219210975069846,-0.218384938444095,-0.217565388606155,-0.216752258001838,-0.215945479345949,-0.215144985660398,-0.214350710309329,-0.213562587031449,-0.212780549969733,-0.212004533698655,-0.211234473249099,-0.210470304131089,-0.20971196235448,-0.208959384447722,-0.208212507474829,-0.207471269050649,-0.206735607354561,-0.206005461142677,-0.205280769758657,-0.204561473143224,0,-0.247040717209323,-0.247913827703385,-0.248684731502951,-0.249373096276597,-0.249998860543192,-0.250578439234747,-0.251125316819483,-0.251651121937744,-0.252166219207967,-0.252679924880582,-0.25320056488421,-0.253735500089803,-0.254291166366506,-0.254873139851037,-0.255486224112552,-0.256134551773774,-0.2568216923113,-0.257550758111706,-0.25832450187445,-0.259145399934791,-0.26001571782169,-0.260937556128843,-0.261912876355881,-0.262943507641009,-0.264031136209945,-0.265177279932157,-0.266383250669835,-0.26765010721075,-0.268978601571696,-0.270369121406253,-0.271821631187367,-0.273335614776488,-0.274910021931681,-0.276543221228414,-0.278232961742768,-0.2799763456515,-0.281769813615923,-0.283609144426044,-0.285489469889069,-0.287405305366956,-0.289350595728184,-0.291318775816268,-0.293302843894944,-0.295295445952251,-0.297288968274518,-0.299275635370521,-0.301247610158211,-0.303197093330407,-0.305116418985939,-0.306998143929988,-0.308835128481614,-0.310620607140232,-0.312348248015036,-0.314012200472034,-0.315607130966678,-0.317128247477567,-0.318571313318816,-0.319932651375255,-0.321209139974381,-0.322398201688342,-0.323497786360073,-0.324506349585837,-0.325422827778849,-0.326246610802539,-0.32697751301246,-0.327615743395859,-0.328161875357042,-0.328616816571601,-0.328981779226867,-0.329258250880884,-0.329447966106878,-0.329552879042628,-0.329575136931189,-0.329517054718072,-0.329381090756773,-0.329169823666781,-0.328885930383293,-0.328532165434127,-0.328111341475284,-0.327626311111614,-0.327079950022617,-0.326475141405622,-0.325814761739559,-0.325101667862726,-0.324338685347674,-0.323528598146191,-0.322674139467544,-0.321777983844304,-0.320842740332101,-0.319870946783169,-0.318865065128217,-0.317827477597395,-0.316760483808627,-0.315666298650442,-0.314547050886425,-0.313404782409482,-0.312241448076043,-0.311058916053008,-0.309858968613494,-0.308643303321133,-0.307413534546667,-0.306171195264763,-0.304917739083223,-0.303654542461041,-0.302382907075916,-0.301104062305875,-0.299819167793551,-0.298529316065282,-0.297235535180648,-0.295938791391237,-0.294639991790332,-0.293339986937941,-0.292039573447954,-0.290739496526459,-0.28944045245217,-0.288143090991691,-0.286848017743884,-0.285555796408948,-0.28426695097903,-0.282981967848217,-0.281701297840623,-0.280425358156093,-0.279154534233634,-0.277889181533298,-0.276629627237618,-0.275376171874148,-0.274129090860883,-0.272888635976662,-0.271655036758744,-0.270428501829983,-0.269209220158056,-0.267997362249303,-0.266793081279757,-0.265596514165956,-0.264407782578126,-0.263226993898281,-0.262054242125776,-0.26088960873275,-0.259733163471882,-0.258584965138792,-0.257445062291328,-0.256313493927947,-0.255190290127273,-0.254075472650858,-0.25296905551108,-0.251871045506039,-0.250781442723211,-0.249700241013563,-0.248627428437734,-0.247562987685814,-0.246506896472193,-0.245459127906848,-0.2444196508444,-0.243388430212182,-0.242365427318504,-0.241350600142229,-0.240343903604735,-0.239345289825251,-0.238354708360529,-0.237372106429744,-0.236397429125473,-0.235430619611548,-0.234471619308552,-0.233520368067663,-0.232576804333518,-0.231640865296748,-0.230712487036769,-0.229791604655407,-0.228878152401878,-0.227972063789647,-0.227073271705622,-0.226181708512143,-0.225297306142181,-0.224419996188156,-0.223549709984736,-0.222686378685982,-0.221829933337165,-0.220980304941579,-0.220137424522632,-0.219301223181515,-0.218471632150688,-0.217648582843454,-0.216832006899838,-0.216021836229004,-0.215218003048407,-0.214420439919889,-0.213629079782888,-0.212843855984946,-0.212064702309678,-0.211291553002351,-0.210524342793228,-0.209763006918808,-0.209007481141084,-0.208257701764967,-0.207513605653953,-0.206775130244187,-0.206042213556978,-0.205314794209902,-0.204592811426558,-0.203876205045076,0,-0.247787974528951,-0.248621276002823,-0.249343038215472,-0.249983849955193,-0.25056730714931,-0.251110832636063,-0.251628131188816,-0.252130821541104,-0.252629135924126,-0.253132148499681,-0.25364784702857,-0.254183182795042,-0.254744139549828,-0.255335826162591,-0.255962586874396,-0.256628120639235,-0.257335601001523,-0.258087788744835,-0.258887130892864,-0.259735841396432,-0.260635960763672,-0.261589393724098,-0.262597925560478,-0.263663218891789,-0.264786793435791,-0.26596999167735,-0.267213933509403,-0.268519462893821,-0.269887089492079,-0.271316928098261,-0.272808638599461,-0.274361369095967,-0.275973704721234,-0.277643624583755,-0.27936846907985,-0.281144919571612,-0.282968992069928,-0.284836046103179,-0.286740809396461,-0.288677418356373,-0.290639473686824,-0.292620109794489,-0.294612076024719,-0.296607827244807,-0.298599620900185,-0.300579617438263,-0.302539980938793,-0.304472976908254,-0.306371064473858,-0.308226980622799,-0.310033814637587,-0.31178507143713,-0.313474723103235,-0.315097248414558,-0.316647660692572,-0.318121524663359,-0.319514963341456,-0.320824656143517,-0.32204782954451,-0.323182241608676,-0.324226161676783,-0.325178346388253,-0.326038013079351,-0.326804811443684,-0.327478794182865,-0.328060387224667,-0.328550359951055,-0.328949795763777,-0.329260063222651,-0.329482787920787,-0.329619825209814,-0.329673233853649,-0.329645250667932,-0.329538266190419,-0.329354801422062,-0.329097485676412,-0.328769035574144,-0.32837223521836,-0.327909917583806,-0.327384947148823,-0.326800203792509,-0.326158567971508,-0.325462907181416,-0.324716063697397,-0.32392084357793,-0.323080006904986,-0.322196259223944,-0.321272244137435,-0.320310536999409,-0.319313639649189,-0.318283976120122,-0.317223889253852,-0.316135638148935,-0.315021396371622,-0.313883250856824,-0.312723201428581,-0.311543160871441,-0.31034495548701,-0.309130326073296,-0.307900929268251,-0.30665833920297,-0.305404049414193,-0.304139474970026,-0.302865954767025,-0.301584753960911,-0.300297066497158,-0.299004017711526,-0.297706666974115,-0.296406010353919,-0.295102983283889,-0.293798463209386,-0.292493272205441,-0.291188179550623,-0.289883904247375,-0.288581117480565,-0.287280445007688,-0.285982469475578,-0.284687732659827,-0.283396737624187,-0.282109950798242,-0.280827803972433,-0.279550696210273,-0.278278995678146,-0.277013041393626,-0.275753144893651,-0.274499591824227,-0.273252643453611,-0.272012538111154,-0.270779492554117,-0.269553703264924,-0.268335347681387,-0.267124585362474,-0.265921559092249,-0.264726395924571,-0.263539208171161,-0.262360094335581,-0.261189139995634,-0.26002641863664,-0.25887199243797,-0.257725913015154,-0.256588222119787,-0.255458952299412,-0.254338127519425,-0.253225763749019,-0.252121869513058,-0.251026446411706,-0.249939489609567,-0.248860988295976,-0.247790926118038,-0.246729281587919,-0.245676028465812,-0.244631136119944,-0.243594569864911,-0.242566291279559,-0.241546258505573,-0.240534426527876,-0.239530747437857,-0.238535170680432,-0.237547643285848,-0.236568110087121,-0.235596513923919,-0.234632795833694,-0.233676895230785,-0.232728750074194,-0.231788297024696,-0.230855471591901,-0.229930208271858,-0.229012440675742,-0.228102101650159,-0.227199123389556,-0.226303437541192,-0.225414975303113,-0.224533667515545,-0.223659444746089,-0.222792237369079,-0.221931975639464,-0.221078589761516,-0.220232009952689,-0.219392166502913,-0.218558989829591,-0.21773241052855,-0.216912359421209,-0.216098767598163,-0.215291566459427,-0.214490687751512,-0.213696063601554,-0.212907626548644,-0.212125309572562,-0.211349046120047,-0.210578770128765,-0.209814416049114,-0.209055918864008,-0.208303214106748,-0.207556237877122,-0.206814926855823,-0.206079218317301,-0.205349050141154,-0.204624360822138,-0.203905089478899,-0.203191175861495,0,-0.248526835435493,-0.249306646898601,-0.249973414067302,-0.250565182085933,-0.251107168282709,-0.251616737413369,-0.252107292699048,-0.252590156903221,-0.253075238286923,-0.253571222183008,-0.254085641931042,-0.254624949235518,-0.255194609588483,-0.255799219737159,-0.256442638073646,-0.257128118465739,-0.257858438832575,-0.25863601700729,-0.259463008122129,-0.260341379770102,-0.26127296327018,-0.262259481216929,-0.26330255294897,-0.264403680558531,-0.265564218618747,-0.26678533101727,-0.268067938267678,-0.269412658530225,-0.27081974539265,-0.272289025290093,-0.273819837299584,-0.275410977922488,-0.277060653343732,-0.278766441497604,-0.280525266044205,-0.282333384043217,-0.284186388689356,-0.286079227948033,-0.288006239317177,-0.289961200272079,-0.29193739326565,-0.293927683503431,-0.295924607138821,-0.297920467082376,-0.299907433323177,-0.301877644540599,-0.303823307846567,-0.305736793731126,-0.307610723663675,-0.309438048293381,-0.311212114753107,-0.312926722157665,-0.314576164957259,-0.316155264324839,-0.317659388194112,-0.319084460905888,-0.320426963656974,-0.321683927079934,-0.322852917323327,-0.323932016965464,-0.32491980199834,-0.325815315981206,-0.326618042303338,-0.327327875328732,-0.327945091034532,-0.328470317609057,-0.328904506350349,-0.32924890310466,-0.329505020406563,-0.329674610426469,-0.329759638794255,-0.329762259345699,-0.329684789827539,-0.329529688593575,-0.329299532324999,-0.328996994810595,-0.3286248268245,-0.328185837139741,-0.327682874713955,-0.327118812079367,-0.326496529962401,-0.325818903149636,-0.325088787606612,-0.324309008845079,-0.32348235152291,-0.322611550249999,-0.321699281563089,-0.320748157023329,-0.319760717382403,-0.318739427756652,-0.317686673743681,-0.316604758412495,-0.315495900096253,-0.314362230915989,-0.313205795964182,-0.312028553078509,-0.310832373138449,-0.309619040820388,-0.308390255750388,-0.307147633997639,-0.305892709855721,-0.304626937863028,-0.303351695017956,-0.302068283148668,-0.300777931401314,-0.299481798814514,-0.298180976951624,-0.296876492565788,-0.295569310276024,-0.294260335235577,-0.292950415776512,-0.291640346017003,-0.290330868420018,-0.28902267629411,-0.287716416228807,-0.286412690458696,-0.285112059151677,-0.283815042618083,-0.282522123438428,-0.281233748508451,-0.27995033100091,-0.278672252244247,-0.277399863518783,-0.276133487771605,-0.274873421251646,-0.273619935066811,-0.272373276665203,-0.271133671242739,-0.269901323079562,-0.268676416807755,-0.267459118612954,-0.266249577372463,-0.265047925732511,-0.26385428112727,-0.26266874674222,-0.261491412424419,-0.260322355542175,-0.259161641796558,-0.258009325987104,-0.256865452734027,-0.25573005715912,-0.254603165527502,-0.253484795852234,-0.252374958463785,-0.251273656546207,-0.250180886641829,-0.249096639126175,-0.248020898654731,-0.246953644583125,-0.245894851362192,-0.244844488909322,-0.243802522957428,-0.242768915382791,-0.241743624512983,-0.240726605415995,-0.239717810171651,-0.238717188126309,-0.237724686131819,-0.236740248769643,-0.235763818560989,-0.234795336163767,-0.233834740557141,-0.232881969214384,-0.231936958264725,-0.230999642644831,-0.230069956240522,-0.229147832019295,-0.228233202154199,-0.22732599813956,-0.226426150899038,-0.22553359088648,-0.224648248179967,-0.223770052569482,-0.222898933638569,-0.222034820840331,-0.221177643568107,-0.220327331221157,-0.219483813265631,-0.218647019291121,-0.217816879063047,-0.216993322571141,-0.216176280074254,-0.215365682141701,-0.214561459691376,-0.213763544024806,-0.212971866859349,-0.212186360357705,-0.211406957154897,-0.210633590382885,-0.209866193692968,-0.209104701276082,-0.208349047881163,-0.207599168831662,-0.206855000040346,-0.206116478022497,-0.205383539907593,-0.204656123449589,-0.203934167035871,-0.203217609694973,-0.202506391103154,0,-0.2492505303146,-0.249964768717909,-0.250572677538034,-0.251115535004099,-0.251618051478805,-0.252096593214714,-0.25256385053687,-0.253030627249627,-0.25350634971112,-0.253999188568444,-0.25451612284974,-0.255063029498443,-0.255644803573902,-0.256265497911325,-0.256928470446337,-0.257636529036044,-0.258392065134671,-0.259197169355515,-0.260053723993048,-0.260963469842465,-0.261928046828818,-0.262949009771052,-0.264027821911141,-0.265165829619568,-0.266364222024196,-0.267623979325345,-0.268945813387318,-0.270330103946572,-0.271776833525268,-0.273285523924703,-0.274855177001676,-0.276484222283157,-0.278170473817925,-0.27991109846085,-0.281702597503672,-0.283540803183722,-0.285420891112141,-0.287337409075439,-0.289284322004004,-0.291255072206612,-0.293242653287845,-0.295239695545332,-0.297238560133242,-0.299231438916311,-0.301210456751819,-0.303167772936417,-0.305095678735835,-0.306986688257818,-0.308833620399474,-0.310629670157842,-0.31236846819167,-0.314044128118195,-0.315651281581544,-0.317185101607528,-0.318641315141547,-0.320016205941156,-0.321306609161759,-0.322509899040648,-0.323623971065267,-0.324647219924395,-0.325578514405631,-0.326417170238608,-0.327162921708269,-0.327815892690585,-0.328376567605271,-0.328845762643356,-0.329224597515682,-0.329514467882251,-0.329717018560455,-0.329834117569505,-0.329867831044942,-0.329820399046718,-0.329694212282825,-0.329491789774181,-0.329215757492356,-0.328868828007439,-0.328453781187301,-0.327973445990784,-0.327430683395494,-0.326828370496063,-0.326169385801216,-0.325456595748427,-0.324692842443918,-0.323880932624056,-0.323023627822292,-0.322123635714453,-0.321183602604618,-0.320206107004589,-0.319193654252043,-0.31814867210624,-0.317073507255399,-0.315970422666731,-0.314841595708405,-0.3136891169723,-0.312514989727183,-0.311321129933645,-0.310109366754674,-0.308881443498888,-0.3076390189371,-0.306383668936812,-0.305116888363434,-0.303840093201234,-0.302554622851284,-0.301261742567861,-0.299962645998744,-0.298658457798742,-0.297350236289421,-0.296038976141362,-0.294725611058474,-0.293411016446771,-0.292096012052644,-0.290781364558063,-0.289467790122317,-0.288155956861777,-0.28684648726092,-0.285539960509327,-0.284236914760717,-0.282937849311203,-0.281643226694968,-0.280353474696429,-0.279068988278648,-0.277790131428417,-0.276517238918913,-0.275250617991273,-0.273990549956798,-0.272737291721735,-0.271491077236853,-0.27025211887417,-0.269020608733307,-0.267796719880055,-0.266580607519767,-0.265372410108231,-0.264172250402659,-0.26298023645543,-0.261796462553177,-0.260621010103761,-0.259453948473619,-0.258295335777907,-0.257145219625776,-0.256003637823059,-0.254870619034547,-0.253746183407952,-0.252630343161589,-0.251523103137693,-0.250424461323227,-0.249334409339944,-0.248252932905386,-0.247180012266414,-0.246115622606802,-0.245059734430341,-0.244012313920818,-0.242973323280182,-0.241942721046136,-0.240920462390312,-0.239906499398153,-0.238900781331532,-0.23790325487512,-0.236913864367423,-0.235932552017381,-0.234959258107368,-0.233993921183369,-0.233036478233102,-0.232086864852764,-0.231145015403084,-0.230210863155298,-0.229284340427638,-0.228365378712895,-0.22745390879758,-0.226549860873179,-0.225653164639958,-0.224763749403775,-0.223881544166304,-0.223006477709056,-0.222138478671575,-0.221277475624157,-0.220423397135399,-0.219576171834921,-0.218735728471509,-0.217901995966993,-0.217074903466083,-0.216254380382433,-0.215440356441143,-0.21463276171792,-0.21383152667511,-0.213036582194775,-0.212247859609008,-0.211465290727655,-0.210688807863596,-0.209918343855745,-0.209153832089901,-0.208395206517596,-0.207642401673053,-0.206895352688382,-0.206153995307126,-0.205418265896252,-0.204688101456698,-0.203963439632561,-0.203244218719027,-0.2025303776691,-0.201821856099248,0,-0.249950863720079,-0.25059046824367,-0.251138163469865,-0.251633958265158,-0.252100124490095,-0.252551325166447,-0.252999265284064,-0.253454073596787,-0.253924569909787,-0.254418305299638,-0.254941621650761,-0.255499761579098,-0.256097012109284,-0.256736863740698,-0.257422171239866,-0.258155305710999,-0.258938289600113,-0.259772908365545,-0.260660794925626,-0.261603485463389,-0.262602447381127,-0.263659081899253,-0.264774704889241,-0.265950510062924,-0.267187518737132,-0.26848652020948,-0.269848006462542,-0.271272104568427,-0.272758509859458,-0.274306422686434,-0.275914491394308,-0.277580763974747,-0.279302650664836,-0.281076899511007,-0.282899586576021,-0.284766122018126,-0.286671272716556,-0.288609201475014,-0.290573522138927,-0.292557369258313,-0.29455348026735,-0.296554287584776,-0.298552017610777,-0.300538793338946,-0.302506737234313,-0.304448071151447,-0.306355210364781,-0.30822084922685,-0.310038036518669,-0.311800239163722,-0.313501393595819,-0.315135944657971,-0.316698872428529,-0.31818570779601,-0.319592537920507,-0.320916002923124,-0.322153285240972,-0.323302093086861,-0.324360639377753,-0.32532761736484,-0.326202174031476,-0.326983882142131,-0.327672711642424,-0.328269000939485,-0.328773428442285,-0.329186984617809,-0.329510944722899,-0.329746842302173,-0.329896443496805,-0.329961722183088,-0.329944835949103,-0.32984810291786,-0.329673979431801,-0.329425038623061,-0.329103949903551,-0.328713459416811,-0.32825637149839,-0.327735531192774,-0.327153807872384,-0.326514079998362,-0.32581922105427,-0.325072086673137,-0.324275502966369,-0.323432256050479,-0.322545082755228,-0.321616662484966,-0.320649610194311,-0.319646470430013,-0.318609712383096,-0.317541725889352,-0.316444818311797,-0.315321212235867,-0.314173043906778,-0.313002362338318,-0.311811129023449,-0.310601218179022,-0.309374417459678,-0.308132429079318,-0.306876871282295,-0.305609280110524,-0.304331111416911,-0.303043743079764,-0.301748477377108,-0.300446543483926,-0.299139100059354,-0.297827237894648,-0.296511982596253,-0.29519429728168,-0.293875085268905,-0.292555192742835,-0.291235411384917,-0.289916480954273,-0.288599091810812,-0.287283887372585,-0.285971466501308,-0.284662385811378,-0.283357161898983,-0.282056273488969,-0.280760163498089,-0.279469241014053,-0.278183883190451,-0.276904437058244,-0.275631221254955,-0.274364527673095,-0.273104623029688,-0.271851750358983,-0.270606130430682,-0.269367963096104,-0.268137428564859,-0.266914688614637,-0.265699887736787,-0.264493154220338,-0.263294601177138,-0.262104327510736,-0.260922418831596,-0.259748948321182,-0.258583977547382,-0.25742755723368,-0.256279727984383,-0.255140520968163,-0.254009958562063,-0.252888054958041,-0.251774816734047,-0.250670243391528,-0.249574327861183,-0.248487056978696,-0.247408411932111,-0.246338368682402,-0.245276898358756,-0.244223967629961,-0.243179539053269,-0.242143571402001,-0.241116019973093,-0.24009683687575,-0.239085971302272,-0.238083369782089,-0.237088976419964,-0.236102733119289,-0.235124579791336,-0.234154454551268,-0.233192293901703,-0.232238032904538,-0.231291605341728,-0.230352943865671,-0.229421980139798,-0.228498644969957,-0.227582868427123,-0.226674579961955,-0.22577370851167,-0.224880182599699,-0.223993930428556,-0.223114879966309,-0.222242959027042,-0.221378095345675,-0.220520216647461,-0.219669250712494,-0.218825125435519,-0.217987768881327,-0.217157109336008,-0.216333075354301,-0.215515595803292,-0.214704599902661,-0.213900017261711,-0.213101777913362,-0.212309812345295,-0.211524051528435,-0.210744426942917,-0.209970870601709,-0.209203315072029,-0.208441693494695,-0.207685939601539,-0.206935987731013,-0.206191772842083,-0.205453230526546,-0.20472029701985,-0.203992909210531,-0.203271004648342,-0.202554521551171,-0.201843398810818,-0.201137575997717,0,-0.250618633174923,-0.251179062086637,-0.251667967041954,-0.252120206279621,-0.252554143264591,-0.252982340873796,-0.253415391286234,-0.253862653334342,-0.254332245129633,-0.254831013157674,-0.255364596534655,-0.255937560023583,-0.256553559864977,-0.257215519169841,-0.257925798432459,-0.258686350894836,-0.259498854983953,-0.260364818489199,-0.261285651833763,-0.262262710409448,-0.263297308115829,-0.264390705756774,-0.265544078773301,-0.266758469040676,-0.268034725303686,-0.269373436448172,-0.270774861358389,-0.272238858689122,-0.273764819537748,-0.275351605739941,-0.276997496307557,-0.278700144335418,-0.280456546477651,-0.282263026793168,-0.284115236356363,-0.286008169514532,-0.287936197058199,-0.28989311588311,-0.291872214005793,-0.293866349099586,-0.295868038098802,-0.297869554924658,-0.299863033057554,-0.301840569541015,-0.303794327061257,-0.30571663099298,-0.307600058710778,-0.309437518998207,-0.311222319996456,-0.312948224772631,-0.314609494207004,-0.316200917458759,-0.317717830740184,-0.319156125490452,-0.320512247284271,-0.321783186940356,-0.322966465321162,-0.324060113255916,-0.325062647894568,-0.325973046632655,-0.326790719557016,-0.327515481167808,-0.328147521947949,-0.328687380187107,-0.32913591433022,-0.329494276012778,-0.329763883866508,-0.329946398127103,-0.330043696046184,-0.330057848097924,-0.329991094971856,-0.329845825352451,-0.329624554499261,-0.329329903655247,-0.328964580323169,-0.328531359458819,-0.328033065634748,-0.327472556228586,-0.326852705686487,-0.326176390905034,-0.325446477765046,-0.324665808838851,-0.323837192279633,-0.322963391888197,-0.322047118339563,-0.321091021539755,-0.320097684072401,-0.319069615685521,-0.31800924876137,-0.316918934706424,-0.315800941194486,-0.314657450193428,-0.313490556705026,-0.312302268147628,-0.311094504312676,-0.309869097828402,-0.308627795066945,-0.307372257434625,-0.306104062989026,-0.304824708330646,-0.303535610721125,-0.302238110384375,-0.300933472951107,-0.299622892011394,-0.298307491743809,-0.296988329593384,-0.295666398974144,-0.294342631975147,-0.293017902051975,-0.291693026688298,-0.290368770014606,-0.289045845373382,-0.287724917822019,-0.286406606566457,-0.285091487320153,-0.283780094584274,-0.282472923846236,-0.281170433694724,-0.279873047850179,-0.278581157110541,-0.277295121212604,-0.276015270609937,-0.274741908168699,-0.273475310783088,-0.272215730912405,-0.270963398041977,-0.26971852007034,-0.268481284625184,-0.267251860310708,-0.266030397889019,-0.264817031398283,-0.263611879210305,-0.262415045030222,-0.261226618840924,-0.26004667779481,-0.258875287055378,-0.257712500591125,-0.256558361924126,-0.255412904835599,-0.254276154030666,-0.253148125764443,-0.252028828431517,-0.250918263120749,-0.249816424137288,-0.24872329949358,-0.247638871371079,-0.246563116554275,-0.245496006838586,-0.244437509413579,-0.24338758722291,-0.242346199302302,-0.241313301096806,-0.240288844758545,-0.23927277942603,-0.238265051486148,-0.237265604819783,-0.23627438103205,-0.235291319668014,-0.234316358414747,-0.233349433290526,-0.232390478821909,-0.231439428209413,-0.230496213482457,-0.229560765644199,-0.228633014806873,-0.227712890318171,-0.226800320879212,-0.225895234654595,-0.224997559374999,-0.224107222432776,-0.223224150970961,-0.222348271966082,-0.221479512305143,-0.220617798857134,-0.219763058539393,-0.218915218379124,-0.218074205570378,-0.21723994752675,-0.216412371930072,-0.215591406775331,-0.214776980412053,-0.213969021582351,-0.213167459455866,-0.212372223661772,-0.211583244318033,-0.210800452058087,-0.210023778055107,-0.209253154043999,-0.208488512341276,-0.207729785862937,-0.206976908140489,-0.206229813335213,-0.20548843625081,-0.204752712344509,-0.204022577736746,-0.20329796921951,-0.202578824263444,-0.201865081023771,-0.201156678345146,-0.200453555765486,0,-0.251245022039955,-0.251726838990251,-0.252161138058627,-0.252574794464601,-0.252981453318246,-0.253391511106433,-0.253814448562568,-0.254258807714803,-0.254731933475217,-0.255239900890848,-0.255787597741742,-0.256378883594677,-0.257016776002352,-0.257703638735996,-0.258441357984093,-0.259231496873562,-0.260075421377342,-0.260974393458361,-0.261929630251045,-0.26294233076364,-0.264013673620948,-0.265144790608165,-0.266336721278237,-0.267590353825084,-0.268906357019802,-0.270285107453713,-0.271726615776657,-0.273230455145819,-0.274795694737834,-0.276420840909922,-0.278103788382132,-0.279841783598969,-0.281631402163418,-0.283468541880406,-0.285348432479419,-0.287265662507728,-0.289214223217507,-0.291187568550468,-0.293178689602863,-0.295180201287645,-0.297184438353526,-0.299183557518606,-0.301169642261696,-0.303134806802608,-0.305071295990338,-0.306971578184218,-0.308828428722243,-0.310635002177039,-0.312384892252678,-0.314072178824749,-0.315691462226929,-0.317237885404361,-0.318707144963003,-0.320095492432766,-0.321399727229967,-0.322617182860368,-0.323745707864346,-0.324783642891243,-0.325729795123681,-0.326583411076741,-0.327344148591451,-0.328012048643555,-0.328587507409128,-0.329071248876411,-0.329464298172022,-0.329767955680186,-0.329983771973529,-0.330113523539509,-0.330159189272616,-0.330122927703764,-0.330007054949626,-0.329814023381342,-0.329546401030328,-0.329206851765801,-0.328798116292207,-0.328322994023749,-0.327784325897254,-0.327184978183807,-0.326527827354382,-0.325815746045981,-0.325051590163378,-0.324238187138467,-0.32337832535526,-0.322474744734609,-0.321530128459384,-0.320547095808567,-0.319528196058004,-0.318475903396456,-0.317392612798381,-0.316280636789401,-0.315142203036744,-0.313979452694809,-0.312794439435402,-0.311589129092747,-0.310365399855045,-0.309125042936864,-0.307869763669809,-0.306601182952584,-0.30532083900558,-0.304030189379321,-0.302730613170395,-0.301423413402792,-0.300109819536776,-0.298790990071454,-0.297468015211093,-0.29614191956886,-0.29481366488506,-0.293484152740068,-0.292154227245058,-0.290824677696195,-0.28949624118038,-0.288169605122691,-0.2868454097676,-0.285524250587688,-0.284206680615062,-0.282893212691953,-0.281584321638105,-0.280280446333499,-0.278981991715816,-0.277689330692701,-0.276402805969508,-0.275122731793677,-0.273849395617301,-0.272583059679766,-0.271323962512611,-0.270072320368924,-0.268828328579796,-0.26759216284041,-0.266363980428423,-0.265143921357364,-0.263932109467751,-0.262728653458634,-0.261533647862231,-0.260347173964309,-0.259169300672862,-0.258000085337618,-0.256839574522793,-0.255687804735467,-0.254544803111846,-0.253410588063611,-0.252285169886446,-0.251168551332776,-0.250060728150629,-0.248961689590478,-0.247871418881805,-0.246789893681077,-0.245717086492711,-0.244652965064555,-0.243597492759304,-0.242550628903235,-0.241512329113532,-0.240482545605441,-0.239461227480398,-0.23844832099624,-0.237443769820522,-0.236447515267929,-0.235459496522705,-0.234479650846962,-0.233507913775711,-0.232544219299383,-0.231588500034576,-0.230640687383711,-0.229700711684275,-0.228768502348237,-0.227843987992235,-0.226927096559083,-0.226017755431097,-0.225115891535746,-0.22422143144407,-0.223334301462309,-0.222454427717131,-0.221581736234871,-0.220716153015104,-0.219857604098931,-0.219006015632264,-0.218161313924435,-0.217323425502396,-0.216492277160791,-0.215667796008144,-0.214849909509397,-0.214038545525033,-0.213233632346981,-0.212435098731508,-0.211642873929287,-0.210856887712806,-0.210077070401298,-0.209303352883336,-0.20853566663724,-0.207773943749444,-0.207018116930944,-0.206268119531953,-0.205523885554874,-0.204785349665707,-0.204052447203985,-0.20332511419134,-0.202603287338789,-0.201886904052823,-0.201175902440381,-0.20047022131278,-0.199769800188684,0,-0.251822790396674,-0.252231472072955,-0.252617802286145,-0.252999008813978,-0.253383965149004,-0.253781135792937,-0.254198985673369,-0.254645223372558,-0.255126366251408,-0.255647667553697,-0.256213231961105,-0.25682620260831,-0.257488965036097,-0.258203344295821,-0.25897078252424,-0.259792488346601,-0.260669552290105,-0.261603025495374,-0.262593962165689,-0.263643428840772,-0.264752485378773,-0.265922143419835,-0.267153308236372,-0.268446709493396,-0.26980282579694,-0.271221807202854,-0.272703399224373,-0.274246871376692,-0.275850952933842,-0.27751377831065,-0.27923284426314,-0.281004980862747,-0.282826337890701,-0.284692387884704,-0.286597946538506,-0.288537210517817,-0.290503812045233,-0.292490888870369,-0.294491167536017,-0.296497057235015,-0.298500751078062,-0.300494331299923,-0.302469874843622,-0.304419555883378,-0.306335742162189,-0.308211082497309,-0.31003858340216,-0.311811673435055,-0.313524254560583,-0.31517074044981,-0.316746082209855,-0.318245782492589,-0.319665899269214,-0.321003040767757,-0.322254353160341,-0.3234175025714,-0.32449065287724,-0.325472440605226,-0.326361948040875,-0.327158675435542,-0.327862512994432,-0.328473713128954,-0.328992863288653,-0.32942085955147,-0.329758881048658,-0.330008365230688,-0.330170983939324,-0.330248620233588,-0.330243345917917,-0.330157399733746,-0.329993166195732,-0.329753155076593,-0.329439981566417,-0.329056347150956,-0.32860502126717,-0.328088823802563,-0.327510608507371,-0.326873247386107,-0.326179616127893,-0.32543258062451,-0.32463498461217,-0.323789638458655,-0.322899309102598,-0.321966711137101,-0.320994499016194,-0.319985260350299,-0.31894151024622,-0.317865686638369,-0.316760146551022,-0.315627163226385,-0.314468924049948,-0.313287529202976,-0.312084990971696,-0.310863233643733,-0.309624093924307,-0.30836932180747,-0.307100581841064,-0.305819454727906,-0.304527439209814,-0.303225954185405,-0.301916341016876,-0.300599865985321,-0.299277722858271,-0.297951035537179,-0.296620860756351,-0.295288190808408,-0.293953956274647,-0.292619028741738,-0.291284223488953,-0.289950302132658,-0.288617975217061,-0.287287904742235,-0.285960706622246,-0.284636953067783,-0.283317174889118,-0.282001863716388,-0.280691474135285,-0.279386425737123,-0.278087105083012,-0.276793867582528,-0.275507039287813,-0.274226918604474,-0.27295377792104,-0.271687865158988,-0.270429405245631,-0.269178601512298,-0.267935637020374,-0.266700675817861,-0.265473864129187,-0.264255331480962,-0.263045191766463,-0.261843544251525,-0.260650474524538,-0.259466055393166,-0.258290347730363,-0.257123401272165,-0.255965255369697,-0.25481593969771,-0.253675474921915,-0.252543873327262,-0.251421139409262,-0.250307270430312,-0.249202256942939,-0.248106083281772,-0.247018728025971,-0.245940164433741,-0.244870360850516,-0.243809281092283,-0.242756884805453,-0.241713127804623,-0.240677962389481,-0.239651337642065,-0.238633199705499,-0.237623492045277,-0.236622155694122,-0.235629129481346,-0.234644350247655,-0.233667753046215,-0.232699271330807,-0.23173883713182,-0.230786381220801,-0.229841833264242,-0.228905121967225,-0.227976175207556,-0.22705492016091,-0.226141283417568,-0.22523519109121,-0.224336568920257,-0.223445342362206,-0.222561436681372,-0.221684777030435,-0.220815288526173,-0.219952896319715,-0.219097525661662,-0.218249101962376,-0.217407550847732,-0.216572798210618,-0.215744770258425,-0.214923393556792,-0.214108595069822,-0.213300302196994,-0.212498442806966,-0.211702945268476,-0.21091373847851,-0.210130751887913,-0.209353915524595,-0.208583160014503,-0.207818416600479,-0.207059617159155,-0.206306694215995,-0.20555958095862,-0.204818211248517,-0.20408251963124,-0.203352441345206,-0.202627912329166,-0.201908869228462,-0.201195249400123,-0.20048699091691,-0.199784032570357,-0.199086313872891,0,-0.252347287503474,-0.252692305490257,-0.253039195738931,-0.253394869360004,-0.253764106834776,-0.254153897904432,-0.254571835311606,-0.255024789133863,-0.25551840632073,-0.256057083202091,-0.256644126184087,-0.257281966588843,-0.257972378692805,-0.258716681241485,-0.259515911850123,-0.260370966933575,-0.261282702736727,-0.262251996443929,-0.263279769610504,-0.264366978649588,-0.265514578554881,-0.266723466504406,-0.267994411720039,-0.269327977256052,-0.270724438528752,-0.272183702574408,-0.273705231343481,-0.275287971838361,-0.276930295555226,-0.278629949440275,-0.280384020345453,-0.282188914702507,-0.284040354776617,-0.28593339238547,-0.287862440375803,-0.289821321460729,-0.29180333328106,-0.293801327818525,-0.295807802619694,-0.297815000744594,-0.299815015981432,-0.301799899700076,-0.303761765764374,-0.305692890178824,-0.307585802581756,-0.309433367273302,-0.311228852130587,-0.312965984459858,-0.314638993512644,-0.316242640004986,-0.31777223349033,-0.319223638825701,-0.320593273228294,-0.321878095548523,-0.323075589398831,-0.324183741694803,-0.32520101801048,-0.326126335948121,-0.326959037497881,-0.327698861135803,-0.328345914195654,-0.328900645863377,-0.329363820989347,-0.3297364947963,-0.330019988478812,-0.330215865640587,-0.330325909493245,-0.330352100739003,-0.330296596073321,-0.330161707266551,-0.329949880810661,-0.329663678144263,-0.329305756493282,-0.328878850383715,-0.328385753896009,-0.327829303737174,-0.327212363207397,-0.326537807133106,-0.325808507829333,-0.325027322141885,-0.324197079605322,-0.323320571737238,-0.322400542473633,-0.321439679735067,-0.320440608099403,-0.319405882544633,-0.318337983214813,-0.317239311153696,-0.316112184944126,-0.314958838186716,-0.313781417748508,-0.312581982711098,-0.311362503947918,-0.310124864261647,-0.308870859015066,-0.307602197191677,-0.306320502826029,-0.305027316747655,-0.303724098586764,-0.302412228994197,-0.301093012032463,-0.299767677699009,-0.298437384546983,-0.297103222372721,-0.295766214942911,-0.294427322737883,-0.293087445690672,-0.291747425904473,-0.290408050333782,-0.289070053416954,-0.287734119650056,-0.28640088609389,-0.285070944807698,-0.283744845204654,-0.282423096325495,-0.281106169027836,-0.279794498089675,-0.278488484226457,-0.27718849602175,-0.275894871772229,-0.274607921248129,-0.273327927370754,-0.272055147808959,-0.270789816496788,-0.269532145074649,-0.268282324256558,-0.267040525126101,-0.265806900363833,-0.264581585408848,-0.263364699557313,-0.262156347000682,-0.260956617806349,-0.259765588843386,-0.258583324656011,-0.257409878287309,-0.256245292055721,-0.255089598286657,-0.253942820001579,-0.25280497156675,-0.251676059303814,-0.250556082064221,-0.249445031769486,-0.248342893919122,-0.247249648068051,-0.246165268275172,-0.245089723524711,-0.244022978121886,-0.242964992064323,-0.241915721390635,-0.240875118507439,-0.239843132496073,-0.238819709400163,-0.237804792495177,-0.236798322540975,-0.235800238018384,-0.2348104753507,-0.233828969111024,-0.232855652216245,-0.231890456108473,-0.230933310924646,-0.229984145655026,-0.229042888291232,-0.228109465964434,-0.227183805074296,-0.226265831409214,-0.225355470258374,-0.224452646516117,-0.223557284779074,-0.222669309436498,-0.221788644754218,-0.220915214952578,-0.220048944278748,-0.219189757073727,-0.218337577834374,-0.217492331270766,-0.216653942359161,-0.215822336390851,-0.214997439017141,-0.214179176290695,-0.213367474703488,-0.212562261221554,-0.211763463316743,-0.210971008995669,-0.210184826826023,-0.209404845960426,-0.208630996157958,-0.207863207803543,-0.207101411925288,-0.206345540209938,-0.20559552501656,-0.204851299388558,-0.204112797064155,-0.203379952485411,-0.202652700805903,-0.201930977897139,-0.201214720353796,-0.200503865497872,-0.199798351381804,-0.199098116790647,-0.198403101243368,0,-0.252816673942788,-0.253110471417375,-0.253427609042604,-0.253765053379262,-0.25412475890242,-0.254512808386137,-0.254936064537572,-0.255400549425253,-0.255911004492747,-0.256470948800285,-0.257082891741248,-0.257748572878497,-0.258469189300392,-0.259245596639949,-0.260078475569107,-0.260968457892792,-0.261916209472224,-0.26292247088767,-0.263988060009872,-0.265113842844386,-0.266300680001101,-0.267549356119502,-0.268860498893159,-0.27023449333444,-0.271671395880091,-0.273170852035372,-0.274732020565802,-0.276353506769729,-0.278033307049025,-0.27976876676105,-0.281556553101663,-0.283392644468744,-0.285272337344517,-0.287190271197105,-0.289140471249705,-0.291116408236047,-0.293111073507361,-0.295117067142211,-0.297126696099532,-0.2991320790027,-0.301125253888911,-0.303098285224995,-0.305043366677735,-0.30695291651318,-0.308819663047215,-0.310636718228401,-0.312397638147307,-0.314096469977826,-0.315727785514535,-0.317286702035587,-0.318768891665003,-0.32017058071754,-0.32148854068263,-0.322720072551303,-0.323862986130158,-0.324915575843271,-0.325876594322439,-0.326745224854067,-0.327521053510271,-0.3282040415614,-0.328794498561164,-0.329293056323203,-0.329700643873441,-0.330018463366609,-0.330247966895029,-0.330390834088361,-0.330448950398351,-0.33042438597607,-0.330319375074386,-0.330136295939544,-0.329877651188197,-0.329546048696181,-0.329144183050281,-0.328674817632767,-0.32814076741987,-0.32754488257982,-0.326890032954229,-0.326179093499411,-0.325414930752936,-0.324600390376462,-0.323738285809985,-0.322831388055973,-0.321882416595496,-0.320894031422982,-0.319868826172267,-0.318809322294428,-0.317717964237741,-0.316597115572083,-0.315449055994042,-0.314275979144993,-0.313079991172065,-0.311863109961185,-0.310627264972023,-0.309374297606344,-0.308105962043895,-0.306823926483268,-0.305529774728951,-0.30422500806993,-0.302911047399526,-0.301589235530543,-0.300260839664193,-0.298927053975498,-0.297589002282022,-0.296247740766631,-0.29490426072868,-0.293559491341389,-0.292214302396328,-0.290869507018768,-0.28952586434026,-0.288184082117127,-0.286844819285645,-0.285508688446544,-0.284176258273072,-0.282848055838324,-0.281524568858774,-0.280206247852005,-0.278893508207593,-0.277586732170865,-0.27628627073991,-0.274992445476807,-0.27370555023445,-0.272425852800775,-0.27115359646244,-0.269889001490292,-0.268632266549092,-0.267383570034134,-0.266143071337465,-0.264910912046457,-0.263687217077539,-0.262472095747852,-0.261265642787618,-0.260067939295921,-0.25887905364259,-0.257699042318797,-0.256527950738886,-0.255365813995912,-0.254212657573257,-0.253068498014599,-0.251933343554451,-0.250807194711359,-0.249690044845788,-0.248581880684612,-0.247482682814058,-0.246392426142842,-0.245311080337176,-0.244238610229213,-0.243174976200454,-0.242120134541526,-0.241074037789683,-0.240036635045326,-0.239007872268738,-0.23798769255818,-0.236976036410446,-0.235972841964883,-0.234978045231855,-0.233991580306559,-0.233013379569056,-0.232043373871327,-0.231081492712131,-0.230127664400367,-0.229181816207652,-0.228243874510722,-0.227313764924298,-0.226391412424958,-0.225476741466565,-0.224569676087764,-0.22367014001201,-0.222778056740586,-0.221893349639035,-0.221015942017391,-0.220145757204611,-0.219282718617524,-0.218426749824668,-0.217577774605297,-0.216735717003871,-0.2159005013803,-0.215072052456204,-0.214250295357434,-0.213435155653086,-0.212626559391233,-0.211824433131558,-0.211028703975113,-0.210239299591358,-0.209456148242668,-0.208679178806458,-0.207908320795087,-0.207143504373676,-0.206384660375981,-0.205631720318439,-0.204884616412514,-0.204143281575446,-0.203407649439526,-0.202677654359967,-0.201953231421497,-0.201234316443733,-0.200520845985439,-0.199812757347731,-0.199109988576319,-0.19841247846283,-0.197720166545308,0,-0.253231564449211,-0.253488818173368,-0.253786250844111,-0.254112788604064,-0.25446917770709,-0.254861145458244,-0.25529492154436,-0.255775655554985,-0.256307154945932,-0.256892056183186,-0.257532089244495,-0.258228336810873,-0.258981465208869,-0.259791919687269,-0.260660078170744,-0.261586359236402,-0.262571283472258,-0.263615491274139,-0.264719723241379,-0.265884771081738,-0.267111407363616,-0.268400301903489,-0.269751931478808,-0.271166488289597,-0.272643791420708,-0.274183204622313,-0.275783563064811,-0.277443111296696,-0.279159454359017,-0.280929523792571,-0.282749560026876,-0.284615112298858,-0.286521056779858,-0.288461632989888,-0.290430497874842,-0.292420796165168,-0.294425244886569,-0.296436229222623,-0.298445906398457,-0.300446313913782,-0.302429478333652,-0.304387520955087,-0.306312756993914,-0.308197785445631,-0.31003556741844,-0.311819491458843,-0.313543425130692,-0.315201752812053,-0.31678940029416,-0.318301847269328,-0.319735129160275,-0.321085829966336,-0.32235106788935,-0.323528475470408,-0.324616175841533,-0.325612756500614,-0.326517241780786,-0.327329064932199,-0.32804804048611,-0.328674337345133,-0.329208452850479,-0.329651187923485,-0.3300036232663,-0.330267096533545,-0.330443180348397,-0.33053366102691,-0.330540517886276,-0.330465903039407,-0.330312121613082,-0.330081612364551,-0.329776928707534,-0.329400720189874,-0.328955714489653,-0.32844470001349,-0.327870509189752,-0.327236002551205,-0.326544053696968,-0.325797535213963,-0.32499930562445,-0.32415219741024,-0.323259006146836,-0.3223224807632,-0.321345314925857,-0.320330139530445,-0.319279516269818,-0.318195932235945,-0.317081795503111,-0.315939431632358,-0.314771081031651,-0.313578897102749,-0.312364945103994,-0.311131201657976,-0.309879554834107,-0.308611804738188,-0.30732966454402,-0.306034761905626,-0.304728640692655,-0.303412762995799,-0.302088511353466,-0.300757191155398,-0.299420033183288,-0.298078196252717,-0.296732769924764,-0.295384777259494,-0.294035177587105,-0.292684869275813,-0.291334692478609,-0.289985431843773,-0.288637819176525,-0.287292536041449,-0.285950216297293,-0.284611448557532,-0.28327677857163,-0.281946711523283,-0.280621714243105,-0.279302217334228,-0.277988617210176,-0.276681278045045,-0.27538053363672,-0.274086689184298,-0.272800022981347,-0.271520788026962,-0.270249213556834,-0.26898550649677,-0.267729852841264,-0.266482418959787,-0.2652433528336,-0.26401278522587,-0.262790830787915,-0.261577589104387,-0.260373145680155,-0.259177572871621,-0.257990930765137,-0.256813268005106,-0.255644622574309,-0.254485022528871,-0.253334486690232,-0.252193025296375,-0.251060640614488,-0.249937327517128,-0.24882307402388,-0.247717861810405,-0.246621666686686,-0.245534459046189,-0.244456204287577,-0.24338686321053,-0.242326392387144,-0.241274744510306,-0.240231868720376,-0.239197710911411,-0.23817221401814,-0.237155318284795,-0.236146961516861,-0.235147079316742,-0.234155605304304,-0.233172471323162,-0.232197607633571,-0.231230943092705,-0.230272405323084,-0.229321920869833,-0.228379415347458,-0.227444813576763,-0.226518039712486,-0.225599017362217,-0.224687669697131,-0.223783919555016,-0.222887689536062,-0.22199890209186,-0.221117479608009,-0.220243344480725,-0.219376419187825,-0.218516626354406,-0.217663888813574,-0.216818129662505,-0.215979272314126,-0.215147240544703,-0.214321958537567,-0.213503350923237,-0.212691342816149,-0.211885859848214,-0.211086828199403,-0.210294174625535,-0.209507826483463,-0.208727711753807,-0.207953759061405,-0.207185897693613,-0.206424057616613,-0.205668169489835,-0.204918164678635,-0.204173975265339,-0.203435534058757,-0.202702774602273,-0.201975631180604,-0.201254038825324,-0.200537933319231,-0.199827251199644,-0.199121929760698,-0.198421907054714,-0.197727121892705,-0.197037513844083,0,-0.253595065649152,-0.253831670020089,-0.254119050190255,-0.254441729503479,-0.25480091380375,-0.255202391378806,-0.255651780662752,-0.256153316053022,-0.256709850639596,-0.257323148887811,-0.257994195125602,-0.25872346402173,-0.25951114869869,-0.260357344818854,-0.261262186758472,-0.262225933369929,-0.263249004696125,-0.264331975010742,-0.265475530326069,-0.266680399663142,-0.267947269162134,-0.269276687014827,-0.270668965722268,-0.272124086702674,-0.273641611030609,-0.275220599172621,-0.276859541985304,-0.278556304881674,-0.280308086843218,-0.282111395750527,-0.283962041236637,-0.285855145877902,-0.287785175006419,-0.289745984769659,-0.291730887318861,-0.293732731239631,-0.295743994616886,-0.297756887521503,-0.299763460276978,-0.301755713652552,-0.30372570715351,-0.30566566183515,-0.307568054527162,-0.309425700975156,-0.311231826128925,-0.31298012057103,-0.314664782824529,-0.316280547952881,-0.317822703428031,-0.319287093668728,-0.320670114929174,-0.321968702351355,-0.323180310996793,-0.324302892567731,-0.325334869340922,-0.326275106598009,-0.327122884572352,-0.327877870667012,-0.32854009245165,-0.329109911731045,-0.32958799980323,-0.329975313894018,-0.330273074666423,-0.330482744653916,-0.330606007449847,-0.330644747494154,-0.330601030325498,-0.330477083204866,-0.330275276059302,-0.329998102736707,-0.329648162600651,-0.329228142525398,-0.328740799374401,-0.328188943059899,-0.327575420287395,-0.326903099087376,-0.326174854229152,-0.325393553599287,-0.324562045611373,-0.323683147696164,-0.322759635902523,-0.32179423562129,-0.320789613426856,-0.31974837001548,-0.318673034205661,-0.317566057954332,-0.316429812333436,-0.315266584404428,-0.314078574923414,-0.312867896806705,-0.311636574285342,-0.310386542677436,-0.309119648708616,-0.307837651313384,-0.306542222853367,-0.30523495069226,-0.303917339071435,-0.302590811234526,-0.301256711753855,-0.299916309015972,-0.298570797827985,-0.297221302110589,-0.295868877647655,-0.294514514866059,-0.293159141622883,-0.291803625980371,-0.290448778951944,-0.289095357205263,-0.287744065710713,-0.286395560325836,-0.285050450308152,-0.28370930075045,-0.282372634934161,-0.28104093659764,-0.279714652117343,-0.2783941926008,-0.277079935891106,-0.27577222848333,-0.274471387353807,-0.273177701703761,-0.271891434619061,-0.270612824648249,-0.269342087301195,-0.26807941647093,-0.266824985781322,-0.265578949863385,-0.264341445563004,-0.263112593082964,-0.261892497062079,-0.260681247594278,-0.259478921190395,-0.258285581685403,-0.257101281093745,-0.255926060415331,-0.254759950394729,-0.253602972235926,-0.252455138275025,-0.251316452613073,-0.250186911711189,-0.249066504950025,-0.247955215155518,-0.246853019092802,-0.245759887930054,-0.244675787673963,-0.243600679578425,-0.242534520527999,-0.241477263397551,-0.240428857389468,-0.239389248349737,-0.238358379064112,-0.237336189535526,-0.236322617243852,-0.235317597389045,-0.234321063118641,-0.233332945740535,-0.232353174921916,-0.231381678875166,-0.23041838453152,-0.229463217703191,-0.228516103234666,-0.227576965143817,-0.226645726753435,-0.225722310813767,-0.224806639616588,-0.223898635101339,-0.222998218953782,-0.222105312697658,-0.221219837779741,-0.220341715648715,-0.219470867828241,-0.218607215984563,-0.217750681989002,-0.21690118797564,-0.216058656394497,-0.215223010060481,-0.214394172198363,-0.213572066484041,-0.212756617082309,-0.211947748681359,-0.21114538652422,-0.210349456437325,-0.209559884856394,-0.208776598849795,-0.207999526139554,-0.207228595120163,-0.206463734875325,-0.20570487519277,-0.204951946577278,-0.204204880262019,-0.203463608218319,-0.202728063163968,-0.201998178570162,-0.201273888667172,-0.200555128448829,-0.199841833675908,-0.199133940878489,-0.198431387357358,-0.197734111184533,-0.197042051202973,-0.196355147025517,0,-0.253912456239351,-0.254144450569342,-0.254430425701487,-0.254755830497602,-0.255123731149919,-0.255540169221681,-0.256010087039929,-0.256536747135541,-0.257122039615366,-0.257766884626402,-0.258471570420515,-0.259236025422723,-0.26006003677895,-0.260943417757268,-0.261886121608733,-0.262888301322035,-0.263950319113379,-0.265072713448479,-0.266256133619573,-0.267501252313194,-0.268808665685341,-0.270178788830662,-0.271611752726361,-0.273107307111656,-0.27466473251208,-0.276282763770737,-0.277959526942987,-0.279692491131765,-0.281478436658826,-0.283313440767814,-0.28519288175482,-0.287111461977184,-0.289063249597827,-0.29104173821143,-0.293039922727492,-0.295050389125764,-0.297065415027631,-0.299077077511054,-0.301077364289157,-0.303058284303594,-0.305011973958835,-0.306930795623178,-0.308807425606663,-0.310634929539976,-0.312406823858564,-0.314117122878871,-0.31576037168067,-0.317331665634314,-0.318826657901771,-0.320241556578844,-0.321573113331124,-0.322818605419057,-0.323975812928923,-0.325042992853508,-0.326018851428724,-0.326902515859688,-0.327693506288463,-0.328391708587573,-0.328997348325119,-0.329510966049385,-0.329933393888498,-0.330265733354594,-0.330509334178752,-0.330665773977108,-0.330736838552455,-0.3307245026616,-0.330630911118782,-0.330458360152637,-0.330209278982626,-0.32988621162586,-0.329491798983717,-0.329028761287565,-0.328499881003411,-0.32790798630657,-0.327255935240058,-0.326546600665767,-0.325782856106852,-0.324967562564798,-0.324103556376834,-0.323193638160044,-0.322240562868941,-0.321247030974322,-0.320215680753681,-0.319149081667829,-0.31804972878492,-0.316920038202113,-0.315762343406376,-0.314578892509644,-0.313371846289308,-0.31214327696269,-0.310895167623543,-0.309629412269365,-0.308347816350233,-0.307052097772705,-0.305743888295865,-0.304424735260552,-0.303096103597201,-0.301759378062177,-0.300415865657031,-0.299066798189612,-0.297713334940313,-0.296356565400917,-0.29499751205744,-0.293637133192057,-0.292276325682613,-0.290915927781343,-0.289556721857265,-0.288199437089296,-0.286844752099434,-0.285493297517392,-0.284145658469912,-0.282802376989543,-0.281463954339103,-0.280130853249203,-0.278803500067299,-0.277482286817575,-0.276167573171758,-0.274859688331558,-0.273558932823973,-0.272265580211112,-0.270979878716553,-0.269702052770497,-0.268432304476225,-0.267170815000494,-0.265917745890634,-0.264673240321167,-0.263437424272821,-0.262210407646808,-0.260992285317228,-0.259783138124427,-0.25858303381208,-0.257392027910731,-0.25621016457041,-0.255037477344917,-0.253873989930232,-0.25271971685945,-0.251574664156545,-0.250438829951155,-0.249312205056506,-0.248194773512493,-0.24708651309584,-0.24598739579918,-0.244897388280787,-0.243816452286633,-0.242744545046338,-0.24168161964451,-0.240627625368881,-0.239582508036601,-0.238546210299935,-0.23751867193258,-0.236499830097728,-0.235489619598949,-0.234487973114912,-0.233494821418886,-0.232510093583931,-0.231533717174632,-0.230565618426174,-0.229605722411505,-0.228653953197317,-0.227710233989503,-0.226774487268724,-0.225846634916684,-0.224926598333678,-0.224014298547929,-0.223109656317226,-0.222212592223312,-0.221323026759493,-0.220440880411845,-0.21956607373444,-0.218698527418944,-0.217838162358934,-0.216984899709266,-0.216138660940792,-0.215299367890715,-0.214466942808865,-0.213641308400129,-0.212822387863304,-0.212010104926565,-0.211204383879795,-0.210405149603949,-0.209612327597657,-0.208825844001237,-0.208045625618282,-0.207271599934982,-0.206503695137331,-0.205741840126347,-0.204985964531445,-0.204235998722086,-0.203491873817802,-0.202753521696731,-0.202020875002744,-0.201293867151266,-0.200572432333878,-0.199856505521794,-0.199146022468283,-0.198440919710118,-0.197741134568112,-0.197046605146822,-0.196357270333471,-0.195673069796148,0,-0.254192027256647,-0.254433240080178,-0.254725053114299,-0.255059228678884,-0.255441531610992,-0.255878181492865,-0.256373302117042,-0.256929124234365,-0.257546583023571,-0.258225800123352,-0.258966432397044,-0.259767935306445,-0.260629765214595,-0.26155152471205,-0.262533049657244,-0.263574439565208,-0.264676037916089,-0.265838372619836,-0.267062068338183,-0.268347741916328,-0.269695890532523,-0.271106780054742,-0.272580339038056,-0.274116062116717,-0.275712925354659,-0.277369315387008,-0.279082973798075,-0.280850957989457,-0.282669619650526,-0.284534601737848,-0.286440854527152,-0.288382670794744,-0.290353739530456,-0.292347216830374,-0.294355811836059,-0.296371884858056,-0.298387554222627,-0.300394807975588,-0.302385616408324,-0.304352041455113,-0.30628633933805,-0.308181053372451,-0.310029094539455,-0.311823808220121,-0.313559026299465,-0.315229104626249,-0.31682894650136,-0.31835401342477,-0.319800324735048,-0.321164448018731,-0.322443482256772,-0.323635035630268,-0.324737199754118,-0.325748521875769,-0.326667976297905,-0.327494935987989,-0.328229145048619,-0.328870692460165,-0.329419987284249,-0.329877735340786,-0.330244917244728,-0.330522767609167,-0.330712755183834,-0.330816563694986,-0.330836073175843,-0.330773341617772,-0.330630586823485,-0.330410168397843,-0.330114569864073,-0.329746380939326,-0.329308280040902,-0.328803017121939,-0.328233396952545,-0.32760226296983,-0.326912481819228,-0.326166928701279,-0.325368473624418,-0.324519968646827,-0.323624236170682,-0.322684058331458,-0.321702167504509,-0.320681237931826,-0.319623878454283,-0.3185326263193,-0.317409942020901,-0.316258205118695,-0.315079710974337,-0.313876668338349,-0.312651197716652,-0.311405330444489,-0.310141008395346,-0.308860084253752,-0.307564322283181,-0.306255399523468,-0.304934907355949,-0.303604353378725,-0.302265163538967,-0.300918684473712,-0.29956618601524,-0.298208863821574,-0.296847842097005,-0.295484176371665,-0.294118856313038,-0.292752808545913,-0.29138689946059,-0.290021937992196,-0.288658678356704,-0.287297822731724,-0.285940023872345,-0.284585887654264,-0.283235975538157,-0.281890806950778,-0.280550861579557,-0.279216581578634,-0.277888373685213,-0.276566611245963,-0.275251636153884,-0.27394376069663,-0.272643269317775,-0.271350420292892,-0.27006544732261,-0.268788561045081,-0.267519950470464,-0.266259784340154,-0.265008212413595,-0.263765366685551,-0.262531362536744,-0.261306299820757,-0.260090263890075,-0.258883326564101,-0.257685547041915,-0.256496972762488,-0.255317640214983,-0.254147575701679,-0.252986796055981,-0.251835309317881,-0.250693115369142,-0.249560206530375,-0.248436568122091,-0.247322178991724,-0.246217012008504,-0.245121034527996,-0.244034208828013,-0.242956492517529,-0.241887838920143,-0.240828197433557,-0.239777513866452,-0.238735730754078,-0.237702787653798,-0.236678621421761,-0.235663166471818,-0.234656355017716,-0.233658117299578,-0.232668381795579,-0.231687075419721,-0.230714123706515,-0.22974945098338,-0.228792980531459,-0.227844634735586,-0.22690433522403,-0.225972002998642,-0.225047558555993,-0.224130922000032,-0.223222013146801,-0.222320751621668,-0.221427056949553,-0.220540848638562,-0.219662046257445,-0.21879056950725,-0.217926338287527,-0.217069272757437,-0.216219293392054,-0.215376321034189,-0.214540276941988,-0.213711082832586,-0.212888660922067,-0.212072933961938,-0.211263825272372,-0.210461258772399,-0.209665159007253,-0.208875451173051,-0.208092061138984,-0.207314915467165,-0.206543941430313,-0.205779067027389,-0.205020220997329,-0.204267332831011,-0.203520332781555,-0.20277915187308,-0.20204372190803,-0.201313975473141,-0.200589845944178,-0.199871267489498,-0.199158175072541,-0.198450504453317,-0.197748192188964,-0.19705117563344,-0.196359392936423,-0.195672783041477,-0.194991285683527,0,-0.254444649077815,-0.254704296185597,-0.255007660446777,-0.255356145472484,-0.255758287415034,-0.256220151629549,-0.256744850743013,-0.257333535419593,-0.257986215645686,-0.258702278980815,-0.259480829562379,-0.260320932984169,-0.261221796050001,-0.262182884872035,-0.263203980939641,-0.264285179361026,-0.265426838780799,-0.266629495550913,-0.267893755220445,-0.269220173014415,-0.270609132621919,-0.272060730084921,-0.273574667372711,-0.275150158578445,-0.276785850613438,-0.278479759700962,-0.280229224719468,-0.282030878339196,-0.283880636783703,-0.285773708821112,-0.287704624192784,-0.289667281114443,-0.291655011773207,-0.293660663960823,-0.29567669621173,-0.297695283140138,-0.299708427168317,-0.301708072564387,-0.303686217691498,-0.305635021612699,-0.307546901671452,-0.309414619329138,-0.311231352325445,-0.312990752065702,-0.314686985962667,-0.316314765208698,-0.317869359080792,-0.319346597354849,-0.320742862713366,-0.32205507517462,-0.323280670566958,-0.324417574944014,-0.325464176616383,-0.326419297195265,-0.327282162735177,-0.328052375753906,-0.328729888620614,-0.329314978553591,-0.329808224267573,-0.330210484160727,-0.330522875832815,-0.330746756673988,-0.330883705251177,-0.330935503237522,-0.330904117670835,-0.330791683381073,-0.33060048548664,-0.330332941918694,-0.329991585986737,-0.329579049044317,-0.329098043348789,-0.328551345233095,-0.327941778720665,-0.327272199717924,-0.326545480913781,-0.325764497503812,-0.32493211384018,-0.324051171088557,-0.323124475951817,-0.322154790498511,-0.321144823113033,-0.320097220564902,-0.319014561177119,-0.317899349058608,-0.316754009353373,-0.31558088444921,-0.314382231081616,-0.313160218263567,-0.31191692596903,-0.310654344497017,-0.309374374443542,-0.308078827210564,-0.306769425983786,-0.305447807114693,-0.304115521846252,-0.302774038326116,-0.301424743855767,-0.300068947328692,-0.298707881815313,-0.297342707256862,-0.295974513234722,-0.294604321785788,-0.293233090238228,-0.291861714045525,-0.290491029599919,-0.289121817009275,-0.287754802824101,-0.286390662703742,-0.285030024012964,-0.283673468341946,-0.282321533944379,-0.280974718089771,-0.279633479327323,-0.278298239659777,-0.276969386626576,-0.275647275296418,-0.274332230169942,-0.273024546993829,-0.271724494488009,-0.270432315988056,-0.269148231005082,-0.267872436705715,-0.26660510931484,-0.265346405443946,-0.264096463347967,-0.262855404113538,-0.261623332781603,-0.260400339407318,-0.259186500060094,-0.257981877766653,-0.256786523399839,-0.255600476515894,-0.254423766142802,-0.253256411522233,-0.252098422807512,-0.250949801719961,-0.249810542165843,-0.248680630816068,-0.247560047650704,-0.24644876647024,-0.245346755375487,-0.244253977217863,-0.243170390021762,-0.242095947380596,-0.241030598828029,-0.239974290185842,-0.238926963889775,-0.237888559294646,-0.236859012959955,-0.235838258917121,-0.234826228919438,-0.233822852675774,-0.232828058068982,-0.231841771359929,-0.230863917378001,-0.229894419698905,-0.228933200810519,-0.227980182267514,-0.22703528483543,-0.226098428624837,-0.22516953321618,-0.224248517775891,-0.223335301164273,-0.222429802035683,-0.221531938931473,-0.220641630366126,-0.219758794907029,-0.218883351248246,-0.218015218278686,-0.217154315144996,-0.216300561309519,-0.21545387660362,-0.21461418127666,-0.213781396040918,-0.21295544211268,-0.212136241249764,-0.211323715785706,-0.210517788660799,-0.209718383450209,-0.208925424389349,-0.208138836396678,-0.207358545094111,-0.206584476825178,-0.205816558671095,-0.205054718464876,-0.204298884803615,-0.203548987059077,-0.202804955386682,-0.202066720733032,-0.20133421484204,-0.200607370259791,-0.199886120338203,-0.199170399237588,-0.198460141928173,-0.19775528419068,-0.197055762616016,-0.196361514604146,-0.195672478362216,-0.194988592901966,-0.194309798036513,0,-0.254680740763753,-0.254963576632266,-0.255282873559481,-0.255650812262531,-0.256077982254868,-0.256569768734663,-0.25712807054077,-0.257752937457139,-0.25844350962251,-0.259198523174269,-0.260016620516783,-0.260896568281707,-0.261837408816685,-0.262838546250896,-0.263899767938115,-0.265021208496493,-0.266203268988954,-0.267446505926374,-0.26875150409761,-0.270118744853595,-0.271548478483805,-0.273040606496717,-0.274594577374428,-0.276209297848662,-0.277883060877321,-0.279613491115932,-0.281397508568392,-0.283231311071608,-0.285110376167972,-0.287029482655169,-0.288982751641057,-0.290963706291263,-0.292965348697628,-0.294980251500214,-0.297000661156914,-0.299018609159513,-0.301026027112858,-0.303014861468395,-0.304977183848736,-0.306905293300749,-0.308791807429865,-0.310629740137666,-0.312412564537762,-0.314134260488628,-0.315789346989746,-0.31737290038439,-0.318880559860333,-0.320308522117891,-0.32165352727978,-0.322912838160772,-0.324084214920052,-0.325165886916168,-0.326156523307168,-0.327055203620834,-0.327861389192339,-0.328574896054644,-0.329195869589929,-0.329724761020733,-0.330162305643944,-0.330509502589971,-0.33076759582009,-0.330938056050275,-0.331022563301373,-0.331022989813716,-0.330941383119977,-0.330779949134701,-0.330541035185262,-0.330227112971262,-0.329840761493619,-0.329384650038087,-0.328861521329616,-0.328274174993763,-0.327625451469946,-0.326918216520278,-0.326155346468602,-0.325339714289172,-0.324474176644955,-0.323561561953629,-0.322604659536361,-0.321606209881799,-0.320568896036235,-0.31949533611139,-0.318388076884191,-0.317249588448441,-0.316082259866646,-0.314888395761226,-0.313670213777913,-0.312429842849954,-0.311169322189648,-0.30989060093335,-0.308595538367164,-0.307285904662797,-0.305963382056195,-0.304629566405426,-0.303285969068552,-0.301934019046809,-0.300575065343132,-0.299210379490765,-0.297841158211349,-0.296468526166327,-0.295093538769789,-0.293717185034843,-0.292340390429361,-0.290964019720321,-0.28958887978915,-0.288215722403251,-0.286845246931485,-0.285478102993634,-0.284114893035892,-0.282756174826194,-0.281402463864778,-0.280054235706681,-0.278711928194072,-0.277375943597305,-0.276046650664418,-0.274724386579528,-0.273409458831156,-0.272102146992016,-0.270802704412176,-0.269511359827857,-0.268228318888325,-0.266953765603575,-0.265687863715595,-0.264430757996115,-0.263182575473788,-0.261943426593773,-0.260713406312681,-0.259492595131818,-0.258281060071629,-0.257078855590157,-0.255886024448288,-0.254702598524458,-0.253528599581421,-0.25236403998757,-0.251208923395225,-0.250063245378201,-0.24892699403086,-0.247800150530768,-0.246682689666981,-0.245574580335868,-0.244475786006322,-0.243386265156085,-0.242305971680845,-0.241234855277669,-0.240172861804261,-0.239119933615448,-0.238076009878231,-0.237041026866643,-0.236014918237626,-0.234997615289031,-0.233989047200809,-0.232989141260397,-0.231997823073231,-0.231015016759291,-0.230040645136501,-0.229074629891792,-0.228116891740554,-0.227167350575194,-0.226225925603452,-0.225292535477097,-0.224367098411599,-0.22344953229731,-0.222539754802693,-0.221637683470066,-0.220743235804344,-0.219856329355192,-0.218976881792998,-0.218104810979068,-0.21724003503037,-0.216382472379196,-0.215532041828046,-0.214688662600028,-0.213852254385075,-0.21302273738222,-0.212200032338198,-0.211384060582598,-0.210574744059791,-0.209772005357835,-0.20897576773456,-0.208185955141006,-0.207402492242402,-0.206625304436824,-0.20585431787171,-0.205089459458357,-0.204330656884546,-0.203577838625407,-0.202830933952661,-0.202089872942339,-0.201354586481085,-0.200625006271141,-0.19990106483411,-0.199182695513584,-0.198469832476712,-0.197762410714794,-0.197060366042969,-0.196363635099061,-0.195672155341653,-0.194985865047442,-0.194304703307947,-0.193628610025595,0,-0.254909526230852,-0.255216397258147,-0.255555126429091,-0.255947420151421,-0.256404560000851,-0.256930635406249,-0.257526164014139,-0.258190115185062,-0.258920842038036,-0.259716528708658,-0.260575457040615,-0.261496191134178,-0.262477695526336,-0.26351938486252,-0.264621107708832,-0.26578307521269,-0.267005750163751,-0.268289712850714,-0.269635518126416,-0.271043554762245,-0.272513914660647,-0.274046276511448,-0.275639806327728,-0.277293075992021,-0.279004000321811,-0.280769792987316,-0.282586941641927,-0.284451202654001,-0.286357615718233,-0.288300538305244,-0.290273699373097,-0.292270271059467,-0.29428295627863,-0.296304089360791,-0.298325746190555,-0.300339859810451,-0.302338337213918,-0.304313173088745,-0.306256556583525,-0.308160967723583,-0.310019260843294,-0.311824733258148,-0.313571178296198,-0.315252922671484,-0.316864848949543,-0.318402404480039,-0.319861598625783,-0.321238990390707,-0.322531668648658,-0.323737227120179,-0.324853736065391,-0.325879712392064,-0.326814089554805,-0.327656188277208,-0.328405688792755,-0.329062604994676,-0.329627260625674,-0.330100267434335,-0.330482505079195,-0.330775102471529,-0.330979420208226,-0.331097033748003,-0.331129717018118,-0.331079426194583,-0.330948283467328,-0.330738560674576,-0.330452662761225,-0.330093111079228,-0.329662526600589,-0.329163613153782,-0.328599140821664,-0.327971929653839,-0.327284833850171,-0.326540726566462,-0.325742485480214,-0.324892979235849,-0.323995054866756,-0.323051526267664,-0.322065163766734,-0.321038684823404,-0.319974745856417,-0.318875935187177,-0.317744767066968,-0.316583676742813,-0.315395016505871,-0.314181052658098,-0.312943963327298,-0.311685837057297,-0.310408672098613,-0.309114376325258,-0.307804767704943,-0.306481575252665,-0.305146440401219,-0.303800918726255,-0.302446481968038,-0.301084520296794,-0.29971634477329,-0.298343189961097,-0.296966216651593,-0.295586514667211,-0.294205105712632,-0.292822946247553,-0.291440930358288,-0.290059892608774,-0.288680610854616,-0.28730380900649,-0.285930159731705,-0.284560287084878,-0.283194769060604,-0.281834140062696,-0.280478893286015,-0.279129483008218,-0.277786326789799,-0.276449807581782,-0.27512027574115,-0.273798050954812,-0.272483424073415,-0.271176658856771,-0.269877993633014,-0.26858764287391,-0.267305798688916,-0.266032632240802,-0.264768295085695,-0.263512920440531,-0.262266624380903,-0.26102950697231,-0.259801653337793,-0.258583134664905,-0.257374009154908,-0.256174322917021,-0.254984110810472,-0.253803397237014,-0.252632196886472,-0.251470515437811,-0.250318350218094,-0.249175690821618,-0.248042519691408,-0.246918812665155,-0.245804539487579,-0.244699664291125,-0.24360414604677,-0.242517938986669,-0.241440993000246,-0.240373254005282,-0.239314664295436,-0.238265162865597,-0.23722468571636,-0.236193166138844,-0.235170534981051,-0.234156720896817,-0.233151650578435,-0.232155248973892,-0.231167439489671,-0.230188144179961,-0.229217283923114,-0.228254778586108,-0.227300547177748,-0.226354507991284,-0.225416578737103,-0.224486676666077,-0.223564718684166,-0.222650621458795,-0.221744301517511,-0.220845675339407,-0.219954659439743,-0.219071170448208,-0.218195125181187,-0.217326440708442,-0.216465034414528,-0.215610824055282,-0.214763727809708,-0.213923664327522,-0.213090552772661,-0.212264312862991,-0.211444864906465,-0.210632129833959,-0.209826029228998,-0.209026485354575,-0.208233421177251,-0.207446760388707,-0.206666427424936,-0.205892347483206,-0.205124446536956,-0.204362651348768,-0.203606889481528,-0.202857089307921,-0.202113180018357,-0.201375091627445,-0.200642754979111,-0.199916101750465,-0.199195064454499,-0.198479576441701,-0.197769571900663,-0.197064985857766,-0.196365754175997,-0.19567181355298,-0.194983101518271,-0.194299556429976,-0.19362111747075,-0.192947724643223,0,-0.255138324720687,-0.255467281228336,-0.255828638098301,-0.256250089514024,-0.256741878755939,-0.257306218292888,-0.257942153853796,-0.258647644858682,-0.259420366947851,-0.260258065886899,-0.26115877171356,-0.26212094542787,-0.263143559458148,-0.264226107116219,-0.265368546588979,-0.266571194065661,-0.267834584337011,-0.26915931642213,-0.270545898426225,-0.271994601643677,-0.273505330048057,-0.275077508335125,-0.276709989756366,-0.278400983977368,-0.280148004859518,-0.281947838101675,-0.283796528826929,-0.285689389260498,-0.287621026499881,-0.289585389986937,-0.291575837678286,-0.293585219147691,-0.295605973041906,-0.297630235557679,-0.299649956011282,-0.301657015209315,-0.303643342246416,-0.305601025563031,-0.30752241457281,-0.309400208865189,-0.311227532835486,-0.312997994513835,-0.314705728277034,-0.316345421963557,-0.317912329616201,-0.319402271611988,-0.320811624287637,-0.322137301332011,-0.323376729210886,-0.324527818741814,-0.325588934682453,-0.326558864871797,-0.327436790106238,-0.328222255573482,-0.328915144333023,-0.3295156530413,-0.330024269884673,-0.330441754509315,-0.330769119623509,-0.33100761388979,-0.331158705713785,-0.331224067563662,-0.331205560508214,-0.331105218732563,-0.330925233869113,-0.330667939059918,-0.330335792739124,-0.329931362186461,-0.329457306952229,-0.328916362290009,-0.328311322755394,-0.327645026138578,-0.326920337897254,-0.326140136246029,-0.325307298041523,-0.324424685580709,-0.323495134405667,-0.322521442182519,-0.321506358697215,-0.320452576987167,-0.319362725606151,-0.318239362001061,-0.31708496696309,-0.315901940103022,-0.314692596290253,-0.31345916298793,-0.312203778411819,-0.310928490437992,-0.309635256183732,-0.308325942186988,-0.30700232511187,-0.305666092910872,-0.304318846378332,-0.3029621010341,-0.301597289281027,-0.300225762784766,-0.298848795029245,-0.29746758400594,-0.296083254999707,-0.294696863438342,-0.293309397777131,-0.29192178239354,-0.290534880470697,-0.28914949685157,-0.287766380848641,-0.286386228996538,-0.285009687737389,-0.283637356030773,-0.282269787881947,-0.280907494783627,-0.27955094806801,-0.278200581166873,-0.276856791778653,-0.275519943942261,-0.274190370018086,-0.27286837257731,-0.271554226201083,-0.270248179191572,-0.26895045519718,-0.267661254754494,-0.266380756749713,-0.26510911980243,-0.263846483574741,-0.262592970008705,-0.261348684495186,-0.26011371697712,-0.258888142990201,-0.257672024643941,-0.256465411545998,-0.255268341672589,-0.254080842187715,-0.252902930213858,-0.251734613556672,-0.250575891386155,-0.249426754876621,-0.24828718780775,-0.247157167128845,-0.246036663488372,-0.244925641730717,-0.243824061362037,-0.242731876986963,-0.241649038717829,-0.240575492558036,-0.239511180761027,-0.238456042166334,-0.237410012514014,-0.236373024738771,-0.23534500924496,-0.234325894163604,-0.233315605592516,-0.232314067820512,-0.231321203536697,-0.230336934025699,-0.229361179349724,-0.228393858518201,-0.227434889645805,-0.22648419009953,-0.225541676635511,-0.224607265526196,-0.223680872678484,-0.22276241374336,-0.221851804217571,-0.220948959537826,-0.220053795167976,-0.219166226679628,-0.218286169826584,-0.217413540613497,-0.216548255359114,-0.215690230754433,-0.214839383916103,-0.213995632435364,-0.213158894422814,-0.212329088549268,-0.211506134082953,-0.210689950923285,-0.209880459631439,-0.209077581457928,-0.20828123836738,-0.2074913530607,-0.206707848994789,-0.205930650399982,-0.205159682295358,-0.20439487050206,-0.203636141654773,-0.20288342321147,-0.202136643461552,-0.201395731532502,-0.200660617395143,-0.199931231867605,-0.199207506618096,-0.198489374166564,-0.197776767885321,-0.197069621998721,-0.196367871581958,-0.195671452559039,-0.194980301700018,-0.194294356617527,-0.193613555762682,-0.192937838420397,-0.19226714470417,0,-0.255372166554227,-0.255719999587911,-0.256107444990432,-0.256562851626,-0.257093667444271,-0.257699801057799,-0.258378841953265,-0.25912786209299,-0.259943992373165,-0.260824664553922,-0.261767770267632,-0.262771767137881,-0.263835717653249,-0.264959255234677,-0.266142487209462,-0.26738585340445,-0.268689961023659,-0.270055413817513,-0.271482648860438,-0.272971789377159,-0.274522518028552,-0.27613397227698,-0.277804661868909,-0.279532407840024,-0.281314302420186,-0.283146689457526,-0.285025165222846,-0.28694459951737,-0.288899176801521,-0.290882456584728,-0.292887451624058,-0.294906721671241,-0.296932479699576,-0.298956706848067,-0.300971271834702,-0.302968050378308,-0.304939040257341,-0.306876468015754,-0.308772883960355,-0.310621242915761,-0.312414969132892,-0.314148004701483,-0.31581484171873,-0.317410539250255,-0.318930726739987,-0.320371595956242,-0.321729883796487,-0.323002848324457,-0.324188240305565,-0.325284272273991,-0.326289586845779,-0.32720322562525,-0.328024599672354,-0.328753462135902,-0.329389883334627,-0.329934228300005,-0.330387136589514,-0.33074950403837,-0.331022466037961,-0.331207381902922,-0.331305819906192,-0.331319542611552,-0.331250492204985,-0.331100775609633,-0.330872649255276,-0.330568503455101,-0.330190846414974,-0.329742287960001,-0.329225523108317,-0.328643315652364,-0.327998481924268,-0.327293874925785,-0.326532368996715,-0.325716845180917,-0.324850177428367,-0.323935219747204,-0.322974794393346,-0.321971681158534,-0.320928607791978,-0.319848241566919,-0.318733181982247,-0.31758595457095,-0.316409005772073,-0.315204698810779,-0.313975310522061,-0.31272302904732,-0.311449952329166,-0.310158087328074,-0.308849349884563,-0.307525565152124,-0.306188468528812,-0.30483970701898,-0.303480840960872,-0.302113346060394,-0.300738615676273,-0.299357963306759,-0.297972625232937,-0.296583763278528,-0.295192467650627,-0.293799759830181,-0.292406595485072,-0.291013867382404,-0.289622408280044,-0.288232993780603,-0.286846345133817,-0.285463131975866,-0.284083974996362,-0.282709448525737,-0.281340083037486,-0.279976367561245,-0.27861875200395,-0.277267649377504,-0.275923437932261,-0.274586463196505,-0.273257039922723,-0.271935453942065,-0.27062196392882,-0.269316803077086,-0.268020180692139,-0.266732283699181,-0.265453278072328,-0.26418331018682,-0.262922508097472,-0.261670982746455,-0.260428829103475,-0.259196127241403,-0.257972943350375,-0.256759330693311,-0.255555330505749,-0.254360972842791,-0.253176277375879,-0.252001254142025,-0.250835904248024,-0.249680220532064,-0.248534188185071,-0.247397785333993,-0.246270983589161,-0.245153748557729,-0.244046040325138,-0.242947813906411,-0.241859019669025,-0.240779603729011,-0.239709508321824,-0.238648672149482,-0.237597030705349,-0.236554516577898,-0.235521059734695,-0.234496587787782,-0.233481026241573,-0.232474298724308,-0.231476327204059,-0.230487032190215,-0.229506332921333,-0.228534147540169,-0.227570393256681,-0.226614986499731,-0.225667843058186,-0.224728878212046,-0.223798006854243,-0.222875143603661,-0.221960202909927,-0.221053099150488,-0.220153746720441,-0.219262060115585,-0.218377954009097,-0.217501343322244,-0.21663214328951,-0.215770269518472,-0.21491563804478,-0.214068165382526,-0.213227768570322,-0.212394365213341,-0.211567873521586,-0.210748212344642,-0.209935301203112,-0.209129060316986,-0.208329410631117,-0.207536273838005,-0.206749572398071,-0.205969229557575,-0.205195169364359,-0.204427316681529,-0.203665597199246,-0.202909937444746,-0.202160264790695,-0.201416507462027,-0.200678594541344,-0.199946455972989,-0.199220022565895,-0.198499225995288,-0.197783998803337,-0.197074274398822,-0.1963699870559,-0.195671071912034,-0.194977464965154,-0.194289103070109,-0.193605923934467,-0.19292786611372,-0.192254869005933,-0.191586872845902,0,-0.255613467305048,-0.255977766185489,-0.25639546683167,-0.256889632990554,-0.257463482335113,-0.258114439725963,-0.258838772748599,-0.259632835006743,-0.260493362702298,-0.261417604579986,-0.262403428769784,-0.263449386705101,-0.264554706930908,-0.265719215412517,-0.266943197472179,-0.268227224104628,-0.269571964955468,-0.270978005579615,-0.272445680709589,-0.273974929939005,-0.275565178274584,-0.277215241583369,-0.278923255836706,-0.280686628838852,-0.282502013409723,-0.284365301410392,-0.286271638297365,-0.28821545791852,-0.290190536972548,-0.292190067979541,-0.294206748844205,-0.296232886257084,-0.298260509400945,-0.300281489823303,-0.302287662987061,-0.304270946967505,-0.306223454033264,-0.308137591402509,-0.31000614824472,-0.311822366924578,-0.313579997470692,-0.315273335213441,-0.316897242399339,-0.318447155297998,-0.319919078836752,-0.321309571113421,-0.322615720255212,-0.32383511603294,-0.32496581843708,-0.326006325114708,-0.326955539194711,-0.327812738631064,-0.328577547804066,-0.329249911763506,-0.329830073194692,-0.330318551949166,-0.330716126810734,-0.33102381906235,-0.331242877373874,-0.331374763535403,-0.33142113860435,-0.331383849105268,-0.331264913008242,-0.331066505304732,-0.33079094309082,-0.33044067015064,-0.33001824110317,-0.329526305230931,-0.328967590148824,-0.328344885495471,-0.327661026839637,-0.32691887999232,-0.326121325903412,-0.325271246302725,-0.324371510221098,-0.323424961500272,-0.322434407372168,-0.321402608160569,-0.320332268132094,-0.319226027499754,-0.318086455561598,-0.316916044939445,-0.315717206868468,-0.314492267477327,-0.313243464990514,-0.311972947779192,-0.310682773183893,-0.309374907031469,-0.308051223769498,-0.306713507143454,-0.305363451345152,-0.304002662564931,-0.302632660884573,-0.301254882452776,-0.299870681890032,-0.298481334874777,-0.297088040867657,-0.295691925935505,-0.294294045641213,-0.292895387969915,-0.291496876265905,-0.290099372158363,-0.288703678457276,-0.287310542003989,-0.2859206564635,-0.284534665048053,-0.283153163163703,-0.281776700973407,-0.280405785871851,-0.279040884868624,-0.277682426877594,-0.276330804911372,-0.274986378180654,-0.273649474098951,-0.272320390193871,-0.270999395926572,-0.269686734421483,-0.268382624108649,-0.267087260281352,-0.26580081657183,-0.264523446348057,-0.263255284034633,-0.261996446360884,-0.26074703353928,-0.25950713037729,-0.258276807325735,-0.257056121466661,-0.255845117443694,-0.254643828337745,-0.253452276490858,-0.252270474280911,-0.251098424849741,-0.249936122787227,-0.2487835547737,-0.247640700182986,-0.246507531648264,-0.24538401559284,-0.244270112727811,-0.243165778518517,-0.242070963621575,-0.240985614294201,-0.239909672777431,-0.23884307765477,-0.237785764187714,-0.236737664629525,-0.235698708518529,-0.234668822952178,-0.233647932843015,-0.232635961157638,-0.231632829139679,-0.230638456517769,-0.229652761699399,-0.228675661951534,-0.227707073568784,-0.226746912029904,-0.225795092143315,-0.224851528182352,-0.223916134010847,-0.222988823199645,-0.22206950913464,-0.221158105116815,-0.22025452445483,-0.219358680550584,-0.218470486978212,-0.21758985755693,-0.2167167064181,-0.215850948066896,-0.214992497438905,-0.214141269951989,-0.213297181553705,-0.212460148764572,-0.211630088717457,-0.210806919193319,-0.20999055865356,-0.209180926269189,-0.208377941947033,-0.20758152635316,-0.206791600933724,-0.206008087933386,-0.205230910411487,-0.204459992256119,-0.203695258196238,-0.202936633811952,-0.202184045543117,-0.201437420696349,-0.200696687450577,-0.199961774861225,-0.199232612863138,-0.198509132272336,-0.197791264786677,-0.197078942985521,-0.196372100328466,-0.195670671153228,-0.194974590672728,-0.194283794971462,-0.193598221001189,-0.192917806576021,-0.192242490366944,-0.191572211895829,-0.190906911528978,0,-0.255861806964278,-0.256243528025937,-0.25669657900437,-0.257234233341867,-0.257854661787221,-0.258552920837143,-0.259324201606119,-0.260164343130512,-0.261069846846222,-0.26203791173647,-0.26306649561678,-0.264154335487449,-0.265300893143637,-0.266506228353126,-0.26777082109205,-0.269095369159757,-0.270480584111398,-0.271927001801303,-0.273434817000964,-0.27500374608157,-0.276632918127369,-0.278320792952916,-0.280065103917038,-0.281862823654051,-0.283710151413494,-0.285602521253685,-0.287534630641178,-0.289500488962343,-0.291493485054198,-0.293506472186228,-0.295531868096183,-0.29756176684181,-0.299588058511077,-0.301602552343928,-0.303597098629466,-0.305563704881413,-0.307494642247258,-0.309382538823282,-0.311220457453034,-0.313001956591886,-0.314721133833899,-0.316372652636565,-0.317951753577749,-0.319454252091746,-0.320876525034988,-0.322215488625205,-0.32346857029745,-0.324633676856726,-0.325709161018716,-0.32669378805965,-0.32758670388483,-0.328387405410052,-0.329095713761419,-0.329711750459627,-0.330235916479148,-0.330668873867772,-0.3310115294778,-0.331265020291798,-0.331430699814163,-0.331510125033731,-0.331505043529922,-0.33141738038351,-0.331249224652031,-0.331002815269664,-0.330680526324864,-0.330284851750639,-0.329818389528963,-0.329283825560693,-0.328683917385577,-0.328021477954471,-0.327299359659576,-0.326520438820776,-0.325687600809407,-0.324803725967714,-0.323871676455032,-0.322894284122604,-0.32187433948952,-0.320814581864036,-0.319717690628357,-0.31858627768176,-0.317422881016852,-0.31622995938718,-0.315009888011192,-0.313764955247552,-0.312497360169829,-0.311209210964211,-0.309902524071842,-0.308579223997249,-0.3072411437058,-0.305890025535799,-0.304527522554529,-0.303155200291819,-0.30177453878955,-0.300386934910495,-0.298993704855076,-0.297596086839645,-0.296195243894946,-0.294792266748084,-0.293388176755902,-0.291983928861806,-0.290580414551999,-0.28917846479062,-0.287778852916512,-0.286382297487253,-0.2849894650587,-0.283600972890556,-0.282217391570571,-0.280839247551706,-0.279467025598185,-0.27810117113768,-0.276742092518012,-0.275390163167748,-0.274045723660886,-0.272709083686488,-0.271380523924736,-0.270060297831282,-0.268748633332186,-0.267445734432006,-0.266151782737805,-0.264866938902034,-0.26359134398734,-0.262325120756415,-0.261068374890039,-0.25982119613648,-0.258583659395361,-0.257355825739093,-0.256137743374893,-0.254929448550337,-0.253730966405311,-0.252542311773135,-0.251363489933538,-0.250194497320057,-0.249035322184329,-0.247885945219647,-0.246746340146039,-0.245616474259026,-0.24449630894412,-0.243385800159012,-0.242284898885314,-0.24119355155161,-0.240111700429493,-0.239039284004176,-0.237976237321158,-0.236922492310384,-0.235877978089219,-0.234842621245515,-0.233816346101949,-0.232799074962777,-0.231790728344048,-0.23079122518829,-0.229800483064609,-0.228818418355083,-0.227844946428304,-0.226879981800834,-0.225923438287334,-0.224975229140054,-0.224035267178349,-0.223103464908829,-0.222179734636729,-0.221263988569048,-0.220356138909965,-0.21945609794902,-0.218563778142509,-0.217679092188526,-0.216801953096046,-0.215932274248438,-0.215069969461746,-0.214214953038083,-0.213367139814454,-0.212526445207286,-0.21169278525296,-0.210866076644594,-0.210046236765322,-0.2092331837183,-0.20842683635366,-0.207627114292599,-0.206833937948808,-0.206047228547421,-0.205266908141629,-0.204492899627148,-0.203725126754661,-0.202963514140398,-0.202207987274961,-0.20145847253053,-0.200714897166562,-0.199977189334099,-0.19924527807876,-0.198519093342551,-0.197798565964542,-0.19708362768053,-0.196374211121741,-0.195670249812658,-0.194971678168036,-0.194278431489173,-0.193590445959503,-0.192907658639558,-0.192230007461354,-0.191557431222256,-0.190889869578364,-0.190227263037469,0,-0.256115958147955,-0.256520311224694,-0.25701466482439,-0.257600290554613,-0.258270278853168,-0.259017723321806,-0.259837069058172,-0.260723862568149,-0.261674532381486,-0.262686358996329,-0.263757498206303,-0.264886956010392,-0.266074483294209,-0.267320401748785,-0.268625389256074,-0.269990253709973,-0.271415717680248,-0.272902227917201,-0.274449796286426,-0.276057873440891,-0.277725253492377,-0.279450006730785,-0.281229437461301,-0.283060064692119,-0.284937624222343,-0.286857091312824,-0.288812723387126,-0.290798122054341,-0.292806313221305,-0.29482984328745,-0.2968608885423,-0.298891374067614,-0.300913097816606,-0.302917855197733,-0.304897559481061,-0.306844353675295,-0.308750710155751,-0.310609515188465,-0.312414136503689,-0.314158473127118,-0.315836987687688,-0.317444722309559,-0.318977299906518,-0.320430913196354,-0.321802304031167,-0.323088735707828,-0.324287960807936,-0.325398186856304,-0.326418041724699,-0.327346540287079,-0.328183053394726,-0.32892727981899,-0.329579221432643,-0.330139161586472,-0.330607646395747,-0.330985468484238,-0.331273652638235,-0.331473442791332,-0.331586289781742,-0.331613839384935,-0.331557920212579,-0.331420531172193,-0.331203828289781,-0.330910110801631,-0.330541806514734,-0.330101456513755,-0.329591699353682,-0.329015254920603,-0.328374908169117,-0.327673492955396,-0.326913876182087,-0.326098942457797,-0.325231579452451,-0.324314664103007,-0.323351049794129,-0.322343554607515,-0.321294950703202,-0.320207954867607,-0.319085220237199,-0.317929329184018,-0.316742787330121,-0.315528018642514,-0.314287361547959,-0.313023065998286,-0.311737291410837,-0.310432105405364,-0.309109483257528,-0.307771307989776,-0.306419371022537,-0.305055373311857,-0.303680926903737,-0.302297556840044,-0.300906703355901,-0.299509724313671,-0.298107897823838,-0.296702425008255,-0.295294432866167,-0.293884977208158,-0.292475045627553,-0.291065560482991,-0.289657381869596,-0.288251310559661,-0.28684809089687,-0.285448413630876,-0.284052918681517,-0.282662197824213,-0.281276797289946,-0.279897220274975,-0.278523929356847,-0.277157348814573,-0.275797866851852,-0.274445837723186,-0.273101583763454,-0.27176539732215,-0.270437542604021,-0.269118257418241,-0.267807754838591,-0.26650622477737,-0.265213835475957,-0.26393073491506,-0.262657052147804,-0.261392898558828,-0.26013836905259,-0.258893543174071,-0.257658486165016,-0.256433249958803,-0.255217874116974,-0.25401238671035,-0.252816805147606,-0.25163113695403,-0.250455380503143,-0.249289525703717,-0.248133554644636,-0.246987442199928,-0.245851156596216,-0.244724659944693,-0.243607908739655,-0.242500854325516,-0.24140344333412,-0.240315618094087,-0.23923731701384,-0.23816847493985,-0.237109023491569,-0.236058891374458,-0.235018004672391,-0.23398628712069,-0.23296366036096,-0.231950044178811,-0.23094535672552,-0.229949514724591,-0.228962433664159,-0.227984027976087,-0.227014211202571,-0.226052896151036,-0.225099995038038,-0.224155419622843,-0.223219081331344,-0.222290891370894,-0.221370760836643,-0.220458600809897,-0.219554322448996,-0.2186578370732,-0.217769056240006,-0.216887891816319,-0.21601425604387,-0.215148061599238,-0.21428922164884,-0.213437649899186,-0.212593260642726,-0.211755968799569,-0.21092568995533,-0.210102340395377,-0.209285837135702,-0.208476097950642,-0.207673041397658,-0.206876586839375,-0.206086654463054,-0.205303165297682,-0.204526041228837,-0.203755205011486,-0.20299058028084,-0.202232091561436,-0.201479664274535,-0.200733224743978,-0.199992700200607,-0.199258018785344,-0.198529109551046,-0.197805902463206,-0.197088328399607,-0.196376319148989,-0.195669807408822,-0.194968726782251,-0.194273011774272,-0.193582597787212,-0.192897421115564,-0.192217418940237,-0.191542529322267,-0.190872691196039,-0.190207844362075,-0.189547929479405,0,-0.256375624195121,-0.256811522656509,-0.257353625942188,-0.257991229334515,-0.258713092922529,-0.259510985438782,-0.260378981691213,-0.26131255779039,-0.262308225782826,-0.263363473161917,-0.26447675402637,-0.26564741563369,-0.266875540050157,-0.268161724207422,-0.269506832917242,-0.270911755077797,-0.272377183603255,-0.273903429839876,-0.275490275695853,-0.277136861982625,-0.278841609229808,-0.280602166812653,-0.282415386873904,-0.284277320582329,-0.28618323526951,-0.288127651632032,-0.290104400354369,-0.292106697209894,-0.294127235038265,-0.296158290134679,-0.298191839693608,-0.300219686186657,-0.30223358404637,-0.304225363853002,-0.306187049406346,-0.308110963588159,-0.309989819722282,-0.311816796131707,-0.313585592674767,-0.315290469116439,-0.316926266167588,-0.318488410836512,-0.319972908338956,-0.321376323185679,-0.322695752214146,-0.323928792275407,-0.325073505064611,-0.326128381237494,-0.327092305531817,-0.327964524156168,-0.328744615257631,-0.32943246286563,-0.33002823435434,-0.330532361184057,-0.330945522478505,-0.331268630868823,-0.331502819979296,-0.331649432934157,-0.331710011316341,-0.331686284094427,-0.331580156140055,-0.331393696073025,-0.331129123285227,-0.330788794099683,-0.330375187111956,-0.329890887834629,-0.32933857282008,-0.32872099347265,-0.328040959779707,-0.327301324194409,-0.326504965893696,-0.325654775616102,-0.324753641258155,-0.323804434378007,-0.322809997722822,-0.321773133864126,-0.320696594994401,-0.319583073909656,-0.318435196177312,-0.317255513466936,-0.316046498003245,-0.314810538086433,-0.313549934613948,-0.312266898530185,-0.310963549125733,-0.309641913105443,-0.308303924344325,-0.306951424251656,-0.305586162666446,-0.304209799211144,-0.302823905034945,-0.301429964883011,-0.300029379433122,-0.298623467846643,-0.29721347048592,-0.29580055175544,-0.294385803028965,-0.292970245629551,-0.291554833833705,-0.290140457874933,-0.288727946925637,-0.287318072039641,-0.285911549040609,-0.284509041344343,-0.283111162705278,-0.281718479879625,-0.280331515199417,-0.278950749053326,-0.277576622271467,-0.276209538412619,-0.274849865953243,-0.273497940378554,-0.272154066176593,-0.270818518736803,-0.269491546155122,-0.268173370947925,-0.266864191677495,-0.265564184491877,-0.264273504582165,-0.262992287560344,-0.261720650760927,-0.260458694469594,-0.259206503082081,-0.257964146196534,-0.256731679642468,-0.255509146449443,-0.254296577758471,-0.25309399367907,-0.251901404094819,-0.250718809420124,-0.249546201310843,-0.248383563331274,-0.247230871579923,-0.246088095276363,-0.244955197311369,-0.243832134762429,-0.242718859376621,-0.241615318022742,-0.240521453114478,-0.239437203006323,-0.238362502363841,-0.237297282509806,-0.236241471747645,-0.235194995663551,-0.234157777408543,-0.233129737961687,-0.232110796375609,-0.231100870005392,-0.230099874721853,-0.229107725110165,-0.228124334654724,-0.227149615911096,-0.226183480665853,-0.225225840085043,-0.224276604851993,-0.223335685295118,-0.222402991506355,-0.221478433450802,-0.220561921068123,-0.219653364366238,-0.218752673507769,-0.21785975888972,-0.216974531216809,-0.216096901568858,-0.215226781462621,-0.214364082908409,-0.213508718461845,-0.212660601271066,-0.211819645119658,-0.210985764465624,-0.210158874476617,-0.209338891061707,-0.208525730899895,-0.207719311465611,-0.206919551051367,-0.206126368787793,-0.205339684661201,-0.204559419528868,-0.203785495132187,-0.203017834107832,-0.202256359997079,-0.201500997253416,-0.200751671248555,-0.200008308276973,-0.199270835559076,-0.198539181243106,-0.197813274405862,-0.19709304505234,-0.196378424114373,-0.19566934344835,-0.194965735832073,-0.194267534960846,-0.193574675442835,-0.192887092793775,-0.192204723431074,-0.191527504667374,-0.190855374703599,-0.190188272621568,-0.189526138376181,-0.188868912787243,0,-0.256642523119611,-0.257121115949744,-0.257717338024641,-0.258410194881548,-0.259185502990349,-0.260034478360772,-0.26095120040135,-0.261931280290057,-0.262971458701845,-0.264069546587763,-0.265224385783147,-0.266435723148356,-0.267703998113883,-0.269030080081173,-0.270414995222167,-0.271859672387675,-0.273364725369775,-0.274930278215505,-0.276555833136828,-0.278240176739094,-0.27998131905727,-0.281776460320825,-0.283621981610845,-0.285513456963325,-0.287445685572364,-0.289412743331364,-0.291408052970038,-0.293424471578759,-0.29545439351699,-0.297489865770325,-0.299522711939349,-0.301544660370534,-0.303547471584434,-0.305523060173625,-0.307463606731311,-0.309361656083807,-0.311210199053981,-0.313002736076252,-0.314733322110052,-0.316396593359012,-0.317987777216707,-0.319502687569914,-0.320937708066752,-0.322289766194589,-0.323556301027823,-0.324735227331379,-0.32582489838514,-0.326824069475481,-0.327731863529836,-0.328547739891726,-0.329271466782604,-0.329903097600157,-0.330442950878086,-0.330891593488845,-0.331249826509519,-0.331518673086972,-0.331699367621916,-0.331793345630027,-0.33180223371778,-0.331727839217146,-0.331572139143878,-0.331337268267302,-0.331025506196531,-0.33063926349188,-0.330181066896835,-0.329653543852769,-0.329059406505462,-0.328401435440098,-0.327682463392013,-0.326905359176446,-0.326073012065058,-0.325188316812873,-0.324254159509516,-0.323273404395635,-0.322248881751445,-0.321183376931055,-0.320079620585092,-0.318940280085896,-0.317767952144943,-0.316565156591342,-0.315334331263348,-0.314077827951712,-0.312797909324012,-0.311496746752681,-0.310176418965653,-0.308838911437243,-0.307486116437388,-0.306119833659538,-0.3047417713508,-0.303353547872149,-0.301956693621367,-0.30055265325656,-0.299142788163516,-0.297728379115591,-0.296310629080144,-0.294890666130687,-0.293469546428826,-0.292048257244639,-0.290627719988434,-0.289208793230696,-0.287792275690652,-0.286378909177059,-0.284969381467732,-0.283564329116866,-0.28216434018152,-0.28076995686056,-0.279381678041149,-0.277999961749315,-0.276625227502471,-0.275257858562806,-0.273898204091432,-0.272546581203924,-0.271203276928535,-0.26986855006891,-0.268542632973514,-0.267225733214349,-0.265918035177781,-0.264619701570482,-0.263330874843626,-0.262051678538588,-0.260782218557385,-0.259522584361176,-0.258272850100064,-0.257033075677441,-0.255803307752031,-0.25458358068073,-0.253373917405257,-0.25217433028552,-0.250984821882516,-0.249805385693467,-0.248636006841801,-0.247476662724466,-0.246327323618946,-0.245187953252268,-0.244058509334152,-0.24293894405637,-0.241829204560261,-0.240729233374266,-0.239638968823237,-0.238558345411185,-0.237487294179049,-0.236425743038969,-0.235373617086469,-0.234330838891891,-0.233297328772319,-0.232273005045186,-0.231257784264673,-0.230251581441958,-0.229254310250291,-0.228265883215844,-0.227286211895202,-0.226315207040321,-0.225352778751735,-0.224398836620735,-0.22345328986122,-0.222516047431851,-0.221587018149122,-0.220666110791923,-0.219753234198128,-0.218848297353707,-0.217951209474847,-0.217061880083521,-0.21618021907692,-0.215306136791145,-0.214439544059538,-0.213580352265973,-0.212728473393463,-0.211883820068367,-0.211046305600492,-0.210215844019364,-0.209392350106913,-0.208575739426815,-0.207765928350715,-0.206962834081537,-0.206166374674079,-0.20537646905308,-0.204593037028932,-0.203815999311197,-0.203045277520081,-0.202280794196018,-0.201522472807483,-0.200770237757174,-0.200024014386672,-0.199283728979701,-0.198549308764071,-0.197820681912434,-0.197097777541907,-0.196380525712683,-0.195668857425686,-0.194962704619352,-0.194262000165613,-0.193566677865142,-0.192876672441929,-0.192191919537234,-0.191512355702982,-0.190837918394651,-0.190168545963683,-0.189504177649495,-0.188844753571094,-0.18819021471837,0,-0.25692001650242,-0.257453574507141,-0.25810955100211,-0.258859976883824,-0.25968950612542,-0.260589587998885,-0.261554636545482,-0.262580574146655,-0.263664500092347,-0.264804653628876,-0.266000340068767,-0.267251747723652,-0.268559681842591,-0.269925264620392,-0.271349643569606,-0.272833735368083,-0.274378017778056,-0.275982371621453,-0.277645968560628,-0.279367197836135,-0.281143625020627,-0.282971977144466,-0.28484815032658,-0.286767237668477,-0.288723576274068,-0.290710812705412,-0.292721986009114,-0.29474962679744,-0.296785869947463,-0.29882257750784,-0.300851467569457,-0.302864244309497,-0.304852724245312,-0.306808953959956,-0.308725315155358,-0.310594613778335,-0.312410151047772,-0.314165775375598,-0.315855915310506,-0.317475594648011,-0.319020431673224,-0.320486625091021,-0.32187092953677,-0.323170623658593,-0.324383473647881,-0.32550769481008,-0.326541913361517,-0.327485130160269,-0.328336687576825,-0.329096240223752,-0.329763729824556,-0.330339364132449,-0.330823599522678,-0.33121712668157,-0.331520858698576,-0.331735920825983,-0.331863641192395,-0.331905541826354,-0.331863329450843,-0.331738885633628,-0.331534256009957,-0.331251638422469,-0.330893369940289,-0.330461912819604,-0.329959839548283,-0.329389817176139,-0.328754591170627,-0.328056969056879,-0.327299804103499,-0.326485979304437,-0.325618391885825,-0.3246999385378,-0.323733501538056,-0.322721935898519,-0.321668057631172,-0.320574633195274,-0.319444370157128,-0.318279909066006,-0.317083816526119,-0.315858579424956,-0.314606600262696,-0.313330193515593,-0.312031582957913,-0.310712899861675,-0.309376181990871,-0.308023373306397,-0.306656324299305,-0.305276792872814,-0.303886445697398,-0.302486859967868,-0.301079525496589,-0.299665847082327,-0.298247147099823,-0.296824668260667,-0.295399576501395,-0.293972963959887,-0.29254585200595,-0.291119194296514,-0.28969387983,-0.288270735978257,-0.28685053147788,-0.285433979365859,-0.284021739847233,-0.282614423084912,-0.281212591903953,-0.279816764404493,-0.278427416479139,-0.277044984232057,-0.275669866298182,-0.274302426062006,-0.272942993776242,-0.271591868581392,-0.270249320427824,-0.268915591902436,-0.267590899962368,-0.266275437578511,-0.264969375291791,-0.263672862685358,-0.262386029775917,-0.261108988327522,-0.259841833091127,-0.258584642973257,-0.257337482137061,-0.256100401038996,-0.254873437404314,-0.253656617144438,-0.25244995521922,-0.25125345644699,-0.250067116265157,-0.248890921444089,-0.247724850756796,-0.24656887560691,-0.245422960617293,-0.244287064181522,-0.243161138980363,-0.242045132465285,-0.240938987310915,-0.239842641838257,-0.238756030410415,-0.237679083802439,-0.236611729546844,-0.235553892256257,-0.234505493924581,-0.233466454207958,-0.232436690686776,-0.23141611910986,-0.230404653621949,-0.229402206975476,-0.228408690727627,-0.227424015423572,-0.226448090766746,-0.225480825776965,-0.224522128937146,-0.223571908329344,-0.222630071760764,-0.22169652688039,-0.220771181286818,-0.219853942627849,-0.218944718692361,-0.218043417494961,-0.217149947353862,-0.216264216962438,-0.215386135454848,-0.214515612466114,-0.213652558187025,-0.212796883414181,-0.211948499595518,-0.211107318871593,-0.210273254112915,-0.209446218953587,-0.208626127821496,-0.207812895965296,-0.207006439478384,-0.206206675320085,-0.205413521334228,-0.204626896265305,-0.203846719772364,-0.203072912440807,-0.202305395792236,-0.201544092292481,-0.200788925357959,-0.200039819360454,-0.199296699630466,-0.198559492459215,-0.197828125099404,-0.197102525764848,-0.19638262362904,-0.195668348822745,-0.194959632430699,-0.194256406487492,-0.193558603972693,-0.192866158805281,-0.192179005837447,-0.191497080847827,-0.190820320534205,-0.190148662505745,-0.189482045274796,-0.188820408248306,-0.188163691718896,-0.187511836855622,0,-0.257213793362214,-0.257813742679606,-0.258533745821255,-0.259342932411972,-0.260226665075866,-0.261177306399357,-0.262189856245389,-0.263260688345742,-0.264387373823797,-0.265568671310572,-0.266804408959607,-0.268095239542515,-0.269442323465255,-0.270846998864028,-0.272310480813842,-0.273833611973446,-0.275416671424202,-0.277059238583847,-0.278760104267987,-0.28051721985503,-0.282327676625822,-0.284187709461843,-0.286092721292783,-0.288037326423555,-0.29001541187681,-0.292020216124957,-0.294044424178459,-0.296080277158093,-0.298119693453343,-0.300154397589801,-0.30217605218355,-0.304176387976022,-0.306147326975995,-0.308081094179304,-0.309970314131007,-0.311808089642075,-0.313588061156345,-0.315304446464742,-0.316952061575712,-0.318526324488898,-0.320023244326737,-0.321439398728784,-0.322771902606403,-0.324018371313695,-0.32517688105337,-0.326245928952596,-0.327224394766088,-0.328111505642592,-0.328906804871508,-0.329610125045196,-0.330221565656642,-0.330741474818442,-0.331170434545307,-0.331509248888084,-0.331758934135875,-0.33192071030283,-0.331995993173411,-0.331986386279003,-0.331893672304363,-0.331719803560779,-0.331466891301862,-0.331137193788197,-0.330733103121727,-0.33025713096536,-0.329711893335709,-0.329100094706993,-0.328424511693138,-0.32768797658538,-0.326893361017254,-0.326043560010903,-0.325141476631646,-0.324190007444668,-0.323192028931384,-0.3221503849858,-0.321067875574908,-0.319947246613185,-0.318791181070673,-0.317602291307395,-0.31638311260436,-0.315136097843166,-0.313863613271999,-0.312567935285402,-0.311251248138185,-0.309915642509739,-0.308563114833505,-0.307195567306818,-0.305814808498541,-0.304422554475342,-0.30302043037184,-0.301609972334897,-0.300192629777742,-0.298769767885241,-0.297342670317288,-0.295912542062837,-0.294480512402454,-0.293047637942352,-0.291614905687633,-0.290183236126911,-0.288753486304487,-0.287326452860008,-0.285902875018807,-0.284483437519132,-0.283068773465119,-0.281659467096683,-0.280256056469543,-0.278859036040416,-0.277468859153895,-0.276085940428887,-0.2747106580436,-0.273343355918997,-0.271984345801444,-0.270633909245928,-0.269292299501741,-0.267959743302977,-0.266636442566485,-0.265322576000233,-0.264018300625174,-0.262723753213861,-0.261439051649151,-0.260164296206355,-0.258899570762213,-0.257644943934052,-0.256400470152429,-0.255166190670522,-0.253942134513414,-0.252728319370372,-0.25152475243309,-0.250331431182768,-0.249148344128806,-0.247975471501754,-0.246812785903068,-0.245660252914093,-0.244517831666594,-0.243385475377037,-0.242263131846711,-0.241150743929692,-0.240048249970523,-0.23895558421341,-0.237872677184619,-0.236799456049679,-0.235735844946899,-0.234681765298631,-0.233637136101628,-0.23260187419777,-0.231575894526341,-0.230559110359021,-0.229551433518612,-0.228552774582543,-0.227563043072068,-0.226582147628056,-0.225609996174207,-0.22464649606848,-0.223691554243465,-0.222745077336403,-0.221806971809502,-0.220877144061153,-0.219955500528642,-0.219041947782883,-0.218136392615679,-0.217238742120013,-0.216348903763778,-0.215466785457409,-0.21459229561578,-0.213725343214757,-0.212865837842748,-0.212013689747578,-0.211168809879002,-0.210331109927135,-0.209500502357076,-0.208676900439986,-0.207860218280843,-0.207050370843114,-0.206247273970545,-0.205450844406272,-0.204660999809426,-0.203877658769427,-0.20310074081811,-0.20233016643984,-0.201565857079773,-0.200807735150376,-0.200055724036352,-0.199309748098068,-0.198569732673621,-0.197835604079624,-0.197107289610816,-0.196384717538597,-0.195667817108557,-0.194956518537092,-0.194250753007178,-0.193550452663367,-0.192855550606079,-0.192165980885249,-0.191481678493381,-0.190802579358074,-0.190128620334058,-0.189459739194793,-0.18879587462367,-0.188136966204872,-0.187482954413902,-0.18683378060785,0,-0.257531118172856,-0.258206517905759,-0.258992968790131,-0.259860917895966,-0.260798088601141,-0.261798233554069,-0.262857092777148,-0.263971595490356,-0.265139881268595,-0.266361303587996,-0.267636253835895,-0.268965851398882,-0.270351581216765,-0.271794943685301,-0.273297155162503,-0.27485891451667,-0.276480235744273,-0.278160338354943,-0.279897584283602,-0.281689450620044,-0.283532529757719,-0.285422551383368,-0.287354423222036,-0.289322289169927,-0.291319604249903,-0.2933392257888,-0.295373519553312,-0.297414478563687,-0.299453851206742,-0.301483274327825,-0.303494406367477,-0.305479055419667,-0.307429297346994,-0.309337579752785,-0.311196808591137,-0.313000415375651,-0.314742404198617,-0.316417378974662,-0.318020552376485,-0.319547738763514,-0.320995333976372,-0.322360285170433,-0.323640053905928,-0.324832575535114,-0.325936217577044,-0.32694973930158,-0.327872254210626,-0.328703196555839,-0.329442292509961,-0.330089536145624,-0.330645169992503,-0.33110966965282,-0.331483731759042,-0.331768264451603,-0.331964379528281,-0.332073385456814,-0.332096780532459,-0.332036245586505,-0.33189363579499,-0.331670971285569,-0.331370426383632,-0.330994317468112,-0.330545089517101,-0.330025301510483,-0.329437610920049,-0.328784757557982,-0.328069547073985,-0.327294834392791,-0.326463507370567,-0.32557847092438,-0.324642631856804,-0.323658884560963,-0.322630097752551,-0.321559102336721,-0.320448680480966,-0.319301555931399,-0.318120385579962,-0.316907752264524,-0.315666158762671,-0.314398022923198,-0.313105673866572,-0.31179134917667,-0.310457193000367,-0.309105254968687,-0.307737489852708,-0.306355757868815,-0.304961825550798,-0.303557367110341,-0.302143966212265,-0.300723118096292,-0.299296231982749,-0.297864633705404,-0.296429568520382,-0.29499220404567,-0.293553633291044,-0.292114877743304,-0.290676890476366,-0.289240559260083,-0.287806709645601,-0.286376108008638,-0.284949464535258,-0.283527436137575,-0.282110629289357,-0.280699602773686,-0.279294870336823,-0.27789690324403,-0.27650613273462,-0.275122952374672,-0.273747720306946,-0.272380761398354,-0.271022369286119,-0.269672808324309,-0.268332315432933,-0.267001101852172,-0.265679354804599,-0.264367239068459,-0.263064898465274,-0.261772457265096,-0.26049002151282,-0.259217680278983,-0.257955506838467,-0.25670355978048,-0.255461884053144,-0.254230511945935,-0.253009464013145,-0.251798749941428,-0.250598369364385,-0.249408312627061,-0.248228561503066,-0.247059089866972,-0.245899864324474,-0.244750844802723,-0.243611985103104,-0.242483233418632,-0.241364532818033,-0.24025582169845,-0.239157034208643,-0.238068100644428,-0.236988947818019,-0.235919499402836,-0.234859676255265,-0.233809396714773,-0.23276857688368,-0.231737130887852,-0.230714971119469,-0.229702008462987,-0.228698152505324,-0.227703311731242,-0.226717393704869,-0.225740305238195,-0.224771952547385,-0.223812241397657,-0.222861077237445,-0.22191836532254,-0.220984010830822,-0.220057918968197,-0.21913999506629,-0.218230144672427,-0.217328273632399,-0.216434288166472,-0.215548094939082,-0.214669601122615,-0.213798714455676,-0.212935343296188,-0.212079396669673,-0.211230784313024,-0.21038941671408,-0.209555205147264,-0.208728061705573,-0.207907899329139,-0.207094631830616,-0.206288173917597,-0.205488441212267,-0.204695350268487,-0.203908818586489,-0.203128764625337,-0.202355107813337,-0.201587768556515,-0.200826668245324,-0.200071729259698,-0.199322874972586,-0.198580029752057,-0.19784311896212,-0.197112068962319,-0.196386807106226,-0.195667261738913,-0.19495336219347,-0.194245038786676,-0.193542222813856,-0.192844846543036,-0.192152843208421,-0.191466147003276,-0.190784693072258,-0.190108417503252,-0.189437257318763,-0.1887711504669,-0.188110035812006,-0.187453853124962,-0.186802543073203,-0.186156047210492,0,-0.257879696101608,-0.258636460823905,-0.25948967005983,-0.260415240075608,-0.261404427109507,-0.2624525898153,-0.263556266638245,-0.264713016343283,-0.26592162820298,-0.267182108446873,-0.268495430629638,-0.26986316048591,-0.27128705670496,-0.272768712441475,-0.27430926837262,-0.275909204070493,-0.277568200504773,-0.27928506045541,-0.281057672883302,-0.28288300954402,-0.284757145540021,-0.286675298869124,-0.288631886632888,-0.290620597120469,-0.29263447748315,-0.29466603635554,-0.29670735985491,-0.298750238219306,-0.300786299218232,-0.302807143613613,-0.304804477508338,-0.306770236455269,-0.308696696695147,-0.310576569771008,-0.31240307791367,-0.314170008873505,-0.315871750155276,-0.317503303779446,-0.319060283656414,-0.320538898363673,-0.321935922536524,-0.323248660227096,-0.324474903483586,-0.325612889097878,-0.326661256019929,-0.32761900539882,-0.328485464637217,-0.329260256285203,-0.329943272088602,-0.330534652072571,-0.331034768199693,-0.331444211899216,-0.331763784618404,-0.33199449048968,-0.332137530225109,-0.332194295426963,-0.332166362622783,-0.332055486479046,-0.331863591804382,-0.331592764108649,-0.331245238628177,-0.330823387852973,-0.330329707694351,-0.329766802509349,-0.329137369251431,-0.328444181047041,-0.327690070507304,-0.326877913076863,-0.326010610701229,-0.32509107606374,-0.324122217606592,-0.323106925510533,-0.32204805876708,-0.320948433437608,-0.319810812156832,-0.318637894905051,-0.317432311044696,-0.316196612592491,-0.314933268678861,-0.313644661131007,-0.312333081104843,-0.311000726683474,-0.309649701355464,-0.308282013284489,-0.306899575282395,-0.305504205399986,-0.304097628053414,-0.302681475608648,-0.30125729035176,-0.299826526778418,-0.298390554141863,-0.296950659204551,-0.295508049144417,-0.294063854572291,-0.292619132622301,-0.291174870082037,-0.289731986533844,-0.288291337482806,-0.286853717450816,-0.285419863019543,-0.283990455808218,-0.282566125374843,-0.281147452031875,-0.279734969569517,-0.278329167881577,-0.276930495490438,-0.275539361969033,-0.274156140258865,-0.272781168884068,-0.271414754062321,-0.270057171714096,-0.268708669372231,-0.267369467994288,-0.266039763680465,-0.264719729300112,-0.263409516030054,-0.262109254808096,-0.260819057705137,-0.259539019219361,-0.258269217495978,-0.257009715475976,-0.255760561977263,-0.254521792711556,-0.253293431240235,-0.252075489872342,-0.250867970507763,-0.249670865428536,-0.24848415804111,-0.247307823572266,-0.246141829721307,-0.244986137270968,-0.243840700659433,-0.242705468515684,-0.241580384160335,-0.240465386073958,-0.239360408334843,-0.238265381027985,-0.237180230627048,-0.2361048803509,-0.235039250496287,-0.233983258748071,-0.232936820468416,-0.231899848966204,-0.230872255747899,-0.229853950751002,-0.228844842561179,-0.227844838614076,-0.226853845382767,-0.225871768551748,-0.22489851317831,-0.223933983842085,-0.222978084783522,-0.222030720031983,-0.221091793524119,-0.220161209213155,-0.21923887116965,-0.218324683674297,-0.217418551303254,-0.216520379006506,-0.215630072179701,-0.214747536729886,-0.213872679135545,-0.213005406501301,-0.212145626607653,-0.211293247956055,-0.210448179809667,-0.209610332230052,-0.208779616110097,-0.207955943203416,-0.207139226150471,-0.206329378501638,-0.205526314737424,-0.204729950286038,-0.203940201538501,-0.203156985861465,-0.202380221607904,-0.201609828125839,-0.200845725765222,-0.200087835883136,-0.199336080847418,-0.198590384038829,-0.197850669851886,-0.197116863694456,-0.196388891986202,-0.195666682155989,-0.19495016263831,-0.194239262868841,-0.193533913279169,-0.19283404529079,-0.192139591308419,-0.191450484712692,-0.190766659852297,-0.190088052035611,-0.189414597521872,-0.188746233511936,-0.188082898138676,-0.187424530457045,-0.186771070433853,-0.186122458937285,-0.185478637726204,0,-0.258267886382954,-0.259107412789805,-0.260025573425002,-0.261006633670248,-0.262045884684236,-0.263140238397783,-0.264287012570727,-0.265484449463451,-0.266732055230383,-0.268030526995654,-0.269381415643805,-0.270786689583179,-0.272248310846356,-0.273767881728453,-0.275346381920255,-0.276983992974761,-0.278679995712922,-0.280432723052813,-0.282239552409972,-0.28409692570101,-0.286000389311737,-0.287944650082504,-0.289923645889624,-0.291930630643956,-0.29395827363872,-0.295998772464759,-0.298043977536752,-0.300085524989657,-0.302114973601269,-0.304123940677691,-0.306104231611452,-0.308047958104571,-0.309947640784425,-0.311796293019425,-0.31358748402598,-0.315315380703379,-0.316974768906634,-0.318561055962357,-0.320070257075967,-0.321498968831962,-0.322844333247575,-0.324103995826382,-0.325276060814701,-0.326359046444915,-0.327351842415615,-0.328253671267237,-0.329064054715862,-0.329782785450174,-0.330409904409598,-0.330945683166189,-0.331390610739493,-0.331745383983291,-0.332010900589383,-0.33218825374441,-0.332278727535368,-0.332283792310704,-0.332205099349174,-0.332044474351586,-0.331803909437082,-0.331485553483979,-0.331091700796879,-0.330624778200966,-0.330087330758147,-0.329482006367091,-0.32881153955147,-0.328078734760203,-0.327286449503466,-0.326437577632564,-0.325535033044222,-0.324581734054134,-0.323580588644136,-0.322534480744918,-0.321446257674061,-0.320318718809341,-0.319154605540657,-0.317956592511801,-0.31672728013567,-0.315469188343847,-0.31418475151343,-0.312876314500362,-0.311546129698914,-0.310196355040826,-0.308829052844566,-0.307446189424542,-0.306049635371585,-0.304641166419037,-0.303222464813026,-0.301795121110551,-0.300360636334677,-0.298920424422015,-0.297475814903739,-0.296028055767357,-0.294578316452271,-0.293127690937715,-0.291677200886889,-0.290227798815957,-0.288780371261079,-0.287335741920699,-0.285894674754027,-0.284457877019945,-0.283026002243525,-0.281599653099926,-0.280179384207761,-0.27876570482597,-0.277359081449982,-0.275959940304425,-0.274568669730902,-0.273185622470394,-0.271811117840791,-0.270445443810721,-0.269088858971525,-0.267741594409651,-0.266403855482149,-0.265075823498268,-0.263757657310316,-0.262449494817177,-0.261151454383908,-0.259863636180953,-0.258586123446485,-0.257318983675407,-0.256062269738474,-0.254816020934948,-0.253580263982139,-0.252355013945044,-0.251140275109249,-0.24993604180012,-0.248742299151188,-0.247559023824544,-0.246386184685916,-0.245223743436992,-0.244071655207427,-0.242929869108869,-0.241798328753207,-0.240676972737143,-0.239565735095073,-0.238464545722178,-0.23737333076949,-0.236292013012629,-0.235220512195805,-0.234158745352589,-0.233106627104868,-0.23206406994133,-0.231030984476731,-0.230007279693137,-0.228992863164262,-0.227987641263952,-0.226991519359795,-0.226004401992814,-0.225026193044094,-0.224056795889176,-0.223096113540994,-0.222144048782083,-0.221200504286736,-0.22026538273375,-0.219338586910376,-0.21842001980803,-0.217509584710288,-0.216607185273687,-0.215712725601778,-0.214826110312885,-0.213947244601969,-0.213076034297005,-0.212212385910211,-0.211356206684489,-0.210507404635385,-0.209665888588884,-0.208831568215297,-0.208004354059531,-0.20718415756797,-0.206370891112207,-0.205564468009852,-0.204764802542597,-0.203971809971762,-0.203185406551476,-0.202405509539668,-0.201632037207031,-0.200864908844108,-0.200104044766623,-0.19934936631921,-0.198600795877639,-0.197858256849673,-0.197121673674645,-0.196390971821867,-0.195666077787959,-0.194946919093189,-0.1942334242769,-0.19352552289211,-0.192823145499342,-0.192126223659769,-0.19143468992772,-0.190748477842621,-0.190067521920407,-0.189391757644476,-0.188721121456216,-0.18805555074516,-0.187394983838806,-0.186739359992142,-0.18608861937691,-0.185442703070641,-0.1848015530455,0,-0.258702954272742,-0.259622140330354,-0.26060159905146,-0.261635269892069,-0.262722246867838,-0.263860716800841,-0.265048712565843,-0.266285205055898,-0.267570470823682,-0.268905913616948,-0.270293631045394,-0.27173592685677,-0.273234877752106,-0.27479199981431,-0.276408020905913,-0.278082745374324,-0.279814989996893,-0.281602570311719,-0.283442320561084,-0.285330135824354,-0.287261029909394,-0.289229206342194,-0.291228142040555,-0.293250684057099,-0.295289159433997,-0.297335497134735,-0.299381359625309,-0.30141828033358,-0.303437802194992,-0.305431611962314,-0.307391664978137,-0.309310295652518,-0.311180309857387,-0.312995056705067,-0.314748478565517,-0.316435139546514,-0.318050233887028,-0.319589576703618,-0.321049580227757,-0.322427219060093,-0.323719988058766,-0.32492585631063,-0.326043220259852,-0.327070858549274,-0.328007890528442,-0.328853739755665,-0.329608103219021,-0.33027092646088,-0.330842384338691,-0.331322866806578,-0.331712968862274,-0.332013483668385,-0.332225397815277,-0.332349887730073,-0.332388316334716,-0.33234222919746,-0.332213349588781,-0.33200357202878,-0.331714954085296,-0.331349706339938,-0.330910180575733,-0.330398856350828,-0.329818326205805,-0.32917127980822,-0.328460487368743,-0.327688782672098,-0.326859046056524,-0.325974187651815,-0.325037131152071,-0.324050798358894,-0.323018094686947,-0.321941895779439,-0.320825035338154,-0.319670294232777,-0.318480390918526,-0.317257973160045,-0.316005611033505,-0.314725791157807,-0.313420912089459,-0.312093280803769,-0.310745110176949,-0.309378517379026,-0.307995523085658,-0.306598051417422,-0.305187930517538,-0.303766893682716,-0.302336580966685,-0.300898541181421,-0.299454234227074,-0.298005033687727,-0.29655222963628,-0.295097031597794,-0.293640571626452,-0.292183907456782,-0.29072802569495,-0.289273845020692,-0.287822219374798,-0.286373941111025,-0.284929744094877,-0.283490306734849,-0.282056254934567,-0.280628164956708,-0.279206566191766,-0.277791943826603,-0.276384741409328,-0.274985363308448,-0.273594177065387,-0.272211515640472,-0.270837679553288,-0.269472938918986,-0.268117535382669,-0.266771683954425,-0.265435574747902,-0.26410937462559,-0.262793228754148,-0.261487262073255,-0.260191580681525,-0.258906273143075,-0.257631411718316,-0.25636705352252,-0.255113241615657,-0.25387000602692,-0.252637364717267,-0.251415324483223,-0.25020388180505,-0.249003023642314,-0.247812728179717,-0.246632965525986,-0.245463698368456,-0.244304882585874,-0.243156467821845,-0.242018398021185,-0.240890611931388,-0.239773043571243,-0.238665622668566,-0.237568275068906,-0.236480923116953,-0.235403486012327,-0.234335880141283,-0.23327801938583,-0.232229815411627,-0.231191177935988,-0.23016201497721,-0.229142233086398,-0.228131737562872,-0.227130432654184,-0.226138221741716,-0.225155007512766,-0.224180692119969,-0.22321517732887,-0.22225836465439,-0.221310155486904,-0.220370451208584,-0.219439153300649,-0.218516163442094,-0.217601383600451,-0.216694716115112,-0.215796063773682,-0.214905329881826,-0.21402241832704,-0.213147233636742,-0.212279681031061,-0.211419666470677,-0.210567096700044,-0.209721879286305,-0.208883922654191,-0.208053136117179,-0.207229429905165,-0.206412715188883,-0.205602904101314,-0.204799909756279,-0.204003646264418,-0.203214028746753,-0.202430973345987,-0.201654397235717,-0.200884218627721,-0.200120356777433,-0.199362731987773,-0.198611265611436,-0.19786588005177,-0.197126498762339,-0.196393046245287,-0.1956654480486,-0.194943630762341,-0.194227522013959,-0.193517050462741,-0.192812145793485,-0.192112738709464,-0.191418760924737,-0.190730145155883,-0.190046825113191,-0.189368735491388,-0.188695811959924,-0.188027991152881,-0.187365210658541,-0.186707409008647,-0.186054525667408,-0.185406501020262,-0.184763276362455,-0.184124793887442,0,-0.259189661714302,-0.260182075516184,-0.261217852813259,-0.262300795545485,-0.26343292195118,-0.264613275490662,-0.265840533706402,-0.267114442045843,-0.268436085991027,-0.269807566186482,-0.271231469121993,-0.272710343520459,-0.274246276017147,-0.275840592418928,-0.277493675557079,-0.279204875805077,-0.280972487584329,-0.28279376890996,-0.284664987369968,-0.286581482449431,-0.288537739449297,-0.290527473827673,-0.292543726562916,-0.294578971382253,-0.296625233864243,-0.298674221000109,-0.300717458239415,-0.30274642970858,-0.304752716416434,-0.306728126967693,-0.308664815601808,-0.310555383183643,-0.312392957959057,-0.314171254289405,-0.315884609028817,-0.317527996560296,-0.319097024646961,-0.320587914108478,-0.321997465865298,-0.323323019106204,-0.324562404258409,-0.32571389412452,-0.326776156059286,-0.327748207456675,-0.328629376167123,-0.329419266820609,-0.330117733437977,-0.330724858202782,-0.331240935859195,-0.331666462906992,-0.332002130581703,-0.332248820528166,-0.332407602085005,-0.332479730178413,-0.332466642957188,-0.332369958468209,-0.332191469855154,-0.331933138748135,-0.331597086685951,-0.331185584566961,-0.330701040253338,-0.330145984553754,-0.329523055880913,-0.328834983924169,-0.328084572696659,-0.327274683314578,-0.326408216847701,-0.325488097549151,-0.324517256732825,-0.323498617522337,-0.322435080649015,-0.321329511430682,-0.320184728019787,-0.319003490970012,-0.317788494135851,-0.31654235689006,-0.315267617619576,-0.313966728441234,-0.312642051064098,-0.311295853714993,-0.309930309037323,-0.308547492869999,-0.307149383812708,-0.305737863485242,-0.304314717391861,-0.302881636306086,-0.301440218096669,-0.299991969921392,-0.298538310721554,-0.297080573956335,-0.295620010522478,-0.294157791810783,-0.292695012856725,-0.291232695547898,-0.289771791856099,-0.28831318706646,-0.286857702980294,-0.285406101072143,-0.283959085584904,-0.28251730654999,-0.281081362722135,-0.279651804420805,-0.278229136272232,-0.276813819847852,-0.27540627619642,-0.274006888268401,-0.272616003232286,-0.271233934683402,-0.269860964746549,-0.268497346074383,-0.267143303743969,-0.265799037054317,-0.264464721228,-0.263140509020184,-0.261826532238538,-0.260522903177612,-0.259229715971303,-0.257947047867049,-0.256674960425369,-0.255413500648332,-0.254162702040448,-0.252922585605417,-0.251693160782051,-0.250474426322594,-0.249266371116536,-0.248068974962921,-0.246882209293994,-0.245706037852941,-0.244540417328325,-0.243385297947721,-0.242240624032922,-0.241106334518957,-0.239982363439077,-0.238868640377724,-0.237765090893404,-0.236671636913286,-0.235588197101227,-0.234514687200859,-0.233451020355257,-0.232397107404632,-0.231352857163398,-0.230318176677914,-0.229292971466077,-0.228277145739929,-0.227270602612316,-0.226273244288627,-0.225284972244541,-0.224305687390667,-0.223335290224929,-0.222373680973449,-0.221420759720691,-0.220476426529542,-0.21954058155197,-0.218613125130896,-0.217693957893815,-0.216782980838733,-0.215880095412902,-0.214985203584839,-0.214098207910057,-0.213219011590945,-0.212347518531164,-0.211483633384936,-0.210627261601573,-0.209778309465558,-0.208936684132481,-0.208102293661124,-0.20727504704194,-0.206454854222198,-0.205641626128003,-0.204835274683433,-0.204035712826974,-0.203242854525468,-0.202456614785733,-0.20167690966404,-0.200903656273591,-0.200136772790156,-0.199376178456004,-0.198621793582254,-0.197873539549772,-0.197131338808724,-0.196395114876898,-0.195664792336881,-0.194940296832197,-0.194221555062491,-0.19350849477783,-0.192801044772211,-0.192099134876339,-0.191402695949738,-0.190711659872265,-0.190025959535084,-0.189345528831147,-0.18867030264524,-0.188000216843633,-0.187335208263385,-0.186675214701345,-0.186020174902874,-0.185370028550349,-0.184724716251449,-0.184084179527279,-0.183448360800352,0,-0.259730318290374,-0.260787238065745,-0.261873686199147,-0.2630023981342,-0.264176992273471,-0.265396921916333,-0.26666146962336,-0.267971207311198,-0.269328049499928,-0.270734755334237,-0.272194314408743,-0.273709408670395,-0.275282016961607,-0.276913165616827,-0.278602800297072,-0.280349745939772,-0.282151724081257,-0.284005403966914,-0.285906472132665,-0.287849712431336,-0.289829093800449,-0.291837866178923,-0.293868666101084,-0.295913633103926,-0.297964536748336,-0.30001291232906,-0.302050201692075,-0.304067894322627,-0.30605766320311,-0.308011489926632,-0.309921774141691,-0.311781423471137,-0.313583921426586,-0.315323372346864,-0.316994523857711,-0.318592768642259,-0.320114128330633,-0.321555223008902,-0.322913230199868,-0.324185837201842,-0.32537119043294,-0.326467844978992,-0.327474716951223,-0.328391040592755,-0.329216331391738,-0.329950355814176,-0.330593107700061,-0.331144790897963,-0.331605807359599,-0.331976749680075,-0.332258396945553,-0.332451712725713,-0.332557844106306,-0.332578120778234,-0.332514053363885,-0.332367330349981,-0.332139813192258,-0.331833529346772,-0.33145066315488,-0.330993544656656,-0.330464636526165,-0.329866519410382,-0.329201876012089,-0.328473474288336,-0.327684150143588,-0.326836789984642,-0.325934313477281,-0.324979656806844,-0.323975756700226,-0.322925535418975,-0.321831886884816,-0.320697664052427,-0.319525667601255,-0.318318635979685,-0.317079236801546,-0.315810059567139,-0.314513609658464,-0.313192303540956,-0.311848465091394,-0.310484322963086,-0.309102008894512,-0.307703556865708,-0.306290903007198,-0.30486588616883,-0.303430249059814,-0.301985639876378,-0.30053361433924,-0.299075638069341,-0.29761308923673,-0.296147261423942,-0.294679366651515,-0.293210538519371,-0.291741835423504,-0.29027424381279,-0.28880868145565,-0.287346000690873,-0.285886991640915,-0.284432385369765,-0.282982856970664,-0.28153902857191,-0.280101472251532,-0.278670712853807,-0.277247230702556,-0.275831464207798,-0.274423812363735,-0.273024637137272,-0.271634265747259,-0.270252992835468,-0.268881082531015,-0.267518770410484,-0.266166265356448,-0.264823751317414,-0.263491388972491,-0.262169317304253,-0.260857655083386,-0.259556502268805,-0.258265941326912,-0.256986038473711,-0.255716844843415,-0.254458397587148,-0.253210720905246,-0.251973827016587,-0.250747717068267,-0.249532381988801,-0.248327803287959,-0.247133953806182,-0.2459507984164,-0.244778294680979,-0.243616393466368,-0.242465039517893,-0.241324171997058,-0.240193724983543,-0.239073627944025,-0.237963806169786,-0.236864181185025,-0.235774671127611,-0.234695191104003,-0.233625653519884,-0.23256596838803,-0.23151604361481,-0.230475785266655,-0.229445097817736,-0.22842388438004,-0.227412046916932,-0.226409486441271,-0.225416103199033,-0.224431796839376,-0.223456466572007,-0.222490011312659,-0.221532329817454,-0.220583320806847,-0.219642883079843,-0.218710915619105,-0.217787317687556,-0.216871988917015,-0.215964829389409,-0.215065739711032,-0.214174621080322,-0.213291375349577,-0.212415905081022,-0.211548113597603,-0.210687905028863,-0.209835184352224,-0.208989857430007,-0.208151831042465,-0.207321012917106,-0.206497311754577,-0.205680637251326,-0.204870900119291,-0.204068012102814,-0.203271885992982,-0.202482435639583,-0.201699575960843,-0.200923222951119,-0.20015329368669,-0.199389706329793,-0.198632380131041,-0.197881235430338,-0.197136193656424,-0.196397177325141,-0.195664110036538,-0.194936916470904,-0.194215522383815,-0.193499854600286,-0.192789841008108,-0.192085410550428,-0.191386493217659,-0.190693020038773,-0.190004923072038,-0.189322135395256,-0.188644591095552,-0.187972225258767,-0.187304973958489,-0.186642774244781,-0.185985564132628,-0.185333282590144,-0.184685869526583,-0.18404326578017,-0.183405413105792,-0.18277225416257,0,-0.260326132062505,-0.261436357014462,-0.262567818545839,-0.263738888883211,-0.264953271392718,-0.266210467916422,-0.267510384342036,-0.268854475957936,-0.270245482546768,-0.271686751718155,-0.273181562842526,-0.274732600699553,-0.276341609491857,-0.278009205763348,-0.279734810461433,-0.281516659696459,-0.283351861319646,-0.285236474670604,-0.287165600550848,-0.289133476068364,-0.291133573926051,-0.293158708109679,-0.295201148258689,-0.297252743929632,-0.299305058154347,-0.301349507736129,-0.303377506059727,-0.30538060309742,-0.307350616899995,-0.30927975116191,-0.311160694338451,-0.31298669710115,-0.314751626451796,-0.316449996384756,-0.318076976428868,-0.319628380591413,-0.321100640092241,-0.322490763785646,-0.323796290330724,-0.325015236026958,-0.326146041840728,-0.327187522580015,-0.328138820500808,-0.328999364916409,-0.329768838687486,-0.330447151841764,-0.331034422039626,-0.331530961184912,-0.33193726718602,-0.33225401969844,-0.332482078615558,-0.33262248410388,-0.332676457082392,-0.332645399202885,-0.332530891578453,-0.332334691712429,-0.332058728283964,-0.331705093636522,-0.331276033982724,-0.330773937477319,-0.330201320416849,-0.329560811899631,-0.328855137324834,-0.328087101127927,-0.327259569145851,-0.326375450983488,-0.325437682717981,-0.324449210233635,-0.323412973431246,-0.322331891505202,-0.321208849432048,-0.320046685767534,-0.318848181806769,-0.317616052124874,-0.316352936483915,-0.315061393065937,-0.313743892971426,-0.31240281590713,-0.311040446976338,-0.309658974477899,-0.308260488616832,-0.306846981028788,-0.305420345022271,-0.303982376445943,-0.302534775093054,-0.301079146560678,-0.299617004487619,-0.298149773101433,-0.296678790011587,-0.295205309192349,-0.293730504105332,-0.292255470917639,-0.290781231777243,-0.289308738112466,-0.287838873927258,-0.28637245906835,-0.284910252444326,-0.283452955180164,-0.282001213693959,-0.280555622685286,-0.279116728027084,-0.277685029555046,-0.276260983750295,-0.274845006312696,-0.273437474623451,-0.272038730096741,-0.270649080421098,-0.269268801691957,-0.267898140437445,-0.266537315539961,-0.265186520056512,-0.263845922941018,-0.262515670672077,-0.261195888789768,-0.259886683345222,-0.258588142266693,-0.257300336645893,-0.256023321948319,-0.254757139151257,-0.253501815813057,-0.252257367077207,-0.251023796614616,-0.249801097507393,-0.248589253077325,-0.247388237662094,-0.246198017342162,-0.245018550621131,-0.243849789062249,-0.242691677883601,-0.241544156514414,-0.24040715911477,-0.239280615060898,-0.238164449398135,-0.237058583263476,-0.235962934279586,-0.234877416922006,-0.233801942861201,-0.232736421281006,-0.231680759174931,-0.230634861621698,-0.229598632041323,-0.228571972432951,-0.227554783595593,-0.22654696533286,-0.225548416642695,-0.22455903589306,-0.223578720984487,-0.22260736950032,-0.221644878845448,-0.22069114637427,-0.219746069508592,-0.218809545846104,-0.217881473260055,-0.216961749990709,-0.216050274729104,-0.215146946693651,-0.21425166570001,-0.213364332224728,-0.212484847463027,-0.211613113381155,-0.210749032763655,-0.209892509255899,-0.209043447402222,-0.208201752679934,-0.207367331529524,-0.206540091381298,-0.205719940678712,-0.20490678889863,-0.20410054656873,-0.203301125282253,-0.202508437710302,-0.201722397611853,-0.200942919841667,-0.200169920356235,-0.199403316217931,-0.19864302559749,-0.197888967774948,-0.197141063139173,-0.196399233186076,-0.195663400515641,-0.194933488827842,-0.19420942291756,-0.193491128668578,-0.192778533046731,-0.192071564092296,-0.191370150911686,-0.190674223668515,-0.18998371357409,-0.189298552877404,-0.188618674854655,-0.187944013798376,-0.187274505006185,-0.186610084769227,-0.185950690360335,-0.185296260021946,-0.184646732953814,-0.184002049300549,-0.183362150139001,-0.182726977465542,-0.182096474183236,0,-0.260976055797427,-0.262127102080572,-0.263298501274573,-0.264508793515242,-0.265760363030173,-0.267052578779658,-0.268386057345552,-0.269763191490871,-0.271187511735107,-0.272662850309075,-0.274192637184159,-0.275779414820387,-0.277424561385797,-0.279128176475762,-0.280889076854551,-0.282704856996527,-0.284571981596933,-0.286485889918918,-0.288441102367764,-0.2904313270522,-0.292449568250446,-0.294488240126119,-0.296539288475339,-0.298594321531306,-0.300644748635369,-0.302681923485078,-0.304697287087828,-0.306682504697437,-0.308629590941474,-0.310531017983402,-0.312379802744124,-0.314169570727255,-0.315894595639149,-0.317549815577456,-0.319130827930169,-0.32063386617933,-0.322055762488921,-0.323393900269439,-0.324646160882832,-0.325810868336973,-0.326886735289357,-0.327872813010772,-0.328768447224222,-0.329573240996622,-0.330287025173322,-0.330909836247113,-0.331441901069255,-0.331883627452334,-0.332235599484664,-0.332498576265387,-0.332673492763908,-0.332761461587634,-0.332763774587161,-0.332681903416464,-0.332517498377106,-0.332272385092258,-0.331948558763665,-0.331548175951635,-0.33107354397704,-0.33052710817106,-0.329911437291668,-0.329229207486758,-0.328483185215152,-0.327676209542597,-0.326811174214886,-0.325891009879314,-0.32491866678355,-0.323897098231913,-0.322829245026738,-0.321718021070036,-0.320566300250399,-0.319376904693703,-0.318152594414883,-0.316896058372418,-0.315609906897444,-0.314296665445509,-0.312958769600577,-0.311598561247489,-0.310218285820097,-0.308820090527167,-0.307406023456151,-0.305978033455613,-0.30453797069976,-0.303087587842786,-0.301628541676111,-0.300162395207729,-0.298690620089435,-0.297214599324483,-0.295735630194972,-0.294254927354869,-0.292773626040906,-0.291292785359574,-0.28981339161399,-0.288336361639573,-0.286862546122146,-0.285392732876302,-0.283927650065726,-0.282467969350478,-0.281014308949305,-0.279567236607627,-0.278127272464142,-0.276694891810976,-0.275270527743992,-0.273854573701323,-0.272447385889406,-0.271049285596829,-0.269660561397134,-0.268281471242408,-0.266912244450083,-0.265553083585749,-0.264204166245191,-0.262865646739056,-0.261537657683771,-0.260220311502451,-0.25891370183958,-0.257617904893294,-0.25633298066907,-0.255058974158586,-0.253795916447452,-0.252543825755415,-0.251302708412567,-0.250072559774942,-0.248853365082792,-0.247645100264692,-0.246447732690518,-0.245261221876167,-0.244085520142815,-0.24292057323333,-0.241766320888358,-0.240622697384461,-0.239489632036565,-0.238367049666869,-0.237254871042231,-0.236153013281953,-0.235061390237783,-0.23397991284782,-0.232908489465966,-0.231847026168416,-0.230795427038635,-0.229753594432166,-0.228721429222526,-0.227698831029409,-0.226685698430284,-0.225681929156476,-0.224687420274699,-0.22370206835498,-0.222725769625849,-0.221758420117614,-0.220799915794493,-0.219850152676332,-0.218909026950572,-0.217976435075122,-0.217052273872725,-0.216136440617374,-0.215228833113313,-0.214329349767117,-0.213437889653294,-0.212554352573877,-0.211678639112372,-0.210810650682478,-0.209950289571917,-0.209097458981709,-0.208252063061219,-0.207414006939247,-0.206583196751466,-0.205759539664434,-0.204942943896451,-0.204133318735464,-0.203330574554245,-0.20253462282304,-0.201745376119862,-0.200962748138629,-0.200186653695271,-0.199417008732,-0.198653730319849,-0.19789673665964,-0.197145947081494,-0.196401282042996,-0.195662663126135,-0.19493001303311,-0.194203255581108,-0.193482315696131,-0.192767119405967,-0.192057593832372,-0.191353667182544,-0.190655268739952,-0.189962328854583,-0.189274778932667,-0.188592551425935,-0.18791557982046,-0.187243798625129,-0.18657714335979,-0.185915550543115,-0.185258957680217,-0.184607303250059,-0.183960526692684,-0.183318568396294,-0.182681369684218,-0.182048872801784,-0.181421020903123,0,-0.261674560363583,-0.262856384333965,-0.26406369790231,-0.265310440455723,-0.266596718388523,-0.267921822584285,-0.269287228755398,-0.270696304711212,-0.272153299228456,-0.273662390749341,-0.275226998067504,-0.276849366371905,-0.27853037695801,-0.280269512835221,-0.28206491844492,-0.283913506532121,-0.2858110816721,-0.287752464304624,-0.289731609768025,-0.291741723445398,-0.293775376179702,-0.2958246244106,-0.297881137986336,-0.299936336213896,-0.301981530180819,-0.304008067256677,-0.306007472288635,-0.307971579472739,-0.309892649178946,-0.3117634649879,-0.31357740764954,-0.315328504364484,-0.317011453498442,-0.31862162638528,-0.32015504912457,-0.321608368158989,-0.322978803901432,-0.324264096790211,-0.325462449933361,-0.326572472029964,-0.327593123606153,-0.328523668854491,-0.329363634589113,-0.330112777085369,-0.330771056907809,-0.331338621275964,-0.33181579309128,-0.332203065456274,-0.332501100353681,-0.332710730106316,-0.332832960289457,-0.332868972895294,-0.332820128731098,-0.332687968247319,-0.332474210219339,-0.332180747930177,-0.331809642708083,-0.331363114853177,-0.330843532135249,-0.330253396158046,-0.329595326963896,-0.328872046298637,-0.328086359974315,-0.327241139760628,-0.326339305210654,-0.32538380578712,-0.324377603606998,-0.323323657068746,-0.32222490557152,-0.321084255481992,-0.319904567454081,-0.318688645161351,-0.317439225462021,-0.316158969982765,-0.314850458079881,-0.313516181114665,-0.31215853796359,-0.310779831672446,-0.309382267156518,-0.307967949845313,-0.306538885169807,-0.305096978792019,-0.303644037480341,-0.30218177053911,-0.300711791706842,-0.299235621444108,-0.297754689538917,-0.296270337964404,-0.294783823930491,-0.293296323077807,-0.291808932768453,-0.290322675434096,-0.288838501947339,-0.287357294987329,-0.2858798723751,-0.28440699035824,-0.282939346828132,-0.281477584456238,-0.280022293738759,-0.278574015941469,-0.277133245938698,-0.275700434942277,-0.274275993117842,-0.272860292087267,-0.271453667317074,-0.270056420393647,-0.26866882118683,-0.267291109904124,-0.265923499038169,-0.264566175210638,-0.263219300915895,-0.261883016168058,-0.260557440055183,-0.25924267220444,-0.257938794162131,-0.256645870692448,-0.255363950998822,-0.254093069871634,-0.252833248766022,-0.251584496813374,-0.250346811770039,-0.24912018090661,-0.247904581841066,-0.246699983318887,-0.24550634594315,-0.244323622857458,-0.243151760384446,-0.241990698622453,-0.240840372002836,-0.239700709810274,-0.238571636668273,-0.237453072991987,-0.236344935410337,-0.235247137159314,-0.234159588448234,-0.233082196800621,-0.232014867371301,-0.230957503241187,-0.229910005691154,-0.228872274456331,-0.227844207962039,-0.226825703542546,-0.225816657643729,-0.22481696601068,-0.223826523861214,-0.222845226046197,-0.221872967197535,-0.220909641864632,-0.219955144640068,-0.219009370275198,-0.218072213786333,-0.217143570552123,-0.216223336402735,-0.215311407701345,-0.21440768141849,-0.213512055199722,-0.212624427427052,-0.211744697274564,-0.210872764758638,-0.210008530783108,-0.209151897179739,-0.20830276674432,-0.207461043268697,-0.206626631569013,-0.205799437510446,-0.204979368028661,-0.204166331148251,-0.203360235998346,-0.202560992825625,-0.201768513004909,-0.200982709047514,-0.200203494607545,-0.199430784486269,-0.19866449463473,-0.197904542154736,-0.197150845298354,-0.196403323466017,-0.195661897203381,-0.194926488197013,-0.19419701926902,-0.19347341437071,-0.19275559857537,-0.19204349807024,-0.191337040147757,-0.190636153196139,-0.189940766689378,-0.189250811176697,-0.188566218271525,-0.187886920640054,-0.187212851989415,-0.186543947055523,-0.185880141590638,-0.185221372350667,-0.184567577082259,-0.183918694509723,-0.183274664321793,-0.182635427158271,-0.182000924596591,-0.181371099138297,-0.180745894195492,0,-0.262414294490609,-0.263620780907641,-0.264861254354895,-0.266142037906854,-0.267460689624944,-0.268816718857632,-0.270212643587878,-0.271652810157647,-0.273142068975355,-0.274684772949169,-0.27628415018541,-0.277941989756209,-0.279658551219589,-0.281432613106676,-0.283261593592309,-0.285141697960523,-0.28706806690801,-0.289034914773311,-0.291035656793405,-0.293063029857046,-0.295109212869079,-0.297165951894274,-0.299224692830396,-0.301276721428785,-0.303313307765432,-0.305325850239996,-0.307306013077643,-0.309245851160908,-0.311137916708452,-0.31297534363366,-0.314751907105757,-0.316462057648523,-0.318100930829072,-0.319664335046129,-0.321148721018557,-0.322551137253735,-0.323869176045211,-0.325100914451782,-0.326244854313458,-0.327299864744272,-0.328265129791358,-0.329140103142484,-0.329924470968184,-0.330618123253613,-0.331221133348307,-0.331733744963116,-0.332156365483271,-0.332489564243815,-0.332734074318289,-0.332890796386621,-0.332960803352638,-0.332945344552274,-0.332845848607382,-0.332663924215489,-0.33240135840414,-0.332060112004269,-0.331642312298952,-0.331150242974224,-0.330586331633341,-0.329953135233928,-0.329253323870385,-0.32848966335498,-0.327664997054898,-0.326782227424143,-0.32584429763407,-0.324854173659513,-0.323814827123519,-0.322729219146751,-0.321600285390696,-0.320430922429602,-0.319223975536228,-0.317982227922244,-0.316708391436119,-0.315405098689678,-0.314074896559199,-0.312720240987437,-0.311343492998877,-0.309946915831129,-0.308532673080047,-0.307102827754181,-0.305659342134971,-0.304204078341989,-0.302738799507109,-0.301265171467168,-0.299784764891181,-0.298299057765087,-0.296809438164119,-0.295317207249992,-0.293823582437019,-0.292329700677843,-0.290836621825773,-0.289345332036446,-0.287856747176928,-0.286371716215198,-0.284891024567372,-0.283415397383955,-0.281945502759885,-0.280481954856249,-0.279025316924224,-0.277576104224151,-0.276134786834698,-0.274701792348756,-0.273277508454244,-0.271862285399207,-0.270456438341639,-0.269060249585313,-0.267673970703634,-0.266297824554022,-0.264932007185869,-0.263576689645346,-0.262232019680701,-0.26089812335175,-0.259575106547488,-0.258263056415709,-0.256962042708618,-0.255672119048349,-0.254393324116272,-0.25312568276991,-0.251869207091161,-0.250623897369454,-0.249389743023322,-0.248166723463759,-0.246954808902596,-0.245753961109,-0.244564134117058,-0.243385274887275,-0.242217323924679,-0.241060215856102,-0.239913879969058,-0.238778240714532,-0.237653218175861,-0.236538728505769,-0.235434684333514,-0.23434099514398,-0.23325756763047,-0.23218430602281,-0.231121112392345,-0.230067886935244,-0.229024528235512,-0.227990933508978,-0.226966998829477,-0.22595261933836,-0.224947689438406,-0.223952102973132,-0.222965753392455,-0.221988533905574,-0.221020337621924,-0.220061057680965,-0.219110587371541,-0.218168820241498,-0.217235650198209,-0.216310971600592,-0.215394679343206,-0.214486668932945,-0.213586836558829,-0.212695079155357,-0.211811294459857,-0.210935381064253,-0.210067238461614,-0.209206767087858,-0.208353868358944,-0.207508444703862,-0.206670399593727,-0.20583963756724,-0.20501606425278,-0.204199586387379,-0.203390111832789,-0.202587549588865,-0.20179180980446,-0.201002803786018,-0.20022044400404,-0.199444644097573,-0.198675318876906,-0.197912384324567,-0.197155757594809,-0.196405357011656,-0.195661102065671,-0.194922913409519,-0.19419071285245,-0.193464423353782,-0.192743969015484,-0.192029275073928,-0.1913202678909,-0.190616874943934,-0.189919024816039,-0.189226647184874,-0.188539672811444,-0.187858033528352,-0.187181662227679,-0.186510492848513,-0.185844460364194,-0.185183500769297,-0.184527551066411,-0.183876549252726,-0.18323043430647,-0.182589146173233,-0.181952625752194,-0.181320814882282,-0.180693656328296,-0.180071093766999,0,-0.263188274995402,-0.264416983540754,-0.265689035985745,-0.267001734456523,-0.268350578661623,-0.269735785963941,-0.271161094064461,-0.272631778901083,-0.274153127971821,-0.275729467225874,-0.277363643303266,-0.27905683303373,-0.280808560807827,-0.282616828395746,-0.284478290279196,-0.286388433982675,-0.288341745957194,-0.290331858267631,-0.29235167999638,-0.294393520949673,-0.296449215290904,-0.298510250504725,-0.300567903837259,-0.30261338502283,-0.304637981358244,-0.306633199393134,-0.308590896789705,-0.310503398194752,-0.312363590059827,-0.314164990973607,-0.315901795951311,-0.317568895002951,-0.319161867970668,-0.320676958945163,-0.322111034467731,-0.323461530181573,-0.324726390644314,-0.325904006716052,-0.326993154375328,-0.327992938077498,-0.328902740941542,-0.329722183208293,-0.330451089617658,-0.331089465651485,-0.331637482013158,-0.33209546628114,-0.332463900384897,-0.332743422400821,-0.332934831137896,-0.333039092057383,-0.333057343224445,-0.332990900198047,-0.33284125900555,-0.332610096599174,-0.332299268435557,-0.331910803043214,-0.331446893636228,-0.33090988699017,-0.330302269915705,-0.329626653747064,-0.328885757309393,-0.328082388844989,-0.327219427368994,-0.32629980389562,-0.32532648293198,-0.324302444583166,-0.32323066755377,-0.322114113271378,-0.320955711299531,-0.31975834615353,-0.318524845583646,-0.317257970347774,-0.315960405459634,-0.314634752869344,-0.31328352551023,-0.3119091426286,-0.310513926301307,-0.309100099038483,-0.307669782365284,-0.306224996275972,-0.304767659455739,-0.303299590169576,-0.30182250772289,-0.300338034404857,-0.298847697832469,-0.297352933620433,-0.295855088309416,-0.294355422492306,-0.29285511408509,-0.291355261695525,-0.289856888048934,-0.288360943436128,-0.286868309153685,-0.285379800911478,-0.283896172186646,-0.282418117506909,-0.280946275649501,-0.279481232744937,-0.278023525277337,-0.276573642975296,-0.275132031589154,-0.273699095552157,-0.272275200524357,-0.270860675819267,-0.269455816714211,-0.268060886646121,-0.266676119295135,-0.265301720558875,-0.263937870420646,-0.262584724715117,-0.261242416795242,-0.259911059104306,-0.258590744657105,-0.257281548434248,-0.255983528693617,-0.254696728202944,-0.253421175397407,-0.252156885466092,-0.250903861370995,-0.249662094802208,-0.248431567072736,-0.247212249956294,-0.246004106471303,-0.244807091614138,-0.243621153044572,-0.242446231726196,-0.241282262524487,-0.240129174765025,-0.238986892754276,-0.237855336265187,-0.23673442098975,-0.235624058960554,-0.234524158943242,-0.233434626801679,-0.232355365837534,-0.231286277105877,-0.230227259708303,-0.229178211065006,-0.228139027167138,-0.227109602810712,-0.226089831813231,-0.22507960721415,-0.224078821460215,-0.223087366576665,-0.2221051343252,-0.221132016349596,-0.220167904309766,-0.219212690005023,-0.218266265487269,-0.217328523164761,-0.2163993558971,-0.21547865708201,-0.214566320734468,-0.213662241558704,-0.21276631501354,-0.211878437371536,-0.210998505772351,-0.21012641827074,-0.209262073879524,-0.208405372607919,-0.207556215495526,-0.206714504642289,-0.205880143234721,-0.205053035568652,-0.204233087068755,-0.203420204305082,-0.202614295006841,-0.201815268073593,-0.201023033584096,-0.200237502802944,-0.199458588185189,-0.198686203379095,-0.197920263227175,-0.197160683765639,-0.1964073822224,-0.195660277013729,-0.194919287739705,-0.194184335178537,-0.193455341279868,-0.192732229157148,-0.192014923079169,-0.191303348460828,-0.190597431853202,-0.189897100932998,-0.189202284491451,-0.188512912422711,-0.187828915711803,-0.187150226422178,-0.186476777682933,-0.185808503675727,-0.185145339621439,-0.184487221766609,-0.183834087369691,-0.183185874687156,-0.18254252295948,-0.181903972397036,-0.181270164165916,-0.180641040373722,-0.180016544055325,-0.179396619158629,0,-0.263990842143028,-0.265242141478199,-0.266545013590281,-0.267887661909647,-0.269264681831894,-0.270677586852024,-0.272131458921485,-0.273632386511654,-0.275185881634189,-0.27679601847108,-0.278465067996652,-0.280193448398496,-0.281979852115155,-0.283821450767762,-0.285714115877895,-0.28765262278209,-0.289630826377474,-0.291641810640904,-0.293678020512406,-0.295731386366234,-0.297793449613704,-0.299855494536833,-0.301908687495707,-0.303944221089842,-0.305953458237688,-0.307928069710779,-0.309860158414449,-0.31174236446736,-0.313567946619122,-0.315330837445371,-0.317025671774002,-0.318647789675458,-0.32019321691269,-0.321658626884232,-0.323041288766243,-0.324339006781273,-0.325550055348757,-0.326673114385548,-0.327707208316448,-0.328651651516975,-0.329506002027867,-0.330270024524181,-0.330943662746604,-0.331527020947297,-0.332020353389974,-0.332424060582596,-0.332738690707526,-0.33296494463572,-0.333103682949197,-0.333155933526234,-0.333122898441584,-0.333005959174545,-0.332806679378245,-0.332526804724169,-0.332168259580806,-0.331733140502503,-0.331223706686513,-0.330642367698824,-0.329991668871995,-0.329274274842867,-0.328492951728466,-0.327650548439691,-0.326749977610277,-0.325794196578714,-0.324786188808898,-0.323728946076218,-0.322625451683741,-0.321478664911643,-0.320291506844625,-0.319066847668609,-0.317807495480718,-0.316516186616085,-0.315195577461436,-0.313848237698632,-0.312476644900849,-0.311083180389293,-0.309670126248618,-0.308239663393687,-0.306793870578455,-0.305334724238667,-0.303864099063279,-0.302383769194395,-0.300895409961584,-0.299400600063328,-0.297900824115644,-0.296397475495434,-0.29489185941356,-0.293385196159879,-0.29187862446938,-0.290373204965098,-0.288869923639498,-0.287369695341572,-0.285873367241962,-0.284381722252945,-0.282895482384214,-0.281415312018959,-0.279941821097977,-0.27847556820227,-0.277017063527044,-0.275566771742066,-0.274125114735138,-0.272692474236929,-0.271269194326704,-0.269855583819511,-0.26845191853628,-0.267058443458989,-0.265675374773608,-0.264302901803984,-0.262941188840161,-0.261590376864889,-0.260250585182229,-0.258921912952283,-0.25760444063613,-0.256298231355062,-0.255003332168165,-0.253719775272266,-0.252447579128173,-0.25118674951701,-0.249937280530392,-0.248699155497999,-0.247472347856015,-0.246256821959756,-0.245052533843649,-0.243859431931608,-0.242677457700701,-0.241506546300851,-0.24034662713321,-0.239197624389661,-0.238059457555827,-0.236932041879791,-0.235815288808649,-0.234709106394878,-0.233613399674382,-0.232528071018014,-0.231453020458205,-0.230388145992301,-0.229333343864062,-0.228288508824731,-0.227253534374959,-0.226228312988834,-0.225212736321154,-0.224206695399031,-0.223210080798848,-0.222222782809508,-0.221244691582897,-0.220275697272373,-0.219315690160086,-0.218364560773868,-0.217422199994374,-0.21648849915314,-0.215563350122152,-0.214646645395505,-0.213738278163685,-0.212838142380975,-0.211946132826451,-0.211062145159011,-0.210186075966853,-0.209317822811773,-0.208457284268661,-0.207604359960523,-0.206758950589344,-0.2059209579631,-0.205090285019177,-0.204266835844479,-0.203450515692443,-0.202641230997216,-0.201838889385178,-0.201043399684028,-0.200254671929619,-0.199472617370698,-0.198697148471742,-0.197928178914007,-0.197165623594968,-0.196409398626251,-0.195659421330198,-0.194915610235185,-0.19417788506978,-0.193446166755858,-0.192720377400771,-0.192000440288641,-0.191286279870877,-0.190577821755977,-0.189874992698701,-0.189177720588669,-0.188485934438445,-0.187799564371178,-0.187118541607834,-0.186442798454081,-0.185772268286874,-0.185106885540772,-0.184446585694035,-0.183791305254534,-0.183140981745509,-0.182495553691214,-0.181854960602452,-0.181219142962066,-0.180588042210373,-0.179961600730588,-0.179339761834253,-0.17872246974668,0,-0.2648172022371,-0.266094027462856,-0.267427291916201,-0.268797963091261,-0.270201331806545,-0.271640772816253,-0.273122738585607,-0.274653935052933,-0.276239842509617,-0.277884044047952,-0.279588046233196,-0.281351378946405,-0.283171827186953,-0.285045700439064,-0.286968087020188,-0.288933071297453,-0.290933911534901,-0.292963187079577,-0.295012927682633,-0.297074737117524,-0.29913991985977,-0.301199615058475,-0.303244937574092,-0.305267122271363,-0.307257665447158,-0.309208456331874,-0.311111891893327,-0.312960969414617,-0.314749353169129,-0.316471413632617,-0.318122239753872,-0.319697626622236,-0.321194042272887,-0.322608578288096,-0.323938889279328,-0.32518312631621,-0.326339868981989,-0.327408060076206,-0.328386946152909,-0.329276026169681,-0.33007500960976,-0.330783784590844,-0.33140239573692,-0.331931030993521,-0.332370016126545,-0.332719815361311,-0.332981036482182,-0.333154438706294,-0.333240941744918,-0.333241634647177,-0.33315778325715,-0.33299083538216,-0.332742423045158,-0.332414361459283,-0.332008644603685,-0.331527437486817,-0.330973065350724,-0.330348000195482,-0.329654845087608,-0.328896316763353,-0.328075227051952,-0.327194463631044,-0.326256970592411,-0.325265729247136,-0.324223739540415,-0.323134002382557,-0.321999503138034,-0.32082319645187,-0.319607992534557,-0.318356744974488,-0.317072240101557,-0.315757187887467,-0.314414214337251,-0.313045855302374,-0.311654551627791,-0.310242645532903,-0.308812378118751,-0.307365887890143,-0.305905210181098,-0.30443227737428,-0.302948919809363,-0.301456867281012,-0.299957751033883,-0.298453106169387,-0.296944374386606,-0.295432906987433,-0.293919968083532,-0.292406737950006,-0.290894316477496,-0.289383726680854,-0.287875918228472,-0.286371770961701,-0.28487209837874,-0.283377651061698,-0.281889120029479,-0.28040714000255,-0.278932292568677,-0.277465109241363,-0.276006074404945,-0.2745556281423,-0.273114168942736,-0.271682056289051,-0.270259613123908,-0.268847128196649,-0.267444858292436,-0.266053030346276,-0.264671843444958,-0.263301470720342,-0.261942061137704,-0.26059374118308,-0.259256616453649,-0.257930773155303,-0.256616279511567,-0.255313187088015,-0.254021532036281,-0.252741336261709,-0.251472608518561,-0.25021534543662,-0.248969532482881,-0.247735144861909,-0.24651214835828,-0.245300500124409,-0.244100149416897,-0.242911038284404,-0.2417331022099,-0.240566270710006,-0.239410467894015,-0.238265612985021,-0.237131620805469,-0.236008402229327,-0.234895864602924,-0.233793912136419,-0.232702446267731,-0.231621366000665,-0.230550568218863,-0.229489947977116,-0.228439398771482,-0.227398812789567,-0.226368081142239,-0.225347094077984,-0.224335741181021,-0.223333911554241,-0.222341493987944,-0.221358377115333,-0.220384449555606,-0.21941960004549,-0.218463717559969,-0.217516691422929,-0.216578411408403,-0.215648767833033,-0.21472765164035,-0.213814954477425,-0.212910568764419,-0.212014387757493,-0.211126305605569,-0.210246217401339,-0.20937401922694,-0.208509608194659,-0.207652882483022,-0.206803741368594,-0.205962085253801,-0.205127815691052,-0.204300835403435,-0.20348104830224,-0.20266835950154,-0.201862675330053,-0.201063903340484,-0.200271952316548,-0.199486732277849,-0.19870815448278,-0.197936131429603,-0.197170576855865,-0.196411405736262,-0.195658534279111,-0.194911879921521,-0.194171361323389,-0.193436898360327,-0.192708412115601,-0.191985824871192,-0.19126906009805,-0.190558042445621,-0.189852697730726,-0.189152952925852,-0.188458736146927,-0.187769976640627,-0.187086604771277,-0.186408552007402,-0.185735750907957,-0.185068135108301,-0.184405639305934,-0.183748199246062,-0.183095751706993,-0.182448234485423,-0.181805586381621,-0.181167747184557,-0.18053465765699,-0.179906259520539,-0.17928249544076,-0.178663309012246,-0.178048644743777,0,-0.265663729572202,-0.266971041424208,-0.268334087663562,-0.26973081065087,-0.27115893861744,-0.272624124732418,-0.274134084978609,-0.275695868038329,-0.277314631755548,-0.278993225369077,-0.280732217151226,-0.282530142331298,-0.284383828076535,-0.286288712709002,-0.288239120145738,-0.290228479777114,-0.292249499105783,-0.294294304219255,-0.29635456430344,-0.298421613419778,-0.300486577765534,-0.30254051122902,-0.304574537341116,-0.306579992338208,-0.308548562218259,-0.310472406320895,-0.312344260827199,-0.314157517286931,-0.315906273448206,-0.317585355929735,-0.319190316352524,-0.32071740423774,-0.322163521170934,-0.323526161398367,-0.324803344189132,-0.32599354303946,-0.327095616209547,-0.328108742273644,-0.329032363432706,-0.329866138376159,-0.330609905559665,-0.331263656945296,-0.331827521567251,-0.332301757761178,-0.332686752534418,-0.332983026352248,-0.333191241556066,-0.333312212691693,-0.333346917183927,-0.333296505020047,-0.333162306373757,-0.332945836387772,-0.332648796617182,-0.332273072900219,-0.331820729655938,-0.331294000801913,-0.330695277635437,-0.330027094128787,-0.3292921101551,-0.328493093190757,-0.327632899038576,-0.326714452089678,-0.325740725597002,-0.324714722376054,-0.323639456283825,-0.32251793475946,-0.321353142643836,-0.320148027432417,-0.318905486058543,-0.317628353253882,-0.316319391489782,-0.314981282467683,-0.313616620098549,-0.312227904889722,-0.310817539642231,-0.309387826351443,-0.307940964198407,-0.306479048517394,-0.305004070626324,-0.303517918410285,-0.302022377553624,-0.30051913332257,-0.299009772807662,-0.297495787542971,-0.295978576427021,-0.294459448878123,-0.292939628164439,-0.291420254856326,-0.289902390355294,-0.288387020460207,-0.286875058937147,-0.285367351064555,-0.283864677130032,-0.282367755859344,-0.28087724776193,-0.279393758380459,-0.277917841434883,-0.27645000185385,-0.274990698688515,-0.273540347905597,-0.27209932505804,-0.270667967832961,-0.269246578477615,-0.267835426104999,-0.266434748881432,-0.265044756098988,-0.263665630136149,-0.262297528310335,-0.260940584626235,-0.259594911424026,-0.258260600931668,-0.256937726725498,-0.255626345103371,-0.254326496374544,-0.253038206070428,-0.251761486080277,-0.25049633571573,-0.249242742708041,-0.248000684141673,-0.246770127327816,-0.245551030621213,-0.244343344183574,-0.243147010696658,-0.241961966028016,-0.240788139852191,-0.239625456230045,-0.238473834148781,-0.237333188025013,-0.236203428173201,-0.235084461241565,-0.233976190617517,-0.232878516804521,-0.231791337772173,-0.230714549281206,-0.229648045185008,-0.22859171770916,-0.227545457710397,-0.226509154916328,-0.22548269814715,-0.224465975520531,-0.223458874640769,-0.222461282773233,-0.221473087005078,-0.22049417439313,-0.219524432099783,-0.218563747517722,-0.217612008384205,-0.216669102885608,-0.215734919752897,-0.214809348348624,-0.213892278746037,-0.212983601800846,-0.21208320921613,-0.211190993600879,-0.2103068485226,-0.209430668554414,-0.20856234931701,-0.207701787515845,-0.206848880973912,-0.206003528660398,-0.205165630715528,-0.204335088471883,-0.203511804472435,-0.202695682485553,-0.201886627517207,-0.201084545820582,-0.200289344903294,-0.199500933532402,-0.198719221737386,-0.197944120811256,-0.197175543309932,-0.196413403050054,-0.195657615105336,-0.194908095801607,-0.194164762710627,-0.193427534642813,-0.192696331638957,-0.191971074961031,-0.191251687082178,-0.190538091675949,-0.189830213604883,-0.189127978908481,-0.188431314790654,-0.187740149606696,-0.187054412849845,-0.186374035137472,-0.185698948196961,-0.185029084851324,-0.184364379004574,-0.183704765626922,-0.183050180739805,-0.182400561400807,-0.181755845688478,-0.181115972687097,-0.180480882471394,-0.179850516091258,-0.179224815556456,-0.17860372382138,-0.177987184769842,-0.177375143199929,0,-0.266529393869353,-0.267872087351343,-0.269263674869747,-0.27068442467017,-0.272136031308657,-0.273626590861834,-0.275164824625543,-0.276757777424909,-0.278409973073688,-0.280123293377899,-0.281897218618611,-0.283729212065884,-0.285615120435773,-0.287549525329189,-0.289526023287742,-0.291537438017117,-0.293575981429118,-0.295633384075792,-0.297701013520312,-0.299769993921989,-0.301831333729242,-0.303876062379171,-0.305895372215256,-0.307880758873941,-0.309824152186686,-0.311718029960838,-0.313555508453499,-0.315330405496334,-0.317037274644828,-0.318671411060606,-0.320228831832545,-0.321706234944397,-0.323100942038693,-0.324410830518433,-0.325634260433064,-0.326770001109431,-0.327817161722569,-0.328775129065936,-0.329643514777173,-0.330422113288723,-0.331110870868929,-0.331709865345467,-0.332219295487435,-0.33263947857746,-0.33297085442893,-0.333213993983787,-0.333369610642804,-0.333438572607695,-0.333421914725002,-0.333320848587567,-0.333136769944105,-0.332871262767944,-0.332526099623003,-0.332103238224071,-0.331604814309267,-0.331033131119712,-0.330390645912927,-0.329679954023901,-0.328903771034634,-0.328064913624927,-0.327166279660295,-0.326210828033959,-0.325201558725121,-0.324141493471176,-0.323033657382149,-0.321881061755654,-0.320686688283381,-0.319453474777786,-0.318184302491997,-0.31688198505772,-0.315549259025501,-0.314188775959052,-0.31280309600988,-0.311394682879722,-0.309965900065381,-0.308519008272744,-0.30705616388317,-0.305579418355314,-0.30409071844802,-0.302591907154594,-0.301084725244912,-0.299570813318983,-0.298051714283383,-0.296528876170026,-0.295003655224844,-0.293477319201854,-0.291951050805698,-0.290425951232917,-0.288903043768908,-0.287383277403664,-0.28586753043501,-0.284356614033119,-0.282851275744621,-0.281352202918642,-0.279860026040669,-0.278375321963237,-0.276898617025129,-0.27543039005312,-0.273971075242261,-0.272521064912428,-0.271080712140241,-0.269650333266677,-0.268230210281671,-0.266820593087774,-0.265421701645627,-0.264033728004442,-0.262656838221138,-0.261291174172011,-0.259936855261048,-0.258593980029111,-0.257262627668292,-0.255942859445755,-0.254634720041354,-0.253338238803285,-0.252053430925915,-0.250780298553846,-0.249518831816172,-0.248269009794699,-0.247030801429837,-0.245804166367651,-0.244589055751466,-0.243385412961234,-0.242193174303741,-0.241012269656582,-0.23984262306866,-0.238684153319869,-0.237536774442432,-0.236400396206266,-0.235274924570601,-0.234160262103951,-0.233056308374436,-0.231962960312308,-0.230880112546462,-0.229807657716579,-0.228745486762457,-0.227693489192015,-0.226651553329329,-0.225619566544005,-0.224597415463104,-0.223584986166753,-0.22258216436853,-0.221588835581598,-0.220604885271566,-0.219630198996927,-0.218664662537927,-0.217708162014614,-0.216760583994828,-0.215821815592776,-0.214891744558858,-0.213970259361331,-0.213057249260364,-0.212152604375016,-0.211256215743635,-0.210367975378109,-0.209487776312436,-0.208615512645979,-0.207751079581812,-0.206894373460486,-0.206045291789556,-0.205203733269181,-0.204369597814067,-0.203542786572041,-0.202723201939498,-0.201910747573956,-0.201105328403947,-0.200306850636435,-0.199515221761967,-0.198730350557728,-0.197952147088674,-0.197180522706887,-0.196415390049314,-0.195656663034015,-0.194904256855048,-0.194158087976118,-0.193418074123085,-0.19268413427545,-0.191956188656909,-0.191234158725056,-0.190517967160331,-0.189807537854285,-0.189102795897231,-0.188403667565355,-0.18771008030734,-0.187021962730571,-0.186339244586965,-0.185661856758485,-0.184989731242378,-0.184322801136177,-0.183661000622516,-0.183004264953789,-0.182352530436685,-0.181705734416634,-0.18106381526219,-0.180426712349378,-0.179794366046035,-0.179166717696155,-0.178543709604273,-0.177925285019897,-0.177311388122006,-0.176701964003633,0,-0.267415131886171,-0.268796319869299,-0.270214321165242,-0.271657096743133,-0.273131300851159,-0.274647319853441,-0.276214473707891,-0.277839401933658,-0.279525679084603,-0.281274008441496,-0.283082665372185,-0.28494799735781,-0.286864877175321,-0.288827067001696,-0.290827489609622,-0.292858423618664,-0.294911647888513,-0.296978559844176,-0.29905028732424,-0.301117806214848,-0.303172068694902,-0.305204140676717,-0.30720534265736,-0.309167385876449,-0.311082495228131,-0.312943511404531,-0.31474396676534,-0.316478131941717,-0.31814103276378,-0.319728439421068,-0.321236831608935,-0.322663344673132,-0.324005702422246,-0.325262142383136,-0.326431338921079,-0.327512328949219,-0.328504444030749,-0.32940725164431,-0.330220507335165,-0.330944118489011,-0.331578119598721,-0.332122658183458,-0.332577989983357,-0.33294448169493,-0.333222619323434,-0.333413020190841,-0.333516446727009,-0.333533820359362,-0.333466234073507,-0.333314962515721,-0.333081468822364,-0.332767407669395,-0.332374624319908,-0.331905149696541,-0.331361191710964,-0.330745123240815,-0.330059467255631,-0.3293068796603,-0.328490130452446,-0.327612083785058,-0.326675677494536,-0.325683902603844,-0.32463978324709,-0.323546357391325,-0.322406658658303,-0.321223699477354,-0.320000455733127,-0.318739853010871,-0.317444754488201,-0.316117950476722,-0.314762149579332,-0.313379971399313,-0.311973940714825,-0.310546483016371,-0.309099921294433,-0.307636473958813,-0.306158253769588,-0.304667267660979,-0.30316541734338,-0.301654500574439,-0.300136212997076,-0.298612150450035,-0.297083811664808,-0.295552601271045,-0.29401983304084,-0.292486733310216,-0.290954444523717,-0.289424028855103,-0.287896471863684,-0.286372686151864,-0.284853514994864,-0.283339735918505,-0.281832064205274,-0.280331156312719,-0.278837613191636,-0.277351983494403,-0.275874766666383,-0.274406415915498,-0.272947341056911,-0.271497911231349,-0.270058457496893,-0.268629275295146,-0.267210626793606,-0.265802743106737,-0.264405826398868,-0.263020051872423,-0.261645569645367,-0.260282506521966,-0.258930967661117,-0.257591038146626,-0.256262784463806,-0.254946255886801,-0.253641485780974,-0.252348492824638,-0.251067282154295,-0.249797846437455,-0.248540166876958,-0.24729421415059,-0.246059949289636,-0.244837324499869,-0.243626283928307,-0.24242676437892,-0.241238695980336,-0.240062002808402,-0.238896603466361,-0.237742411625215,-0.236599336526736,-0.235467283451434,-0.234346154153685,-0.23323584726606,-0.232136258674823,-0.231047281868411,-0.229968808260637,-0.228900727490227,-0.227842927698218,-0.226795295784655,-0.225757717645931,-0.224730078394029,-0.223712262558858,-0.222704154274793,-0.221705637452469,-0.220716595936792,-0.219736913652108,-0.218766474735365,-0.217805163658094,-0.216852865337955,-0.21590946524055,-0.214974849472179,-0.214048904864145,-0.213131519049202,-0.21222258053067,-0.211321978744755,-0.210429604116516,-0.209545348109951,-0.208669103272611,-0.207800763275119,-0.206940222945981,-0.206087378302011,-0.205242126574703,-0.204404366232831,-0.203573997001577,-0.202750919878433,-0.201935037146119,-0.201126252382758,-0.200324470469504,-0.199529597595834,-0.198741541262688,-0.197960210283615,-0.197185514784111,-0.196417366199281,-0.195655677269971,-0.194900362037506,-0.194151335837144,-0.193408515290379,-0.192671818296178,-0.191941164021269,-0.191216472889558,-0.190497666570772,-0.189784667968398,-0.189077401207003,-0.188375791618995,-0.187679765730885,-0.186989251249131,-0.186304177045595,-0.185624473142672,-0.184950070698147,-0.184280901989813,-0.183616900399897,-0.182958000399329,-0.182304137531885,-0.181655248398246,-0.181011270639994,-0.180372142923575,-0.17973780492425,-0.179108197310071,-0.178483261725879,-0.177862940777366,-0.17724717801521,-0.176635917919288,-0.17602910588301,0,-0.268323301229564,-0.269742836969004,-0.271184240338198,-0.272647226225985,-0.274143643636789,-0.275685687123571,-0.277282743771986,-0.278940616279498,-0.280661630466458,-0.28244513544591,-0.284288124728905,-0.286185822466517,-0.288132163045045,-0.290120147659526,-0.292142093136715,-0.294189802518939,-0.296254689422331,-0.298327883547356,-0.300400336551572,-0.302462938470281,-0.304506646791999,-0.306522624184904,-0.308502377113087,-0.310437886094091,-0.312321718748548,-0.314147118543067,-0.315908064660789,-0.31759930123322,-0.319216336819106,-0.320755417233632,-0.322213476451864,-0.323588071280601,-0.324877305842832,-0.326079751735624,-0.327194369123636,-0.328220433145045,-0.329157468958721,-0.330005197660279,-0.330763494229906,-0.331432357714156,-0.332011893033383,-0.332502303172581,-0.33290389006538,-0.333217062214317,-0.333442346989794,-0.333580405592297,-0.333632048819499,-0.333598252021892,-0.333480167927602,-0.333279136341233,-0.332996690048506,-0.332634556568214,-0.332194655670345,-0.331679092814134,-0.331090148846577,-0.330430266439319,-0.329702033831483,-0.328908166492371,-0.328051487327138,-0.327134906027196,-0.326161398122714,-0.325133984233764,-0.324055709945951,-0.322929626660938,-0.321758773696736,-0.320546161840289,-0.31929475848825,-0.318007474452464,-0.316687152455548,-0.315336557299194,-0.313958367653428,-0.312555169388411,-0.311129450350814,-0.309683596473492,-0.308219889099227,-0.306740503395779,-0.305247507739615,-0.303742863948619,-0.302228428249165,-0.300705952869568,-0.299177088159559,-0.297643385143727,-0.296106298425343,-0.294567189365574,-0.293027329471344,-0.291487903933109,-0.289950015261303,-0.288414686977181,-0.286882867320191,-0.285355432939845,-0.283833192545309,-0.282316890490609,-0.280807210277538,-0.279304777961983,-0.277810165452596,-0.27632389369351,-0.274846435725175,-0.273378219619435,-0.271919631286679,-0.270471017154365,-0.269032686717402,-0.267604914961888,-0.266187944664469,-0.264781988570276,-0.263387231452849,-0.262003832059881,-0.260631924948855,-0.259271622216883,-0.257923015129142,-0.256586175650389,-0.255261157884022,-0.25394799942315,-0.252646722618045,-0.251357335764288,-0.250079834215776,-0.248814201426654,-0.247560409926097,-0.24631842222969,-0.245088191691055,-0.243869663297145,-0.242662774410547,-0.241467455461915,-0.240283630595531,-0.239111218270837,-0.237950131822627,-0.236800279982443,-0.235661567363586,-0.234533894912023,-0.233417160325315,-0.232311258441618,-0.231216081600635,-0.230131519978332,-0.229057461897092,-0.227993794112906,-0.226940402081069,-0.225897170201817,-0.224863982047177,-0.223840720570296,-0.222827268298395,-0.221823507510424,-0.220829320400447,-0.219844589227714,-0.218869196454295,-0.217903024871135,-0.216945957713294,-0.215997878765133,-0.215058672456094,-0.214128223947766,-0.213206419212794,-0.212293145106229,-0.211388289429829,-0.210491740989808,-0.209603389648502,-0.208723126370368,-0.207850843262748,-0.206986433611738,-0.206129791913553,-0.205280813901697,-0.204439396570243,-0.203605438193532,-0.202778838342544,-0.201959497898193,-0.201147319061795,-0.200342205362913,-0.199544061664793,-0.198752794167585,-0.197968310409516,-0.197190519266196,-0.196419330948205,-0.195654656997107,-0.194896410280026,-0.194144504982913,-0.19339885660262,-0.192659381937892,-0.191925999079371,-0.191198627398724,-0.190477187536965,-0.189761601392063,-0.189051792105914,-0.188347684050739,-0.187649202814987,-0.186956275188789,-0.186268829149033,-0.185586793844106,-0.184910099578351,-0.184238677796289,-0.183572461066646,-0.182911383066212,-0.182255378563596,-0.181604383402872,-0.180958334487186,-0.180317169762314,-0.179680828200225,-0.179049249782658,-0.178422375484743,-0.177800147258673,-0.177182508017463,-0.176569401618792,-0.175960772848965,-0.175356567406983,0,-0.26925683051192,-0.270710402448398,-0.272171582987358,-0.273653370948116,-0.275172203393107,-0.276741312472845,-0.278369537006383,-0.280061411267193,-0.281817748541005,-0.283636415151145,-0.285513091011827,-0.287441906616833,-0.289415920960334,-0.291427451111711,-0.293468287035167,-0.295529831955346,-0.29760320517635,-0.299679335447962,-0.301749062236023,-0.303803252024234,-0.305832928527883,-0.307829410109038,-0.309784444809843,-0.311690332918175,-0.313540028274062,-0.31532721196523,-0.317046335028463,-0.318692629756093,-0.320262091828322,-0.321751437521231,-0.323158041576239,-0.324479861962405,-0.325715357793937,-0.32686340620061,-0.327923223125558,-0.328894291979655,-0.329776302937882,-0.330569104523748,-0.33127266807306,-0.331887064754509,-0.332412454086828,-0.332849082346536,-0.333197288907038,-0.333457518376958,-0.333630336391854,-0.333716447031668,-0.333716710055816,-0.333632156437492,-0.333464001008454,-0.333213651368477,-0.332882712546838,-0.332472987208851,-0.331986471465814,-0.331425346563929,-0.330791966893603,-0.330088844875519,-0.329318633347473,-0.328484106101842,-0.327588137214536,-0.3266336797698,-0.325623744528724,-0.324561379019514,-0.323449647450715,-0.322291611769529,-0.32109031411032,-0.319848760806206,-0.318569908071459,-0.317256649405387,-0.315911804720094,-0.314538111154983,-0.313138215509665,-0.311714668203473,-0.310269918653174,-0.308806311949822,-0.307326086710081,-0.305831373975856,-0.304324197037866,-0.30280647206307,-0.301280009412081,-0.29974651554009,-0.29820759538313,-0.296664755140165,-0.29511940537028,-0.293572864332926,-0.292026361507507,-0.290481041236534,-0.288937966443969,-0.287398122387218,-0.285862420407463,-0.284331701648677,-0.28280674072071,-0.281288249286355,-0.279776879556225,-0.278273227678803,-0.276777837015995,-0.275291201297151,-0.273813767646745,-0.272345939482795,-0.2708880792847,-0.26944051123052,-0.268003523704806,-0.266577371678987,-0.265162278967072,-0.263758440359941,-0.262366023641994,-0.260985171494208,-0.259616003287917,-0.25825861677376,-0.256913089670339,-0.255579481157158,-0.254257833276383,-0.252948172247946,-0.251650509702382,-0.250364843835727,-0.249091160490663,-0.247829434167941,-0.246579628972006,-0.245341699494541,-0.244115591639542,-0.242901243393325,-0.241698585542756,-0.240507542344778,-0.239328032150211,-0.23815996798461,-0.237003258088826,-0.235857806421776,-0.234723513127788,-0.23360027497075,-0.232487985737169,-0.231386536610114,-0.230295816515928,-0.229215712445435,-0.228146109751313,-0.227086892423183,-0.226037943341854,-0.224999144514109,-0.223970377289302,-0.222951522558972,-0.22194246094061,-0.220943072946626,-0.219953239139509,-0.218972840274119,-0.218001757427964,-0.217039872120297,-0.216087066420773,-0.215143223048401,-0.214208225461452,-0.21328195793894,-0.212364305654275,-0.211455154741631,-0.210554392355534,-0.209661906724169,-0.208777587196821,-0.207901324285913,-0.207033009703989,-0.20617253639604,-0.2053197985675,-0.204474691708237,-0.203637112612836,-0.202806959397458,-0.201984131513523,-0.20116852975848,-0.200360056283874,-0.199558614600935,-0.198764109583877,-0.1979764474711,-0.197195535864465,-0.196421283726796,-0.195653601377774,-0.194892400488349,-0.194137594073809,-0.193389096485616,-0.192646823402144,-0.191910691818397,-0.191180620034825,-0.190456527645323,-0.189738335524494,-0.189025965814263,-0.188319341909902,-0.187618388445552,-0.186923031279286,-0.186233197477788,-0.185548815300687,-0.184869814184612,-0.184196124727001,-0.183527678669709,-0.182864408882465,-0.182206249346203,-0.181553135136305,-0.180905002405785,-0.180261788368447,-0.17962343128204,-0.178989870431434,-0.178361046111839,-0.177736899612087,-0.177117373197999,-0.176502410095847,-0.17589195447593,-0.175285951436279,-0.174684346986505,0,-0.270217820231339,-0.271697253422515,-0.27317447783236,-0.274674310513658,-0.2762164080395,-0.277814066711197,-0.279474930358202,-0.28120186514804,-0.282993962351849,-0.28484753309405,-0.286756959935783,-0.288715345505188,-0.290714960833321,-0.292747530534836,-0.294804404681102,-0.296876665922129,-0.29895521122911,-0.301030835071674,-0.303094328116504,-0.305136594686918,-0.307148784314841,-0.309122428022497,-0.311049568216645,-0.312922871663447,-0.314735717200258,-0.316482252899375,-0.318157420694913,-0.319756949534151,-0.321277320601511,-0.322715709924168,-0.324069914668371,-0.325338269733174,-0.3265195609601,-0.327612940548104,-0.328617849242751,-0.329533948695585,-0.330361066182432,-0.331099152721774,-0.331748254614503,-0.332308497579164,-0.332780082005746,-0.333163287402326,-0.333458483854333,-0.333666148237222,-0.333786882993691,-0.333821435475739,-0.333770716127352,-0.333635814113612,-0.333418009357099,-0.333118780296986,-0.332739807019389,-0.332282969703854,-0.331750342579891,-0.331144183784056,-0.330466921650922,-0.329721138062953,-0.328909549529633,-0.328034986672032,-0.327100372762722,-0.326108701920478,-0.325063017491921,-0.323966391074827,-0.322821902556066,-0.321632621455652,-0.320401589790799,-0.319131806602674,-0.317826214225443,-0.316487686322954,-0.315119017673351,-0.313722915645751,-0.312301993285262,-0.310858763902348,-0.309395637048834,-0.3079149157548,-0.306418794897244,-0.304909360571798,-0.30338859034212,-0.301858354247171,-0.300320416453688,-0.298776437449379,-0.297227976681098,-0.295676495551332,-0.294123360695249,-0.292569847469379,-0.29101714359126,-0.289466352877305,-0.287918499033358,-0.286374529459119,-0.284835319033647,-0.283301673854607,-0.281774334908783,-0.280253981655664,-0.278741235509699,-0.277236663210076,-0.275740780069768,-0.274254053097984,-0.272776903992271,-0.271309711998283,-0.269852816636664,-0.268406520297763,-0.266971090705871,-0.265546763255471,-0.264133743222679,-0.26273220785549,-0.261342308346892,-0.25996417169512,-0.258597902455554,-0.257243584388856,-0.255901282010005,-0.254571042042867,-0.253252894784929,-0.251946855386731,-0.250652925050425,-0.249371092151787,-0.248101333289869,-0.246843614268302,-0.245597891012151,-0.244364110424023,-0.243142211182982,-0.241932124489661,-0.240733774760794,-0.23954708027623,-0.238371953781334,-0.237208303047528,-0.236056031393571,-0.234915038170047,-0.23378521920936,-0.232666467243452,-0.231558672291283,-0.230461722018025,-0.229375502067789,-0.228299896371611,-0.227234787432297,-0.22618005658765,-0.225135584253501,-0.224101250147871,-0.223076933497526,-0.222062513228085,-0.221057868138795,-0.220062877062991,-0.219077419015215,-0.218101373325896,-0.217134619764434,-0.216177038651487,-0.215228510961197,-0.214288918414058,-0.213358143561061,-0.212436069859746,-0.211522581742702,-0.210617564679077,-0.209720905229567,-0.208832491095372,-0.207952211161541,-0.207079955535111,-0.20621561557843,-0.205359083938012,-0.204510254569256,-0.203669022757337,-0.202835285134565,-0.202008939694477,-0.201189885802911,-0.200378024206308,-0.19957325703745,-0.19877548781885,-0.197984621463973,-0.197200564276478,-0.196423223947643,-0.195652509552122,-0.194888331542194,-0.194130601740614,-0.193379233332225,-0.19263414085441,-0.191895240186525,-0.191162448538395,-0.190435684437971,-0.189714867718244,-0.188999919503478,-0.188290762194862,-0.187587319455631,-0.186889516195729,-0.186197278556074,-0.185510533892481,-0.184829210759289,-0.184153238892751,-0.183482549194218,-0.182817073713164,-0.182156745630097,-0.181501499239371,-0.180851269931948,-0.18020599417814,-0.179565609510339,-0.178930054505785,-0.17829926876937,-0.17767319291652,-0.177051768556154,-0.17643493827376,-0.175822645614579,-0.175214835066927,-0.174611452045665,-0.174012442875818,0,-0.271205569204564,-0.27270103816185,-0.274191124730914,-0.275709116283051,-0.277275997120524,-0.278904065273653,-0.280599148264315,-0.282362107113944,-0.284190171620673,-0.286078087506361,-0.28801900424001,-0.290005095381508,-0.292027951561888,-0.294078807167512,-0.296148663642363,-0.298228363075454,-0.30030865124053,-0.302380253634719,-0.304433974068525,-0.306460814545245,-0.308452108106797,-0.310399652865608,-0.312295834984293,-0.314133730082096,-0.315907175577771,-0.317610810048477,-0.319240079179343,-0.320791210872669,-0.322261164337189,-0.323647559400405,-0.324948592913054,-0.326162949054214,-0.327289709749289,-0.328328270444798,-0.329278265298933,-0.330139504580877,-0.330911925834186,-0.331595559231975,-0.332190506589848,-0.332696932738708,-0.333115067406482,-0.333445215411981,-0.333687772820024,-0.333843246719982,-0.333912276439919,-0.333895654262322,-0.333794344031532,-0.333609496405737,-0.333342459879218,-0.332994787059916,-0.332568236014518,-0.332064766775365,-0.331486533332641,-0.330835871608648,-0.33011528402947,-0.329327421377122,-0.328475062628605,-0.327561093474793,-0.326588484169747,-0.325560267297882,-0.324479515969814,-0.323349322873986,-0.322172780525838,-0.320952962973462,-0.319692909141474,-0.318395607925421,-0.317063985088532,-0.315700891961631,-0.314309095905435,-0.312891272461821,-0.31144999909622,-0.309987750416165,-0.308506894740164,-0.307009691885518,-0.305498292042482,-0.30397473560431,-0.302440953827531,-0.300898770203495,-0.299349902430219,-0.297795964882358,-0.296238471486343,-0.294678838917007,-0.293118390041126,-0.291558357542091,-0.289999887668212,-0.288444044054877,-0.286891811577928,-0.285344100202091,-0.283801748794156,-0.282265528875836,-0.280736148295897,-0.27921425480522,-0.277700439522042,-0.276195240277741,-0.274699144836168,-0.273212593981843,-0.271735984474249,-0.27026967186709,-0.268813973192724,-0.267369169513126,-0.265935508339586,-0.26451320592413,-0.263102449426187,-0.26170339895847,-0.26031618951634,-0.258940932795202,-0.257577718900547,-0.256226617955394,-0.254887681609881,-0.253560944457717,-0.252246425364173,-0.250944128710158,-0.249654045556855,-0.24837615473522,-0.247110423864513,-0.245856810303882,-0.244615262040844,-0.243385718520348,-0.242168111417931,-0.240962365360323,-0.23976839859667,-0.238586123623405,-0.237415447765619,-0.236256273717645,-0.235108500045403,-0.233972021652933,-0.232846730215375,-0.231732514580558,-0.230629261141204,-0.229536854179655,-0.228455176186904,-0.227384108157612,-0.226323529862678,-0.225273320100856,-0.224233356930793,-0.223203517884796,-0.22218368016555,-0.221173720826927,-0.220173516939955,-0.219182945744965,-0.218201884790832,-0.21723021206222,-0.216267806095627,-0.215314546085017,-0.214370311977759,-0.213434984561546,-0.212508445542921,-0.211590577618007,-0.210681264535993,-0.209780391155888,-0.208887843497027,-0.208003508783781,-0.207127275484893,-0.206259033347836,-0.205398673428548,-0.204546088116914,-0.203701171158278,-0.202863817671331,-0.202033924162608,-0.201211388537891,-0.200396110110745,-0.199587989608414,-0.198786929175297,-0.197992832374196,-0.19720560418552,-0.196425151004624,-0.195651380637435,-0.194884202294516,-0.19412352658371,-0.193369265501498,-0.192621332423175,-0.191879642091976,-0.191144110607242,-0.190414655411729,-0.189691195278147,-0.188973650295024,-0.188261941851949,-0.187555992624287,-0.186855726557431,-0.186161068850641,-0.185471945940533,-0.184788285484279,-0.184110016342553,-0.183437068562281,-0.182769373359225,-0.182106863100451,-0.181449471286708,-0.180797132534753,-0.180149782559656,-0.179507358157105,-0.178869797185741,-0.178237038549544,-0.1776090221803,-0.176985689020149,-0.176366981004248,-0.175752841043561,-0.175143213007785,-0.174538041708433,-0.173937272882075,-0.17334085317376,0,-0.272216816317409,-0.273718944851885,-0.275219929410865,-0.276757219042367,-0.278351035209197,-0.280011647343656,-0.281742524403607,-0.283542274297978,-0.285406207260913,-0.287327557826634,-0.289298351831486,-0.291309960584609,-0.293353416688303,-0.29541957242072,-0.297499172569028,-0.299582896943801,-0.30166140880339,-0.303725427622237,-0.305765830201511,-0.3077737740119,-0.30974083092127,-0.311659117519051,-0.313521409196759,-0.315321227973865,-0.317052897830433,-0.318711565249397,-0.320293186221494,-0.321794483779765,-0.323212882054071,-0.324546423863818,-0.325793679095659,-0.326953650697197,-0.328025684235196,-0.32900938579163,-0.329904551658126,-0.330711111966321,-0.331429089155562,-0.332058571098432,-0.332599697820905,-0.333052660087597,-0.33341770767571,-0.333695164921839,-0.333885451071573,-0.333989103063278,-0.334006798601287,-0.333939377684966,-0.333787861125069,-0.333553464966266,-0.333237610118004,-0.332841926853342,-0.332368254151045,-0.331818634119756,-0.331195301949232,-0.330500671981823,-0.329737320590571,-0.328907966594168,-0.328015449940904,-0.327062709361968,-0.326052759637379,-0.324988669043486,-0.323873537466435,-0.322710475577451,-0.321502585378078,-0.320252942340381,-0.318964579291228,-0.317640472122715,-0.316283527353459,-0.314896571518032,-0.313482342323872,-0.312043481486027,-0.310582529129064,-0.309101919631429,-0.307603978779503,-0.306090922095397,-0.304564854203287,-0.303027769102918,-0.301481551224994,-0.299927977150869,-0.298368717887697,-0.296805341599541,-0.295239316704467,-0.293672015257143,-0.29210471654565,-0.290538610839952,-0.288974803237679,-0.287414317560473,-0.285858100261081,-0.284307024307673,-0.282761893017499,-0.281223443817041,-0.27969235191022,-0.278169233840139,-0.276654650933197,-0.275149112617335,-0.273653079608685,-0.272166966963003,-0.27069114699008,-0.269225952030791,-0.267771677097723,-0.266328582381286,-0.264896895624067,-0.2634768143668,-0.262068508069837,-0.260672120114384,-0.259287769688007,-0.257915553559124,-0.256555547745279,-0.255207809080038,-0.25387237668335,-0.252549273340149,-0.251238506791902,-0.249940070945682,-0.248653947005236,-0.247380104528343,-0.246118502414629,-0.24486908982782,-0.243631807056253,-0.242406586315292,-0.241193352495125,-0.239992023857249,-0.238802512682766,-0.237624725875492,-0.236458565522657,-0.23530392941589,-0.234160711534969,-0.233028802496733,-0.231908089971363,-0.230798459068154,-0.229699792692737,-0.228611971877622,-0.227534876087805,-0.226468383503073,-0.225412371278558,-0.224366715784974,-0.223331292829894,-0.222305977861337,-0.221290646154862,-0.220285172985267,-0.219289433783959,-0.218303304282945,-0.217326660646392,-0.216359379590583,-0.215401338493087,-0.214452415491893,-0.213512489575193,-0.212581440662494,-0.211659149677654,-0.210745498614418,-0.209840370595002,-0.20894364992221,-0.208055222125559,-0.207174974001852,-0.206302793650604,-0.205438570504703,-0.204582195356661,-0.20373356038079,-0.202892559151619,-0.20205908665882,-0.201233039318948,-0.200414314984214,-0.19960281294855,-0.198798433951171,-0.198001080177844,-0.197210655260061,-0.196427064272285,-0.195650213727429,-0.194880011570747,-0.194116367172249,-0.193359191317799,-0.192608396199009,-0.191863895402039,-0.19112560389543,-0.190393438017044,-0.189667315460232,-0.188947155259291,-0.188232877774302,-0.187524404675428,-0.186821658926731,-0.186124564769572,-0.18543304770566,-0.184747034479802,-0.184066453062399,-0.183391232631745,-0.182721303556152,-0.18205659737597,-0.181397046785514,-0.18074258561494,-0.180093148812099,-0.179448672424401,-0.178809093580715,-0.17817435047332,-0.177544382339937,-0.176919129445859,-0.176298533066193,-0.175682535468244,-0.17507107989403,-0.174464110542971,-0.173861572554738,-0.173263411992293,-0.172669575825107,0,-0.273246318730656,-0.274748000514868,-0.27625965975716,-0.277818463825999,-0.279441907159271,-0.281137339829787,-0.282905453585823,-0.284742464115455,-0.286641791349953,-0.288595275416058,-0.29059396761091,-0.292628585255362,-0.29468973407049,-0.296767993462723,-0.29885394086456,-0.300938168210058,-0.303011321218297,-0.305064173230841,-0.307087731350018,-0.309073363874523,-0.311012934030013,-0.312898924767041,-0.314724541781928,-0.31648378577434,-0.318171489322824,-0.319783317908188,-0.321315738068466,-0.322765958183526,-0.324131848903526,-0.325411850827707,-0.326604876863139,-0.327710215938307,-0.328727443608463,-0.32965634374582,-0.3304968441061,-0.331248967218777,-0.331912796844323,-0.332488459231244,-0.332976117617344,-0.333375977861667,-0.333688302758425,-0.333913432452134,-0.334051808416203,-0.334103998641885,-0.33407072197513,-0.333952869899694,-0.33375152446226,-0.333467971439653,-0.333103708234621,-0.332660446336028,-0.332140108478443,-0.331544820877276,-0.33087690109631,-0.330138842226107,-0.329333294119268,-0.328463042448757,-0.327530986336923,-0.326540115254075,-0.325493485815121,-0.324394199018785,-0.323245378383013,-0.322050149338075,-0.32081162015004,-0.319532864564843,-0.318216906289326,-0.316866705361603,-0.31548514640929,-0.314075028750509,-0.312639058258461,-0.311179840885058,-0.309699877721433,-0.308201561462207,-0.306687174134915,-0.305158885955112,-0.303618755170244,-0.302068728760757,-0.300510643874117,-0.298946229876056,-0.297377110912717,-0.295804808887144,-0.294230746763365,-0.292656252120939,-0.291082560892002,-0.289510821221591,-0.287942097400033,-0.286377373823667,-0.284817558946866,-0.283263489194437,-0.281715932808874,-0.28017559361175,-0.278643114662764,-0.277119081803627,-0.275604027077146,-0.274098432014645,-0.272602730787131,-0.271117313217655,-0.269642527653918,-0.268178683701568,-0.266726054819772,-0.265284880781528,-0.26385537000193,-0.262437701738174,-0.261032028165477,-0.259638476333471,-0.258257150007766,-0.256888131401574,-0.255531482802322,-0.254187248098193,-0.252855454209497,-0.251536112429715,-0.250229219680931,-0.248934759688257,-0.247652704077699,-0.246383013401776,-0.245125638097009,-0.243880519377249,-0.242647590066618,-0.241426775375683,-0.240217993624291,-0.239021156914316,-0.237836171755427,-0.236662939646789,-0.235501357617471,-0.234351318728169,-0.233212712536711,-0.232085425529672,-0.230969341522276,-0.229864342028646,-0.228770306604342,-0.227687113163003,-0.22661463826879,-0.225552757406247,-0.224501345229075,-0.223460275789226,-0.222429422747647,-0.221408659567903,-0.220397859693845,-0.219396896712403,-0.218405644502531,-0.21742397737124,-0.216451770177627,-0.215488898445716,-0.214535238466909,-0.213590667392755,-0.212655063318737,-0.2117283053597,-0.210810273717526,-0.209900849741604,-0.208999915982624,-0.208107356240167,-0.207223055604561,-0.206346900493414,-0.20547877868323,-0.204618579336466,-0.203766193024382,-0.20292151174601,-0.202084428943531,-0.20125483951435,-0.200432639820125,-0.199617727692993,-0.198810002439232,-0.198009364840548,-0.19721571715321,-0.196428963105196,-0.195649007891537,-0.194875758168004,-0.194109122043302,-0.193349009069895,-0.192595330233599,-0.191847997942059,-0.191106926012223,-0.190372029656915,-0.189643225470601,-0.18892043141444,-0.188203566800701,-0.187492552276623,-0.186787309807787,-0.186087762661063,-0.185393835387208,-0.184705453803145,-0.184022544973999,-0.183345037194924,-0.182672859972768,-0.182005944007619,-0.181344221174272,-0.180687624503635,-0.180036088164129,-0.179389547443095,-0.178747938728241,-0.178111199489144,-0.177479268258843,-0.176852084615531,-0.176229589164375,-0.175611723519463,-0.174998430285919,-0.17438965304217,-0.173785336322398,-0.173185425599184,-0.172589867266342,-0.171998608621969,0,-0.274288621180837,-0.275785477874003,-0.27730959686359,-0.27889314163165,-0.280549292262017,-0.282281806592609,-0.284088335620542,-0.285962684175955,-0.287896498587791,-0.289880398031265,-0.29190463999484,-0.29395944975693,-0.296035139721365,-0.298122122181079,-0.300210890893408,-0.302292018754863,-0.30435619436842,-0.306394301368842,-0.308397531683716,-0.31035751710598,-0.312266461615821,-0.314117258483404,-0.315903579949878,-0.317619932024585,-0.319261671715349,-0.320824988183861,-0.322306852525359,-0.323704942979003,-0.325017553421636,-0.326243493131658,-0.327381985235255,-0.328432570181312,-0.329395019236827,-0.330269261524035,-0.331055326670115,-0.331753303809813,-0.332363316537268,-0.332885512483982,-0.333320065520734,-0.333667188139468,-0.333927151350453,-0.334100309403975,-0.334187126781608,-0.334188205163443,-0.334104308427133,-0.333936384136471,-0.333685580398705,-0.333353257383035,-0.332940993175296,-0.332450583979371,-0.331884038953983,-0.331243570189239,-0.330531578480534,-0.329750635651687,-0.328903464221016,-0.32799291520143,-0.327021944787704,-0.325993590619851,-0.3249109482295,-0.323777148184133,-0.322595334348214,-0.321368643585997,-0.320100187141894,-0.318793033853423,-0.317450195280727,-0.316074612776064,-0.314669146466801,-0.313236566085776,-0.311779543552737,-0.310300647188865,-0.308802337432117,-0.307286963913033,-0.305756763747776,-0.304213860906323,-0.302660266518064,-0.301097879983776,-0.299528490771227,-0.29795378078102,-0.296375327179247,-0.294794605603585,-0.293212993659504,-0.291631774632886,-0.290052141354545,-0.288475200160728,-0.286901974901547,-0.285333410956586,-0.283770379223401,-0.282213680050506,-0.280664047091639,-0.279122151062662,-0.277588603386463,-0.276063959714699,-0.274548723318214,-0.273043348340524,-0.271548242910927,-0.270063772115637,-0.268590260826827,-0.267127996390773,-0.265677231177245,-0.264238184993167,-0.262811047364163,-0.26139597968815,-0.259993117265437,-0.258602571210128,-0.257224430247719,-0.255858762403932,-0.254505616589813,-0.253165024088132,-0.251836999946049,-0.250521544278896,-0.249218643489845,-0.247928271410048,-0.246650390363697,-0.24538495216229,-0.244131899032206,-0.242891164479505,-0.241662674095719,-0.240446346308178,-0.239242093078275,-0.238049820550881,-0.23686942965795,-0.235700816679191,-0.234543873762539,-0.233398489406967,-0.232264548910088,-0.231141934782786,-0.230030527133056,-0.22893020402104,-0.227840841787162,-0.226762315355141,-0.225694498511548,-0.224637264163461,-0.223590484575713,-0.22255403158907,-0.221527776820667,-0.220511591847869,-0.219505348376727,-0.218508918396051,-0.217522174318116,-0.21654498910691,-0.215577236394802,-0.214618790588431,-0.213669526964581,-0.212729321756742,-0.211798052233029,-0.210875596766068,-0.20996183489543,-0.209056647383159,-0.208159916262888,-0.207271524883016,-0.206391357944399,-0.205519301532945,-0.204655243147507,-0.203799071723438,-0.202950677652125,-0.20210995279683,-0.201276790505116,-0.200451085618134,-0.199632734477026,-0.198821634926674,-0.198017686317015,-0.197220789502131,-0.196430846837295,-0.195647762174166,-0.194871440854275,-0.194101789700981,-0.193338717010013,-0.192582132538759,-0.191831947494398,-0.191088074521012,-0.190350427685769,-0.189618922464281,-0.188893475725233,-0.188174005714363,-0.187460432037869,-0.186752675645324,-0.18605065881216,-0.185354305121782,-0.184663539447383,-0.183978287933487,-0.183298477977306,-0.182624038209914,-0.181954898477318,-0.181290989821436,-0.180632244461037,-0.179978595772661,-0.179329978271556,-0.178686327592658,-0.178047580471637,-0.177413674726032,-0.1767845492365,-0.176160143928185,-0.175540399752242,-0.174925258667509,-0.174314663622366,-0.17370855853677,-0.17310688828449,-0.17250959867555,-0.171916636438884,-0.171327949205212,0,-0.275337801391191,-0.276829284538496,-0.278369652612412,-0.279981989803085,-0.281674116077909,-0.283445784484299,-0.285291513688196,-0.287202802285321,-0.289169721284717,-0.291181889459726,-0.293228972928869,-0.295300872105468,-0.297387735775759,-0.299479907274847,-0.301567872379752,-0.303642247091108,-0.305693818342416,-0.307713632901386,-0.309693119168366,-0.311624222211869,-0.313499532712179,-0.315312393894794,-0.317056975548738,-0.318728309647166,-0.320322287066203,-0.32183561891293,-0.323265768792544,-0.324610863954552,-0.325869593791904,-0.327041103838725,-0.3281248924628,-0.329120716110291,-0.330028507433625,-0.330848309080413,-0.331580224461617,-0.332224385532838,-0.332780936563287,-0.333250032056223,-0.333631846425165,-0.333926592709467,-0.33413454750667,-0.334256079375561,-0.334291678186441,-0.334241983225261,-0.334107808258058,-0.333890162196133,-0.333590264439538,-0.333209554390917,-0.332749695004002,-0.332212570547495,-0.331600279018333,-0.330915119826078,-0.3301595774946,-0.329336302193845,-0.328448087931082,-0.327497849206653,-0.326488596883431,-0.325423413941103,-0.324305431694436,-0.323137806956149,-0.321923700525788,-0.320666257290837,-0.319368588138351,-0.318033753797029,-0.316664750661923,-0.315264498597333,-0.31383583066775,-0.312381484711133,-0.310904096642639,-0.309406195358812,-0.307890199101204,-0.306358413133139,-0.304813028582777,-0.303256122308783,-0.301689657650793,-0.300115485934809,-0.298535348612835,-0.296950879926129,-0.295363609991777,-0.293774968222682,-0.292186287001158,-0.290598805535993,-0.289013673841946,-0.287431956789053,-0.285854638176882,-0.284282624795863,-0.282716750444137,-0.28115777987397,-0.279606412646763,-0.278063286880002,-0.276528982873311,-0.275004026604031,-0.273488893085543,-0.271984009583936,-0.270489758690666,-0.269006481250476,-0.267534479145289,-0.266074017935901,-0.264625329364208,-0.263188613719454,-0.261764042072528,-0.260351758382762,-0.258951881482019,-0.257564506941006,-0.256189708822945,-0.254827541329717,-0.253478040345645,-0.252141224883998,-0.250817098441232,-0.249505650263867,-0.248206856532729,-0.2469206814692,-0.245647078367857,-0.2443859905598,-0.243137352310711,-0.241901089657553,-0.2406771211876,-0.239465358763329,-0.238265708196515,-0.237078069874696,-0.235902339342991,-0.234738407844125,-0.233586162819303,-0.232445488372475,-0.231316265700345,-0.230198373490364,-0.229091688288802,-0.227996084840867,-0.226911436404725,-0.225837615041161,-0.224774491880496,-0.223721937368309,-0.222679821491377,-0.221648013985178,-0.220626384524228,-0.219614802896401,-0.218613139162358,-0.217621263801098,-0.216639047842608,-0.215666362988493,-0.214703081721453,-0.213749077404371,-0.212804224369772,-0.211868398000313,-0.210941474800971,-0.210023332463519,-0.209113849923848,-0.208212907412662,-0.207320386500038,-0.206436170134299,-0.205560142675638,-0.204692189924872,-0.203832199147724,-0.202980059094943,-0.202135660018627,-0.201298893685006,-0.200469653384004,-0.19964783393581,-0.198833331694732,-0.198026044550527,-0.197225871927448,-0.196432714781192,-0.195646475593925,-0.194867058367575,-0.194094368615523,-0.193328313352874,-0.192568801085408,-0.19181574179737,-0.191069046938201,-0.190328629408315,-0.189594403544042,-0.188866285101817,-0.188144191241703,-0.187428040510337,-0.186717752823371,-0.186013249447471,-0.185314452981946,-0.184621287340063,-0.183933677730106,-0.183251550636223,-0.182574833799115,-0.181903456196598,-0.181237348024097,-0.180576440675086,-0.179920666721526,-0.179269959894313,-0.178624255063779,-0.177983488220268,-0.177347596454802,-0.176716517939863,-0.176090191910315,-0.175468558644474,-0.174851559445345,-0.174239136622047,-0.173631233471421,-0.173027794259853,-0.1724287642053,-0.171834089459553,-0.171243717090716,-0.170657595065935,0,-0.27638763983289,-0.277878284188009,-0.279440431648711,-0.281086156305193,-0.28281748073636,-0.28463000892043,-0.286515210295352,-0.28846249920408,-0.290460639812926,-0.292498505489209,-0.294565383918843,-0.296651014470237,-0.298745502351745,-0.300839209096016,-0.302922678570979,-0.304986624779963,-0.307021983443124,-0.309020013834812,-0.310972429626817,-0.312871535912724,-0.314710352265449,-0.316482706798541,-0.31818329225101,-0.319807680975559,-0.321352300660194,-0.322814376285864,-0.324191846128768,-0.325483260660447,-0.326687673200022,-0.327804530396798,-0.328833569333225,-0.329774726473386,-0.330628062032126,-0.331393701749129,-0.332071796620958,-0.332662499935403,-0.33316595999916,-0.333582326261212,-0.333911766101783,-0.334154489358857,-0.334310777670462,-0.334381015884615,-0.334365723090745,-0.334265581216766,-0.334081459576831,-0.333814434211993,-0.333465801310408,-0.333037084402172,-0.332530035379775,-0.331946629687946,-0.331289056251857,-0.330559702870516,-0.329761137897085,-0.32889608906701,-0.327967420327073,-0.326978107473798,-0.325931213337508,-0.324829863158199,-0.323677220699213,-0.322476465541237,-0.321230771898026,-0.319943289200226,-0.318617124607778,-0.317255327536123,-0.315860876217567,-0.314436666266861,-0.312985501178621,-0.31151008465292,-0.310013014623087,-0.308496778845222,-0.306963751900994,-0.305416193462659,-0.303856247670946,-0.302285943481349,-0.30070719584171,-0.299121807572973,-0.297531471834963,-0.295937775069666,-0.294342200325147,-0.29274613087381,-0.291150854048857,-0.289557565232424,-0.287967371937854,-0.286381297936796,-0.284800287389379,-0.283225208942468,-0.281656859767066,-0.280095969511326,-0.27854320415034,-0.276999169717978,-0.275464415909664,-0.273939439548,-0.272424687905798,-0.270920561883265,-0.269427419037977,-0.267945576467788,-0.266475313548107,-0.26501687452599,-0.263570470974324,-0.262136284110007,-0.260714466980533,-0.259305146523728,-0.25790842550565,-0.256524384341816,-0.255153082806993,-0.253794561638826,-0.252448844040509,-0.251115937087681,-0.249795833044561,-0.248488510594248,-0.247193935987943,-0.245912064117676,-0.244642839516946,-0.243386197293509,-0.242142063998345,-0.240910358434662,-0.239690992410579,-0.238483871438989,-0.237288895387876,-0.236105959084218,-0.234934952874402,-0.233775763143953,-0.232628272799184,-0.231492361713239,-0.230367907138852,-0.229254784090013,-0.228152865694576,-0.227062023519759,-0.225982127872329,-0.224913048075173,-0.22385465272185,-0.222806809910603,-0.221769387459244,-0.220742253102203,-0.219725274670979,-0.218718320259125,-0.217721258372849,-0.216733958068228,-0.215756289075978,-0.214788121914643,-0.213829327993036,-0.212879779702694,-0.21193935050105,-0.211007914986011,-0.210085348962546,-0.209171529501873,-0.208266334993798,-0.207369645192697,-0.206481341257628,-0.205601305787009,-0.204729422848274,-0.203865578002896,-0.203009658327128,-0.202161552428807,-0.201321150460522,-0.200488344129447,-0.199663026704096,-0.19884509301827,-0.198034439472417,-0.197230964032624,-0.196434566227459,-0.195645147142833,-0.194862609415073,-0.19408685722236,-0.193317796274694,-0.192555333802518,-0.191799378544138,-0.191049840732061,-0.190306632078362,-0.189569665759187,-0.188838856398485,-0.18811412005107,-0.187395374185085,-0.186682537663943,-0.185975530727842,-0.185274274974878,-0.184578693341859,-0.183888710084847,-0.183204250759494,-0.182525242201216,-0.181851612505246,-0.181183291006617,-0.180520208260093,-0.179862296020104,-0.179209487220694,-0.178561715955534,-0.177918917458005,-0.177281028081379,-0.176647985279135,-0.176019727585405,-0.175396194595589,-0.174777326947139,-0.174163066300532,-0.173553355320452,-0.172948137657174,-0.172347357928181,-0.171750961700008,-0.171158895470322,-0.170571106650254,-0.169987543546977,0,-0.277433908688803,-0.278932542816208,-0.28052322572705,-0.282207127309928,-0.283980576560929,-0.285835132726221,-0.287759464277905,-0.289741226811264,-0.291768200225705,-0.293828787072645,-0.295912108304787,-0.298007894553798,-0.300106312894845,-0.302197816748055,-0.304273063682725,-0.306322913400553,-0.308338496225533,-0.310311330153414,-0.312233460173561,-0.314097594984395,-0.315897221184746,-0.317626681636894,-0.319281211506112,-0.320856931505279,-0.322350802563994,-0.323760549303951,-0.325084561393995,-0.326321782294386,-0.327471594370386,-0.328533708163069,-0.329508062025989,-0.330394736598072,-0.331193886860007,-0.331905692936294,-0.332530329437054,-0.333067952026427,-0.333518699074303,-0.333882705691634,-0.334160127147907,-0.334351168593628,-0.334456118124704,-0.334475380489607,-0.334409509112912,-0.334259234549897,-0.334025487959486,-0.333709418654127,-0.333312405228872,-0.332836060167559,-0.332282228158097,-0.331652978614101,-0.330950593094702,-0.330177548441085,-0.32933649651352,-0.328430241424899,-0.32746171513601,-0.326433952214249,-0.325350064470967,-0.32421321609226,-0.323026599771259,-0.321793414243358,-0.320516843523879,-0.31920003805414,-0.317846097878709,-0.316458057905185,-0.315038875238324,-0.313591418532495,-0.312118459269531,-0.310622664841962,-0.309106593303193,-0.307572689635079,-0.306023283378378,-0.304460587471452,-0.302886698146281,-0.301303595737457,-0.29971314626838,-0.298117103688821,-0.296517112648708,-0.29491471170398,-0.29331133686133,-0.291708325379288,-0.290106919753272,-0.288508271821728,-0.286913446939315,-0.28532342817113,-0.283739120469266,-0.282161354799532,-0.280590892191981,-0.279028427694003,-0.277474594209235,-0.275929966209426,-0.274395063309757,-0.272870353700977,-0.271356257434162,-0.269853149555942,-0.268361363093748,-0.266881191892057,-0.265412893301733,-0.263956690725494,-0.262512776023274,-0.261081311781782,-0.259662433452997,-0.258256251366621,-0.256862852621715,-0.255482302862853,-0.254114647946157,-0.252759915500593,-0.251418116389793,-0.25008924607963,-0.248773285916587,-0.247470204321861,-0.246179957905934,-0.244902492508193,-0.243637744165975,-0.24238564001724,-0.24114609914086,-0.239919033338337,-0.238704347860564,-0.237501942083051,-0.236311710132865,-0.235133541470351,-0.233967321428526,-0.232812931712874,-0.231670250864116,-0.230539154686379,-0.22941951664303,-0.228311208222319,-0.227214099274841,-0.226128058324696,-0.225052952856116,-0.223988649577219,-0.222935014662441,-0.22189191397509,-0.220859213271403,-0.219836778387364,-0.218824475409483,-0.217822170830645,-0.216829731692082,-0.21584702571243,-0.214873921404796,-0.213910288182674,-0.212955996455518,-0.2120109177147,-0.211074924610563,-0.210147891021209,-0.209229692113626,-0.208320204397719,-0.207419305773779,-0.206526875573874,-0.205642794597621,-0.204766945142773,-0.203899211031016,-0.203039477629343,-0.202187631867369,-0.20134356225088,-0.200507158871957,-0.199678313415916,-0.198856919165354,-0.198042871001531,-0.197236065403311,-0.196436400443891,-0.195643775785489,-0.194858092672196,-0.194079253921142,-0.193307163912154,-0.192541728576028,-0.191782855381576,-0.191030453321555,-0.190284432897604,-0.189544706104294,-0.188811186412395,-0.188083788751447,-0.18736242949173,-0.186647026425705,-0.185937498749,-0.185233767041014,-0.184535753245197,-0.18384338064907,-0.183156573864028,-0.182475258804985,-0.181799362669899,-0.181128813919229,-0.180463542255341,-0.179803478601924,-0.179148555083433,-0.17849870500458,-0.177853862829919,-0.177213964163536,-0.17657894572887,-0.175948745348684,-0.175323301925197,-0.174702555420409,-0.174086446836617,-0.173474918197142,-0.172867912527282,-0.172265373835489,-0.171667247094795,-0.171073478224477,-0.170484014071981,-0.169898802395112,-0.169317791844476,0,-0.278475217933973,-0.279993411448473,-0.281619937359958,-0.283346621650859,-0.285164579727325,-0.287061642779291,-0.289024072471928,-0.291038174129125,-0.293091100401403,-0.295171061180441,-0.297267209683565,-0.299369401425675,-0.301467952440524,-0.303553466867369,-0.305616761112198,-0.307648881648558,-0.309641195228727,-0.311585522050655,-0.313474281826737,-0.315300627108955,-0.317058545271267,-0.318742918353754,-0.320349537217119,-0.321875072355381,-0.323317007925502,-0.324673548060716,-0.32594350553873,-0.327126182688171,-0.328221253380519,-0.329228653393758,-0.330148484620255,-0.330980936736229,-0.331726228204035,-0.332384566940189,-0.332956129708216,-0.333441058310961,-0.333839469963482,-0.334151478809568,-0.334377225375034,-0.334516910793961,-0.334570832859709,-0.334539421298419,-0.334423270096727,-0.334223165197496,-0.333940106371972,-0.333575322553564,-0.333130280353615,-0.33260668585617,-0.332006480096328,-0.33133182886122,-0.330585107614761,-0.329768882442312,-0.328885887947176,-0.327939003017318,-0.326931225328406,-0.325865645368759,-0.324745420672812,-0.323573750840887,-0.322353853811599,-0.321088943744718,-0.319782210771085,-0.318436802774865,-0.317055809293924,-0.31564224755688,-0.314199050620585,-0.312729057528627,-0.311235005379073,-0.309719523166772,-0.308185127250901,-0.306634218290599,-0.305069079489378,-0.303491875991179,-0.30190465527657,-0.300309348415569,-0.298707772043338,-0.297101630935659,-0.295492521072418,-0.293881933088601,-0.292271256023462,-0.290661781289227,-0.289054706790737,-0.287451141136857,-0.285852107893079,-0.28425854983256,-0.282671333149905,-0.281091251608262,-0.279519030595874,-0.277955331073067,-0.276400753394945,-0.274855840998682,-0.273321083947479,-0.271796922325912,-0.27028374948365,-0.268781915126434,-0.26729172825474,-0.265813459951848,-0.264347346024061,-0.26289358949665,-0.261452362969712,-0.26002381083864,-0.258608051384236,-0.257205178737726,-0.255815264726104,-0.254438360603283,-0.253074498672542,-0.251723693805701,-0.25038594486438,-0.249061236028578,-0.247749538037635,-0.246450809348514,-0.24516499721613,-0.243892038700269,-0.242631861603465,-0.24138438534397,-0.240149521767792,-0.238927175903546,-0.237717246663698,-0.236519627495559,-0.235334206985249,-0.234160869417614,-0.23299949529497,-0.231849961817326,-0.230712143326628,-0.229585911717379,-0.228471136815879,-0.227367686730156,-0.226275428172575,-0.225194226756947,-0.224123947271874,-0.223064453931946,-0.2220156106083,-0.220977281039963,-0.219949329027309,-0.218931618608861,-0.217924014222609,-0.216926380852926,-0.215938584164097,-0.214960490621405,-0.213991967600667,-0.213032883487043,-0.212083107763898,-0.211142511092418,-0.210210965382686,-0.209288343856817,-0.208374521104757,-0.207469373133282,-0.206572777408722,-0.205684612893866,-0.204804760079513,-0.203933101011068,-0.20306951931058,-0.202213900194568,-0.201366130487985,-0.200526098634626,-0.199693694704265,-0.198868810396801,-0.198051339043658,-0.197241175606681,-0.196438216674735,-0.195642360458221,-0.194853506781692,-0.194071557074742,-0.193296414361334,-0.192527983247723,-0.191766169909106,-0.191010882075127,-0.19026202901437,-0.189519521517943,-0.188783271882259,-0.188053193891104,-0.187329202797095,-0.186611215302593,-0.185899149540163,-0.185192925052632,-0.184492462772835,-0.183797685003078,-0.183108515394405,-0.182424878925689,-0.181746701882619,-0.181073911836606,-0.180406437623655,-0.179744209323248,-0.179087158237248,-0.178435216868876,-0.177788318901773,-0.177146399179182,-0.176509393683264,-0.175877239514568,-0.175249874871689,-0.174627239031098,-0.174009272327201,-0.173395916132597,-0.17278711283858,-0.172182805835872,-0.171582939495615,-0.170987459150613,-0.170396311076839,-0.169809442475218,-0.169226801453674,-0.16864833700946,0,-0.279512955639106,-0.281063407984194,-0.282732939406558,-0.28450645920838,-0.286370542093918,-0.288309779425165,-0.290308539574957,-0.292352243297889,-0.294427785625789,-0.296523449425901,-0.298628596071103,-0.300733315171599,-0.302828138111358,-0.304903863464621,-0.306951501903871,-0.308962322162194,-0.310927966100835,-0.312840597333237,-0.314693051135446,-0.316478960618712,-0.318192842945328,-0.31983013798339,-0.321387199120729,-0.322861241447699,-0.324250256051481,-0.325552900905922,-0.32676837911746,-0.327896314487617,-0.328936632854143,-0.329889455802777,-0.330755011356417,-0.331533564333919,-0.33222536734991,-0.332830631972588,-0.333349518403383,-0.333782141197863,-0.334128587999348,-0.334388947979989,-0.334563346643956,-0.334651983803658,-0.334655171849181,-0.334573371849534,-0.334407225509377,-0.334157581517914,-0.33382551533373,-0.333412341923099,-0.332919621388953,-0.332349157779659,-0.331702991643898,-0.330983387099004,-0.330192814308662,-0.32933392832898,-0.32840954528918,-0.327422616835236,-0.326376203692776,-0.325273449110102,-0.324117552832656,-0.32291174614495,-0.321659268401389,-0.320363345358553,-0.319027169522015,-0.31765388263271,-0.316246560342553,-0.31480819906656,-0.313341704948791,-0.311849884841117,-0.310335439165958,-0.308800956515368,-0.307248909827834,-0.305681653979439,-0.304101424626521,-0.302510338141262,-0.300910392488964,-0.299303468905091,-0.297691334240844,-0.296075643857416,-0.294457944960804,-0.292839680280591,-0.291222192007363,-0.289606725914068,-0.287994435596604,-0.286386386778125,-0.284783561629927,-0.283186863069389,-0.281597119002189,-0.280015086482048,-0.278441455766547,-0.276876854252169,-0.275321850275721,-0.273776956772748,-0.27224263478647,-0.270719296823264,-0.269207310052791,-0.267706999352627,-0.266218650198626,-0.264742511403471,-0.263278797706711,-0.261827692220379,-0.260389348734786,-0.258963893889508,-0.257551429214898,-0.256152033049571,-0.254765762339484,-0.253392654324209,-0.252032728115965,-0.250685986176956,-0.249352415700358,-0.248031989900248,-0.246724669215539,-0.245430402432834,-0.244149127732921,-0.242880773665418,-0.241625260055898,-0.240382498849591,-0.239152394895589,-0.237934846675253,-0.236729746978344,-0.235536983530201,-0.234356439573103,-0.233187994404781,-0.23203152387687,-0.230886900855927,-0.229753995649485,-0.228632676399465,-0.227522809445135,-0.226424259657642,-0.225336890748056,-0.224260565550718,-0.223195146283568,-0.222140494787043,-0.221096472743019,-0.220062941875171,-0.219039764132059,-0.218026801854131,-0.217023917925788,-0.216030975913561,-0.215047840191384,-0.214074376053893,-0.213110449818601,-0.212155928917767,-0.21121068198069,-0.210274578907153,-0.209347490932644,-0.208429290685991,-0.207519852239949,-0.206619051155304,-0.205726764518957,-0.204842870976468,-0.203967250759489,-0.203099785708472,-0.202240359291046,-0.201388856616392,-0.20054516444595,-0.199709171200759,-0.198880766965705,-0.198059843490941,-0.197246294190725,-0.196440014139896,-0.195640900068203,-0.194848850352672,-0.194063765008214,-0.193285545676616,-0.192514095614084,-0.191749319677491,-0.190991124309449,-0.190239417522333,-0.189494108881386,-0.188755109486992,-0.188022331956232,-0.187295690403806,-0.186575100422402,-0.18586047906261,-0.185151744812424,-0.18444881757642,-0.183751618654664,-0.18306007072141,-0.182374097803627,-0.181693625259425,-0.181018579756398,-0.180348889249946,-0.179684482961599,-0.179025291357379,-0.178371246126237,-0.17772228015858,-0.17707832752493,-0.176439323454714,-0.175805204315237,-0.175175907590821,-0.174551371862162,-0.173931536785887,-0.173316343074347,-0.172705732475651,-0.172099647753946,-0.171498032669958,-0.170900831961802,-0.170307991326062,-0.16971945739915,-0.16913517773895,-0.168555100806755,-0.167979175949483,0,-0.28055009265551,-0.282145935785204,-0.283864886715333,-0.285688412790485,-0.287599280230704,-0.289579463721377,-0.291612039364938,-0.293682037068349,-0.29577645401238,-0.297883884131992,-0.299994041103684,-0.302097329548228,-0.304184541087349,-0.306246698189276,-0.308275032975366,-0.310261067714653,-0.312196755860343,-0.31407464381765,-0.315888020695788,-0.317631033045731,-0.319298751714645,-0.320887186942593,-0.322393254868732,-0.323814703428261,-0.325150008312233,-0.326398250562132,-0.327558986912908,-0.328632122623695,-0.329617794636471,-0.330516270793105,-0.331327868750517,-0.332052896316345,-0.332691613276378,-0.333244213447086,-0.333710824675726,-0.334091523818443,-0.334386363329717,-0.33459540596075,-0.334718764149548,-0.334756640947558,-0.334709369721288,-0.334577450347859,-0.334361580149125,-0.334062678342646,-0.333681903298218,-0.333220662351292,-0.332680614322352,-0.332063665213748,-0.33137195779888,-0.3306078559846,-0.329773924922063,-0.32887290787305,-0.327907700818673,-0.32688132573682,-0.325796903385002,-0.324657626316888,-0.323466732742821,-0.32222748172457,-0.320943130078523,-0.319616911253582,-0.318252016353317,-0.31685157738791,-0.31541865277084,-0.313956215017899,-0.312467140561261,-0.310954201557917,-0.30942005954834,-0.307867260806556,-0.30629823321518,-0.304715284497275,-0.303120601639755,-0.301516251349334,-0.299904181390846,-0.29828622266825,-0.296664091920126,-0.295039394913432,-0.293413630031304,-0.291788192162433,-0.290164376810784,-0.288543384354991,-0.286926324396597,-0.285314220145247,-0.283708012797153,-0.282108565870396,-0.280516669467169,-0.278933044438817,-0.277358346434509,-0.275793169818794,-0.274238051447016,-0.272693474290802,-0.271159870908572,-0.269637626758302,-0.268127083351716,-0.266628541250628,-0.265142262907479,-0.263668475353136,-0.262207372735826,-0.260759118715735,-0.259323848720251,-0.257901672065176,-0.256492673947466,-0.255096917315177,-0.253714444620344,-0.252345279460529,-0.250989428114693,-0.249646880978957,-0.248317613907667,-0.247001589465031,-0.245698758092415,-0.244409059196181,-0.243132422160771,-0.241868767291501,-0.240618006691369,-0.239380045075913,-0.238154780530015,-0.236942105210276,-0.235741905996454,-0.234554065095215,-0.233378460599298,-0.232214967004995,-0.231063455690676,-0.229923795358958,-0.228795852444914,-0.227679491492606,-0.226574575502073,-0.225480966248773,-0.224398524577359,-0.22332711067153,-0.222266584301621,-0.221216805051457,-0.220177632525918,-0.219148926540551,-0.218130547294509,-0.217122355527969,-0.216124212665146,-0.215135980943928,-0.214157523533077,-0.213188704637918,-0.212229389595323,-0.211279444958797,-0.210338738574374,-0.209407139648013,-0.208484518805128,-0.207570748142833,-0.206665701275473,-0.205769253373931,-0.204881281199203,-0.20400166313069,-0.203130279189617,-0.202267011057959,-0.201411742093252,-0.200564357339611,-0.199724743535272,-0.198892789116946,-0.198068384221259,-0.197251420683529,-0.196441792034112,-0.195639393492533,-0.194844121959606,-0.194055876007733,-0.193274555869551,-0.19250006342509,-0.191732302187594,-0.190971177288141,-0.190216595459193,-0.189468465017195,-0.188726695844328,-0.18799119936953,-0.187261888548865,-0.186538677845335,-0.185821483208221,-0.185110222052011,-0.184404813235002,-0.183705177037623,-0.183011235140545,-0.182322910602637,-0.181640127838799,-0.180962812597739,-0.180290891939712,-0.179624294214279,-0.178962949038109,-0.178306787272852,-0.177655741003125,-0.177009743514618,-0.176368729272365,-0.175732633899176,-0.175101394154275,-0.174474947912135,-0.173853234141547,-0.173236192884923,-0.172623765237848,-0.172015893328897,-0.171412520299712,-0.170813590285366,-0.170219048395004,-0.169628840692774,-0.169042914179054,-0.168461216771978,-0.167883697289256,-0.1673103054303,0,-0.28159269592455,-0.283244960811305,-0.285018501940201,-0.286894054355248,-0.288851270959284,-0.290870237257778,-0.292933389846423,-0.295025858735587,-0.297135071609405,-0.299250131106867,-0.301361209329384,-0.303459076710849,-0.305534809254886,-0.307579670401897,-0.309585134658653,-0.311543006466583,-0.313445586088226,-0.315285840582093,-0.317057548464059,-0.318755398417515,-0.320375033350725,-0.321913040017612,-0.323366890826677,-0.324734848370381,-0.326015844934835,-0.327209349273862,-0.328315231764933,-0.329333637177048,-0.330264872056622,-0.331109311463221,-0.331867327657055,-0.332539241473247,-0.333125295576261,-0.333625647593274,-0.334040380273281,-0.33436952528697,-0.334613097037716,-0.334771132855908,-0.334843736152488,-0.334831119466445,-0.334733644808461,-0.334551859234624,-0.334286524139572,-0.33393863730274,-0.333509447226134,-0.333000459746326,-0.332413437273251,-0.331750391297328,-0.33101356901357,-0.33020543504108,-0.329328649276698,-0.328386041922981,-0.327380586684857,-0.32631537304814,-0.325193578447865,-0.324018441015261,-0.322793233467701,-0.321521238583053,-0.32020572658375,-0.318849934650148,-0.317457048689727,-0.316030187409351,-0.314572388672405,-0.313086598070589,-0.311575659600475,-0.310042308306339,-0.308489164731758,-0.306918731011552,-0.305333388431406,-0.303735396283493,-0.302126891851532,-0.300509891366766,-0.298886291786506,-0.297257873258367,-0.295626302145496,-0.293993134500494,-0.292359819887998,-0.29072770546767,-0.289098040260585,-0.287471979532398,-0.285850589236312,-0.284234850467602,-0.282625663889312,-0.281023854095799,-0.279430173886995,-0.27784530843173,-0.276269879303209,-0.274704448373863,-0.273149521560294,-0.271605552412079,-0.27007294554067,-0.268552059886823,-0.267043211826667,-0.265546678118031,-0.264062698689744,-0.262591479277611,-0.261133193911419,-0.259687987257934,-0.258255976825199,-0.256837255033741,-0.255431891160463,-0.254039933161052,-0.252661409376802,-0.251296330131631,-0.249944689225052,-0.248606465326678,-0.247281623277709,-0.245970115304672,-0.244671882150474,-0.24338685412765,-0.242114952098458,-0.240856088386268,-0.239610167622472,-0.23837708753295,-0.237156739667878,-0.235949010078507,-0.234753779944312,-0.233570926153719,-0.232400321841459,-0.23124183688539,-0.23009533836547,-0.228960690987422,-0.227837757473435,-0.226726398922143,-0.225626475139964,-0.224537844945747,-0.223460366450559,-0.222393897314332,-0.221338294980966,-0.220293416893397,-0.219259120690019,-0.218235264383792,-0.217221706525244,-0.216218306350515,-0.215224923915528,-0.214241420217264,-0.213267657303085,-0.212303498368979,-0.211348807847528,-0.210403451486365,-0.209467296417822,-0.208540211220435,-0.207622065972906,-0.206712732301111,-0.205812083418679,-0.20491999416164,-0.2040363410176,-0.203161002149895,-0.202293857417093,-0.201434788388252,-0.200583678354255,-0.19974041233556,-0.198904877086671,-0.198076961097585,-0.197256554592516,-0.196443549526093,-0.195637839577293,-0.194839320141299,-0.194047888319483,-0.19326344290769,-0.192485884382998,-0.191715114889097,-0.190951038220442,-0.190193559805307,-0.189442586687862,-0.18869802750939,-0.18795979248875,-0.187227793402176,-0.186501943562514,-0.185782157797968,-0.185068352430437,-0.184360445253517,-0.183658355510222,-0.182962003870495,-0.182271312408558,-0.181586204580152,-0.18090660519971,-0.180232440417509,-0.179563637696843,-0.178900125791242,-0.178241834721772,-0.177588695754454,-0.176940641377817,-0.176297605280609,-0.175659522329698,-0.175026328548173,-0.174397961093657,-0.173774358236867,-0.173155459340413,-0.172541204837857,-0.17193153621305,-0.171326395979735,-0.170725727661455,-0.170129475771737,-0.169537585794591,-0.168950004165302,-0.168366678251534,-0.167787556334743,-0.167212587591911,-0.166641722077584,0,-0.2826489526644,-0.2843646403256,-0.2861963556767,-0.288124606439723,-0.290126560414841,-0.292181218624507,-0.29427104409185,-0.296381724712548,-0.298501396492073,-0.300619818038877,-0.302727684451704,-0.304816153016291,-0.306876589752819,-0.308900506492028,-0.310879637178391,-0.312806096036263,-0.31467256489947,-0.316472467979307,-0.318200105808274,-0.319850733265005,-0.321420577760891,-0.322906802054765,-0.324307421620709,-0.325621189312146,-0.326847460757309,-0.32798605307764,-0.329037107703314,-0.330000965740561,-0.330878061881784,-0.33166884048843,-0.332373695371176,-0.332992933024019,-0.333526757670218,-0.333975275448251,-0.334338514383884,-0.334616456426871,-0.334809077736458,-0.334916393533486,-0.334938504150309,-0.334875639355013,-0.334728198556514,-0.33449678506868,-0.334182233186077,-0.33378562736909,-0.333308313327019,-0.332751901206781,-0.332118261432146,-0.331409513990432,-0.330628012132833,-0.329776321547668,-0.32885719609285,-0.327873551146347,-0.326828435563842,-0.325725003133213,-0.324566484296947,-0.323356158785912,-0.322097329678873,-0.320793299278043,-0.319447347076189,-0.318062709988355,-0.316642564932714,-0.315190013770988,-0.313708070558968,-0.312199651011125,-0.310667564048849,-0.309114505277988,-0.307543052226635,-0.305955661166816,-0.304354665342603,-0.302742274430707,-0.301120575066719,-0.299491532279823,-0.297856991690108,-0.296218682334959,-0.294578220003704,-0.292937110972435,-0.291296756043324,-0.289658454804547,-0.288023410038047,-0.286392732212598,-0.284767444009013,-0.283148484832822,-0.281536715277314,-0.279932921506597,-0.278337819534242,-0.276752059378264,-0.275176229077675,-0.27361085855973,-0.272056423350241,-0.270513348122161,-0.268982010079966,-0.2674627421793,-0.265955836182972,-0.264461545555653,-0.262980088200718,-0.26151164904342,-0.26005638246528,-0.258614414594982,-0.257185845461419,-0.255770751014742,-0.254369185021363,-0.252981180838929,-0.251606753077227,-0.250245899150927,-0.248898600729935,-0.247564825092989,-0.246244526389939,-0.244937646817987,-0.243644117716919,-0.242363860588194,-0.241096788042484,-0.239842804680096,-0.238601807908432,-0.237373688700482,-0.23615833229808,-0.234955618863495,-0.233765424082705,-0.232587619723499,-0.231422074151406,-0.230268652806232,-0.22912721864185,-0.227997632531695,-0.226879753642306,-0.225773439777073,-0.224678547692227,-0.223594933386994,-0.222522452369683,-0.221460959901391,-0.22041031121889,-0.219370361738147,-0.218340967239858,-0.21732198403826,-0.216313269134425,-0.215314680355143,-0.214326076478432,-0.213347317346658,-0.212378263968155,-0.211418778608198,-0.210468724870119,-0.2095279677673,-0.208596373786718,-0.207673810944698,-0.206760148835455,-0.20585525867299,-0.204959013326841,-0.204071287352195,-0.20319195701478,-0.20232090031098,-0.20145799698354,-0.200603128533239,-0.199756178226858,-0.19891703110175,-0.19808557396732,-0.197261695403663,-0.196445285757633,-0.195636237136557,-0.19483444339982,-0.194039800148518,-0.193252204713374,-0.192471556141071,-0.191697755179186,-0.19093070425985,-0.190170307482289,-0.189416470594363,-0.188669100973226,-0.18792810760521,-0.187193401065037,-0.186464893494457,-0.185742498580382,-0.185026131532614,-0.184315709061219,-0.183611149353636,-0.182912372051559,-0.18221929822767,-0.181531850362258,-0.180849952319777,-0.180173529325392,-0.179502507941538,-0.178836816044548,-0.178176382801358,-0.177521138646344,-0.176871015258296,-0.17622594553757,-0.175585863583425,-0.174950704671576,-0.174320405231981,-0.173694902826859,-0.173074136128981,-0.172458044900224,-0.171846569970404,-0.171239653216408,-0.170637237541616,-0.17003926685563,-0.169445686054314,-0.168856441000151,-0.168271478502914,-0.167690746300663,-0.167114193041061,-0.166541768263022,-0.165973422378673,0,-0.283726508580248,-0.285508920973428,-0.287400657212302,-0.289380808737154,-0.291424692814853,-0.293511079604665,-0.295623097595732,-0.297747389189093,-0.299873010628875,-0.301990467133838,-0.304090999269946,-0.306166144898251,-0.308207550690718,-0.310206977959973,-0.312156435769923,-0.314048376214112,-0.315875897596234,-0.317632916355537,-0.319314284268297,-0.320915841331068,-0.322434405561272,-0.323867708378812,-0.325214288476751,-0.326473358692287,-0.327644660025169,-0.328728315287788,-0.329724692487469,-0.330634285385709,-0.331457616066347,-0.332195161973205,-0.332847307855903,-0.333414321435322,-0.333896350371827,-0.334293437269555,-0.33460554894441,-0.334832615979607,-0.33497457864375,-0.335031435503485,-0.335003291475774,-0.334890402585003,-0.334693215271103,-0.334412398694789,-0.334048869068881,-0.333603805581367,-0.333078657945095,-0.332475145996959,-0.331795252069858,-0.33104120707347,-0.330215471350163,-0.32932071142919,-0.328359773797109,-0.327335656747792,-0.326251481284275,-0.325110461929047,-0.323915878169929,-0.322671047134587,-0.321379297955015,-0.320043948159638,-0.318668282318508,-0.317255533068849,-0.315808864564821,-0.314331358326963,-0.312826001412632,-0.311295676787774,-0.309743155751078,-0.308171092242351,-0.306582018856286,-0.304978344378971,-0.30336235266624,-0.301736202688784,-0.300101929577931,-0.298461446516988,-0.29681654733541,-0.295168909676047,-0.293520098618871,-0.291871570657576,-0.29022467793784,-0.288580672677835,-0.286940711702466,-0.285305861032872,-0.283677100481819,-0.282055328213805,-0.280441365235967,-0.278835959792349,-0.277239791639676,-0.275653476187726,-0.274077568491572,-0.272512567086624,-0.270958917660416,-0.26941701655772,-0.267887214117688,-0.266369817843503,-0.26486509540649,-0.263373277487779,-0.261894560461547,-0.26042910892459,-0.25897705807747,-0.257538515962923,-0.256113565567421,-0.254702266791967,-0.253304658298248,-0.251920759236294,-0.250550570859678,-0.249194078034252,-0.247851250646212,-0.246522044915134,-0.245206404617457,-0.243904262225623,-0.242615539967931,-0.24134015081389,-0.240077999389666,-0.238828982827969,-0.237592991556508,-0.236369910028946,-0.235159617402033,-0.233961988162433,-0.23277689270652,-0.231604197876264,-0.230443767454109,-0.229295462619612,-0.228159142370381,-0.227034663909781,-0.225921883003625,-0.224820654308008,-0.223730831670273,-0.222652268404943,-0.221584817546408,-0.220528332079951,-0.219482665152672,-0.218447670265715,-0.217423201449143,-0.216409113420684,-0.215405261729526,-0.214411502886247,-0.213427694479866,-0.212453695282985,-0.21148936534589,-0.210534566080423,-0.209589160334413,-0.208653012457349,-0.207725988357982,-0.206807955554466,-0.205898783217613,-0.204998342207804,-0.204106505106048,-0.20322314623966,-0.202348141702995,-0.201481369373631,-0.200622708924374,-0.199772041831456,-0.198929251379213,-0.198094222661585,-0.19726684258068,-0.196446999842688,-0.195634584951379,-0.194829490199398,-0.194031609657583,-0.193240839162484,-0.192457076302272,-0.191680220401189,-0.190910172502715,-0.190146835351565,-0.189390113374681,-0.188639912661302,-0.18789614094226,-0.187158707568582,-0.1864275234895,-0.185702501229966,-0.18498355486773,-0.18427060001009,-0.183563553770346,-0.182862334744047,-0.182166862985079,-0.181477059981644,-0.180792848632189,-0.180114153221313,-0.179440899395712,-0.178773014140179,-0.178110425753707,-0.177453063825721,-0.17680085921246,-0.176153744013544,-0.17551165154874,-0.174874516334951,-0.174242274063447,-0.173614861577345,-0.172992216849363,-0.17237427895986,-0.171760988075155,-0.171152285426163,-0.170548113287328,-0.16994841495588,-0.169353134731407,-0.168762217895762,-0.168175610693291,-0.167593260311397,-0.167015114861439,-0.166441123359966,-0.165871235710286,-0.165305402684372,0,-0.284830923602167,-0.286681209245653,-0.288633069760579,-0.290662808325926,-0.292744663862708,-0.294858042929342,-0.296987311930744,-0.299120379595782,-0.301247357877424,-0.303359530418201,-0.305448666022251,-0.307506653866475,-0.309525401409369,-0.311496917882065,-0.313413504228171,-0.315267980217298,-0.317053895954867,-0.318765693455638,-0.32039880101924,-0.321949656985864,-0.323415669370844,-0.324795123975941,-0.326087056407482,-0.327291103757968,-0.328407350319225,-0.329436179297665,-0.330378139658375,-0.33123383433807,-0.332003833396499,-0.332688613366165,-0.333288522174038,-0.333803767557033,-0.33423442585518,-0.334580467406148,-0.334841794437191,-0.335018287306695,-0.335109855136562,-0.335116487247028,-0.335038302306596,-0.334875592692557,-0.334628862177391,-0.334298855673149,-0.333886580346952,-0.33339331794032,-0.332820628565672,-0.332170346605244,-0.331444569597913,-0.330645641171309,-0.329776129167704,-0.328838800133509,-0.327836591306514,-0.326772581155515,-0.325649959416733,-0.324471997442177,-0.323242019537058,-0.321963375824861,-0.320639417046202,-0.31927347157565,-0.31786882483236,-0.316428701167115,-0.314956248230762,-0.313454523766578,-0.3119264847209,-0.310374978530891,-0.308802736424147,-0.307212368550097,-0.30560636075636,-0.303987072822635,-0.302356737969071,-0.30071746346405,-0.299071232166854,-0.297419904852934,-0.295765223182663,-0.294108813188046,-0.292452189165293,-0.290796757874267,-0.289143822958246,-0.28749458950903,-0.285850168713191,-0.284211582525002,-0.282579768320401,-0.280955583494241,-0.279339809970024,-0.277733158597456,-0.276136273418508,-0.274549735787254,-0.272974068332744,-0.271409738757539,-0.269857163467361,-0.268316711029712,-0.266788705461285,-0.265273429345593,-0.263771126783571,-0.262282006180918,-0.260806242876779,-0.259343981618973,-0.257895338891419,-0.256460405099728,-0.255039246621132,-0.253631907724998,-0.252238412370217,-0.250858765885712,-0.249492956540188,-0.248140957007161,-0.246802725731077,-0.245478208200189,-0.244167338131629,-0.2428700385739,-0.241586222931772,-0.240315795918366,-0.239058654438941,-0.237814688410702,-0.236583781522693,-0.235365811939652,-0.234160652953448,-0.232968173585558,-0.231788239143802,-0.230620711736397,-0.229465450746178,-0.22832231326769,-0.227191154509658,-0.226071828165212,-0.224964186752081,-0.223868081924828,-0.222783364761075,-0.221709886023536,-0.220647496399546,-0.2195960467197,-0.218555388157056,-0.21752537240832,-0.216505851858283,-0.215496679728733,-0.214497710212968,-0.213508798596958,-0.212529801368147,-0.211560576312795,-0.210600982602738,-0.209650880872331,-0.208710133286347,-0.207778603599493,-0.206856157208211,-0.205942661195348,-0.205037984368262,-0.204141997290869,-0.203254572310138,-0.202375583577457,-0.201504907065309,-0.200642420579635,-0.199788003768251,-0.198941538125648,-0.198102906994502,-0.197271995564165,-0.196448690866416,-0.195632881768731,-0.19482445896528,-0.19402331496589,-0.19322934408316,-0.192442442417915,-0.191662507843176,-0.190889439986789,-0.190123140212885,-0.189363511602278,-0.188610458931947,-0.187863888653709,-0.18712370887219,-0.186389829322196,-0.185662161345569,-0.184940617867618,-0.184225113373195,-0.183515563882495,-0.182811886926634,-0.182114001523076,-0.181421828150953,-0.180735288726334,-0.18005430657749,-0.179378806420185,-0.178708714333046,-0.178043957733035,-0.177384465351061,-0.176730167207749,-0.176080994589411,-0.175436880024215,-0.174797757258598,-0.174163561233924,-0.173534228063409,-0.172909695009329,-0.172289900460519,-0.171674783910175,-0.171064285933973,-0.170458348168502,-0.169856913290036,-0.169259924993628,-0.168667327972546,-0.168079067898055,-0.167495091399531,-0.166915346044936,-0.166339780321629,-0.165768343617526,-0.165200986202609,-0.164637659210777,0,-0.285966252172634,-0.287884183786493,-0.289894560034121,-0.291970080321039,-0.29408490212969,-0.296219902039743,-0.29836115346463,-0.300498040946432,-0.302621786140615,-0.304724426034692,-0.306798205878577,-0.308835319789486,-0.310827910779185,-0.312768235493243,-0.314648906769068,-0.316463144445187,-0.318204986142618,-0.31986943052278,-0.321452503052007,-0.322951247369736,-0.324363653858508,-0.325688541488906,-0.326925410312033,-0.328074281025943,-0.329135535709369,-0.330109770799598,-0.330997670208936,-0.33179990346588,-0.332517051127179,-0.333149557523883,-0.333697709197846,-0.334161636135104,-0.334541332068685,-0.33483668965671,-0.335047546189569,-0.335173735589077,-0.335215142779578,-0.335171756983081,-0.335043721067044,-0.334831374706326,-0.33453528976714,-0.33415629694352,-0.333695503246221,-0.333154300438488,-0.332534364919135,-0.331837649864941,-0.331066370662162,-0.330222984787054,-0.329310167347728,-0.328330783486952,-0.327287858781352,-0.326184548670533,-0.325024107822834,-0.323809860204078,-0.322545170471293,-0.32123341717259,-0.319877968102654,-0.318482158044554,-0.317049269024969,-0.315582513122398,-0.314085017796491,-0.312559813650378,-0.311009824495662,-0.30943785955977,-0.307846607656114,-0.30623863312708,-0.304616373366659,-0.302982137731999,-0.301338107659919,-0.299686337814281,-0.298028758102116,-0.296367176409621,-0.294703281923061,-0.29303864891355,-0.29137474087839,-0.289712914944758,-0.288054426453853,-0.286400433655069,-0.284752002450232,-0.2831101111374,-0.281475655112268,-0.279849451492723,-0.278232243638791,-0.276624705545989,-0.275027446095182,-0.273441013146329,-0.271865897467245,-0.270302536491626,-0.268751317903199,-0.267212583045066,-0.265686630155104,-0.264173717429726,-0.262674065919515,-0.261187862261108,-0.259715261250468,-0.25825638826316,-0.256811341527645,-0.255380194257835,-0.253962996651286,-0.252559777759479,-0.25117054723657,-0.249795296972967,-0.248434002619912,-0.247086625011124,-0.245753111487359,-0.244433397129521,-0.243127405905758,-0.241835051737734,-0.240556239491033,-0.239290865894412,-0.238038820392393,-0.236799985935438,-0.235574239711733,-0.23436145382437,-0.233161495917524,-0.231974229754995,-0.230799515754288,-0.229637211479226,-0.228487172093893,-0.227349250780551,-0.226223299123981,-0.225109167464587,-0.224006705222402,-0.22291576119404,-0.221836183824487,-0.220767821455507,-0.219710522552312,-0.21866413591005,-0.217628510841561,-0.216603497347742,-0.215588946271792,-0.214584709438499,-0.213590639779681,-0.212606591446791,-0.211632419911646,-0.210667982056168,-0.209713136251963,-0.208767742430512,-0.207831662144692,-0.206904758622289,-0.205986896812147,-0.205077943423501,-0.204177766959062,-0.203286237742346,-0.202403227939704,-0.201528611577504,-0.20066226455486,-0.199804064652278,-0.198953891536581,-0.198111626762427,-0.197277153770715,-0.196450357884181,-0.195631126300413,-0.194819348082548,-0.194014914147861,-0.19321771725446,-0.192427651986273,-0.191644614736508,-0.190868503689738,-0.190099218802789,-0.189336661784535,-0.188580736074763,-0.187831346822203,-0.187088400861847,-0.186351806691654,-0.18562147444873,-0.18489731588508,-0.184179244343004,-0.183467174730202,-0.182761023494673,-0.182060708599453,-0.181366149497256,-0.180677267105067,-0.179993983778731,-0.179316223287582,-0.17864391078916,-0.177976972804028,-0.177315337190746,-0.176658933121015,-0.17600769105502,-0.175361542717,-0.174720421071054,-0.17408426029722,-0.173452995767823,-0.172826564024119,-0.172204902753242,-0.171587950765471,-0.170975647971821,-0.170367935361964,-0.16976475498249,-0.169166049915521,-0.168571764257665,-0.167981843099329,-0.167396232504386,-0.166814879490203,-0.166237732008017,-0.165664738923683,-0.165095849998769,-0.164531015872016,-0.163970188041148,0,-0.287135978822376,-0.28911970974061,-0.291185286153584,-0.293301383789457,-0.295443279948886,-0.297594061857595,-0.299741844944308,-0.301877586618156,-0.303993591520659,-0.3060825738679,-0.308137176447947,-0.310149841773752,-0.312112923178724,-0.314018928739781,-0.315860808171352,-0.317632216753272,-0.319327715295103,-0.320942887122638,-0.322474370098765,-0.323919813294824,-0.325277774584575,-0.326547578080602,-0.327729150061296,-0.32882284988509,-0.329829309233604,-0.330749289528831,-0.331583563978652,-0.332332827682882,-0.33299763670371,-0.333578375003777,-0.334075246662615,-0.334488289752425,-0.334817407631232,-0.335062413137296,-0.335223081185895,-0.335299205522197,-0.335290655817239,-0.335197431855209,-0.335019712198946,-0.334757895390715,-0.334412632406118,-0.333984849696746,-0.333475762706013,-0.332886880204879,-0.332220000160416,-0.331477198118172,-0.330660809253051,-0.329773405331736,-0.328817767844451,-0.327796858519033,-0.326713788340054,-0.325571786074018,-0.324374167160934,-0.323124303683565,-0.321825595977259,-0.320481446301924,-0.319095234868398,-0.317670298396995,-0.316209911287979,-0.314717269402506,-0.313195476387576,-0.311647532428673,-0.310076325277437,-0.30848462337722,-0.306875070894782,-0.305250184460067,-0.303612351416186,-0.301963829386917,-0.30030674697801,-0.298643105440091,-0.296974781134177,-0.295303528654923,-0.293630984481125,-0.29195867103732,-0.290288001064068,-0.288620282207597,-0.286956721751668,-0.28529843142572,-0.283646432233544,-0.282001659255909,-0.280364966388714,-0.278737130985488,-0.277118858379355,-0.275510786265102,-0.273913488926714,-0.272327481299817,-0.270753222861895,-0.269191121346087,-0.267641536276729,-0.266104782326869,-0.264581132499575,-0.263070821136168,-0.261574046755573,-0.260090974729758,-0.258621739800858,-0.257166448445994,-0.255725181096117,-0.254297994215368,-0.252884922247528,-0.251485979436134,-0.250101161524789,-0.24873044734405,-0.247373800291157,-0.246031169708658,-0.244702492167795,-0.243387692662273,-0.24208668571782,-0.240799376422694,-0.239525661384045,-0.238265429614804,-0.23701856335554,-0.235784938835451,-0.234564426976484,-0.233356894044289,-0.232162202249562,-0.230980210303064,-0.229810773927449,-0.228653746328831,-0.227508978630824,-0.226376320273645,-0.225255619380682,-0.224146723094804,-0.223049477886504,-0.221963729835887,-0.220889324890311,-0.219826109099461,-0.218773928829415,-0.217732630957264,-0.21670206304765,-0.215682073512561,-0.214672511755604,-0.213673228301889,-0.212684074914601,-0.211704904699249,-0.210735572196513,-0.209775933464557,-0.208825846151612,-0.207885169559569,-0.206953764699283,-0.206031494338241,-0.205118223041188,-0.204213817204272,-0.203318145083244,-0.202431076816175,-0.20155248444116,-0.200682241909425,-0.199820225094212,-0.198966311795824,-0.198120381743155,-0.197282316592009,-0.19645199992052,-0.195629317221916,-0.194814155894892,-0.194006405231817,-0.193205956404991,-0.19241270245114,-0.191626538254351,-0.1908473605276,-0.19007506779303,-0.189309560361137,-0.188550740308982,-0.187798511457564,-0.187052779348461,-0.186313451219842,-0.185580435981955,-0.18485364419217,-0.184132988029667,-0.183418381269839,-0.18270973925847,-0.182006978885776,-0.181310018560336,-0.180618778182988,-0.179933179120722,-0.179253144180632,-0.178578597583939,-0.177909464940156,-0.177245673221392,-0.176587150736849,-0.17593382710753,-0.175285633241175,-0.174642501307461,-0.174004364713468,-0.173371158079439,-0.172742817214845,-0.172119279094768,-0.171500481836611,-0.170886364677145,-0.170276867949903,-0.169671933062931,-0.169071502476888,-0.168475519683516,-0.167883929184473,-0.167296676470533,-0.166713708001157,-0.166134971184432,-0.165560414357385,-0.164989986766662,-0.164423638549581,-0.163861320715541,-0.163302985127809,0,-0.288342009064017,-0.290388760287507,-0.292504523961264,-0.294654755750075,-0.296817153426968,-0.298977598179045,-0.30112642695247,-0.303256152780858,-0.30536006226017,-0.307431428953468,-0.309463196346913,-0.311447996138405,-0.313378371952177,-0.315247094770646,-0.317047482243046,-0.318773663309216,-0.320420756811168,-0.321984954736039,-0.323463516340032,-0.324854688944014,-0.32615757568531,-0.327371971229683,-0.328498184648393,-0.329536865433565,-0.330488844804836,-0.331355000637768,-0.332136150877069,-0.332832977363166,-0.33344597965513,-0.333975456659722,-0.334421512622899,-0.33478408324122,-0.335062977239415,-0.33525792867336,-0.335368655394958,-0.335394919499683,-0.335336586114122,-0.335193677517296,-0.334966420277029,-0.334655283777022,-0.334261009173902,-0.333784628426284,-0.333227473557797,-0.332591176739954,-0.331877662102961,-0.331089130404713,-0.3302280378173,-0.329297070137472,-0.328299113706348,-0.327237224248973,-0.326114594730749,-0.324934523189016,-0.323700381346102,-0.322415584655042,-0.32108356427873,-0.31970774136327,-0.318291503840689,-0.316838185886998,-0.315351050069905,-0.313833272145914,-0.312287928408293,-0.310717985443866,-0.30912629212616,-0.307515573653083,-0.30588842742733,-0.304247320575134,-0.30259458890231,-0.300932437094262,-0.299262939977504,-0.297588044673234,-0.295909573487733,-0.294229227399185,-0.292548590015316,-0.290869131890737,-0.289192215106681,-0.287519098028741,-0.285850940170237,-0.284188807099727,-0.282533675341082,-0.280886437223352,-0.279247905645486,-0.277618818727849,-0.275999844328457,-0.27439158440706,-0.272794579224624,-0.271209311369577,-0.269636209605375,-0.268075652536596,-0.266527972093039,-0.264993456833063,-0.263472355068914,-0.261964877817937,-0.260471201584491,-0.258991470978072,-0.257525801173666,-0.256074280220712,-0.254636971207259,-0.253213914286047,-0.251805128569246,-0.250410613898568,-0.249030352497337,-0.247664310510997,-0.246312439442323,-0.244974677487412,-0.243650950778314,-0.24234117453789,-0.241045254152297,-0.23976308616618,-0.238494559205466,-0.237239554832357,-0.235997948336897,-0.234769609469261,-0.233554403116634,-0.232352189928395,-0.231162826893033,-0.229986167870074,-0.228822064080052,-0.227670364555416,-0.226530916555042,-0.225403565944882,-0.224288157547112,-0.223184535459969,-0.222092543350365,-0.2210120247212,-0.219942823155165,-0.218884782536746,-0.217837747253977,-0.216801562381428,-0.21577607384578,-0.214761128575289,-0.213756574634304,-0.212762261343967,-0.211778039390123,-0.210803760919402,-0.209839279624376,-0.208884450818626,-0.207939131502493,-0.207003180420236,-0.206076458109288,-0.205158826942208,-0.204250151161944,-0.203350296910917,-0.202459132254464,-0.201576527199077,-0.200702353705894,-0.19983648569984,-0.198978799074787,-0.198129171695096,-0.197287483393847,-0.196453615968067,-0.195627453171241,-0.19480888070334,-0.193997786198633,-0.193194059211483,-0.192397591200342,-0.191608275510136,-0.190826007353201,-0.19005068378895,-0.189282203702411,-0.188520467781775,-0.187765378495076,-0.187016840066131,-0.186274758449845,-0.185539041306971,-0.184809597978426,-0.184086339459246,-0.183369178372255,-0.182658028941512,-0.181952806965618,-0.18125342979092,-0.180559816284687,-0.179871886808285,-0.179189563190422,-0.178512768700474,-0.177841428021951,-0.177175467226132,-0.176514813745885,-0.175859396349721,-0.175209145116081,-0.174563991407903,-0.173923867847466,-0.173288708291543,-0.172658447806865,-0.172033022645928,-0.171412370223123,-0.170796429091235,-0.170185138918293,-0.169578440464781,-0.168976275561234,-0.16837858708619,-0.167785318944543,-0.167196416046254,-0.166611824285463,-0.166031490519974,-0.165455362551124,-0.164883389104034,-0.164315519808241,-0.163751705178708,-0.16319189659721,-0.162636046294098,0,-0.289585270597094,-0.291691342879266,-0.293850632870791,-0.296027544041268,-0.29820342925222,-0.300367332084958,-0.302511825654268,-0.304630853535016,-0.306718520357342,-0.308768511335747,-0.310773966109858,-0.312727651189862,-0.31462229030039,-0.316450938440579,-0.318207318719493,-0.31988607412773,-0.321482914437446,-0.322994659171273,-0.324419190934681,-0.325755340410551,-0.327002726454867,-0.328161573527927,-0.329232525489486,-0.330216470648078,-0.331114388650131,-0.33192722580666,-0.332655802038036,-0.333300749861288,-0.33386248374032,-0.334341196607079,-0.334736879362717,-0.335049358602853,-0.335278347607145,-0.335423505724416,-0.33548450160987,-0.335461076273505,-0.335353102524525,-0.335160638094117,-0.334883970441475,-0.334523651953967,-0.334080524907635,-0.333555736132498,-0.332950741811018,-0.332267303218262,-0.331507474487388,-0.330673583658972,-0.329768208357174,-0.328794147443063,-0.32775438994046,-0.326652082427748,-0.325490495955116,-0.324272993393739,-0.32300299796289,-0.321683963522084,-0.32031934706489,-0.318912583713991,-0.317467064396332,-0.315986116274255,-0.31447298592366,-0.312930825182683,-0.311362679542914,-0.309771478918012,-0.308160030599832,-0.306531014197856,-0.304886978351979,-0.30323033900969,-0.301563379064843,-0.299888249165245,-0.298206969508814,-0.296521432462349,-0.294833405852023,-0.293144536790061,-0.291456355917188,-0.289770281954954,-0.288087626475805,-0.286409598811524,-0.284737311032364,-0.283071782939848,-0.281413947025699,-0.279764653357889,-0.278124674362212,-0.276494709474346,-0.27487538964304,-0.273267281669903,-0.271670892375458,-0.270086672584639,-0.268515020927859,-0.266956287456243,-0.265410777071641,-0.263878752773668,-0.262360438727353,-0.260856023155991,-0.25936566106461,-0.257889476800033,-0.256427566453955,-0.254980000115718,-0.253546823981641,-0.252128062327799,-0.250723719353155,-0.249333780899844,-0.247958216057281,-0.24659697865661,-0.245250008661759,-0.243917233463219,-0.242598569080333,-0.241293921277721,-0.240003186601124,-0.238726253337778,-0.237463002406095,-0.23621330817923,-0.23497703924684,-0.2337540591191,-0.232544226876818,-0.231347397771265,-0.230163423777106,-0.22899215410163,-0.227833435653278,-0.226687113472268,-0.225553031125952,-0.224431031071373,-0.22332095498732,-0.222222644078046,-0.221135939350652,-0.220060681868034,-0.218996712979137,-0.217943874528172,-0.21690200904431,-0.215870959913305,-0.214850571532347,-0.213840689449418,-0.212841160488289,-0.211851832860242,-0.21087255626352,-0.209903181971441,-0.208943562910048,-0.207993553726102,-0.207053010846175,-0.20612179252754,-0.205199758901519,-0.20428677200988,-0.20338269583487,-0.202487396323377,-0.201600741405744,-0.20072260100965,-0.199852847069511,-0.198991353531763,-0.198137996356409,-0.197292653515154,-0.196455204986443,-0.195625532747687,-0.194803520764949,-0.193989054980337,-0.193182023297322,-0.192382315564215,-0.191589823555968,-0.190804440954517,-0.190026063327799,-0.189254588107622,-0.18848991456652,-0.187731943793722,-0.186980578670367,-0.186235723844067,-0.185497285702919,-0.184765172349067,-0.184039293571903,-0.18331956082097,-0.182605887178658,-0.181898187332749,-0.181196377548877,-0.180500375642945,-0.179810100953579,-0.179125474314623,-0.178446418027757,-0.177772855835246,-0.177104712892871,-0.176441915743062,-0.175784392288272,-0.175132071764601,-0.174484884715703,-0.173842762966998,-0.17320563960019,-0.172573448928125,-0.171946126469987,-0.171323608926857,-0.170705834157624,-0.170092741155283,-0.169484270023602,-0.168880361954182,-0.168280959203896,-0.167686005072725,-0.167095443881996,-0.166509220953001,-0.165927282586018,-0.165349576039731,-0.164776049511038,-0.164206652115255,-0.163641333866713,-0.163080045659736,-0.162522739250011,-0.161969367236331,0,-0.290864596404331,-0.293026409030417,-0.295221064440975,-0.297416477714261,-0.299598654176027,-0.301759914797866,-0.30389492292198,-0.305998833866368,-0.308066358976778,-0.310091431327554,-0.312067284988557,-0.313986778710067,-0.315842819704259,-0.31762877898542,-0.319338828745424,-0.320968167400376,-0.322513125220764,-0.323971161848443,-0.325340777415364,-0.326621363124688,-0.327813016883628,-0.328916346554427,-0.329932278964967,-0.330861887986095,-0.331706250388328,-0.332466334195695,-0.333142921003473,-0.333736561225809,-0.334247559421491,-0.334675985616472,-0.3350217078033,-0.335284440463329,-0.335463803951846,-0.335559389843115,-0.335570827791849,-0.335497850073852,-0.335340350668508,-0.335098436490099,-0.334772469118886,-0.334363096088322,-0.33387127142119,-0.33329826565291,-0.332645666021651,-0.331915367837221,-0.331109558266441,-0.330230693899786,-0.329281473504953,-0.328264807342369,-0.327183784331479,-0.32604163823054,-0.324841713841149,-0.323587434084526,-0.32228226863009,-0.32092970459642,-0.319533219696068,-0.318096258062962,-0.316622208886324,-0.315114387879039,-0.313576021530765,-0.312010234035761,-0.310420036740719,-0.308808319926988,-0.3071778467223,-0.305531248927592,-0.303871024542699,-0.302199536778994,-0.300519014355797,-0.298831552889353,-0.297139117197271,-0.295443544356596,-0.293746547369444,-0.292049719305928,-0.290354537809318,-0.288662369862948,-0.28697447673198,-0.285292019005616,-0.283616061676818,-0.281947579206826,-0.280287460530952,-0.278636513970234,-0.276995472020634,-0.275364995997641,-0.273745680519491,-0.272138057816755,-0.270542601859931,-0.268959732299951,-0.267389818219216,-0.26583318169303,-0.264290101163137,-0.262760814626531,-0.261245522643902,-0.25974439117295,-0.258257554232522,-0.25678511640399,-0.255327155176632,-0.253883723144001,-0.252454850058338,-0.2510405447501,-0.249640796919636,-0.248255578807875,-0.246884846752781,-0.245528542638079,-0.244186595240579,-0.242858921482142,-0.241545427592103,-0.240246010185698,-0.238960557263775,-0.237688949138796,-0.236431059291903,-0.235186755165525,-0.233955898895793,-0.232738347988749,-0.231533955944141,-0.230342572830334,-0.229164045813682,-0.227998219645474,-0.226844937109409,-0.225704039432327,-0.22457536666078,-0.223458758005845,-0.222354052158439,-0.221261087577232,-0.220179702751118,-0.219109736438101,-0.218051027882282,-0.217003417010566,-0.215966744610563,-0.21494085249109,-0.213925583626551,-0.212920782286411,-0.211926294150892,-0.210941966413928,-0.209967647874353,-0.209003189016244,-0.208048442079243,-0.207103261119651,-0.206167502063035,-0.205241022749003,-0.204323682968803,-0.20341534449631,-0.202515871112962,-0.201625128627145,-0.200742984888495,-0.199869309797551,-0.199003975311175,-0.198146855444096,-0.197297826266945,-0.19645676590109,-0.195623554510574,-0.194798074291436,-0.193980209458665,-0.193169846231031,-0.192366872814008,-0.19157117938099,-0.190782658052993,-0.190001202877016,-0.189226709803208,-0.188459076661008,-0.18769820313438,-0.186943990736268,-0.186196342782395,-0.185455164364502,-0.184720362323131,-0.183991845220036,-0.183269523310306,-0.182553308514275,-0.181843114389285,-0.181138856101367,-0.180440450396897,-0.179747815574271,-0.179060871455661,-0.178379539358874,-0.177703742069378,-0.177033403812499,-0.17636845022585,-0.175708808332001,-0.175054406511417,-0.174405174475695,-0.17376104324111,-0.173121945102495,-0.17248781360746,-0.171858583530976,-0.171234190850325,-0.170614572720426,-0.169999667449558,-0.169389414475464,-0.168783754341861,-0.168182628675355,-0.167585980162755,-0.166993752528801,-0.166405890514295,-0.165822339854645,-0.165243047258819,-0.164667960388701,-0.164097027838858,-0.163530199116704,-0.162967424623071,-0.162408655633168,-0.161853844277943,-0.161302943525827,0,-0.292179721580839,-0.294391846222841,-0.296612419123633,-0.298817771325942,-0.300999121501866,-0.303151917789665,-0.305272624876936,-0.307357317771592,-0.309401074128341,-0.311397909469355,-0.313341063468607,-0.315223462271145,-0.317038216103015,-0.318779055095588,-0.320440649120453,-0.32201879274227,-0.323510461403971,-0.324913760004625,-0.326227791990662,-0.327452478215653,-0.32858835221609,-0.329636353906533,-0.330597638295175,-0.331473410524207,-0.332264793852124,-0.332972733341442,-0.333597935031214,-0.334140838188557,-0.334601616732659,-0.334980204988067,-0.33527634244421,-0.335489632085304,-0.33561960703453,-0.335665800664472,-0.335627815904225,-0.335505390167935,-0.335298453088596,-0.335007175017472,-0.334632005001698,-0.334173697645885,-0.333633328871423,-0.333012301092344,-0.332312338720209,-0.331535475191901,-0.330684032889252,-0.329760597399177,-0.328767987561698,-0.327709222687183,-0.326587488209628,-0.325406100895581,-0.324168474562462,-0.32287808708734,-0.321538449317345,-0.320153076332921,-0.318725461370062,-0.317259052580439,-0.31575723270043,-0.314223301611451,-0.312660461703945,-0.311071805904326,-0.309460308186247,-0.3078288163627,-0.306180046941436,-0.304516581821176,-0.302840866607928,-0.301155210338026,-0.29946178640554,-0.297762634505496,-0.296059663419632,-0.294354654487597,-0.292649265622811,-0.290945035748183,-0.289243389542243,-0.287545642400667,-0.285853005531559,-0.284166591115078,-0.282487417469087,-0.28081641417238,-0.279154427105858,-0.277502223379746,-0.275860496121656,-0.274229869106168,-0.27261090121159,-0.271004090693794,-0.269409879270673,-0.267828656013719,-0.266260761045756,-0.264706489045897,-0.263166092564418,-0.261639785151611,-0.260127744305658,-0.258630114245385,-0.257147008514315,-0.255678512422833,-0.254224685335573,-0.252785562811219,-0.251361158601993,-0.249951466520045,-0.248556462177861,-0.247176104609642,-0.245810337780432,-0.244459091989519,-0.24312228517443,-0.241799824121545,-0.240491605589108,-0.239197517348146,-0.23791743914651,-0.23665124360101,-0.235398797022332,-0.234159960177172,-0.232934588991766,-0.231722535200765,-0.23052364694514,-0.229337769322627,-0.228164744893945,-0.227004414147885,-0.225856615928111,-0.224721187824384,-0.223597966530711,-0.222486788172769,-0.221387488606812,-0.220299903692103,-0.219223869538791,-0.218159222733023,-0.217105800540951,-0.216063441093206,-0.215031983551262,-0.214011268257069,-0.213001136867192,-0.21200143247264,-0.211011999705473,-0.210032684833193,-0.209063335841883,-0.208103802508954,-0.207153936466326,-0.206213591254803,-0.20528262237035,-0.204360887302915,-0.20344824556843,-0.202544558734533,-0.20164969044055,-0.200763506412226,-0.199885874471647,-0.199016664542788,-0.198155748653061,-0.197303000931237,-0.196458297602071,-0.195621516977938,-0.194792539447772,-0.193971247463568,-0.193157525524697,-0.19235126016026,-0.19155233990969,-0.1907606553018,-0.189976098832442,-0.189198564940967,-0.188427949985608,-0.187664152217957,-0.186907071756635,-0.186156610560302,-0.185412672400088,-0.184675162831571,-0.183943989166377,-0.183219060443486,-0.182500287400338,-0.18178758244378,-0.181080859620952,-0.180380034590139,-0.179685024591663,-0.178995748418854,-0.178312126389149,-0.177634080315345,-0.176961533477064,-0.176294410592439,-0.175632637790064,-0.174976142581227,-0.17432485383245,-0.173678701738359,-0.173037617794892,-0.172401534772878,-0.171770386691974,-0.171144108795,-0.170522637522661,-0.169905910488672,-0.169293866455287,-0.168686445309256,-0.168083588038178,-0.167485236707293,-0.166891334436685,-0.166301825378912,-0.165716654697061,-0.165135768543218,-0.164559114037368,-0.163986639246701,-0.163418293165352,-0.162854025694534,-0.162293787623097,-0.161737530608478,-0.161185207158065,-0.160636770610943,0,-0.293532078655978,-0.295784479790505,-0.298020551817495,-0.300227257016184,-0.302400987759383,-0.304539922704503,-0.306641925119713,-0.308703649327327,-0.310720289524936,-0.312685790857572,-0.3145933316039,-0.316435902664766,-0.31820685414574,-0.319900328654211,-0.321511545495686,-0.323036933471203,-0.324474131331074,-0.32582188586165,-0.327079880792985,-0.328248527858923,-0.329328746595511,-0.330321753472046,-0.331228874848471,-0.332051392737685,-0.332790427760168,-0.333446860097649,-0.334021286616581,-0.33451401050557,-0.334925058603355,-0.335254220950314,-0.335501106865976,-0.335665211950096,-0.335745990754398,-0.335742930415224,-0.335655621218277,-0.335483820833216,-0.33522750975875,-0.334886936313447,-0.334462650255275,-0.333955524783046,-0.333366767243719,-0.332697919327841,-0.331950847877203,-0.331127727657066,-0.330231017569491,-0.329263431817773,-0.328227907490825,-0.327127569937659,-0.325965697162549,-0.324745684306384,-0.323471009102557,-0.322145199017383,-0.320771800614051,-0.319354351521629,-0.317896355250475,-0.316401258974898,-0.314872434303486,-0.313313160976809,-0.311726613369855,-0.310115849630792,-0.308483803256303,-0.306833276884688,-0.305166938078935,-0.303487316871051,-0.301796804844246,-0.300097655539475,-0.298391985986013,-0.296681779170947,-0.294968887278893,-0.293255035550072,-0.291541826621555,-0.289830745232636,-0.288123163190601,-0.286420344507389,-0.284723450630775,-0.283033545705604,-0.281351601811277,-0.279678504131246,-0.278015056018628,-0.276361983929434,-0.274719942201228,-0.273089517660559,-0.271471234047161,-0.269865556246873,-0.268272894328599,-0.266693607383322,-0.265128007165544,-0.263576361539297,-0.262038897732401,-0.260515805403796,-0.259007239529652,-0.257513323114663,-0.256034149735382,-0.25456978592278,-0.253120273391384,-0.251685631122454,-0.250265857308598,-0.248860931167181,-0.247470814629717,-0.24609545391425,-0.244734780987519,-0.24338871492345,-0.242057163164262,-0.240740022690191,-0.239437181103569,-0.238148517632717,-0.236873904060815,-0.23561320558465,-0.234366281607879,-0.23313298647316,-0.231913170137279,-0.230706678793134,-0.229513355442217,-0.228333040421003,-0.227165571884462,-0.22601078624967,-0.224868518602348,-0.223738603068949,-0.222620873156744,-0.221515162064212,-0.220421302963871,-0.219339129259552,-0.218268474819982,-0.217209174190426,-0.216161062783994,-0.215123977054142,-0.214097754649769,-0.213082234554219,-0.212077257209424,-0.211082664626302,-0.210098300482496,-0.209124010208414,-0.2081596410625,-0.207205042196585,-0.206260064712107,-0.20532456170793,-0.20439838832046,-0.203481401756676,-0.202573461320675,-0.201674428434276,-0.200784166652185,-0.1999025416722,-0.199029421340887,-0.198164675655128,-0.197308176759929,-0.196459798942816,-0.19561941862516,-0.194786914350718,-0.193962166771658,-0.193145058632345,-0.192335474751099,-0.191533302000158,-0.190738429284041,-0.189950747516493,-0.189170149596193,-0.188396530381367,-0.187629786663469,-0.186869817140042,-0.186116522386904,-0.185369804829751,-0.184629568715296,-0.183895720082025,-0.183168166730672,-0.182446818194473,-0.18173158570929,-0.181022382183656,-0.18031912216881,-0.179621721828773,-0.178930098910514,-0.178244172714252,-0.17756386406393,-0.176889095277907,-0.176219790139887,-0.175555873870122,-0.174897273096922,-0.174243915828475,-0.173595731425019,-0.172952650571362,-0.172314605249792,-0.171681528713364,-0.171053355459588,-0.170430021204533,-0.16981146285734,-0.169197618495163,-0.168588427338541,-0.167983829727196,-0.167383767096271,-0.166788181953006,-0.166197017853845,-0.165610219381987,-0.165027732125372,-0.164449502655096,-0.163875478504265,-0.163305608147278,-0.162739840979531,-0.162178127297544,-0.161620418279512,-0.16106666596626,-0.160516823242611,-0.159970843819158,0,-0.294920390694818,-0.297200010593285,-0.299440721917907,-0.301640535926184,-0.303800392089181,-0.305920605825134,-0.307999959407503,-0.310035325030037,-0.312021774021911,-0.31395305388561,-0.315822243518692,-0.317622420875702,-0.319347229897703,-0.320991287421234,-0.322550414699769,-0.32402170801802,-0.325403479412959,-0.326695104789674,-0.327896816108707,-0.329009469660809,-0.330034315866804,-0.330972789031665,-0.331826328982637,-0.332596241027155,-0.333283596343234,-0.333889171716685,-0.334413425311772,-0.334856503718713,-0.335218274690198,-0.335498379619245,-0.335696299814654,-0.335811430916065,-0.335843160292382,-0.335790942928045,-0.335654372068337,-0.335433241717506,-0.335127598915101,-0.334737784514833,-0.334264461921582,-0.33370863387947,-0.333071647929857,-0.332355191564438,-0.331561278385474,-0.330692226759349,-0.329750632523533,-0.328739337296071,-0.327661393858457,-0.326520029954623,-0.325318611687546,-0.324060607515353,-0.322749553663356,-0.321389021587087,-0.319982587951511,-0.318533807438251,-0.317046188558815,-0.315523172538751,-0.313968115245365,-0.312384272059057,-0.31077478553373,-0.309142675653158,-0.307490832465226,-0.305822010862455,-0.30413882727289,-0.302443758028408,-0.300739139185835,-0.299027167588604,-0.297309902971626,-0.295589270928543,-0.293867066577826,-0.292144958781487,-0.290424494787132,-0.288707105180223,-0.28699410904862,-0.285286719275444,-0.283586047889123,-0.281893111410999,-0.280208836151161,-0.278534063412306,-0.276869554569401,-0.275215995999875,-0.27357400384507,-0.271944128588829,-0.270326859443433,-0.268722628536795,-0.267131814897877,-0.265554748239807,-0.263991712542257,-0.262442949436306,-0.260908661396297,-0.259389014744266,-0.257884142473248,-0.256394146896347,-0.254919102128835,-0.253459056410781,-0.252014034277813,-0.250584038587654,-0.24916905240999,-0.247769040787106,-0.246383952372547,-0.245013720954852,-0.243658266873164,-0.242317498331235,-0.240991312616103,-0.239679597227413,-0.238382230923048,-0.237099084686498,-0.235830022621047,-0.234574902775642,-0.233333577906978,-0.232105896182115,-0.23089170182567,-0.22969083571537,-0.22850313592955,-0.227328438249938,-0.226166576622852,-0.225017383581761,-0.223880690633939,-0.222756328613792,-0.221644128005243,-0.220543919235432,-0.219455532941799,-0.218378800214525,-0.217313552816126,-0.216259623379906,-0.215216845588853,-0.214185054336432,-0.213164085870667,-0.212153777922765,-0.211153969821479,-0.21016450259432,-0.209185219056624,-0.208215963889453,-0.207256583707192,-0.206306927115692,-0.205366844761698,-0.204436189374294,-0.203514815799014,-0.202602581025238,-0.201699344207433,-0.200804966680775,-0.199919311971639,-0.199042245803406,-0.198173636098013,-0.197313352973628,-0.196461268738822,-0.195617257883556,-0.194781197067307,-0.193952965104608,-0.193132442948264,-0.192319513670505,-0.191514062442279,-0.190715976510901,-0.189925145176262,-0.189141459765748,-0.188364813608064,-0.187595102006077,-0.186832222208849,-0.186076073382964,-0.185326556583273,-0.184583574723163,-0.183847032544447,-0.183116836586962,-0.182392895157962,-0.181675118301371,-0.180963417766977,-0.180257706979607,-0.179557901008371,-0.178863916535986,-0.178175671828265,-0.177493086703781,-0.176816082503759,-0.17614458206223,-0.175478509676465,-0.174817791077729,-0.174162353402369,-0.173512125163259,-0.17286703622162,-0.172227017759233,-0.171592002251059,-0.170961923438265,-0.170336716301686,-0.169716317035712,-0.169100663022626,-0.16848969280737,-0.167883346072773,-0.167281563615225,-0.166684287320805,-0.166091460141855,-0.165503026074014,-0.164918930133701,-0.164339118336043,-0.163763537673257,-0.163192136093465,-0.162624862479956,-0.162061666630883,-0.161502499239387,-0.160947311874147,-0.160396056960357,-0.159848687761106,-0.159305158359179,0,-0.29634114750066,-0.29863309950439,-0.300867784375477,-0.303053138848166,-0.305193570799961,-0.30729081235941,-0.309344049236702,-0.311350016380551,-0.313303451548535,-0.315197813790291,-0.317026078633923,-0.31878145912816,-0.320457962411457,-0.322050746934994,-0.3235562863484,-0.324972370542735,-0.326297985187597,-0.327533112490927,-0.328678491625484,-0.329735370135361,-0.330705269613957,-0.331589781285103,-0.33239040052321,-0.333108404098628,-0.333744770026255,-0.334300137163398,-0.334774799920893,-0.335168732399658,-0.335481635761033,-0.335713002546493,-0.335862191881242,-0.335928509952974,-0.335911290792159,-0.335809973140532,-0.335624170029859,-0.335353728555682,-0.334998778176352,-0.334559766657814,-0.334037483488352,-0.333433071183039,-0.332748025372312,-0.331984184919287,-0.331143713540404,-0.330229074524,-0.329243000166402,-0.3281884574923,-0.327068611713899,-0.325886788729361,-0.324646437781603,-0.323351095207648,-0.322004350017966,-0.320609811863301,-0.319171081779713,-0.31769172595489,-0.316175252632304,-0.314625092164951,-0.313044580146594,-0.311436943484113,-0.309805289227736,-0.308152595944299,-0.306481707399876,-0.304795328309815,-0.303096021914272,-0.301386209143784,-0.299668169150564,-0.297944040995634,-0.296215826298368,-0.294485392672629,-0.292754477791586,-0.291024693941009,-0.289297532937874,-0.287574371307213,-0.285856475625104,-0.284145007949384,-0.282441031272122,-0.280745514938969,-0.27905933999044,-0.277383304388818,-0.275718128101986,-0.274064458022047,-0.272422872702224,-0.270793886900322,-0.269177955921095,-0.267575479753231,-0.265986806999512,-0.264412238600946,-0.262852031357597,-0.261306401250272,-0.25977552656841,-0.258259550850382,-0.256758585643092,-0.255272713088184,-0.2538019883425,-0.252346441840547,-0.250906081406822,-0.249480894225778,-0.248070848677104,-0.246675896043856,-0.245295972100715,-0.243930998589457,-0.242580884588423,-0.241245527782504,-0.239924815639869,-0.238618626501359,-0.237326830588192,-0.236049290933294,-0.234785864241323,-0.233536401682143,-0.232300749622233,-0.231078750298271,-0.229870242436852,-0.228675061824083,-0.227493041828536,-0.226324013880851,-0.225167807913054,-0.22402425276045,-0.22289317652879,-0.221774406929205,-0.220667771583251,-0.219573098300257,-0.218490215328999,-0.21741895158561,-0.216359136859491,-0.215310601998872,-0.214273179077562,-0.213246701544308,-0.212231004356109,-0.211225924096701,-0.210231299081386,-0.209246969449257,-0.208272777243826,-0.207308566482971,-0.206354183219067,-0.205409475590088,-0.204474293862439,-0.203548490466179,-0.202631920023302,-0.201724439369637,-0.200825907570946,-0.1999361859337,-0.199055138011025,-0.198182629604245,-0.197318528760426,-0.196462705766298,-0.195615033138902,-0.194775385613277,-0.193943640127487,-0.193119675805262,-0.192303373936499,-0.191494617955872,-0.190693293419738,-0.189899287981573,-0.189112491366084,-0.188332795342197,-0.187560093695051,-0.186794282197154,-0.186035258578832,-0.185282922498076,-0.184537175509916,-0.183797921035406,-0.183065064330329,-0.182338512453681,-0.181618174236038,-0.180903960247856,-0.180195782767772,-0.179493555750972,-0.178797194797662,-0.178106617121703,-0.177421741519442,-0.176742488338788,-0.176068779448553,-0.1754005382081,-0.174737689437316,-0.174080159386943,-0.173427875709279,-0.172780767429271,-0.172138764916016,-0.171501799854685,-0.170869805218878,-0.170242715243419,-0.169620465397605,-0.169002992358908,-0.16839023398714,-0.16778212929908,-0.167178618443576,-0.1665796426771,-0.165985144339785,-0.165395066831927,-0.164809354590946,-0.164227953068819,-0.163650808709969,-0.163077868929615,-0.162509082092572,-0.161944397492505,-0.161383765331618,-0.160827136700796,-0.160274463560161,-0.159725698720076,-0.159180795822552,-0.158639709323083,0,-0.297789583942464,-0.300077614428248,-0.302296411136324,-0.304460685053451,-0.306576960099912,-0.308647616702708,-0.310671732638162,-0.312645582373847,-0.314563403929171,-0.316418321697514,-0.318203240328194,-0.319911580586034,-0.321537794566624,-0.323077651870897,-0.324528323855162,-0.325888310801913,-0.327157261490744,-0.328335731220526,-0.329424916731732,-0.330426397332743,-0.331341902513619,-0.332173118398623,-0.332921538984525,-0.333588363302513,-0.334174436264883,-0.334680228747889,-0.335105851141685,-0.335451093930165,-0.335715488668291,-0.335898382876301,-0.335999022781542,-0.336016638445405,-0.335950526561698,-0.335800127054526,-0.33556509049096,-0.335245334210717,-0.334841085920571,-0.334352914270298,-0.333781746593052,-0.333128874539154,-0.332395948750388,-0.331584964013099,-0.33069823650063,-0.329738374782353,-0.328708246254841,-0.327610940559084,-0.326449731404911,-0.325228038047602,-0.323949387467549,-0.322617378104971,-0.321235645808336,-0.319807832474984,-0.318337557700537,-0.316828393613047,-0.315283842949546,-0.313707320336647,-0.312102136661711,-0.310471486365101,-0.308818437444803,-0.307145923939815,-0.305456740645723,-0.303753539812466,-0.302038829578342,-0.300314973903958,-0.298584193783415,-0.29684856952628,-0.295110043921658,-0.293370426114131,-0.291631396039729,-0.289894509288019,-0.288161202273458,-0.286432797615042,-0.284710509638008,-0.282995449924671,-0.281288632853497,-0.279590981076216,-0.277903330892219,-0.276226437487757,-0.274560980014607,-0.272907566489072,-0.271266738497429,-0.269638975698406,-0.268024700117029,-0.266424280227269,-0.264838034823503,-0.263266236682863,-0.26170911602224,-0.260166863754997,-0.258639634553477,-0.257127549724128,-0.255630699902614,-0.254149147576657,-0.252682929444524,-0.251232058617213,-0.249796526672338,-0.248376305567651,-0.246971349421971,-0.245581596171097,-0.244206969106041,-0.242847378300636,-0.241502721935324,-0.24017288752359,-0.238857753047236,-0.237557188006363,-0.236271054389643,-0.234999207570141,-0.233741497131672,-0.232497767630388,-0.231267859296006,-0.230051608676838,-0.228848849232512,-0.227659411878057,-0.226483125482765,-0.225319817327036,-0.224169313520229,-0.223031439382295,-0.221906019791829,-0.220792879502989,-0.219691843433555,-0.218602736926263,-0.217525385985392,-0.216459617490463,-0.215405259388764,-0.214362140868303,-0.213330092512684,-0.212308946439303,-0.211298536422133,-0.21029869800032,-0.209309268573698,-0.208330087486259,-0.207360996098534,-0.206401837849803,-0.205452458310936,-0.204512705228654,-0.203582428561922,-0.202661480511133,-0.201749715540705,-0.200846990395652,-0.19995316411267,-0.199068098026219,-0.198191655770054,-0.197323703274628,-0.19646410876076,-0.195612742729914,-0.194769477951436,-0.193934189447046,-0.19310675447287,-0.192287052499278,-0.191474965188768,-0.19067037637211,-0.189873172022971,-0.189083240231194,-0.188300471174918,-0.187524757091686,-0.186755992248698,-0.185994072912341,-0.185238897317112,-0.184490365634064,-0.183748379938854,-0.183012844179513,-0.182283664144006,-0.181560747427671,-0.180844003400595,-0.180133343175016,-0.179428679572782,-0.178729927092938,-0.178037001879484,-0.17734982168935,-0.176668305860613,-0.175992375281017,-0.175321952356796,-0.174656960981853,-0.173997326507303,-0.17334297571141,-0.172693836769928,-0.172049839226875,-0.171410913965734,-0.170776993181117,-0.170148010350878,-0.1695239002087,-0.168904598717152,-0.168290043041224,-0.167680171522347,-0.167074923652894,-0.166474240051163,-0.165878062436853,-0.165286333607013,-0.164698997412481,-0.164115998734801,-0.163537283463608,-0.162962798474501,-0.162392491607369,-0.161826311645188,-0.161264208293271,-0.160706132158979,-0.160152034731869,-0.159601868364285,-0.159055586252387,-0.1585131424176,-0.157974491688487,0,-0.299258450277704,-0.30152693290219,-0.303721323074667,-0.305859028222551,-0.307947281098307,-0.309988365958896,-0.311980781421534,-0.313920072230221,-0.315799867424827,-0.31761296009555,-0.319352252836405,-0.321011468293519,-0.322585593544676,-0.324071077047251,-0.325465824917725,-0.326769053282296,-0.32798105173678,-0.329102905056282,-0.330136209905558,-0.331082812683875,-0.331944585092292,-0.332723246175924,-0.333420233640693,-0.334036623035892,-0.334573090631246,-0.335029914157704,-0.335407004717608,-0.335703962864557,-0.335920151940081,-0.336054782124018,-0.336106999234982,-0.336075973052253,-0.335960980773442,-0.335761482127536,-0.335477183585274,-0.335108090005049,-0.334654542884459,-0.334117245124351,-0.333497272831689,-0.332796075177664,-0.332015463685102,-0.331157592549613,-0.330224931713646,-0.329220234427846,-0.328146500968455,-0.32700694005258,-0.325804929323753,-0.324543976085532,-0.32322767925569,-0.321859693309705,-0.320443694789023,-0.318983351773179,-0.317482296559445,-0.315944101661129,-0.314372259126339,-0.312770163092095,-0.311141095422441,-0.309488214231384,-0.307814545059672,-0.306122974455955,-0.304416245705405,-0.302696956449949,-0.300967557951987,-0.299230355765968,-0.297487511597936,-0.295741046150982,-0.293992842773359,-0.292244651745121,-0.290498095057896,-0.288754671560392,-0.287015762359169,-0.285282636379902,-0.283556456008692,-0.281838282745938,-0.280129082816838,-0.278429732692889,-0.276741024487694,-0.275063671198249,-0.27339831176964,-0.271745515966851,-0.270105789042302,-0.268479576191889,-0.266867266795713,-0.265269198442571,-0.263685660739583,-0.262116898910196,-0.260563117185313,-0.25902448199343,-0.257501124956521,-0.255993145699073,-0.254500614478086,-0.253023574642115,-0.25156204492759,-0.250116021600652,-0.24868548045268,-0.247270378657552,-0.245870656498499,-0.244486238972144,-0.243117037277098,-0.241762950194161,-0.240423865364892,-0.239099660474984,-0.237790204348597,-0.236495357959442,-0.235214975364139,-0.23394890456305,-0.232696988293478,-0.23145906475988,-0.230234968305398,-0.229024530028825,-0.227827578350804,-0.226643939532853,-0.225473438152577,-0.224315897538192,-0.223171140165309,-0.222038988018708,-0.220919262921665,-0.219811786835212,-0.218716382129563,-0.217632871829775,-0.21656107983757,-0.215500831131137,-0.214451951944558,-0.213414269928441,-0.212387614293204,-0.211371815936347,-0.210366707554977,-0.20937212374474,-0.208387901086256,-0.207413878220039,-0.206449895910861,-0.205495797102399,-0.204551426962992,-0.203616632923237,-0.202691264706117,-0.20177517435031,-0.200868216227261,-0.19997024705258,-0.199081125892259,-0.198200714164191,-0.197328875635426,-0.196465476415564,-0.195610384946659,-0.194763471989976,-0.193924610609929,-0.193093676155482,-0.192270546239288,-0.191455100714824,-0.19064722165174,-0.189846793309644,-0.18905370211051,-0.188267836609899,-0.187489087467151,-0.186717347414693,-0.185952511226625,-0.185194475686682,-0.184443139555708,-0.18369840353875,-0.18296017025185,-0.18222834418865,-0.181502831686865,-0.18078354089472,-0.180070381737401,-0.179363265883587,-0.178662106712122,-0.177966819278868,-0.177277320283782,-0.176593528038272,-0.175915362432842,-0.175242744905086,-0.174575598408034,-0.173913847378889,-0.173257417708171,-0.172606236709291,-0.171960233088563,-0.171319336915679,-0.170683479594644,-0.170052593835198,-0.169426613624714,-0.168805474200597,-0.168189112023171,-0.16757746474907,-0.166970471205126,-0.166368071362766,-0.1657702063129,-0.165176818241321,-0.16458785040459,-0.164003247106431,-0.163422953674606,-0.162846916438283,-0.162275082705887,-0.161707400743425,-0.16114381975329,-0.160584289853528,-0.16002876205756,-0.159477188254366,-0.158929521189109,-0.158385714444202,-0.157845722420805,-0.157309500320751,0,-0.300738389607198,-0.302974297848033,-0.305137510938291,-0.30724437961468,-0.309301602713466,-0.311310705274625,-0.313269205040428,-0.315171719320619,-0.317011224177152,-0.318780235819688,-0.320471757217554,-0.322079923903119,-0.323600351240846,-0.325030228205969,-0.326368221506112,-0.327614255586718,-0.328769226296455,-0.3298346942279,-0.330812591235226,-0.331704962133102,-0.332513753980873,-0.333240657958088,-0.333887003554485,-0.334453701309998,-0.33494122823874,-0.335349648963254,-0.335678665156145,-0.335927685912003,-0.336095912009322,-0.336182427580933,-0.336186293434193,-0.336106637103634,-0.335942735636741,-0.335694088064736,-0.335360475451804,-0.33494200730723,-0.33443915395091,-0.333852765116736,-0.333184075643533,-0.332434699532108,-0.331606613941383,-0.330702134865519,-0.329723886292418,-0.328674764610105,-0.327557899921438,-0.326376615769147,-0.325134388581144,-0.323834807936681,-0.322481538541018,-0.321078284590456,-0.319628757018775,-0.318136643945398,-0.316605584498024,-0.315039146058886,-0.313440804883989,-0.311813929967091,-0.310161769962788,-0.308487442943298,-0.306793928738837,-0.305084063599102,-0.303360536911007,-0.301625889713073,-0.299882514757882,-0.298132657888986,-0.296378420516335,-0.294621762993328,-0.292864508718353,-0.291108348803159,-0.289354847169416,-0.28760544595272,-0.285861471110065,-0.284124138142159,-0.2823945578559,-0.280673742104858,-0.278962609456708,-0.277261990746358,-0.275572634482046,-0.273895212079092,-0.272230322902315,-0.270578499103558,-0.268940210245296,-0.267315867705148,-0.265705828859261,-0.264110401045129,-0.262529845306516,-0.260964379924801,-0.259414183742401,-0.257879399284896,-0.256360135689231,-0.254856471445887,-0.253368456963237,-0.2518961169625,-0.250439452711753,-0.248998444107442,-0.247573051611691,-0.246163218053543,-0.244768870302047,-0.243389920818813,-0.242026269097405,-0.240677802996585,-0.239344399974169,-0.238025928227854,-0.236722247749122,-0.235433211295959,-0.234158665289827,-0.232898450642023,-0.231652403514253,-0.230420356017953,-0.229202136856649,-0.227997571915321,-0.226806484800556,-0.225628697334972,-0.224464030009219,-0.223312302394605,-0.222173333519224,-0.221046942210272,-0.21993294740501,-0.218831168432751,-0.217741425269988,-0.216663538770719,-0.215597330873832,-0.214542624789303,-0.213499245164832,-0.212467018234434,-0.21144577195039,-0.210435336099865,-0.209435542407413,-0.208446224624483,-0.207467218606994,-0.206498362381934,-0.205539496203892,-0.20459046260236,-0.203651106420583,-0.202721274846665,-0.201800817437617,-0.200889586136946,-0.199987435286368,-0.199094221632169,-0.198209804326709,-0.197334044925514,-0.196466807380386,-0.19560795802891,-0.194757365580716,-0.193914901100832,-0.193080437990425,-0.192253851965225,-0.191435021031867,-0.190623825462417,-0.189820147767286,-0.189023872666729,-0.188234887061138,-0.187453080000274,-0.186678342651604,-0.185910568267899,-0.185149652154202,-0.184395491634307,-0.183647986016839,-0.182907036561056,-0.182172546442451,-0.181444420718238,-0.180722566292799,-0.18000689188317,-0.179297307984606,-0.178593726836307,-0.17789606238733,-0.177204230262757,-0.176518147730137,-0.175837733666251,-0.175162908524233,-0.174493594301065,-0.173829714505481,-0.173171194126296,-0.172517959601184,-0.171869938785912,-0.171227060924055,-0.170589256617195,-0.169956457795622,-0.169328597689529,-0.168705610800726,-0.168087432874867,-0.167474000874193,-0.166865252950792,-0.166261128420385,-0.165661567736621,-0.165066512465904,-0.164475905262718,-0.16388968984548,-0.163307810972889,-0.162730214420785,-0.162156846959504,-0.161587656331729,-0.161022591230827,-0.16046160127966,-0.159904637009882,-0.159351649841694,-0.158802592064062,-0.158257416815391,-0.157716078064636,-0.157178530592857,-0.1566447299752,0,-0.302218264114948,-0.304413201414027,-0.306540426344231,-0.308613400969202,-0.310637379950086,-0.312612584849739,-0.31453524212245,-0.316398927756046,-0.31819598998659,-0.319918771701543,-0.321560507189425,-0.323115866659655,-0.324581184830989,-0.325954442626721,-0.327235079333167,-0.328423706033469,-0.329521777950163,-0.33053126851837,-0.331454374120675,-0.332293266638859,-0.333049901766619,-0.333725884361559,-0.334322387671882,-0.334840120581584,-0.335279335589975,-0.335639869662885,-0.335921210060913,-0.336122577567763,-0.336243020093143,-0.336281510342957,-0.336237042090748,-0.336108720511379,-0.335895843012191,-0.33559796797727,-0.335214969785831,-0.334747079338143,-0.334194910090898,-0.333559470246389,-0.332842162244145,-0.332044771067608,-0.33116944310793,-0.330218657435123,-0.329195191330952,-0.328102081858286,-0.326942585098892,-0.325720134505904,-0.324438299606416,-0.323100746069414,-0.321711197936853,-0.320273402610642,-0.318791099002074,-0.31726798908682,-0.315707712969912,-0.314113827451303,-0.31248978799257,-0.310838933917184,-0.309164476628095,-0.307469490594412,-0.305756906841001,-0.304029508668211,-0.302289929331253,-0.300540651417798,-0.298784007676301,-0.297022183064749,-0.29525721780876,-0.293491011278099,-0.291725326511023,-0.289961795235704,-0.288201923256997,-0.286447096094603,-0.284698584775148,-0.282957551695666,-0.281225056489492,-0.279502061837627,-0.277789439179241,-0.276087974284319,-0.274398372659527,-0.272721264765334,-0.271057211028361,-0.269406706637986,-0.267770186120407,-0.266148027686928,-0.264540557356087,-0.262948052851592,-0.26137074727993,-0.259808832592971,-0.258262462842046,-0.256731757230815,-0.255216802974866,-0.253717657976377,-0.252234353322426,-0.250766895615648,-0.249315269145894,-0.247879437911501,-0.246459347498586,-0.245054926826559,-0.243666089767801,-0.24229273664915,-0.240934755642541,-0.239592024051798,-0.238264409502272,-0.236951771039649,-0.235653960143964,-0.234370821664483,-0.233102194680824,-0.231847913295375,-0.230607807361747,-0.22938170315374,-0.228169423978998,-0.226970790741279,-0.225785622455017,-0.224613736715608,-0.223454950128629,-0.222309078700998,-0.221175938196856,-0.220055344460798,-0.218947113710878,-0.217851062803655,-0.216767009473389,-0.215694772547358,-0.214634172139117,-0.213585029821409,-0.21254716878029,-0.211520413951963,-0.210504592143668,-0.209499532139896,-0.208505064795114,-0.207521023114089,-0.206547242320821,-0.205583559917032,-0.204629815731075,-0.203685851958085,-0.202751513192102,-0.201826646450881,-0.200911101194017,-0.200004729334982,-0.19910738524763,-0.198218925767683,-0.19733921018965,-0.196468100259637,-0.19560546016444,-0.194751156517287,-0.193905058340583,-0.193067037045968,-0.192236966411975,-0.191414722559575,-0.190600183925827,-0.189793231235887,-0.188993747473578,-0.188201617850697,-0.187416729775265,-0.186638972818852,-0.18586823868315,-0.18510442116591,-0.184347416126381,-0.183597121450357,-0.18285343701494,-0.182116264653105,-0.181385508118164,-0.180661073048197,-0.179942866930525,-0.179230799066286,-0.178524780535177,-0.177824724160403,-0.177130544473889,-0.176442157681796,-0.175759481630365,-0.175082435772142,-0.174410941132595,-0.173744920277156,-0.173084297278713,-0.172428997685564,-0.171778948489852,-0.171134078096498,-0.170494316292638,-0.169859594217583,-0.169229844333291,-0.168605000395381,-0.167984997424671,-0.167369771679261,-0.166759260627149,-0.166153402919382,-0.165552138363752,-0.164955407899023,-0.164363153569692,-0.163775318501273,-0.16319184687612,-0.162612683909752,-0.162037775827712,-0.161467069842917,-0.160900514133519,-0.160338057821267,-0.159779650950343,-0.159225244466697,-0.158674790197841,-0.158128240833115,-0.157585549904411,-0.157046671767349,-0.156511561582889,-0.155980175299383,0,-0.303688251676699,-0.305837808509891,-0.307926128954517,-0.309963262694626,-0.311952466928978,-0.313892249724883,-0.3157773414581,-0.317600253498021,-0.31935279999269,-0.321027298020311,-0.322617365537772,-0.324118332999362,-0.3255273376144,-0.326843189562826,-0.32806609674543,-0.329197320411846,-0.330238816393038,-0.33119289975697,-0.332061956215346,-0.332848212131369,-0.33355356654877,-0.334179482965557,-0.334726935088853,-0.335196398942518,-0.335587882925403,-0.335900987326063,-0.33613498511661,-0.336288916414002,-0.33636168972675,-0.336352183953558,-0.336259346036583,-0.336082280164597,-0.335820325434155,-0.335473119870395,-0.335040649643853,-0.334523283160919,-0.333921790426292,-0.333237348658834,-0.332471535580652,-0.331626312095501,-0.330703996236999,-0.329707230315904,-0.32863894314852,-0.327502309126499,-0.326300705713191,-0.325037670742787,-0.323716860673149,-0.322342010715629,-0.320916897546434,-0.319445305102249,-0.317930993783144,-0.316377673230999,-0.3147889787228,-0.313168451114563,-0.31151952019157,-0.309845491221907,-0.308149534470094,-0.306434677403114,-0.304703799309582,-0.302959628051508,-0.301204738674727,-0.299441553616502,-0.297672344265339,-0.295899233647124,-0.294124200032244,-0.292349081279315,-0.290575579751916,-0.288805267664768,-0.287039592734675,-0.285279884029134,-0.283527357921605,-0.281783124077002,-0.280048191403965,-0.278323473922059,-0.276609796502174,-0.274907900447193,-0.27321844888769,-0.271542031973871,-0.26987917185056,-0.268230327406687,-0.266595898794601,-0.264976231717789,-0.263371621488153,-0.26178231685614,-0.260208523618675,-0.258650408011159,-0.257108099890759,-0.255581695718937,-0.254071261351666,-0.252576834646067,-0.251098427892385,-0.249636030080209,-0.248189609007825,-0.246759113243402,-0.245344473946518,-0.243945606558279,-0.242562412367993,-0.241194779964031,-0.239842586576197,-0.238505699316577,-0.237183976325486,-0.235877267828803,-0.234585417112626,-0.233308261420866,-0.23204563278106,-0.230797358763371,-0.229563263177454,-0.228343166711565,-0.227136887518016,-0.22594424174883,-0.224765044045188,-0.223599107984019,-0.222446246484886,-0.221306272180089,-0.220178997750713,-0.219064236231167,-0.217961801284593,-0.216871507451345,-0.215793170372584,-0.214726606990924,-0.213671635729881,-0.212628076653794,-0.211595751609736,-0.210574484352864,-0.209564100656508,-0.208564428408245,-0.207575297693081,-0.206596540864821,-0.205627992606591,-0.204669489981416,-0.203720872473725,-0.202781982022528,-0.201852663047015,-0.20093276246523,-0.200022129706449,-0.199120616717832,-0.198228077965873,-0.197344370433149,-0.196469353610811,-0.195602889487238,-0.19474484253324,-0.193895079684167,-0.19305347031925,-0.192219886238478,-0.191394201637284,-0.190576293079308,-0.189766039467459,-0.188963322013503,-0.188168024206371,-0.18738003177937,-0.186599232676466,-0.185825517017787,-0.185058777064497,-0.184298907183154,-0.183545803809685,-0.182799365413069,-0.182059492458837,-0.181326087372472,-0.180599054502785,-0.179878300085347,-0.179163732206039,-0.178455260764776,-0.177752797439456,-0.177056255650197,-0.176365550523881,-0.175680598859058,-0.175001319091241,-0.174327631258619,-0.173659456968209,-0.172996719362484,-0.172339343086478,-0.171687254255398,-0.17104038042275,-0.170398650548997,-0.169761994970742,-0.169130345370473,-0.168503634746843,-0.167881797385509,-0.16726476883053,-0.166652485856318,-0.166044886440151,-0.165441909735234,-0.164843496044326,-0.164249586793906,-0.163660124508895,-0.163075052787914,-0.162494316279083,-0.161917860656349,-0.161345632596341,-0.160777579755744,-0.16021365074918,-0.159653795127596,-0.15909796335715,-0.158546106798578,-0.157998177687048,-0.157454129112481,-0.156913915000339,-0.156377490092867,-0.15584480993077,-0.155315830835346,0,-0.305142115318625,-0.307243290270364,-0.309291378281359,-0.311291666063339,-0.313245105871658,-0.315148214526042,-0.316994134824751,-0.318774382085122,-0.320480393844628,-0.322104644797529,-0.32364130167085,-0.325086476992446,-0.326438180152173,-0.327696070421428,-0.328861102938694,-0.329935137826102,-0.330920561772074,-0.331819953433863,-0.332635809679338,-0.333370339025897,-0.334025321309734,-0.334602028061716,-0.33510119559447,-0.335523041756577,-0.335867317142752,-0.336133381884608,-0.336320299756949,-0.336426942102252,-0.336452094948226,-0.336394563644695,-0.336253270355149,-0.336027340777697,-0.335716177504901,-0.335319518423399,-0.334837479464929,-0.334270581818971,-0.333619764381169,-0.33288638272901,-0.332072196284974,-0.331179345554759,-0.330210321428291,-0.329167928523016,-0.328055244453995,-0.326875576755697,-0.325632418977196,-0.324329407244853,-0.32297027835054,-0.321558830191976,-0.320098885174508,-0.318594256987282,-0.317048720995173,-0.315465988342895,-0.31384968374929,-0.312203326876695,-0.310530317090345,-0.308833921373228,-0.30711726512988,-0.305383325595187,-0.303634927558721,-0.301874741118688,-0.300105281190133,-0.298328908507473,-0.296547831880216,-0.294764111481382,-0.292979662969744,-0.2911962622686,-0.289415550844829,-0.287639041352012,-0.285868123520135,-0.284104070191627,-0.28234804341915,-0.280601100554653,-0.27886420027172,-0.277138208474269,-0.275423904054307,-0.273721984469784,-0.272033071120734,-0.270357714508026,-0.26869639916416,-0.26704954834988,-0.265417528513926,-0.263800653516173,-0.262199188616787,-0.260613354235886,-0.259043329489677,-0.257489255510189,-0.255951238556513,-0.254429352926064,-0.252923643674776,-0.25143412915532,-0.249960803382524,-0.248503638235151,-0.247062585503033,-0.245637578788389,-0.244228535269896,-0.24283535733779,-0.241457934107963,-0.240096142822681,-0.238749850145194,-0.23741891335516,-0.236103181451459,-0.234802496168587,-0.233516692912523,-0.232245601621572,-0.230989047557418,-0.229746852031242,-0.228518833069526,-0.227304806023809,-0.226104584128452,-0.224917979010155,-0.223744801152749,-0.222584860320552,-0.221437965943352,-0.220303927465875,-0.219182554664393,-0.218073657932972,-0.21697704854165,-0.215892538868695,-0.214819942608965,-0.213759074960186,-0.21270975278892,-0.211671794777785,-0.210645021555453,-0.209629255810779,-0.208624322392359,-0.207630048394707,-0.206646263232148,-0.205672798701453,-0.204709489034169,-0.203756170939513,-0.202812683638652,-0.201878868891112,-0.200954571014033,-0.200039636894884,-0.199133915998264,-0.198237260367324,-0.19734952462032,-0.196470565942773,-0.195600244075667,-0.194738421300087,-0.19388496241866,-0.19303973473415,-0.192202608025518,-0.191373454521721,-0.190552148873543,-0.189738568123675,-0.188932591675286,-0.188134101259283,-0.187342980900451,-0.186559116882648,-0.185782397713204,-0.185012714086684,-0.184249958848132,-0.183494026955929,-0.182744815444361,-0.182002223386014,-0.181266151854066,-0.180536503884584,-0.179813184438868,-0.179096100365939,-0.178385160365216,-0.177680274949434,-0.176981356407861,-0.176288318769847,-0.175601077768758,-0.174919550806306,-0.174243656917328,-0.173573316735027,-0.172908452456703,-0.172248987809984,-0.171594848019589,-0.170945959774626,-0.170302251196435,-0.169663651806996,-0.169030092497897,-0.168401505499876,-0.167777824352938,-0.167158983877044,-0.166544920143384,-0.165935570446227,-0.165330873275338,-0.164730768288981,-0.164135196287481,-0.163544099187358,-0.162957419996021,-0.16237510278701,-0.161797092675795,-0.161223335796115,-0.160653779276848,-0.160088371219411,-0.159527060675678,-0.158969797626412,-0.158416532960196,-0.157867218452862,-0.157321806747399,-0.156780251334349,-0.156242506532653,-0.155708527470974,-0.15517827006946,-0.154651691021946,0,-0.30657351128315,-0.308625890163347,-0.310633663178264,-0.312596831074334,-0.314513894806562,-0.316379226197344,-0.318184404407202,-0.319920105152483,-0.32157760185928,-0.323149735812736,-0.324631390719012,-0.32601957171597,-0.32731321162252,-0.328512818554129,-0.329620055378992,-0.330637315558349,-0.331567337245506,-0.33241287948041,-0.333176470828028,-0.33386023139947,-0.33446576321836,-0.334994100578858,-0.335445710590798,-0.335820533825917,-0.336118055349171,-0.336337397112887,-0.336477423536734,-0.336536853021149,-0.336514369123242,-0.336408726153247,-0.336218845011494,-0.335943896154729,-0.335583367621578,-0.335137117022116,-0.334605407270742,-0.33398892658725,-0.333288793890497,-0.332506551155638,-0.331644144602638,-0.330703896742231,-0.329688471343158,-0.32860083332265,-0.327444205423478,-0.326222023347915,-0.324937890792414,-0.323595535584627,-0.322198767881565,-0.320751441155558,-0.319257416481487,-0.317720530449797,-0.316144566867769,-0.314533232277231,-0.312890135209458,-0.311218769015572,-0.309522498050798,-0.307804546950351,-0.306067992710673,-0.304315759278988,-0.302550614354144,-0.300775168109733,-0.298991873564531,-0.297203028343369,-0.295410777592269,-0.29361711783362,-0.291823901569614,-0.290032842464139,-0.288245520954523,-0.286463390164402,-0.28468778200747,-0.28291991338865,-0.281160892424492,-0.279411724618124,-0.277673318936088,-0.275946493744906,-0.274231982574339,-0.272530439682153,-0.270842445401921,-0.269168511261066,-0.267509084861112,-0.265864554516088,-0.264235253648263,-0.262621464943046,-0.26102342426703,-0.259441324354777,-0.257875318271276,-0.256325522657941,-0.254792020770707,-0.253274865319261,-0.251774081116688,-0.250289667548982,-0.248821600873813,-0.247369836357897,-0.245934310262087,-0.244514941683097,-0.243111634260469,-0.241724277757073,-0.240352749521098,-0.238996915837121,-0.237656633173489,-0.236331749332873,-0.235022104512487,-0.233727532280123,-0.232447860471773,-0.231182912016291,-0.22993250569222,-0.228696456821582,-0.227474577905127,-0.226266679203268,-0.225072569266638,-0.223892055419957,-0.222724944202636,-0.221571041769349,-0.220430154253541,-0.21930208809668,-0.218186650345835,-0.217083648922002,-0.215992892861427,-0.214914192532011,-0.213847359826745,-0.212792208335975,-0.211748553500177,-0.210716212744799,-0.209695005598602,-0.208684753796862,-0.207685281370651,-0.206696414723372,-0.205717982695589,-0.204749816619171,-0.203791750361642,-0.202843620361592,-0.201905265655944,-0.200976527899786,-0.20005725137945,-0.199147283019459,-0.19824647238391,-0.197354671672826,-0.196471735713967,-0.195597521950544,-0.19473189042527,-0.193874703761102,-0.193025827139063,-0.192185128273437,-0.19135247738466,-0.190527747170165,-0.189710812773452,-0.188901551751595,-0.188099844041412,-0.187305571924498,-0.186518619991281,-0.185738875104283,-0.184966226360724,-0.184200565054614,-0.183441784638449,-0.182689780684628,-0.181944450846697,-0.181205694820504,-0.180473414305361,-0.179747512965279,-0.17902789639035,-0.178314472058339,-0.177607149296537,-0.176905839243928,-0.176210454813708,-0.175520910656208,-0.174837123122241,-0.174159010226915,-0.173486491613922,-0.172819488520355,-0.172157923742033,-0.171501721599395,-0.170850807903931,-0.170205109925205,-0.169564556358444,-0.168929077292722,-0.168298604179735,-0.167673069803171,-0.167052408248684,-0.166436554874455,-0.165825446282367,-0.16521902028976,-0.164617215901792,-0.164019973284381,-0.163427233737737,-0.162838939670469,-0.162255034574269,-0.161675462999157,-0.161100170529295,-0.160529103759338,-0.159962210271346,-0.159399438612217,-0.158840738271653,-0.158286059660646,-0.157735354090471,-0.15718857375217,-0.156645671696545,-0.156106601814616,-0.155571318818557,-0.155039778223095,-0.154511936327357,-0.153987750197167,0,-0.307976534197001,-0.309982890192615,-0.311951176155608,-0.313877454277186,-0.315757737976077,-0.317584218337316,-0.319347047752435,-0.321036297851046,-0.32264333347527,-0.32416158499994,-0.325586814387419,-0.326917011502591,-0.328152061226475,-0.329293298481169,-0.330343036298445,-0.331304122888377,-0.332179560570481,-0.332972202276188,-0.333684529274057,-0.33431850594775,-0.334875502985255,-0.335356278294419,-0.335761004484916,-0.336089332162135,-0.336340479099057,-0.336513336328547,-0.33660658322015,-0.336618804644814,-0.336548604391582,-0.336394710084696,-0.336156065946135,-0.335831910830981,-0.335421839995601,-0.334925850004357,-0.334344367007026,-0.333678259302938,-0.332928835636643,-0.332097831042201,-0.331187382276889,-0.33019999497586,-0.329138504637293,-0.328006033436032,-0.326805944685996,-0.325541796550139,-0.324217296351341,-0.322836256585223,-0.321402553489741,-0.319920088796654,-0.318392755083097,-0.31682440496163,-0.315218824195794,-0.313579708705189,-0.311910645327965,-0.310215096136847,-0.308496386054589,-0.306757693482898,-0.30500204364214,-0.303232304314737,-0.301451183690141,-0.299661230021393,-0.297864832820388,-0.296064225339325,-0.294261488108142,-0.292458553320746,-0.290657209885842,-0.288859108980433,-0.287065769965182,-0.285278586540522,-0.28349883304045,-0.281727670777362,-0.279966154365911,-0.278215237966954,-0.27647578140404,-0.274748556114905,-0.273034250909026,-0.271333477509647,-0.269646775864992,-0.267974619218588,-0.266317418933072,-0.264675529065441,-0.263049250694683,-0.261438836005092,-0.259844492130487,-0.258266384765972,-0.256704641555023,-0.255159355260487,-0.253630586728605,-0.252118367655556,-0.250622703166182,-0.249143574214589,-0.24768093981625,-0.246234739121079,-0.24480489333672,-0.243391307510998,-0.241993872182181,-0.240612464905327,-0.239246951662672,-0.237897188165572,-0.236563021055209,-0.23524428900883,-0.233940823757953,-0.2326524510246,-0.231378991381247,-0.230120261039868,-0.228876072575088,-0.227646235586176,-0.226430557302279,-0.225228843135043,-0.224040897182458,-0.222866522687553,-0.221705522455286,-0.220557699230768,-0.219422856041737,-0.218300796508008,-0.217191325120411,-0.216094247491586,-0.215009370580819,-0.213936502894935,-0.212875454667161,-0.211826038015687,-0.21078806708357,-0.209761358161476,-0.208745729794669,-0.207741002875542,-0.206747000722887,-0.205763549149028,-0.204790476515842,-0.203827613780617,-0.202874794532656,-0.201931855021407,-0.200998634176915,-0.20007497362326,-0.199160717685659,-0.1982557133918,-0.197359810467983,-0.196472861330558,-0.195594721073142,-0.194725247450043,-0.193864300856285,-0.193011744304605,-0.19216744339977,-0.191331266310495,-0.190503083739286,-0.189682768890437,-0.188870197436443,-0.188065247483037,-0.187267799533063,-0.186477736449358,-0.185694943416823,-0.184919307903835,-0.18415071962313,-0.183389070492305,-0.182634254594036,-0.181886168136128,-0.181144709411497,-0.180409778758153,-0.179681278519286,-0.178959113003507,-0.178243188445316,-0.177533412965852,-0.176829696533972,-0.176131950927714,-0.175440089696171,-0.174754028121821,-0.174073683183339,-0.173398973518917,-0.172729819390123,-0.172066142646305,-0.171407866689573,-0.170754916440354,-0.170107218303556,-0.16946470013532,-0.168827291210398,-0.168194922190133,-0.167567525091069,-0.166945033254174,-0.166327381314689,-0.165714505172592,-0.16510634196368,-0.164502830031272,-0.16390390889851,-0.163309519241273,-0.162719602861687,-0.162134102662226,-0.161552962620403,-0.160976127764027,-0.160403544147043,-0.159835158825925,-0.159270919836622,-0.158710776172047,-0.158154677760103,-0.157602575442224,-0.157054420952446,-0.156510166896967,-0.155969766734211,-0.155433174755378,-0.154900346065461,-0.154371236564734,-0.153845802930701,-0.153324002600479,0,-0.309347265376905,-0.311312553533248,-0.313242746611518,-0.315132642682393,-0.316975783732304,-0.318762261054824,-0.320481043166479,-0.322121899065689,-0.323676569042833,-0.325139295631821,-0.326506863572212,-0.32777831487927,-0.328954489405742,-0.330037504345173,-0.33103024813677,-0.331935933824366,-0.332757734745585,-0.333498509962484,-0.334160616674284,-0.334745800846257,-0.33525515439181,-0.335689126441045,-0.336047576642023,-0.336329859428317,-0.336534929361003,-0.336661458835719,-0.336707960588328,-0.336672908549295,-0.336554851710754,-0.336352516790705,-0.336064896593948,-0.335691322050493,-0.335231516922961,-0.334685635078562,-0.334054280989901,-0.333338514743229,-0.332539843286034,-0.331660199941691,-0.33070191436994,-0.329667675177101,-0.328560487302098,-0.327383626147582,-0.326140590213643,-0.324835053746425,-0.323470820654337,-0.322051780685853,-0.320581868616957,-0.319065026971437,-0.317505172598799,-0.315906167265181,-0.314271792272835,-0.312605727012546,-0.310911531268552,-0.30919263103437,-0.307452307557134,-0.305693689304432,-0.303919746537923,-0.302133288179296,-0.300336960663805,-0.298533248492255,-0.29672447621219,-0.294912811581294,-0.293100269689659,-0.29128871784137,-0.289479881019264,-0.287675347779023,-0.285876576439761,-0.28408490145759,-0.282301539886303,-0.280527597845164,-0.278764076927918,-0.277011880499594,-0.275271819838555,-0.273544620090672,-0.271830926010604,-0.270131307472029,-0.268446264734543,-0.266776233459747,-0.265121589473131,-0.263482653271622,-0.261859694279364,-0.260252934856407,-0.258662554066652,-0.257088691212662,-0.255531449145916,-0.253990897361686,-0.252467074888224,-0.250959992980113,-0.249469637625782,-0.247995971879108,-0.246538938024911,-0.245098459587933,-0.243674443194606,-0.242266780296606,-0.240875348764844,-0.23950001436216,-0.238140632102611,-0.236797047504852,-0.235469097746723,-0.234156612727754,-0.232859416045935,-0.231577325894724,-0.23031015588591,-0.229057715803585,-0.2278198122942,-0.226596249497287,-0.225386829621216,-0.224191353468001,-0.223009620910945,-0.221841431328638,-0.220686583998588,-0.219544878453554,-0.218416114803414,-0.217300094025212,-0.216196618223875,-0.215105490865841,-0.214026516987776,-0.212959503382312,-0.211904258762663,-0.21086059390781,-0.209828321789837,-0.208807257684872,-0.207797219269,-0.206798026700397,-0.205809502688844,-0.204831472553707,-0.203863764271374,-0.202906208513075,-0.20195863867393,-0.201020890894023,-0.200092804072223,-0.19917421987343,-0.198264982729865,-0.197364939836976,-0.196473941144493,-0.195591839343115,-0.194718489847284,-0.193853750774455,-0.19299748292124,-0.192149549736795,-0.191309817293741,-0.190478154256946,-0.18965443185042,-0.188838523822578,-0.188030306410105,-0.187229658300617,-0.186436460594331,-0.185650596764896,-0.184871952619561,-0.184100416258818,-0.18333587803565,-0.182578230514514,-0.181827368430154,-0.181083188646359,-0.180345590114738,-0.179614473833603,-0.178889742807037,-0.178171302004198,-0.177459058318922,-0.176752920529691,-0.176052799259986,-0.175358606939093,-0.17467025776337,-0.173987667658037,-0.173310754239487,-0.172639436778162,-0.171973636162002,-0.171313274860489,-0.170658276889304,-0.170008567775594,-0.169364074523877,-0.168724725582572,-0.168090450811178,-0.167461181448089,-0.166836850079055,-0.166217390606285,-0.165602738218193,-0.164992829359787,-0.164387601703683,-0.163786994121762,-0.163190946657443,-0.162599400498583,-0.162012297950975,-0.161429582412469,-0.160851198347671,-0.160277091263244,-0.159707207683778,-0.159141495128229,-0.158579902086927,-0.158022377999124,-0.157468873231089,-0.156919339054725,-0.156373727626716,-0.155831991968173,-0.155294085944786,-0.154759964247463,-0.154229582373449,-0.153702896607907,-0.153179864005965,-0.152660442375201,0,-0.310685222286475,-0.312614030919019,-0.314507746055884,-0.316361830667359,-0.318167355108121,-0.319912510286063,-0.321585418242599,-0.323175896008273,-0.324676355663513,-0.326082062429294,-0.32739094256075,-0.328603127897595,-0.329720388583268,-0.330745557381004,-0.331682007813262,-0.332533218722135,-0.333302437758949,-0.333992443161503,-0.334605395206032,-0.335142764645984,-0.335605324114437,-0.335993188812126,-0.336305893980714,-0.336542498108895,-0.336701702247236,-0.336781977122871,-0.336781690960364,-0.336699232076923,-0.336533121465905,-0.336282111722678,-0.335945269786229,-0.335522042036484,-0.335012301263521,-0.334416375876478,-0.333735062421833,-0.332969623019606,-0.332121769700348,-0.331193637844492,-0.330187751005474,-0.329106979360923,-0.327954493906809,-0.32673371831251,-0.325448280113949,-0.324101962658047,-0.322698658942291,-0.321242328232028,-0.319736956095366,-0.318186518278072,-0.316594948652489,-0.314966111316708,-0.313303776792626,-0.311611602172315,-0.309893114988689,-0.308151700535562,-0.306390592330523,-0.304612865398149,-0.302821432047923,-0.301019039827724,-0.299208271347584,-0.297391545687261,-0.295571121123287,-0.293749098935138,-0.291927428074722,-0.290107910507865,-0.288292207059965,-0.286481843620317,-0.284678217580254,-0.282882604399222,-0.281096164210003,-0.279319948389613,-0.277554906035944,-0.275801890302085,-0.274061664550566,-0.272334908298653,-0.270622222933404,-0.268924137181633,-0.267241112325285,-0.265573547157237,-0.263921782676198,-0.262286106522385,-0.260666757158028,-0.259063927798674,-0.25747777010267,-0.255908397627334,-0.254355889061064,-0.252820291241193,-0.251301621967679,-0.249799872622889,-0.248315010607728,-0.246846981604234,-0.24539571167461,-0.24396110920635,-0.24254306671284,-0.241141462498429,-0.23975616219663,-0.238387020189663,-0.237033880917208,-0.235696580081785,-0.234374945757806,-0.233068799410936,-0.231777956834016,-0.230502229005437,-0.229241422875485,-0.227995342085827,-0.226763787627004,-0.225546558438451,-0.224343451955286,-0.223154264605828,-0.221978792263524,-0.220816830656735,-0.219668175739578,-0.2185326240268,-0.217409972895464,-0.216300020856032,-0.215202567795215,-0.214117415192847,-0.213044366314826,-0.211983226384051,-0.210933802731125,-0.209895904926482,-0.208869344895459,-0.207853937017733,-0.206849498212432,-0.205855848010141,-0.204872808612916,-0.203900204943361,-0.202937864683712,-0.201985618305834,-0.201043299092946,-0.200110743153823,-0.199187789430201,-0.198274279698002,-0.197370058563004,-0.19647497345148,-0.195588874596338,-0.194711615019211,-0.193843050508934,-0.192983039596806,-0.192131443528996,-0.191288126236432,-0.190452954302474,-0.189625796928663,-0.188806525898785,-0.187995015541514,-0.187191142691825,-0.186394786651387,-0.185605829148118,-0.184824154295057,-0.184049648548717,-0.183282200667038,-0.182521701667085,-0.181768044782579,-0.181021125421385,-0.180280841123038,-0.179547091516383,-0.178819778277418,-0.178098805087401,-0.177384077591274,-0.176675503356461,-0.175972991832096,-0.175276454308707,-0.174585803878403,-0.173900955395591,-0.173221825438255,-0.172548332269817,-0.171880395801596,-0.171217937555895,-0.170560880629715,-0.169909149659118,-0.16926267078424,-0.168621371614965,-0.167985181197266,-0.167354029980206,-0.166727849783617,-0.166106573766435,-0.16549013639571,-0.164878473416268,-0.164271521821042,-0.163669219822046,-0.163071506822001,-0.162478323386599,-0.161889611217396,-0.161305313125338,-0.160725373004889,-0.160149735808777,-0.159578347523335,-0.159011155144416,-0.15844810665391,-0.157889150996799,-0.157334238058793,-0.156783318644495,-0.156236344456108,-0.155693268072667,-0.155154042929783,-0.154618623299887,-0.154086964272972,-0.153559021737806,-0.153034752363629,-0.1525141135823,-0.151997063570895,0,-0.311992705172805,-0.313887185740916,-0.315745975142465,-0.317564686756027,-0.31933187827816,-0.321034160287588,-0.322659223829992,-0.324197314351549,-0.325641807435655,-0.326989176467473,-0.328238574467253,-0.329391227470537,-0.330449783109485,-0.331417702196457,-0.33229873973952,-0.333096534800341,-0.33381431151899,-0.33445468321979,-0.335019545908078,-0.335510045337068,-0.335926601963185,-0.336268979463494,-0.336536384282448,-0.336727585453922,-0.336841045528499,-0.336875054817762,-0.336827862413471,-0.336697798621362,-0.336483384609791,-0.336183426219542,-0.335797089991782,-0.335323960510684,-0.334764079087446,-0.334117964601646,-0.33338661794361,-0.33257151196007,-0.331674569098921,-0.330698129091081,-0.329644909018713,-0.328517958023846,-0.327320608735376,-0.326056427260703,-0.324729163323661,-0.323342701852578,-0.321901017047244,-0.320408129693433,-0.318868068256788,-0.317284834079862,-0.315662370829154,-0.314004538193697,-0.312315089721731,-0.310597654594897,-0.308855723077073,-0.30709263533408,-0.305311573297398,-0.303515555236447,-0.301707432706776,-0.299889889552777,-0.298065442661086,-0.296236444182396,-0.294405084963537,-0.292573398956881,-0.29074326839958,-0.288916429579828,-0.287094479031004,-0.28527888001657,-0.283470969188935,-0.281671963323919,-0.279882966049049,-0.278104974498563,-0.276338885841,-0.274585503636462,-0.272845543990411,-0.271119641479199,-0.269408354829585,-0.267712172340479,-0.26603151704012,-0.264366751575973,-0.262718182837997,-0.261086066318617,-0.259470610214857,-0.257871979279772,-0.256290298431526,-0.254725656129418,-0.253178107526758,-0.251647677410903,-0.250134362940967,-0.248638136193763,-0.247158946528459,-0.245696722780258,-0.244251375293168,-0.242822797801593,-0.241410869170151,-0.240015455000736,-0.238636409115421,-0.237273574923412,-0.235926786679826,-0.234595870643659,-0.233280646141905,-0.231980926546368,-0.23069652016934,-0.229427231083935,-0.228172859874495,-0.226933204322169,-0.225708060030404,-0.224497220994797,-0.223300480121456,-0.222117629697734,-0.220948461818941,-0.219792768774392,-0.218650343395914,-0.217520979371711,-0.216404471528302,-0.215300616083022,-0.21420921086943,-0.213130055537781,-0.212062951732567,-0.211007703248989,-0.209964116170086,-0.208931998986115,-0.207911162697665,-0.20690142090388,-0.205902589877048,-0.204914488624746,-0.203936938940604,-0.202969765444725,-0.202012795614646,-0.201065859807746,-0.200128791275838,-0.199201426172731,-0.19828360355539,-0.19737516537934,-0.196475956488886,-0.195585824602663,-0.194704620295016,-0.193832196973649,-0.192968410853961,-0.192113120930434,-0.191266188945438,-0.190427479355758,-0.189596859297134,-0.188774198547094,-0.187959369486316,-0.18715224705874,-0.186352708730641,-0.185560634448852,-0.184775906598295,-0.18399840995899,-0.183228031662667,-0.182464661149127,-0.18170819012245,-0.180958512507162,-0.180215524404463,-0.179479124048587,-0.178749211763375,-0.178025689919142,-0.177308462889871,-0.176597437010824,-0.175892520536584,-0.175193623599593,-0.174500658169212,-0.173813538011345,-0.173132178648639,-0.172456497321299,-0.171786412948537,-0.171121846090655,-0.170462718911803,-0.169808955143395,-0.169160480048215,-0.168517220385203,-0.167879104374933,-0.167246061665783,-0.166618023300798,-0.165994921685246,-0.165376690554858,-0.164763264944763,-0.164154581159092,-0.163550576741271,-0.162951190444971,-0.162356362205724,-0.161766033113192,-0.161180145384081,-0.160598642335692,-0.16002146836009,-0.159448568898898,-0.158879890418693,-0.158315380386994,-0.157754987248839,-0.15719866040393,-0.156646350184345,-0.156098007832797,-0.155553585481437,-0.155013036131177,-0.154476313631539,-0.153943372661004,-0.153414168707862,-0.152888658051535,-0.152366797744385,-0.151848545593972,-0.151333860145769,0,-0.313271434290464,-0.315132336407583,-0.316957540811528,-0.31874101672283,-0.320468813848487,-0.322126402579252,-0.323701515245888,-0.325185214604276,-0.32657211009647,-0.327860032502798,-0.329049407416928,-0.330142524274153,-0.331142828093828,-0.332054301683506,-0.332880967518413,-0.333626515593126,-0.334294050071907,-0.334885940112107,-0.335403757030528,-0.335848279715326,-0.336219551649378,-0.33651697510022,-0.336739430276905,-0.33688540923333,-0.336953155946732,-0.336940805392331,-0.336846515679729,-0.336668588499645,-0.336405574291757,-0.336056359684883,-0.335620235851195,-0.335096947417167,-0.334486722447549,-0.333790284736885,-0.333008850190624,-0.33214410945303,-0.331198199151395,-0.330173664193624,-0.329073413502642,-0.327900671422495,-0.326658926813819,-0.325351881595265,-0.323983400204301,-0.322557461163768,-0.321078111663825,-0.319549425812974,-0.317975466983457,-0.31636025447934,-0.314707734591299,-0.313021755969879,-0.311306049146793,-0.309564209958711,-0.307799686576574,-0.306015769812026,-0.304215586357672,-0.30240209461597,-0.300578082779807,-0.298746168843412,-0.296908802242961,-0.295068266850212,-0.293226685068234,-0.291386022804516,-0.289548095122704,-0.287714572399099,-0.285886986833549,-0.284066739186093,-0.282255105630566,-0.28045324463425,-0.278662203788644,-0.276882926530451,-0.275116258704228,-0.273362954928801,-0.271623684738695,-0.269899038479656,-0.268189532943902,-0.266495616736269,-0.264817675366971,-0.263156036070426,-0.261510972352615,-0.259882708271871,-0.258271422459835,-0.256677251890787,-0.255100295408602,-0.253540617021336,-0.251998248973928,-0.250473194609801,-0.248965431032203,-0.247474911576149,-0.246001568101624,-0.244545313118501,-0.243106041753318,-0.241683633567705,-0.240277954237865,-0.238888857104115,-0.237516184599038,-0.236159769562413,-0.234819436450615,-0.233495002447774,-0.232186278485568,-0.230893070178103,-0.22961517867795,-0.228352401459032,-0.227104533031694,-0.225871365594935,-0.224652689630467,-0.223448294442945,-0.222257968650423,-0.221081500628824,-0.219918678913923,-0.218769292564137,-0.217633131487156,-0.216509986733244,-0.215399650757842,-0.214301917655909,-0.213216583370265,-0.212143445876046,-0.211082305343195,-0.210032964278822,-0.20899522765108,-0.20796890299612,-0.206953800509549,-0.205949733123721,-0.204956516572089,-0.203973969441744,-0.203001913215195,-0.202040172302359,-0.201088574063647,-0.200146948824983,-0.199215129885504,-0.198292953518652,-0.197380258967306,-0.196476888433542,-0.195582687063577,-0.194697502928402,-0.193821187000565,-0.192953593127533,-0.192094578002028,-0.191244001129693,-0.190401724794424,-0.189567614021657,-0.188741536539913,-0.187923362740826,-0.187112965637906,-0.186310220824238,-0.185515006429317,-0.18472720307519,-0.183946693832066,-0.18317336417354,-0.182407101931563,-0.181647797251274,-0.180895342545811,-0.180149632451179,-0.17941056378129,-0.178678035483224,-0.177951948592801,-0.177232206190523,-0.17651871335793,-0.175811377134436,-0.175110106474675,-0.174414812206402,-0.173725406988973,-0.173041805272446,-0.172363923257317,-0.171691678854908,-0.17102499164844,-0.170363782854781,-0.169707975286906,-0.169057493317054,-0.168412262840606,-0.167772211240674,-0.167137267353413,-0.166507361434045,-0.165882425123614,-0.165262391416436,-0.16464719462828,-0.164036770365238,-0.163431055493299,-0.162829988108621,-0.162233507508475,-0.161641554162875,-0.161054069686865,-0.160470996813467,-0.159892279367277,-0.159317862238688,-0.158747691358747,-0.158181713674617,-0.157619877125649,-0.157062130620037,-0.156508424012058,-0.155958708079874,-0.155412934503892,-0.154871055845669,-0.154333025527344,-0.153798797811598,-0.153268327782115,-0.152741571324539,-0.152218485107927,-0.151699026566662,-0.151183153882842,-0.150670825969107,0,-0.314522492805316,-0.316350066575904,-0.318142733313548,-0.319890668952645,-0.321577595401457,-0.323188393999139,-0.324711341941531,-0.326138694939996,-0.327466529703509,-0.32869413813549,-0.329823220892028,-0.330857064749383,-0.331799806821743,-0.332655830419551,-0.333429304317403,-0.334123859418173,-0.334742387236212,-0.33528694015739,-0.335758712543525,-0.336158083184755,-0.336484702190034,-0.336737608227518,-0.336915364553595,-0.337016204325357,-0.33703817732724,-0.336979291601118,-0.33683764468937,-0.336611540371702,-0.336299587930698,-0.335900782106118,-0.335414562957512,-0.334840855806486,-0.334180092237491,-0.333433213775781,-0.332601660324015,-0.331687345729013,-0.330692622982154,-0.329620241552926,-0.328473299241179,-0.327255190737127,-0.325969554825521,-0.324620221885491,-0.323211163041007,-0.32174644202494,-0.320230170545009,-0.318666467690934,-0.317059423704195,-0.315413068247356,-0.313731343158987,-0.312018079561466,-0.310276979099533,-0.308511599024125,-0.306725340795069,-0.304921441853792,-0.303102970209868,-0.301272821489561,-0.299433718107649,-0.297588210243217,-0.295738678323612,-0.293887336746723,-0.292036238598748,-0.290187281151618,-0.288342211950464,-0.286502635326448,-0.284670019193483,-0.282845702008658,-0.281030899795529,-0.279226713146674,-0.277434134137241,-0.275654053094645,-0.273887265181237,-0.272134476756816,-0.270396311496485,-0.268673316246561,-0.266965966607421,-0.265274672237179,-0.263599781874284,-0.261941588080515,-0.26030033170854,-0.258676206100346,-0.257069361024496,-0.255479906361395,-0.253907915546608,-0.252353428782898,-0.250816456031988,-0.24929697979722,-0.247794957708284,-0.246310324919093,-0.244842996329633,-0.243392868642346,-0.241959822263253,-0.240543723057632,-0.239144423969648,-0.237761766514895,-0.236395582154384,-0.235045693558026,-0.233711915765274,-0.232394057250092,-0.231091920897043,-0.229805304894854,-0.228534003553432,-0.227277808049905,-0.226036507108949,-0.224809887622249,-0.223597735211693,-0.222399834740521,-0.221215970776413,-0.220045928010195,-0.218889491633595,-0.217746447679247,-0.216616583325906,-0.215499687171619,-0.21439554947742,-0.213303962383914,-0.212224720102952,-0.211157619086423,-0.210102458174077,-0.209059038722096,-0.208027164714053,-0.207006642855753,-0.205997282655338,-0.204998896489934,-0.204011299660035,-0.203034310432709,-0.202067750074633,-0.201111442875909,-0.200165216165489,-0.199228900319041,-0.19830232875995,-0.19738533795416,-0.196477767399457,-0.195579459609772,-0.194690260095029,-0.193810017337023,-0.19293858276177,-0.192075810708734,-0.191221558397313,-0.190375685890918,-0.189538056058961,-0.188708534537051,-0.18788698968564,-0.187073292547376,-0.186267316803376,-0.185468938728621,-0.184678037146646,-0.183894493383708,-0.183118191222556,-0.18234901685597,-0.181586858840159,-0.180831608048161,-0.180083157623315,-0.179341402932918,-0.178606241522136,-0.177877573068236,-0.177155299335222,-0.176439324128907,-0.17572955325249,-0.175025894462676,-0.17432825742637,-0.173636553677991,-0.172950696577428,-0.172270601268654,-0.17159618463904,-0.170927365279362,-0.17026406344453,-0.169606201015042,-0.168953701459181,-0.168306489795943,-0.167664492558718,-0.167027637759716,-0.166395854855132,-0.165769074711068,-0.165147229570181,-0.16453025301908,-0.16391807995644,-0.163310646561854,-0.162707890265386,-0.162109749717843,-0.161516164761732,-0.160927076402919,-0.160342426782955,-0.159762159152075,-0.159186217842844,-0.158614548244461,-0.158047096777681,-0.157483810870365,-0.156924638933643,-0.156369530338658,-0.155818435393912,-0.155271305323169,-0.154728092243928,-0.154188749146436,-0.153653229873241,-0.15312148909926,-0.15259348231237,-0.152069165794482,-0.15154849660312,-0.151031432553459,-0.150517932200835,-0.150007954823705,0,-0.315745843998936,-0.3175411054689,-0.319301909219623,-0.321013447346294,-0.322657579023872,-0.324219235797819,-0.325687746195561,-0.327056900213528,-0.328324424689101,-0.329491124058522,-0.330559931597173,-0.331535031748804,-0.332421126499547,-0.333222866469789,-0.333944441951824,-0.334589316974711,-0.335160083808544,-0.335658413710468,-0.33608508095715,-0.336440040124536,-0.336722540047775,-0.336931261133335,-0.337064465337939,-0.337120150151598,-0.337096199481564,-0.336990525627932,-0.336801197723522,-0.336526553162793,-0.336165289683635,-0.33571653686677,-0.335179906836206,-0.33455552483672,-0.333844041097356,-0.333046625945323,-0.332164950509678,-0.331201155558929,-0.330157811070628,-0.329037869059563,-0.327844612022202,-0.326581599116431,-0.325252611913413,-0.323861601255279,-0.322412636447149,-0.320909857719353,-0.319357432626243,-0.317759516808522,-0.316120219340311,-0.314443572711283,-0.312733507357344,-0.310993830548093,-0.309228209362642,-0.30744015743341,-0.305633025106519,-0.303809992653505,-0.301974066168678,-0.300128075796466,-0.298274675950588,-0.296416347209608,-0.294555399599343,-0.292693977000157,-0.290834062445181,-0.288977484103007,-0.28712592176473,-0.285280913679995,-0.283443863609478,-0.281616047982089,-0.279798623063834,-0.277992632061922,-0.276199012102321,-0.274418601031756,-0.272652144006135,-0.270900299836896,-0.26916364707472,-0.267442689816885,-0.265737863230104,-0.264049538785375,-0.262378029205129,-0.260723593126025,-0.259086439483148,-0.257466731623243,-0.255864591156015,-0.254280101553577,-0.25271331150884,-0.251164238064063,-0.249632869521048,-0.248119168144503,-0.246623072670009,-0.245144500627862,-0.243683350493742,-0.242239503676867,-0.240812826355846,-0.239403171172077,-0.238010378790043,-0.23663427933343,-0.235274693705529,-0.233931434801909,-0.232604308622909,-0.231293115293064,-0.229997649994116,-0.228717703817896,-0.227453064544931,-0.22620351735426,-0.2249688454696,-0.223748830746631,-0.222543254205876,-0.221351896515323,-0.22017453842667,-0.219010961168781,-0.217860946801705,-0.21672427853437,-0.215600741008834,-0.214490120553769,-0.213392205409666,-0.212306785928071,-0.211233654746963,-0.210172606944283,-0.209123440171413,-0.20808595476832,-0.207059953861918,-0.206045243449107,-0.205041632465821,-0.204048932843323,-0.203066959552891,-0.202095530639949,-0.201134467248622,-0.200183593637594,-0.199242737188127,-0.198311728404968,-0.197390400910885,-0.196478591435436,-0.19557613979861,-0.194682888889848,-0.193798684642975,-0.192923376007486,-0.192056814916623,-0.191198856252622,-0.190349357809488,-0.189508180253634,-0.188675187082658,-0.187850244582561,-0.187033221783633,-0.186223990415235,-0.185422424859698,-0.184628402105513,-0.183841801699985,-0.183062505701511,-0.182290398631614,-0.181525367426874,-0.180767301390845,-0.180016092146094,-0.179271633586417,-0.17853382182935,-0.177802555169023,-0.177077734029431,-0.176359260918188,-0.175647040380798,-0.174940978955502,-0.174240985128736,-0.173546969291228,-0.172858843694773,-0.172176522409704,-0.171499921283072,-0.170828957897575,-0.170163551531222,-0.169503623117761,-0.168849095207874,-0.168199891931136,-0.167555938958759,-0.166917163467097,-0.166283494101942,-0.165654860943574,-0.165031195472595,-0.164412430536511,-0.163798500317081,-0.163189340298407,-0.162584887235772,-0.161985079125201,-0.161389855173744,-0.16079915577048,-0.160212922458205,-0.159631097905823,-0.159053625881401,-0.158480451225899,-0.157911519827545,-0.157346778596853,-0.156786175442268,-0.156229659246423,-0.155677179842997,-0.155128687994168,-0.154584135368631,-0.154043474520191,-0.153506658866892,-0.152973642670696,-0.152444381017684,-0.151918829798761,-0.151396945690874,-0.150878686138705,-0.150364009336851,-0.14985287421246,-0.149345240408327,0,-0.316941738620558,-0.318706278871751,-0.320435383240663,-0.322109036356636,-0.323708006701027,-0.325217964890792,-0.326629770768345,-0.327939036460011,-0.329145260368493,-0.330250754537091,-0.331259598190084,-0.332176743413976,-0.333007312130023,-0.333756081561973,-0.334427138763144,-0.335023678220908,-0.335547914515348,-0.336001083001297,-0.336383504603645,-0.33669469494154,-0.336933502093765,-0.337098260757464,-0.337186953157297,-0.337197368959382,-0.337127257882117,-0.336974469907314,-0.336737079133157,-0.336413488440052,-0.336002513259153,-0.335503443801967,-0.334916086077724,-0.334240782849371,-0.333478416330159,-0.332630394889299,-0.331698626320807,-0.330685480350324,-0.329593743034094,-0.328426565570379,-0.327187409825436,-0.32587999260164,-0.324508230369483,-0.32307618586913,-0.321588017678045,-0.320047933551618,-0.318460148082355,-0.316828844995355,-0.315158144205647,-0.313452073606519,-0.311714545435353,-0.309949336971892,-0.308160075259536,-0.306350225499294,-0.304523082744438,-0.30268176651787,-0.300829217980242,-0.298968199291958,-0.297101294833546,-0.295230913974491,-0.293359295108482,-0.291488510701936,-0.289620473131319,-0.287756941112607,-0.285899526552495,-0.284049701675378,-0.282208806302521,-0.280378055179977,-0.278558545269907,-0.27675126293583,-0.274957090966329,-0.273176815393788,-0.271411132075143,-0.269660653010475,-0.267925912382744,-0.266207372308192,-0.264505428292151,-0.262820414389168,-0.261152608069846,-0.259502234799456,-0.257869472335559,-0.256254454753475,-0.254657276209624,-0.253077994453652,-0.251516634100762,-0.249973189676015,-0.248447628442483,-0.246939893025063,-0.245449903841644,-0.243977561353034,-0.242522748142712,-0.24108533083709,-0.239665161876563,-0.238262081147116,-0.236875917481855,-0.235506490041292,-0.23415360958078,-0.232817079613009,-0.231496697473004,-0.230192255292635,-0.228903540891208,-0.227630338588295,-0.226372429944561,-0.225129594435962,-0.223901610066357,-0.222688253923189,-0.221489302680623,-0.220304533054189,-0.219133722210707,-0.217976648137004,-0.216833089970693,-0.215702828296025,-0.214585645407629,-0.213481325544751,-0.212389655098389,-0.211310422793571,-0.210243419848844,-0.209188440114885,-0.208145280194007,-0.20711373954221,-0.20609362055527,-0.205084728640288,-0.204086872273977,-0.203099863048891,-0.202123515708687,-0.201157648173442,-0.200202081555963,-0.199256640169954,-0.198321151530824,-0.197395446349883,-0.196479358522592,-0.195572725111486,-0.194675386324342,-0.193787185488112,-0.192907969019104,-0.192037586389851,-0.191175890093066,-0.190322735603062,-0.189477981334968,-0.188641488602049,-0.187813121571423,-0.186992747218417,-0.186180235279807,-0.18537545820616,-0.184578291113454,-0.183788611734172,-0.183006300368019,-0.182231239832406,-0.181463315412841,-0.180702414813328,-0.179948428106898,-0.179201247686351,-0.178460768215308,-0.177726886579631,-0.176999501839295,-0.176278515180764,-0.175563829869918,-0.174855351205585,-0.174152986473715,-0.173456644902226,-0.172766237616557,-0.172081677595947,-0.171402879630467,-0.170729760278817,-0.170062237826902,-0.169400232247195,-0.168743665158903,-0.168092459788931,-0.167446540933647,-0.166805834921463,-0.166170269576204,-0.165539774181295,-0.164914279444726,-0.164293717464821,-0.163678021696782,-0.163067126920013,-0.162460969206205,-0.161859485888179,-0.161262615529479,-0.16067029789469,-0.160082473920486,-0.15949908568739,-0.158920076392222,-0.158345390321247,-0.157774972823982,-0.157208770287671,-0.156646730112404,-0.156088800686868,-0.155534931364715,-0.154985072441542,-0.154439175132457,-0.153897191550228,-0.153359074683996,-0.152824778378543,-0.152294257314095,-0.151767466986654,-0.151244363688848,-0.150724904491271,-0.150209047224325,-0.149696750460531,-0.149187973497302,-0.148682676340173,0,-0.318110811984125,-0.319846454260429,-0.321543329250145,-0.32317694200259,-0.32472798550286,-0.326183557555013,-0.327536474846187,-0.328784389796105,-0.329928624799256,-0.330972937215351,-0.331922424256382,-0.332782649936972,-0.333558998396108,-0.334256229669835,-0.334878206425913,-0.335427758711319,-0.335906654900776,-0.336315650297057,-0.336654589528076,-0.336922543919031,-0.337117969468209,-0.337238874488332,-0.337282988409315,-0.337247924940587,-0.337131334079999,-0.33693103857981,-0.336645151575641,-0.33627217319094,-0.33581106502327,-0.335261302447151,-0.334622905576846,-0.333896450479877,-0.333083062795233,-0.332184396284749,-0.331202599042431,-0.330140270125731,-0.329000409282121,-0.327786362253773,-0.326501763882085,-0.325150480929623,-0.323736556213307,-0.322264155318886,-0.320737516857853,-0.319160906944737,-0.317538578322045,-0.315874734345562,-0.314173497865246,-0.312438884895397,-0.310674782859635,-0.30888493311796,-0.307072917430805,-0.305242147984506,-0.303395860589779,-0.301537110666068,-0.299668771636456,-0.297793535377425,-0.295913914392532,-0.294032245407013,-0.292150694109924,-0.290271260800174,-0.288395786722044,-0.286525960903608,-0.284663327337519,-0.282809292367646,-0.280965132166813,-0.279132000210416,-0.277310934668057,-0.275502865650511,-0.27370862226261,-0.271928939424021,-0.270164464429645,-0.268415763229619,-0.266683326415838,-0.264967574907639,-0.263268865334034,-0.261587495113718,-0.259923707237129,-0.258277694757268,-0.256649604997838,-0.255039543488661,-0.253447577639308,-0.251873740162584,-0.250318032259873,-0.248780426580579,-0.247260869967875,-0.245759286002852,-0.244275577358938,-0.242809627978109,-0.241361305080038,-0.239930461014902,-0.238516934970094,-0.23712055454061,-0.235741137172393,-0.234378491487407,-0.233032418498759,-0.231702712723656,-0.230389163201569,-0.229091554424498,-0.227809667185782,-0.226543279353521,-0.225292166574259,-0.224056102912179,-0.222834861428755,-0.221628214707426,-0.220435935327547,-0.219257796291601,-0.218093571409336,-0.216943035642257,-0.215805965411641,-0.21468213887303,-0.213571336159916,-0.212473339599162,-0.211387933900486,-0.21031490632219,-0.209254046815134,-0.208205148146802,-0.207168006007193,-0.206142419098106,-0.205128189207286,-0.204125121268791,-0.20313302341082,-0.202151706992147,-0.201180986628239,-0.200220680208016,-0.199270608902169,-0.198330597163862,-0.197400472722565,-0.196480066571753,-0.195569212951079,-0.19466774932364,-0.193775516348876,-0.192892357851581,-0.192018120787519,-0.191152655206025,-0.190295814210013,-0.189447453913706,-0.188607433398441,-0.187775614666813,-0.186951862595449,-0.186136044886639,-0.18532803201905,-0.184527697197725,-0.183734916303552,-0.182949567842353,-0.182171532893769,-0.181400695060042,-0.180636940414844,-0.179880157452248,-0.179130237035933,-0.178387072348725,-0.177650558842539,-0.176920594188797,-0.176197078229377,-0.17547991292815,-0.174769002323154,-0.174064252479436,-0.173365571442607,-0.172672869193131,-0.171986057601383,-0.171305050383479,-0.170629763057916,-0.169960112903019,-0.169296018915213,-0.168637401768124,-0.167984183772512,-0.167336288837043,-0.166693642429895,-0.1660561715412,-0.165423804646314,-0.164796471669915,-0.164174103950917,-0.163556634208194,-0.162943996507113,-0.162336126226851,-0.161732960028498,-0.161134435823935,-0.160540492745458,-0.159951071116164,-0.159366112421061,-0.158785559278904,-0.15820935541473,-0.157637445633098,-0.157069775792002,-0.156506292777448,-0.155946944478691,-0.155391679764101,-0.154840448457656,-0.15429320131605,-0.153749890006387,-0.153210467084465,-0.152674885973622,-0.152143100944144,-0.151615067093206,-0.151090740325348,-0.150570077333458,-0.150053035580264,-0.14953957328031,-0.149029649382412,-0.148523223552572,-0.148020256157357,0,-0.319254259370258,-0.32096244818677,-0.32262569187343,-0.324216451936939,-0.325716483461186,-0.32711494504618,-0.328406957069204,-0.329592348351512,-0.330674244783834,-0.331657731359838,-0.33254875897912,-0.333353327949633,-0.334076919513607,-0.334724134107468,-0.335298495862431,-0.335802385601071,-0.336237068351482,-0.336602786561234,-0.336898896124837,-0.337124027959321,-0.337276262398381,-0.337353306914154,-0.33735266983186,-0.337271824164812,-0.337108356828492,-0.336860099533447,-0.336525238715784,-0.336102402948924,-0.335590727344504,-0.33498989543049,-0.334300159834664,-0.333522343764772,-0.33265782574715,-0.331708510366666,-0.330676787859265,-0.329565485369998,-0.328377812534301,-0.327117303799345,-0.325787759604968,-0.324393188216069,-0.32293774966244,-0.321425702915204,-0.31986135712432,-0.318249027467745,-0.316592995924913,-0.314897477087343,-0.313166588957112,-0.31140432855757,-0.309614552086833,-0.307800959279357,-0.305967081600041,-0.304116273874565,-0.302251708955073,-0.300376375028202,-0.298493075189504,-0.296604428931864,-0.294712875223227,-0.292820676878886,-0.29092992596443,-0.289042549995931,-0.287160318733358,-0.285284851390961,-0.283417624114015,-0.281559977594824,-0.279713124721974,-0.277878158175658,-0.276056057898494,-0.274247698385729,-0.27245385575124,-0.270675214536471,-0.26891237423858,-0.267165855541702,-0.265436106241655,-0.263723506859684,-0.262028375945106,-0.260350975070215,-0.258691513523511,-0.257050152709443,-0.255427010264466,-0.253822163900387,-0.252235654986747,-0.250667491884549,-0.249117653043866,-0.247586089877937,-0.246072729426296,-0.244577476819237,-0.24310021755562,-0.241640819605645,-0.240199135349792,-0.238775003364629,-0.237368250065734,-0.235978691217439,-0.234606133318613,-0.233250374873174,-0.231911207553549,-0.230588417264773,-0.22928178511649,-0.22799108830963,-0.226716100944106,-0.225456594753484,-0.224212339772137,-0.222983104940076,-0.221768658650241,-0.22056876924274,-0.219383205450199,-0.218211736798077,-0.217054133963549,-0.215910169096274,-0.21477961610415,-0.213662250906905,-0.212557851660186,-0.211466198952594,-0.210387075977937,-0.209320268684805,-0.208265565905415,-0.207222759465502,-0.206191644276934,-0.205172018414583,-0.204163683178842,-0.20316644314512,-0.202180106201498,-0.201204483575669,-0.200239389852163,-0.199284642980819,-0.198340064277354,-0.197405478416831,-0.19648071342076,-0.195565600638491,-0.194659974723534,-0.193763673605364,-0.192876538457224,-0.191998413660416,-0.1911291467655,-0.190268588450814,-0.189416592478671,-0.188573015649563,-0.187737717754687,-0.186910561527058,-0.186091412591465,-0.185280139413498,-0.184476613247856,-0.183680708086126,-0.182892300604188,-0.182111270109422,-0.18133749848784,-0.180570870151272,-0.179811271984719,-0.179058593293972,-0.178312725753584,-0.177573563355275,-0.176841002356846,-0.176114941231657,-0.175395280618717,-0.174681923273457,-0.173974774019198,-0.173273739699362,-0.172578729130468,-0.171889653055911,-0.171206424100568,-0.170528956726234,-0.169857167187909,-0.16919097349094,-0.168530295349025,-0.167875054143088,-0.167225172881018,-0.166580576158286,-0.165941190119413,-0.165306942420317,-0.1646777621915,-0.164053580002092,-0.163434327824737,-0.162819939001299,-0.162210348209402,-0.161605491429768,-0.161005305914358,-0.16040973015529,-0.159818703854541,-0.159232167894393,-0.158650064308635,-0.15807233625448,-0.157498927985216,-0.156929784823543,-0.156364853135603,-0.155804080305679,-0.155247414711553,-0.154694805700509,-0.154146203565953,-0.153601559524658,-0.153060825694603,-0.152523955073393,-0.151990901517253,-0.15146161972058,-0.150936065196029,-0.150414194255136,-0.149895963989453,-0.149381332252182,-0.148870257640306,-0.148362699477184,-0.147858617795624,-0.147357973321393,0,-0.32037328769397,-0.32205488900588,-0.323682113024712,-0.325226616771924,-0.326672341987524,-0.328011039873104,-0.32924038399874,-0.330362425664791,-0.331382000781849,-0.332305353717941,-0.333139095058956,-0.333889472389495,-0.334561897101489,-0.33516067330034,-0.335688882483803,-0.336148383543079,-0.336539893463336,-0.336863120777814,-0.33711693064515,-0.337299526302956,-0.33740863601837,-0.337441697540366,-0.337396033860849,-0.337269015294249,-0.337058203866606,-0.336761476978103,-0.336377128334846,-0.335903945210119,-0.335341262124892,-0.334688991960701,-0.333947636281089,-0.333118277210202,-0.332202553591752,-0.331202624339157,-0.330121121911143,-0.328961098736121,-0.327725969195234,-0.326419449489506,-0.325045497389518,-0.323608253521207,-0.322111985498535,-0.320561035888468,-0.318959774696529,-0.317312556799226,-0.315623684526192,-0.313897375410762,-0.312137734981461,-0.310348734355806,-0.308534192318021,-0.306697761509583,-0.304842918331523,-0.302972956145866,-0.301090981366496,-0.29919991204361,-0.297302478567644,-0.29540122614553,-0.293498518732309,-0.291596544132693,-0.289697320018945,-0.287802700642356,-0.285914384045042,-0.28403391960621,-0.282162715782282,-0.280302047923038,-0.278453066066403,-0.276616802632542,-0.274794179953744,-0.272986017590327,-0.271193039394578,-0.269415880294797,-0.267655092780019,-0.265911153073061,-0.264184466985431,-0.262475375452436,-0.260784159750708,-0.259111046403453,-0.257456211781157,-0.255819786407308,-0.254201858980051,-0.252602480121685,-0.251021665868486,-0.249459400913752,-0.247915641617053,-0.246390318792665,-0.244883340289969,-0.243394593378298,-0.241923946948367,-0.240471253541957,-0.239036351221081,-0.237619065287323,-0.236219209861543,-0.234836589333599,-0.233470999691214,-0.232122229736599,-0.230790062198932,-0.229474274750283,-0.228174640932136,-0.226890930999151,-0.225622912686422,-0.224370351906037,-0.223133013378365,-0.22191066120312,-0.220703059374911,-0.219509972247635,-0.218331164951778,-0.217166403768397,-0.216015456463263,-0.214878092584427,-0.213754083726191,-0.212643203762276,-0.211545229050762,-0.21045993861317,-0.209387114289901,-0.208326540874059,-0.207278006225539,-0.206241301367115,-0.205216220564135,-0.2042025613893,-0.203200124773882,-0.202208715046651,-0.20122813996166,-0.200258210715956,-0.199298741958197,-0.198349551789085,-0.197410461754433,-0.19648129683164,-0.195561885410265,-0.194652059267354,-0.1937516535381,-0.192860506682375,-0.191978460447642,-0.191105359828685,-0.190241053024579,-0.189385391393278,-0.188538229404166,-0.187699424588877,-0.186868837490691,-0.186046331612738,-0.185231773365276,-0.184425032012236,-0.183625979617239,-0.182834490989258,-0.182050443628079,-0.181273717669721,-0.18050419583191,-0.179741763359765,-0.178986307971758,-0.178237719806065,-0.177495891367388,-0.176760717474295,-0.176032095207181,-0.175309923856868,-0.174594104873916,-0.173884541818671,-0.173181140312104,-0.172483807987441,-0.171792454442649,-0.17110699119376,-0.170427331629072,-0.169753390964234,-0.169085086198225,-0.16842233607023,-0.167765061017417,-0.167113183133621,-0.166466626128926,-0.165825315290153,-0.165189177442233,-0.164558140910477,-0.163932135483713,-0.163311092378308,-0.162694944203039,-0.162083624924817,-0.161477069835247,-0.160875215518015,-0.160277999817078,-0.15968536180566,-0.159097241756027,-0.158513581110024,-0.157934322450377,-0.157359409472722,-0.156788786958366,-0.156222400747743,-0.155660197714578,-0.155102125740716,-0.154548133691616,-0.153998171392489,-0.153452189605073,-0.152910140005016,-0.152371975159863,-0.151837648507633,-0.151307114335959,-0.150780327761794,-0.150257244711651,-0.149737821902382,-0.149222016822463,-0.148709787713786,-0.148201093553935,-0.147695894038947,-0.147194149566524,-0.146695821219702,0,-0.321468951725684,-0.323124076052099,-0.324711880940044,-0.326206253786542,-0.327594303665501,-0.328870770833699,-0.330036022060053,-0.331094283887202,-0.332051939551253,-0.332916181287807,-0.333694063571455,-0.33439188580573,-0.335014826204903,-0.335566765456237,-0.3360502510082,-0.336466560716812,-0.336815831953272,-0.337097230097989,-0.337309137685306,-0.337449351289984,-0.337515277218171,-0.337504119470393,-0.337413054849913,-0.337239391037854,-0.336980704309965,-0.336634954494837,-0.336200575788425,-0.335676543083925,-0.335062414464469,-0.334358351363839,-0.333565118578337,-0.332684066789462,-0.331717100534056,-0.330666634654361,-0.329535542203176,-0.32832709660173,-0.327044910583044,-0.325692874132523,-0.324275093287563,-0.322795831301655,-0.321259453333862,-0.319670375504474,-0.318033018871198,-0.31635176863215,-0.314630938654343,-0.312874741258609,-0.311087262061788,-0.309272439580963,-0.307434049238424,-0.305575691365298,-0.303700782782048,-0.301812551530937,-0.299914034345373,-0.298008076460242,-0.296097333393152,-0.294184274356439,-0.292271186991957,-0.290360183153498,-0.28845320549413,-0.28655203464682,-0.284658296815982,-0.282773471624605,-0.280898900086218,-0.279035792593093,-0.277185236831674,-0.275348205553553,-0.273525564145317,-0.271718077953551,-0.269926419332412,-0.268151174390517,-0.266392849421793,-0.264651877011486,-0.26292862181386,-0.261223386002512,-0.259536414397683,-0.257867899277719,-0.256217984883916,-0.254586771629575,-0.252974320025218,-0.251380654332689,-0.249805765961304,-0.248249616619453,-0.246712141235047,-0.245193250658078,-0.243692834158284,-0.242210761730556,-0.240746886220287,-0.239301045280385,-0.237873063171165,-0.236462752413781,-0.235069915307331,-0.233694345319201,-0.232335828357704,-0.230994143935499,-0.22966906623178,-0.228360365060736,-0.227067806753275,-0.225791154958574,-0.224530171371557,-0.223284616392013,-0.22205424972065,-0.220838830897031,-0.219638119783978,-0.21845187700271,-0.217279864322667,-0.216121845009698,-0.214977584136002,-0.21384684885499,-0.212729408643964,-0.211625035517335,-0.210533504212858,-0.209454592353199,-0.208388080584971,-0.2073337526972,-0.206291395721041,-0.205260800012429,-0.204241759319196,-0.203234070834098,-0.202237535235052,-0.201251956713802,-0.200277142994122,-0.199312905340583,-0.19835905855883,-0.197415420988223,-0.196481814487658,-0.195558064415273,-0.194643999602733,-0.193739452324687,-0.192844258263978,-0.191958256473105,-0.191081289332417,-0.190213202505471,-0.189353844891935,-0.188503068578409,-0.187660728787481,-0.186826683825317,-0.186000795028056,-0.185182926707252,-0.184372946094595,-0.183570723286092,-0.182776131185914,-0.181989045450053,-0.181209344429943,-0.180436909116184,-0.17967162308247,-0.17891337242985,-0.178162045731391,-0.177417533977346,-0.176679730520887,-0.175948531024476,-0.17522383340693,-0.174505537791217,-0.173793546453041,-0.173087763770245,-0.172388096173057,-0.17169445209521,-0.171006741925963,-0.170324877963016,-0.169648774366364,-0.168978347113064,-0.168313513952954,-0.167654194365301,-0.16700030951639,-0.166351782218049,-0.165708536887119,-0.165070499505831,-0.164437597583124,-0.163809760116859,-0.163186917556948,-0.162569001769361,-0.161955946001021,-0.161347684845561,-0.16074415420993,-0.160145291281848,-0.159551034498069,-0.158961323513463,-0.15837609917089,-0.157795303471846,-0.157218879547875,-0.156646771632727,-0.156078925035237,-0.155515286112931,-0.154955802246316,-0.154400421813858,-0.153849094167623,-0.153301769609569,-0.152758399368469,-0.152218935577453,-0.151683331252151,-0.151151540269427,-0.150623517346682,-0.150099218021718,-0.149578598633138,-0.149061616301283,-0.148548228909679,-0.14803839508699,-0.147532074189453,-0.147029226283791,-0.146529812130587,-0.146033793168106,0,-0.322543074620227,-0.324169885324977,-0.325713909552947,-0.327153972752737,-0.328481053330175,-0.329693124425468,-0.330793270806207,-0.331787755152567,-0.332684283460778,-0.333490750453691,-0.334214425594874,-0.33486146518459,-0.335436659687134,-0.335943352408377,-0.336383480130368,-0.33675769523156,-0.337065537311476,-0.337305630951713,-0.33747589374726,-0.337573744210438,-0.337596302532812,-0.337540579032339,-0.337403646114116,-0.337182790293648,-0.336875641590303,-0.336480278498624,-0.335995307752685,-0.335419919120918,-0.334753916408196,-0.33399772662497,-0.333152389868808,-0.332219532840471,-0.331201329096024,-0.330100449143567,-0.328920003360632,-0.327663480470883,-0.326334684009757,-0.324937668858197,-0.323476679557096,-0.32195609175301,-0.32038035778366,-0.31875395710063,-0.317081351953294,-0.315366948525621,-0.31361506352671,-0.311829896084976,-0.310015504681877,-0.308175788779772,-0.306314474745491,-0.304435105641847,-0.302541034449029,-0.300635420282557,-0.29872122719043,-0.296801225136096,-0.294877992803171,-0.292953921890245,-0.291031222597922,-0.289111930043959,-0.287197911375194,-0.285290873376031,-0.283392370402117,-0.281503812494394,-0.27962647355256,-0.277761499468337,-0.275909916137783,-0.274072637288327,-0.272250472070442,-0.270444132376102,-0.268654239856515,-0.26688133262036,-0.265125871601037,-0.263388246587426,-0.261668781917528,-0.259967741838317,-0.258285335538199,-0.256621721860919,-0.25497701371155,-0.253351282166531,-0.251744560300656,-0.250156846744456,-0.248588108985752,-0.247038286429219,-0.245507293227718,-0.243995020898894,-0.242501340740208,-0.241026106055157,-0.23956915420292,-0.238130308483177,-0.236709379867271,-0.235306168586344,-0.23392046558649,-0.23255205386041,-0.231200709664508,-0.229866203629821,-0.22854830177464,-0.227246766426202,-0.225961357058335,-0.224691831051473,-0.223437944381048,-0.22219945223982,-0.220976109599353,-0.219767671715443,-0.218573894581991,-0.217394535337471,-0.216229352627846,-0.215078106929509,-0.21394056083555,-0.212816479308421,-0.211705629901814,-0.210607782954389,-0.209522711757765,-0.208450192700992,-0.207390005393606,-0.20634193276913,-0.2053057611708,-0.204281280421137,-0.203268283876841,-0.202266568470396,-0.201275934739646,-0.200296186846503,-0.19932713258586,-0.198368583385696,-0.197420354299271,-0.196482263990245,-0.195554134711481,-0.194635792278226,-0.19372706603632,-0.192827788826005,-0.19193779694188,-0.191056930089492,-0.190185031338994,-0.189321947076306,-0.188467526952125,-0.187621623829134,-0.186784093727718,-0.185954795770471,-0.185133592125728,-0.184320347950382,-0.183514931332164,-0.182717213231595,-0.181927067423765,-0.181144370440102,-0.180369001510253,-0.179600842504214,-0.178839777874807,-0.1780856946006,-0.177338482129365,-0.176598032322138,-0.175864239397949,-0.17513699987929,-0.17441621253835,-0.173701778344084,-0.172993600410131,-0.172291583943624,-0.171595636194913,-0.170905666408219,-0.17022158577324,-0.169543307377717,-0.168870746160971,-0.168203818868411,-0.167542444007021,-0.166886541801829,-0.166236034153337,-0.165590844595938,-0.164950898257276,-0.164316121818581,-0.163686443475931,-0.163061792902464,-0.162442101211498,-0.161827300920574,-0.161217325916383,-0.160612111420582,-0.160011593956475,-0.159415711316542,-0.158824402530803,-0.158237607836007,-0.157655268645616,-0.157077327520574,-0.156503728140852,-0.155934415277739,-0.155369334766868,-0.154808433481964,-0.154251659309286,-0.153698961122766,-0.153150288759802,-0.152605592997712,-0.15206482553082,-0.151527938948162,-0.150994886711797,-0.150465623135704,-0.149940103365253,-0.149418283357232,-0.148900119860421,-0.14838557039669,-0.147874593242614,-0.147367147411588,-0.146863192636426,-0.146362689352438,-0.145865598680961,-0.145371882413348,0,-0.323597799606643,-0.325191677732745,-0.326686751066966,-0.328068221949669,-0.329331269578997,-0.330477189912998,-0.331511695293838,-0.332442859583776,-0.333279435599329,-0.33402975212641,-0.334701060595767,-0.335299186485664,-0.335828391278142,-0.336291382941228,-0.336689427329828,-0.337022522143589,-0.337289604375357,-0.33748877124755,-0.33761750194291,-0.337672872271904,-0.337651757065301,-0.33755101632028,-0.337367661749346,-0.33709900092038,-0.336742756879986,-0.336297162050538,-0.335761026197868,-0.335133779262264,-0.334415490726483,-0.333606867893558,-0.332709235934072,-0.331724502837517,-0.330655112485561,-0.329503988988061,-0.328274475221313,-0.326970268218157,-0.32559535371387,-0.324153941778892,-0.322650405092474,-0.321089221048612,-0.319474918550279,-0.31781203004879,-0.31610504912693,-0.314358393709102,-0.312576374808339,-0.310763170586128,-0.308922805402743,-0.307059133468793,-0.305175826668185,-0.303276366103924,-0.301364036916732,-0.299441925938233,-0.297512921761967,-0.295579716843607,-0.29364481127411,-0.291710517903922,-0.289778968531414,-0.287852120903099,-0.285931766306093,-0.284019537564129,-0.282116917276885,-0.280225246168175,-0.278345731431712,-0.276479454983646,-0.274627381549085,-0.27279036652542,-0.270969163578695,-0.269164431940745,-0.267376743384458,-0.265606588862626,-0.263854384802519,-0.262120479053794,-0.260405156491776,-0.258708644281642,-0.257031116811806,-0.255372700306875,-0.253733477132101,-0.252113489802345,-0.250512744709273,-0.248931215580913,-0.247368846687861,-0.245825555810375,-0.244301236980398,-0.24279576301222,-0.24130898783508,-0.239840748640525,-0.238390867856802,-0.236959154962007,-0.235545408147122,-0.2341494158395,-0.232770958096743,-0.231409807880379,-0.230065732218139,-0.228738493263118,-0.227427849257561,-0.226133555408512,-0.224855364682083,-0.223593028522648,-0.22234629750282,-0.221114921909678,-0.219898652272299,-0.218697239835318,-0.217510436982877,-0.216337997617011,-0.215179677494227,-0.214035234523744,-0.212904429030618,-0.211787023986707,-0.210682785212247,-0.209591481550552,-0.208512885018203,-0.207446770932874,-0.206392918020798,-0.205351108505709,-0.204321128180961,-0.203302766466371,-0.202295816451247,-0.201300074924902,-0.20031534239588,-0.199341423101016,-0.198378125005351,-0.19742525979385,-0.19648264285578,-0.195550093262563,-0.194627433739799,-0.193714490634162,-0.192811093875746,-0.191917076936442,-0.191032276784842,-0.19015653383814,-0.189289691911456,-0.188431598164958,-0.187582103049155,-0.186741060248653,-0.185908326624685,-0.185083762156671,-0.184267229883037,-0.183458595841528,-0.182657729009181,-0.181864501242161,-0.181078787215592,-0.180300464363536,-0.17952941281925,-0.178765515355812,-0.178008657327236,-0.177258726610154,-0.176515613546139,-0.175779210884744,-0.175049413727303,-0.174326119471566,-0.173609227757184,-0.1728986404121,-0.172194261399871,-0.171495996767946,-0.170803754596912,-0.170117444950743,-0.169436979828044,-0.168762273114303,-0.168093240535169,-0.167429799610732,-0.166771869610832,-0.166119371511372,-0.165472227951643,-0.164830363192641,-0.164193703076385,-0.163562174986207,-0.162935707808011,-0.162314231892491,-0.161697679018288,-0.161085982356077,-0.160479076433557,-0.15987689710135,-0.159279381499767,-0.158686468026444,-0.15809809630482,-0.157514207153443,-0.15693474255609,-0.156359645632674,-0.155788860610932,-0.155222332798862,-0.154660008557915,-0.154101835276892,-0.153547761346555,-0.152997736134928,-0.152451709963259,-0.151909634082649,-0.151371460651302,-0.15083714271241,-0.150306634172634,-0.149779889781172,-0.149256865109411,-0.148737516531123,-0.148221801203211,-0.147709677046979,-0.147201102729918,-0.146696037647992,-0.146194441908406,-0.145696276312846,-0.145201502341181,-0.144710082135605,0,-0.324634253449835,-0.326188198188055,-0.327628640536023,-0.328947350854745,-0.330143683303738,-0.331222205176009,-0.332191055437398,-0.333059818606545,-0.333837980036991,-0.33453402272994,-0.335154951711703,-0.335706087181709,-0.336191037626095,-0.33661179593564,-0.336968914108418,-0.337261721315328,-0.337488559987597,-0.337647023762195,-0.337734187891595,-0.33774682669243,-0.337681614420799,-0.33753530660599,-0.337304899169495,-0.336987763073482,-0.336581752934409,-0.336085288954072,-0.335497412528523,-0.334817816856736,-0.334046854683188,-0.333185525914685,-0.332235448235221,-0.331198814015159,-0.330078336801441,-0.328877190520258,-0.327598944260812,-0.326247495174264,-0.324827001647156,-0.323341818520031,-0.321796435740426,-0.320195421480627,-0.318543370425518,-0.316844857651047,-0.315104398272553,-0.313326412844674,-0.311515198338923,-0.30967490440802,-0.307809514563236,-0.305922831837729,-0.304018468480103,-0.302099839213527,-0.30017015760236,-0.298232435086361,-0.296289482268946,-0.294343912077691,-0.292398144450081,-0.290454412233581,-0.288514768024993,-0.286581091708802,-0.284655098487041,-0.282738347223641,-0.280832248954072,-0.278938075436119,-0.277056967639957,-0.275189944095322,-0.273337909030688,-0.271501660254151,-0.269681896738326,-0.267879225882282,-0.266094170432515,-0.264327175052381,-0.262578612535587,-0.260848789664228,-0.259137952715904,-0.257446292627496,-0.255773949825646,-0.254121018735716,-0.252487551982328,-0.250873564295441,-0.249279036136431,-0.247703917058909,-0.246148128819,-0.244611568249665,-0.243094109913358,-0.241595608546879,-0.24011590131183,-0.238654809863517,-0.237212142250604,-0.235787694657164,-0.234381252998239,-0.232992594379352,-0.231621488429829,-0.230267698519221,-0.228930982865511,-0.227611095543248,-0.226307787399235,-0.225020806882869,-0.223749900797763,-0.222494814980816,-0.221255294914478,-0.220031086277529,-0.218821935439338,-0.217627589902175,-0.216447798695852,-0.215282312728618,-0.214130885097968,-0.212993271364733,-0.211869229793584,-0.210758521562817,-0.209660910946097,-0.208576165468607,-0.207504056039888,-0.206444357065432,-0.20539684653899,-0.204361306117339,-0.203337521179166,-0.202325280869563,-0.201324378131517,-0.200334609725669,-0.199355776239515,-0.198387682087111,-0.197430135500284,-0.196482948512235,-0.195545936934379,-0.194618920327163,-0.193701721965573,-0.192794168799958,-0.191896091412744,-0.191007323971583,-0.190127704179409,-0.189257073221847,-0.188395275712369,-0.187542159635571,-0.186697576288901,-0.185861380223126,-0.185033429181825,-0.184213584040146,-0.183401708743055,-0.182597670243262,-0.181801338439026,-0.181012586111982,-0.180231288865142,-0.179457325061196,-0.178690575761231,-0.177930924663965,-0.177178258045588,-0.176432464700289,-0.17569343588153,-0.174961065244143,-0.174235248787283,-0.173515884798288,-0.172802873797491,-0.172096118483996,-0.171395523682463,-0.170700996290911,-0.170012445229548,-0.169329781390657,-0.168652917589532,-0.167981768516467,-0.167316250689808,-0.16665628241006,-0.166001783715047,-0.165352676336115,-0.164708883655373,-0.164070330663967,-0.163436943921362,-0.162808651515634,-0.162185383024747,-0.161567069478811,-0.160953643323291,-0.160345038383167,-0.159741189828014,-0.159142034137994,-0.158547509070739,-0.157957553629107,-0.15737210802979,-0.156791113672759,-0.156214513111533,-0.155642250024236,-0.155074269185445,-0.154510516438797,-0.153950938670333,-0.153395483782581,-0.152844100669336,-0.152296739191134,-0.151753350151397,-0.151213885273235,-0.150678297176885,-0.150146539357767,-0.149618566165154,-0.149094332781417,-0.148573795201857,-0.148056910215079,-0.147543635383919,-0.147033929026894,-0.146527750200161,-0.146025058679973,-0.145525814945625,-0.145029980162864,-0.144537516167758,-0.144048385451008,0,-0.325650947283629,-0.327157522229378,-0.32853757025609,-0.329789684890904,-0.330917139529868,-0.331927600472682,-0.332831330404966,-0.333639062512351,-0.334360676851419,-0.335004531079788,-0.33557716821215,-0.336083247181367,-0.336525619742016,-0.336905503683024,-0.337222711940984,-0.337475906326298,-0.337662854876952,-0.33778068079653,-0.337826096837689,-0.337795621907705,-0.33768577761389,-0.337493262565264,-0.337215102295483,-0.336848773035272,-0.336392298282761,-0.335844318070045,-0.335204131831238,-0.334471716693967,-0.333647723748237,-0.332733455351891,-0.331730826808597,-0.330642315825767,-0.329470903062178,-0.328220006848615,-0.326893414848515,-0.325495215054393,-0.324029728119379,-0.322501442625328,-0.320914954508121,-0.319274911510118,-0.317585963217875,-0.315852716974943,-0.314079699736415,-0.312271325752744,-0.310431869832674,-0.3085654458346,-0.306675989967849,-0.304767248445017,-0.302842769008821,-0.300905895857094,-0.298959767503481,-0.29700731713519,-0.295051275059825,-0.293094172868051,-0.291138348975757,-0.289185955246633,-0.287238964432553,-0.285299178203998,-0.283368235575275,-0.281447621559177,-0.27953867591286,-0.277642601860887,-0.275760474702848,-0.273893250231695,-0.272041772905121,-0.270206783726303,-0.268388927802089,-0.266588761556728,-0.26480675958748,-0.263043321155341,-0.261298776309627,-0.259573391649699,-0.257867375730585,-0.256180884122057,-0.254514024132729,-0.252866859212318,-0.25123941304617,-0.249631673356899,-0.248043595428236,-0.246475105366371,-0.244926103113879,-0.243396465231119,-0.24188604745957,-0.2403946870811,-0.238922205086638,-0.237468408167113,-0.236033090538907,-0.234616035615466,-0.233217017536051,-0.231835802561989,-0.230472150350192,-0.229125815113071,-0.227796546673431,-0.226484091422342,-0.22518819318748,-0.223908594018904,-0.222645034898753,-0.221397256380916,-0.220164999166269,-0.218948004618696,-0.217746015226713,-0.216558775015185,-0.215386029911258,-0.214227528068361,-0.213083020151814,-0.211952259589315,-0.210835002789351,-0.209731009330309,-0.208640042122875,-0.207561867548103,-0.206496255573344,-0.205442979848047,-0.204401817781307,-0.203372550602863,-0.202354963409121,-0.201348845195654,-0.200353988877508,-0.199370191298537,-0.198397253230883,-0.197434979365648,-0.196483178295669,-0.1955416624913,-0.19461024826996,-0.193688755760186,-0.192777008860851,-0.191874835196148,-0.190982066066897,-0.190098536398673,-0.189224084687209,-0.188358552941504,-0.187501786624999,-0.186653634595179,-0.185813949041894,-0.184982585424705,-0.184159402409482,-0.183344261804508,-0.182537028496279,-0.181737570385192,-0.180945758321291,-0.180161466040207,-0.179384570099437,-0.178614949815076,-0.1778524871991,-0.177097066897301,-0.176348576127942,-0.17560690462122,-0.174871944559574,-0.174143590518914,-0.173421739410794,-0.172706290425585,-0.171997144976661,-0.171294206645636,-0.170597381128667,-0.169906576183834,-0.169221701579617,-0.168542669044464,-0.167869392217469,-0.16720178660014,-0.166539769509276,-0.165883260030934,-0.165232178975479,-0.164586448833719,-0.163945993734097,-0.163310739400943,-0.162680613113765,-0.162055543667565,-0.161435461334164,-0.16082029782452,-0.160209986252023,-0.159604461096745,-0.159003658170631,-0.158407514583612,-0.157815968710616,-0.157228960159464,-0.156646429739627,-0.15606831943183,-0.155494572358477,-0.154925132754881,-0.15435994594128,-0.15379895829562,-0.153242117227085,-0.152689371150353,-0.152140669460568,-0.151595962508996,-0.15105520157936,-0.150518338864827,-0.149985327445638,-0.149456121267352,-0.1489306751197,-0.148408944616027,-0.147890886173297,-0.147376456992667,-0.146865615040587,-0.146358319030435,-0.14585452840466,-0.145354203317413,-0.144857304617675,-0.144363793832837,-0.14387363315274,-0.143386785414163,0,-0.326645664924262,-0.328097172302356,-0.329411390921757,-0.330593607050659,-0.331650658802528,-0.332593037422614,-0.33343273641955,-0.334181231536197,-0.334848451805587,-0.335442361394823,-0.335968845543151,-0.336431768582151,-0.336833144254904,-0.337173375718362,-0.337451529206537,-0.33766561462074,-0.337812856873195,-0.337889950148972,-0.337893291992327,-0.337819195862799,-0.337664080896588,-0.337424637252834,-0.337097965323628,-0.336681687465825,-0.336174031696587,-0.335573887785394,-0.334880837172919,-0.334095159005717,-0.333217815215736,-0.332250417971285,-0.331195182994725,-0.330054872215786,-0.328832729050068,-0.327532409302552,-0.326157910334498,-0.324713500732318,-0.323203652305928,-0.321632975843012,-0.320006161670204,-0.31832792573318,-0.316602961611592,-0.314835898634566,-0.313031266058242,-0.311193463106466,-0.309326734555694,-0.307435151460816,-0.305522596564974,-0.303592753908375,-0.301649102143613,-0.29969491107353,-0.297733240948086,-0.29576694408558,-0.293798668417821,-0.29183086259618,-0.289865782333931,-0.287905497698423,-0.285951901103404,-0.284006715786502,-0.282071504588927,-0.280147678883685,-0.278236507524884,-0.27633912571401,-0.274456543699559,-0.272589655244205,-0.270739245809042,-0.26890600041747,-0.26709051117238,-0.265293284409475,-0.26351474747724,-0.261755255140289,-0.260015095607875,-0.258294496193339,-0.256593628613416,-0.254912613938685,-0.253251527208218,-0.251610401722708,-0.249989233031185,-0.248387982626864,-0.24680658136787,-0.245244932638534,-0.243702915266697,-0.242180386212139,-0.24067718304076,-0.23919312619858,-0.237728021099071,-0.236281660036663,-0.234853823938633,-0.233444283966935,-0.232052802980867,-0.230679136870816,-0.229323035772729,-0.227984245172301,-0.22666250690733,-0.225357560076104,-0.224069141859159,-0.222796988261238,-0.221540834779813,-0.220300417006059,-0.219075471163778,-0.217865734591329,-0.216670946171286,-0.215490846712186,-0.214325179286376,-0.213173689527708,-0.212036125892519,-0.210912239887065,-0.209801786264364,-0.208704523193138,-0.207620212401361,-0.206548619296707,-0.205489513066016,-0.204442666755735,-0.203407857335117,-0.202384865743838,-0.201373476925539,-0.200373479848692,-0.199384667516067,-0.198406836963965,-0.19743978925231,-0.19648332944656,-0.195537266592368,-0.194601413683791,-0.193675587625823,-0.192759609191926,-0.191853302977204,-0.190956497347779,-0.190069024386896,-0.189190719838247,-0.18832142304692,-0.187460976898393,-0.186609227755913,-0.185766025396585,-0.184931222946465,-0.184104676814927,-0.183286246628524,-0.182475795164572,-0.181673188284648,-0.180878294868153,-0.180090986746129,-0.179311138635426,-0.178538628073375,-0.177773335353043,-0.177015143459189,-0.17626393800499,-0.175519607169605,-0.17478204163665,-0.17405113453363,-0.173326781372369,-0.172608879990484,-0.171897330493929,-0.17119203520063,-0.170492898585241,-0.169799827225019,-0.169112729746851,-0.168431516775412,-0.167756100882477,-0.167086396537382,-0.166422320058623,-0.165763789566593,-0.16511072493745,-0.1644630477581,-0.163820681282292,-0.163183550387797,-0.162551581534676,-0.161924702724604,-0.161302843461237,-0.160685934711615,-0.160073908868567,-0.159466699714109,-0.158864242383815,-0.158266473332134,-0.157673330298645,-0.157084752275216,-0.156500679474059,-0.155921053296652,-0.155345816303512,-0.154774912184799,-0.154208285731726,-0.153645882808762,-0.153087650326602,-0.152533536215888,-0.151983489401658,-0.151437459778515,-0.150895398186475,-0.150357256387499,-0.149822987042681,-0.149292543690065,-0.148765880723095,-0.148242953369658,-0.147723717671718,-0.147208130465522,-0.146696149362352,-0.146187732729826,-0.145682839673718,-0.14518143002028,-0.144683464299063,-0.144188903726222,-0.143697710188272,-0.143209846226312,-0.142725275020677,0,-0.327616433415282,-0.329004327368858,-0.33024792941942,-0.331357641033056,-0.332343494531851,-0.333218440822351,-0.333995736713767,-0.334687170069653,-0.335302380831885,-0.335848692861336,-0.33633116346328,-0.336752754748297,-0.337114584905146,-0.33741622350925,-0.337655999342175,-0.337831299046852,-0.337938845537622,-0.337974952430034,-0.337935754081034,-0.337817411341343,-0.337616292442003,-0.337329127751358,-0.336953136995828,-0.336486127998835,-0.335926566865692,-0.335273620572953,-0.334527173895601,-0.333687823390619,-0.332756851692439,-0.331736185660716,-0.330628341982208,-0.329436363709354,-0.328163750964739,-0.326814388696213,-0.32539247396955,-0.323902444864928,-0.32234891262459,-0.320736598300156,-0.319070274782212,-0.317354714770463,-0.315594644964468,-0.313794706523938,-0.311959421662844,-0.310093166099887,-0.308200146985152,-0.306284385853935,-0.304349706118611,-0.30239972459273,-0.300437846543465,-0.298467263784582,-0.296490955348389,-0.294511690308309,-0.292532032361139,-0.290554345817406,-0.28858080268793,-0.286613390593373,-0.284653921260399,-0.282704039402348,-0.280765231813827,-0.278838836537043,-0.276926051983048,-0.275027945913487,-0.273145464207926,-0.271279439358706,-0.26943059864974,-0.26759957198784,-0.265786899365468,-0.26399303794229,-0.262218368739918,-0.260463202949888,-0.258727787859464,-0.25701231240339,-0.255316912352471,-0.253641675151891,-0.251986644423641,-0.250351824148417,-0.248737182542939,-0.247142655648921,-0.245568150649936,-0.244013548932266,-0.242478708905448,-0.240963468597817,-0.239467648041785,-0.237991051462974,-0.236533469286723,-0.235094679974758,-0.233674451704188,-0.232272543900275,-0.230888708633762,-0.229522691892901,-0.228174234739651,-0.226843074358947,-0.225528945009306,-0.224231578882513,-0.222950706879572,-0.221686059309612,-0.220437366517972,-0.219204359449213,-0.217986770150417,-0.216784332219728,-0.215596781204695,-0.214423854954688,-0.213265293931281,-0.212120841480233,-0.210990244068404,-0.209873251488696,-0.208769617035848,-0.207679097655722,-0.206601454070478,-0.205536450881872,-0.204483856654711,-0.203443443982352,-0.202414989535969,-0.201398274099178,-0.200393082589479,-0.199399204067843,-0.19841643173768,-0.197444562934314,-0.196483399105977,-0.19553274578729,-0.194592412566065,-0.193662213044239,-0.192741964793641,-0.191831489307261,-0.190930611946605,-0.190039161885697,-0.189156972052207,-0.188283879066161,-0.18741972317665,-0.186564348196888,-0.185717601437972,-0.184879333641634,-0.184049398912268,-0.18322765464847,-0.182413961474307,-0.18160818317053,-0.180810186605888,-0.180019841668711,-0.179237021198903,-0.178461600920462,-0.177693459374641,-0.176932477853846,-0.176178540336353,-0.17543153342192,-0.174691346268348,-0.173957870529056,-0.173231000291705,-0.172510632017921,-0.171796664484128,-0.171088998723534,-0.170387537969284,-0.169692187598787,-0.169002855079234,-0.168319449914306,-0.167641883592085,-0.166970069534148,-0.166303923045862,-0.165643361267849,-0.164988303128633,-0.164338669298444,-0.163694382144174,-0.16305536568546,-0.162421545551892,-0.161792848941322,-0.161169204579245,-0.16055054267926,-0.159936794904561,-0.159327894330463,-0.158723775407924,-0.158124373928057,-0.157529626987593,-0.156939472955301,-0.15635385143931,-0.15577270325534,-0.155195970395808,-0.154623595999781,-0.154055524323777,-0.153491700713367,-0.152932071575575,-0.152376584352049,-0.151825187492985,-0.15127783043178,-0.150734463560401,-0.150195038205443,-0.149659506604862,-0.149127821885368,-0.14859993804045,-0.148075809909021,-0.147555393154668,-0.147038644245484,-0.14652552043447,-0.146015979740492,-0.145509980929767,-0.145007483497872,-0.144508447652268,-0.144012834295299,-0.143520605007683,-0.143031722032451,-0.142546148259351,-0.142063847209672,0,-0.328560200006306,-0.329876023916588,-0.331045109086423,-0.332080530807547,-0.33299518305838,-0.333804021329688,-0.334521042828864,-0.335157913993488,-0.335723669727955,-0.33622477631784,-0.336665322853862,-0.337047289233559,-0.337370864697839,-0.337634786313976,-0.337836670429536,-0.337973320908506,-0.338041008259076,-0.338035719715276,-0.337953382057782,-0.337790058269341,-0.337542117807759,-0.337206379413253,-0.336780225290737,-0.33626168610607,-0.335649497212248,-0.334943127582034,-0.334142783857454,-0.333249392622049,-0.332264564425784,-0.331190543261916,-0.330030145152161,-0.328786689291285,-0.327463924883393,-0.326065956412284,-0.324597169662416,-0.323062160373191,-0.321465666988649,-0.319812508572801,-0.318107528608126,-0.316355545087576,-0.314561307051384,-0.312729457508981,-0.310864502521187,-0.30897078609462,-0.307052470454318,-0.305113521206538,-0.303157696876241,-0.301188542297684,-0.299209385347049,-0.297223336528852,-0.295233290959286,-0.293241932326598,-0.291251738448575,-0.289264988088188,-0.287283768728963,-0.285309985050603,-0.283345367881983,-0.281391483442441,-0.279449742713006,-0.277521410806753,-0.275607616231856,-0.27370935996233,-0.271827524249945,-0.269962881126762,-0.268116100561227,-0.26628775824218,-0.264478342974629,-0.262688263678932,-0.260917855991438,-0.259167388469713,-0.257437068409564,-0.255727047284138,-0.254037425817807,-0.252368258709203,-0.250719559018992,-0.249091302238697,-0.247483430057303,-0.245895853842434,-0.244328457852825,-0.242781102198467,-0.241253625564389,-0.23974584771351,-0.238257571783358,-0.236788586390824,-0.235338667558414,-0.233907580474748,-0.232495081101373,-0.231100917637231,-0.229724831851439,-0.228366560294391,-0.227025835396511,-0.225702386463405,-0.224395940575529,-0.223106223399975,-0.221832959921398,-0.220575875098642,-0.219334694453133,-0.218109144594659,-0.216898953689767,-0.215703851877575,-0.214523571637489,-0.213357848112913,-0.212206419394789,-0.21106902676846,-0.209945414927096,-0.208835332154683,-0.20773853048131,-0.206654765813296,-0.205583798040487,-0.204525391122861,-0.203479313158423,-0.202445336434194,-0.201423237461948,-0.200412797000245,-0.19941380006414,-0.198426035923853,-0.197449298093591,-0.196483384311571,-0.195528096512256,-0.19458324079168,-0.193648627366698,-0.192724070528905,-0.191809388593902,-0.190904403846548,-0.190008942482744,-0.189122834548275,-0.188245913875179,-0.18737801801606,-0.186518988176735,-0.185668669147555,-0.18482690923372,-0.183993560184866,-0.183168477124182,-0.182351518477276,-0.181542545901009,-0.180741424212459,-0.179948021318195,-0.179162208144,-0.178383858565161,-0.17761284933745,-0.176849060028891,-0.176092372952392,-0.175342673099327,-0.174599848074117,-0.173863788029885,-0.173134385605206,-0.172411535862011,-0.17169513622466,-0.170985086420219,-0.170281288419953,-0.169583646382052,-0.168892066595595,-0.168206457425763,-0.167526729260288,-0.16685279445716,-0.166184567293556,-0.165521963916006,-0.164864902291778,-0.164213302161469,-0.163567084992783,-0.162926173935492,-0.162290493777551,-0.161659970902357,-0.161034533247132,-0.160414110262395,-0.159798632872532,-0.159188033437416,-0.15858224571506,-0.1579812048253,-0.157384847214457,-0.156793110620982,-0.156205934042038,-0.155623257701024,-0.155045023015982,-0.154471172568909,-0.15390165007591,-0.153336400358198,-0.152775369313908,-0.152218503890708,-0.151665752059176,-0.151117062786944,-0.150572386013555,-0.150031672626055,-0.149494874435256,-0.148961944152691,-0.148432835368209,-0.147907502528217,-0.147385900914533,-0.146867986623843,-0.146353716547738,-0.145843048353325,-0.145335940464371,-0.144832352043005,-0.144332242971915,-0.143835573837063,-0.14334230591088,-0.142852401135941,-0.142365822109092,-0.141882532066031,-0.141402494866315,0,-0.329473360472565,-0.330709368708504,-0.33180106113038,-0.33276131229225,-0.333605583673804,-0.334350287564982,-0.335009606924527,-0.33559467146559,-0.336113629688331,-0.336571908745214,-0.336972521833526,-0.337316415072733,-0.337602839116059,-0.337829718487264,-0.33799399638512,-0.338091944613443,-0.338119437833434,-0.338072195508041,-0.337945994926556,-0.33773685691702,-0.337441204094393,-0.337055990609261,-0.336578802453325,-0.33600792815467,-0.335342400776311,-0.334582013203165,-0.333727309573829,-0.332779556303209,-0.331740696445126,-0.330613291197749,-0.329400452212571,-0.32810576808473,-0.326733228027694,-0.325287145309198,-0.323772082579987,-0.322192780786799,-0.320554092944307,-0.318860923660085,-0.317118174970069,-0.315330698753844,-0.31350325576036,-0.311640481084116,-0.309746855786212,-0.307826684249498,-0.305884076787182,-0.303922936984242,-0.301946953235316,-0.299959593946427,-0.297964105886129,-0.29596351520049,-0.293960630642213,-0.29195804860431,-0.289958159590752,-0.287963155798762,-0.285975039528377,-0.283995632173894,-0.282026583587971,-0.280069381642306,-0.278125361838642,-0.276195716850444,-0.274281505898967,-0.272383663887788,-0.270503010237433,-0.268640257376659,-0.266796018859637,-0.264970817088811,-0.263165090631971,-0.26137920112923,-0.259613439791344,-0.257868033495403,-0.256143150487511,-0.254438905704754,-0.252755365730799,-0.251092553400853,-0.249450452072644,-0.247829009580602,-0.246228141890636,-0.244647736472823,-0.243087655409092,-0.241547738252568,-0.240027804654697,-0.238527656775696,-0.23704708149316,-0.235585852422979,-0.234143731765981,-0.232720471992968,-0.231315817380103,-0.229929505405868,-0.228561268020118,-0.227210832795078,-0.225877923967491,-0.224562263380476,-0.22326357133309,-0.221981567345014,-0.220715970843258,-0.21946650177728,-0.218232881168447,-0.217014831599319,-0.215812077647846,-0.214624346271163,-0.213451367143317,-0.212292872950942,-0.211148599650559,-0.210018286690919,-0.208901677203517,-0.207798518164177,-0.206708560528356,-0.205631559342624,-0.204567273834564,-0.203515467483159,-0.202475908071568,-0.201448367724026,-0.200432622928475,-0.199428454546384,-0.198435647811106,-0.197453992315989,-0.196483281993388,-0.195523315085576,-0.194573894108519,-0.193634825809359,-0.192705921118383,-0.191786995096207,-0.190877866876805,-0.189978359606979,-0.189088300382815,-0.188207520183592,-0.187335853803604,-0.18647313978228,-0.185619220332961,-0.184773941270677,-0.183937151939187,-0.18310870513757,-0.182288457046591,-0.181476267155051,-0.180671998186317,-0.179875516025187,-0.179086689645253,-0.178305391036877,-0.177531495135908,-0.17676487975323,-0.176005425505239,-0.175253015745316,-0.174507536496356,-0.17376887638443,-0.173036926573597,-0.172311580701925,-0.171592734818742,-0.170880287323142,-0.170174138903766,-0.16947419247987,-0.168780353143688,-0.168092528104088,-0.167410626631535,-0.16673456000434,-0.166064241456201,-0.165399586125019,-0.164740511002987,-0.164086934887923,-0.163438778335847,-0.162795963614776,-0.162158414659724,-0.161526057028877,-0.160898817860937,-0.160276625833604,-0.159659411123177,-0.159047105365248,-0.158439641616476,-0.1578369543174,-0.157238979256294,-0.156645653534006,-0.156056915529794,-0.155472704868107,-0.154892962386301,-0.154317630103268,-0.153746651188945,-0.153179969934688,-0.152617531724492,-0.152059283007021,-0.151505171268439,-0.150955145006015,-0.150409153702481,-0.149867147801122,-0.149329078681582,-0.148794898636353,-0.148264560847946,-0.147738019366714,-0.1472152290893,-0.146696145737714,-0.146180725839,-0.145668926705483,-0.14516070641559,-0.144656023795204,-0.14415483839956,-0.14365711049565,-0.14316280104513,-0.142671871687713,-0.142184284725032,-0.141700003104961,-0.14121899040637,-0.140741210824325,0,-0.330350448251341,-0.331501680042609,-0.332514218257185,-0.333399373818801,-0.334174906388888,-0.334858046752524,-0.335462605246771,-0.335998797818849,-0.336473649472646,-0.336891406325684,-0.337253931825572,-0.337561114948905,-0.337811280758664,-0.338001578469443,-0.338128329883052,-0.338187333963802,-0.338174131513131,-0.338084235959272,-0.337913334594238,-0.337657461910714,-0.33731314470728,-0.336877517894665,-0.336348410280072,-0.335724400583432,-0.335004845109288,-0.334189879554505,-0.333280398216833,-0.332278014338271,-0.331185005494349,-0.330004247880834,-0.328739143115544,-0.327393540821836,-0.325971659839658,-0.324478010456996,-0.322917319597567,-0.321294460460642,-0.319614387700978,-0.31788207887086,-0.316102482528196,-0.314280473146864,-0.31242081274781,-0.310528118999308,-0.30860683940835,-0.306661231137383,-0.304695345926075,-0.302713019570889,-0.300717865410519,-0.298713271277759,-0.296702399403603,-0.294688188793443,-0.292673359634982,-0.290660419340169,-0.288651669867142,-0.286649216011155,-0.284654974394715,-0.282670682925827,-0.28069791052883,-0.278738066984649,-0.276792412746161,-0.274862068619895,-0.27294802522766,-0.271051152180959,-0.26917220691759,-0.267311843163885,-0.265470618997731,-0.263649004497345,-0.261847388968755,-0.26006608775143,-0.258305348606713,-0.256565357697758,-0.254846245172799,-0.253148090365938,-0.251470926631256,-0.249814745827225,-0.24817950246905,-0.246565117566875,-0.244971482167848,-0.243398460619787,-0.241845893573862,-0.240313600743148,-0.238801383433335,-0.237309026861149,-0.235836302275376,-0.234382968894559,-0.232948775674729,-0.231533462919737,-0.230136763746014,-0.228758405412843,-0.227398110528532,-0.226055598142166,-0.224730584729989,-0.223422785084823,-0.222131913116359,-0.220857682569561,-0.219599807667961,-0.218358003688045,-0.217131987470548,-0.215921477873987,-0.214726196175371,-0.213545866422667,-0.212380215743221,-0.211228974612023,-0.210091877083405,-0.20896866098945,-0.207859068108173,-0.20676284430425,-0.205679739644874,-0.204609508493091,-0.20355190958079,-0.202506706063338,-0.201473665557682,-0.200452560165594,-0.199443166483597,-0.198445265600967,-0.197458643087111,-0.196483088969481,-0.195518397703111,-0.194564368132744,-0.193620803448464,-0.192687511135624,-0.191764302919829,-0.190850994707651,-0.18994740652367,-0.189053362444429,-0.18816869052978,-0.18729322275209,-0.186426794923728,-0.185569246623194,-0.184720421120226,-0.183880165300204,-0.1830483295881,-0.182224767872239,-0.181409337428066,-0.180601898842136,-0.17980231593648,-0.179010455693511,-0.178226188181594,-0.17744938648141,-0.176679926613209,-0.175917687465038,-0.17516255072203,-0.174414400796811,-0.173673124761092,-0.172938612278469,-0.172210755538505,-0.17148944919208,-0.170774590288081,-0.170066078211398,-0.169363814622291,-0.168667703397084,-0.16797765057023,-0.167293564277722,-0.166615354701853,-0.165942934017312,-0.165276216338619,-0.164615117668866,-0.163959555849769,-0.163309450512995,-0.162664723032765,-0.162025296479695,-0.16139109557587,-0.160762046651115,-0.160138077600453,-0.159519117842714,-0.158905098280286,-0.158295951259968,-0.157691610534913,-0.157092011227632,-0.156497089794027,-0.155906783988445,-0.155321032829711,-0.154739776568125,-0.154162956653401,-0.153590515703506,-0.153022397474408,-0.152458546830672,-0.151898909716907,-0.151343433130032,-0.15079206509234,-0.150244754625331,-0.149701451724305,-0.149162107333686,-0.148626673323051,-0.148095102463857,-0.147567348406838,-0.147043365660044,-0.146523109567529,-0.146006536288637,-0.145493602777892,-0.144984266765464,-0.144478486738196,-0.143976221921175,-0.14347743225983,-0.142982078402547,-0.142490121683773,-0.142001524107604,-0.141516248331848,-0.141034257652527,-0.140555515988831,-0.140079987868491,0,-0.331184561841784,-0.332250615211113,-0.333183389553971,-0.333994503129752,-0.334703725851313,-0.335328393636342,-0.33588141335989,-0.336371765493204,-0.336805165138762,-0.337184576874467,-0.337510674217558,-0.337782292708065,-0.337996865720088,-0.3381508196455,-0.338239917093434,-0.338259550096653,-0.338204991483464,-0.338071612269983,-0.337855069663862,-0.337551466957773,-0.337157484626097,-0.336670481502927,-0.336088565578375,-0.335410635127286,-0.33463639211604,-0.333766330842295,-0.332801705436911,-0.331744480193277,-0.330597266738548,-0.329363251893822,-0.328046119753884,-0.326649971108543,-0.325179242871133,-0.323638629708747,-0.322033009607509,-0.320367374672063,-0.318646768063486,-0.31687622763147,-0.315060736498834,-0.313205180610089,-0.311314313059337,-0.309392724863035,-0.307444821735377,-0.305474806352965,-0.303486665555395,-0.301484161913669,-0.299470829103695,-0.297449970542626,-0.295424660777202,-0.293397749151946,-0.291371865328,-0.28934942626821,-0.287332644348928,-0.285323536302479,-0.283323932735413,-0.281335488005857,-0.279359690278169,-0.277397871604424,-0.275451217910163,-0.273520778786248,-0.271607477009929,-0.269712117736465,-0.267835397318166,-0.265977911720806,-0.264140164518229,-0.262322574454972,-0.260525482574015,-0.258749158912641,-0.256993808774015,-0.255259578585676,-0.253546561358826,-0.251854801764274,-0.250184300842231,-0.248535020364018,-0.246906886864182,-0.245299795361635,-0.243713612788314,-0.242148181143469,-0.24060332039126,-0.239078831118681,-0.237574496970161,-0.236090086874465,-0.234625357078703,-0.233180053003504,-0.231753910932586,-0.230346659549183,-0.228958021331015,-0.227587713814739,-0.226235450740102,-0.224900943083327,-0.223583899988599,-0.222284029605912,-0.221001039842922,-0.219734639037923,-0.218484536560522,-0.217250443346098,-0.216032072369702,-0.214829139064565,-0.213641361690065,-0.212468461653547,-0.211310163790108,-0.210166196604112,-0.209036292475888,-0.207920187836826,-0.206817623315784,-0.205728343859522,-0.204652098829635,-0.203588642078252,-0.20253773200461,-0.201499131594394,-0.200472608443618,-0.199457934768641,-0.198454887403793,-0.197463247787955,-0.196482801941329,-0.19551334043351,-0.194554658343891,-0.193606555215338,-0.192668835001974,-0.191741306011865,-0.190823780845292,-0.189916076329263,-0.189018013448839,-0.188129417275797,-0.187250116895115,-0.186379945329697,-0.185518739463729,-0.184666339965022,-0.183822591206643,-0.182987341188127,-0.182160441456511,-0.181341747027424,-0.180531116306422,-0.179728411010758,-0.178933496091731,-0.178146239657758,-0.177366512898293,-0.176594190008688,-0.175829148116098,-0.1750712672065,-0.174320430052895,-0.173576522144756,-0.17283943161875,-0.172109049190798,-0.171385268089477,-0.170667983990804,-0.169957094954415,-0.169252501361145,-0.168554105852024,-0.167861813268677,-0.167175530595144,-0.166495166901097,-0.165820633286453,-0.165151842827376,-0.164488710523635,-0.163831153247329,-0.163179089692936,-0.162532440328677,-0.161891127349178,-0.161255074629399,-0.160624207679807,-0.159998453602779,-0.159377741050198,-0.158762000182225,-0.158151162627217,-0.157545161442767,-0.156943931077841,-0.156347407335984,-0.155755527339571,-0.155168229495072,-0.154585453459317,-0.154007140106718,-0.15343323149744,-0.152863670846486,-0.152298402493671,-0.151737371874469,-0.151180525491699,-0.150627810888033,-0.150079176619302,-0.149534572228574,-0.148993948220983,-0.1484572560393,-0.147924448040196,-0.147395477471208,-0.146870298448366,-0.146348865934473,-0.145831135718015,-0.145317064392677,-0.144806609337454,-0.144299728697343,-0.143796381364585,-0.14329652696045,-0.142800125817546,-0.14230713896264,-0.141817528099968,-0.141331255595024,-0.140848284458818,-0.140368578332571,-0.13989210147286,-0.139418818737174,0,-0.331971197264409,-0.332954363665817,-0.333807821181314,-0.334546919444757,-0.33519298046179,-0.335762688025108,-0.336267574159163,-0.336715130132856,-0.33710962834427,-0.337452692450771,-0.33774379821843,-0.337980756641399,-0.338160161973188,-0.338277783206783,-0.338328894273157,-0.338308551045311,-0.338211826695091,-0.33803401418308,-0.337770800065476,-0.337418410181079,-0.336973726083486,-0.336434371077123,-0.33579876572141,-0.335066154023178,-0.334236602791173,-0.333310977552831,-0.332290898975101,-0.331178683925388,-0.329977275231897,-0.328690163935432,-0.327321307436574,-0.325875046487219,-0.324356023493407,-0.322769104115826,-0.321119303695444,-0.319411719608367,-0.317651470275406,-0.315843641223358,-0.313993238318765,-0.312105148070469,-0.310184104722183,-0.308234663726352,-0.30626118110088,-0.304267798115015,-0.302258430724202,-0.300236763170301,-0.298206245178052,-0.296170092206338,-0.294131288249651,-0.292092590727751,-0.290056537047157,-0.288025452464524,-0.286001458927623,-0.283986484613338,-0.281982273922878,-0.279990397732019,-0.278012263728129,-0.276049126696072,-0.274102098641841,-0.272172158666086,-0.270260162519843,-0.268366851791918,-0.266492862691951,-0.264638734405273,-0.262804917005759,-0.26099177892107,-0.259199613951285,-0.257428647847221,-0.255679044458776,-0.253950911466808,-0.252244305714302,-0.250559238154217,-0.248895678432471,-0.247253559125072,-0.24563277964869,-0.244033209863846,-0.242454693389661,-0.240897050648574,-0.239360081658916,-0.237843568592454,-0.236347278113335,-0.234870963514006,-0.233414366662893,-0.231977219777782,-0.230559247038036,-0.229160166047962,-0.227779689162858,-0.226417524688536,-0.225073377964352,-0.223746952339112,-0.222437950048561,-0.221146073002524,-0.219871023489192,-0.218612504803499,-0.217370221806007,-0.216143881418241,-0.214933193059948,-0.213737869033358,-0.212557624859108,-0.211392179568128,-0.210241255953467,-0.209104580785692,-0.207981884995235,-0.206872903824749,-0.205777376954337,-0.204695048602237,-0.203625667603358,-0.202568987467861,-0.201524766421795,-0.200492767431613,-0.199472758214279,-0.198464511234474,-0.197467803690341,-0.196482417489029,-0.195508139213227,-0.19454476007975,-0.193592075891157,-0.192649886981289,-0.191717998155529,-0.190796218626528,-0.189884361946054,-0.188982245933574,-0.188089692602109,-0.187206528081862,-0.186332582542068,-0.185467690111451,-0.184611688797677,-0.183764420406097,-0.182925730458098,-0.182095468109301,-0.181273486067853,-0.180459640513008,-0.179653791014186,-0.178855800450668,-0.178065534932069,-0.177282863719711,-0.176507659149011,-0.17573979655296,-0.174979154186797,-0.17422561315392,-0.173479057333108,-0.172739373307096,-0.172006450292534,-0.171280180071371,-0.170560456923681,-0.16984717756194,-0.169140241066778,-0.168439548824204,-0.167745004464297,-0.167056513801379,-0.166373984775639,-0.165697327396218,-0.165026453685725,-0.164361277626182,-0.163701715106373,-0.163047683870575,-0.162399103468653,-0.161755895207504,-0.161117982103806,-0.160485288838068,-0.159857741709944,-0.159235268594787,-0.158617798901419,-0.158005263531086,-0.157397594837573,-0.156794726588451,-0.156196593927433,-0.155603133337802,-0.155014282606892,-0.154429980791596,-0.153850168184866,-0.153274786283183,-0.15270377775498,-0.15213708640997,-0.151574657169382,-0.151016436037051,-0.150462370071366,-0.149912407358024,-0.149366496983593,-0.148824589009842,-0.148286634448818,-0.147752585238664,-0.14722239422013,-0.146696015113783,-0.146173402497876,-0.145654511786864,-0.145139299210548,-0.144627721793826,-0.144119737337036,-0.143615304396864,-0.143114382267814,-0.142616930964212,-0.142122911202725,-0.141632284385398,-0.141145012583165,-0.140661058519848,-0.140180385556605,-0.139702957676827,-0.139228739471471,-0.138757696124808,0,-0.332709744879439,-0.333611758147952,-0.334387242328929,-0.335057289294251,-0.335643956407846,-0.336162521920152,-0.336622760020236,-0.337030494115144,-0.33738847424246,-0.337696962923353,-0.337954260462801,-0.338157204891462,-0.338301619953129,-0.33838269309224,-0.338395286200488,-0.338334192857849,-0.338194355958029,-0.33797105445577,-0.337660062413022,-0.337257779955881,-0.336761334554318,-0.33616865155176,-0.335478494223586,-0.334690475135553,-0.33380504180049,-0.332823440439026,-0.331747662039928,-0.330580374963976,-0.329324848138097,-0.32798486852998,-0.326564656145714,-0.325068779303068,-0.323502072435107,-0.321869558196502,-0.320176375194048,-0.318427712254447,-0.316628749782902,-0.314784608459113,-0.312900305263327,-0.310980716622821,-0.309030548315009,-0.307054311652798,-0.305056305405237,-0.303040602866225,-0.301011043470131,-0.29897122836016,-0.296924519338008,-0.294874040657428,-0.292822683165894,-0.290773110344435,-0.28872776584349,-0.286688882160283,-0.284658490149313,-0.282638429101099,-0.280630357164663,-0.278635761925939,-0.276655970987298,-0.274692162422564,-0.272745375007515,-0.270816518148006,-0.268906381446868,-0.267015643866838,-0.265144882460308,-0.263294580647909,-0.26146513603717,-0.25965686777994,-0.257870023473249,-0.256104785612928,-0.254361277612912,-0.252639569405806,-0.250939682642219,-0.249261595507648,-0.24760524717645,-0.245970541922827,-0.244357352908756,-0.242765525668562,-0.241194881309422,-0.239645219446475,-0.238116320890546,-0.236607950105701,-0.235119857453042,-0.233651781236294,-0.232203449563879,-0.23077458204131,-0.229364891306902,-0.227974084422955,-0.226601864133802,-0.225247930001299,-0.223911979427662,-0.22259370857481,-0.221292813188754,-0.220008989336922,-0.218741934065755,-0.217491345985336,-0.216256925787313,-0.215038376701905,-0.21383540489932,-0.212647719840508,-0.211475034581775,-0.210317066037442,-0.209173535204381,-0.208044167351963,-0.206928692180658,-0.20582684395228,-0.204738361594595,-0.20366298878282,-0.202600474000292,-0.20155057058044,-0.200513036731966,-0.199487635549012,-0.198474135007931,-0.197472307952118,-0.196481932066276,-0.195502789841313,-0.194534668531017,-0.193577360101512,-0.192630661174424,-0.191694372964609,-0.190768301213195,-0.189852256116648,-0.188946052252474,-0.188049508502137,-0.187162447971701,-0.186284697910667,-0.185416089629413,-0.18455645841561,-0.183705643449971,-0.182863487721603,-0.182029837943256,-0.181204544466696,-0.180387461198418,-0.179578445515883,-0.178777358184452,-0.177984063275154,-0.177198428083418,-0.176420323048882,-0.175649621676366,-0.174886200458097,-0.174129938797251,-0.173380718932874,-0.172638425866211,-0.171902947288511,-0.171174173510309,-0.170451997392222,-0.169736314277266,-0.169027021924717,-0.168324020445498,-0.167627212239117,-0.166936501932122,-0.166251796318096,-0.165573004299152,-0.16490003682893,-0.164232806857072,-0.163571229275162,-0.162915220864092,-0.16226470024286,-0.161619587818748,-0.160979805738866,-0.160345277843045,-0.159715929618027,-0.159091688152955,-0.158472482096108,-0.157858241612869,-0.157248898344892,-0.156644385370433,-0.156044637165836,-0.155449589568116,-0.154859179738638,-0.15427334612785,-0.153692028441035,-0.15311516760508,-0.152542705736203,-0.151974586108635,-0.151410753124219,-0.1508511522829,-0.150295730154095,-0.149744434348889,-0.149197213493065,-0.148654017200922,-0.148114796049864,-0.147579501555744,-0.147048086148928,-0.146520503151066,-0.145996706752546,-0.145476651990617,-0.144960294728143,-0.144447591632992,-0.143938500158022,-0.143432978521656,-0.14293098568902,-0.142432481353643,-0.141937425919672,-0.141445780484624,-0.14095750682262,-0.140472567368118,-0.13999092520011,-0.139512544026774,-0.139037388170574,-0.138565422553775,-0.138096612684388,0,-0.333401175293793,-0.334222188448823,-0.33492189346412,-0.335526724808224,-0.336058257046753,-0.336529677726602,-0.336948730689597,-0.337319468838179,-0.337643089972386,-0.337918511204418,-0.338142906838695,-0.338312213264648,-0.338421565473295,-0.338465653030089,-0.33843900640157,-0.338336232178335,-0.338152212182201,-0.337882274191822,-0.337522335969865,-0.337069021140334,-0.336519744958613,-0.335872769101258,-0.335127226266661,-0.334283116945161,-0.333341281864394,-0.332303354270301,-0.331171696428203,-0.329949324631723,-0.328639826698843,-0.327247275501424,-0.325776141580024,-0.324231207382225,-0.322617485157984,-0.320940140068188,-0.319204419624779,-0.31741559019055,-0.315578880928385,-0.313699435305328,-0.311782270025717,-0.309832241087269,-0.30785401652034,-0.305852055278541,-0.303830591692642,-0.301793624873406,-0.299744912446732,-0.297687968020888,-0.295626061815786,-0.293562223923867,-0.291499249717828,-0.289439706968996,-0.287385944289642,-0.285340100560905,-0.28330411505427,-0.281279737997735,-0.279268541377366,-0.277271929800762,-0.275291151280768,-0.273327307825856,-0.271381365747929,-0.269454165619349,-0.267546431828803,-0.265658781700716,-0.263791734155442,-0.261945717897804,-0.260121079129979,-0.258318088791459,-0.25653694933414,-0.254777801044709,-0.253040727929607,-0.25132576318007,-0.249632894236318,-0.247962067470933,-0.246313192511954,-0.244686146226388,-0.243080776384632,-0.241496905025952,-0.23993433154458,-0.238392835515306,-0.23687217927667,-0.23537211028899,-0.233892363283624,-0.232432662218938,-0.230992722057568,-0.229572250378676,-0.228170948838047,-0.226788514488021,-0.225424640968458,-0.224079019579159,-0.222751340243436,-0.221441292371831,-0.22014856563432,-0.218872850648737,-0.21761383959255,-0.216371226744606,-0.215144708962931,-0.213933986104223,-0.212738761390207,-0.21155874172564,-0.210393637972355,-0.209243165183393,-0.208107042800931,-0.20698499482143,-0.205876749931127,-0.204782041614756,-0.203700608240129,-0.202632193120991,-0.201576544560369,-0.200533415876431,-0.199502565412707,-0.198483756534375,-0.197476757612131,-0.196481341995091,-0.195497287973964,-0.194524378735711,-0.193562402310722,-0.192611151513495,-0.191670423877697,-0.190740021586397,-0.189819751398208,-0.188909424569971,-0.188008856776602,-0.187117868028608,-0.186236282587771,-0.18536392888143,-0.184500639415741,-0.18364625068828,-0.182800603100278,-0.181963540868793,-0.181134911939037,-0.180314567897103,-0.179502363883267,-0.178698158506041,-0.177901813757136,-0.177113194927438,-0.176332170524146,-0.175558612189136,-0.17479239461865,-0.174033395484375,-0.173281495355971,-0.172536577625089,-0.171798528430927,-0.171067236587342,-0.170342593511545,-0.16962449315439,-0.168912831932273,-0.168207508660631,-0.167508424489049,-0.166815482837965,-0.16612858933696,-0.165447651764628,-0.164772579989999,-0.1641032859155,-0.163439683421435,-0.162781688311965,-0.162129218262544,-0.161482192768812,-0.160840533096898,-0.160204162235108,-0.159573004846981,-0.158946987225668,-0.15832603724961,-0.157710084339496,-0.157099059416447,-0.156492894861423,-0.155891524475795,-0.155294883443085,-0.154702908291803,-0.154115536859394,-0.153532708257234,-0.15295436283666,-0.152380442156002,-0.151810888948595,-0.151245647091732,-0.150684661576541,-0.150127878478753,-0.149575244930343,-0.149026709092007,-0.148482220126458,-0.147941728172522,-0.147405184319991,-0.146872540585232,-0.146343749887516,-0.145818766026051,-0.145297543657688,-0.144780038275299,-0.144266206186781,-0.143756004494688,-0.14324939107646,-0.142746324565235,-0.142246764331224,-0.14175067046363,-0.141258003753098,-0.140768725674683,-0.1402827983713,-0.139800184637672,-0.139320847904731,-0.138844752224476,-0.138371862255267,-0.137902143247544,-0.137435561029951,0,-0.334044444805061,-0.334785435816819,-0.335412540183377,-0.335956763550172,-0.336437758836637,-0.336866079506328,-0.337247288665007,-0.337583637081869,-0.337874784673133,-0.33811835078011,-0.338310456928597,-0.338446225652463,-0.338520195035812,-0.338526645646775,-0.338459859077471,-0.338314330169889,-0.338084947633547,-0.337767148904733,-0.337357049102906,-0.336851541592078,-0.336248367984578,-0.335546157076303,-0.334744434112394,-0.333843603351117,-0.332844907906159,-0.331750371320308,-0.330562725374239,-0.329285328398472,-0.327922077949517,-0.326477321216005,-0.324955765992374,-0.323362394531113,-0.321702382081253,-0.319981021454338,-0.318203654538321,-0.316375611310281,-0.314502156583138,-0.312588444460383,-0.310639480264461,-0.308660089545658,-0.306654893664559,-0.304628291366704,-0.302584445727296,-0.300527275830466,-0.298460452556048,-0.296387397871788,-0.29431128706562,-0.292235053397185,-0.290161394696776,-0.288092781490748,-0.286031466283005,-0.283979493671115,-0.281938711021638,-0.279910779471861,-0.277897185063878,-0.275899249851592,-0.273918142851931,-0.271954890738357,-0.270010388197895,-0.268085407892706,-0.266180609983984,-0.264296551189927,-0.262433693361154,-0.260592411566371,-0.258773001688742,-0.256975687539457,-0.255200627499725,-0.25344792070596,-0.251717612795617,-0.250009701232914,-0.248324140234963,-0.246660845319431,-0.245019697495175,-0.243400547117188,-0.241803217426875,-0.240227507798131,-0.23867319670903,-0.237140044458122,-0.235627795643508,-0.234136181421924,-0.232664921564151,-0.231213726322151,-0.229782298122361,-0.228370333098721,-0.226977522478091,-0.22560355382988,-0.224248112190903,-0.222910881075694,-0.221591543381777,-0.220289782198705,-0.219005281529024,-0.217737726928696,-0.216486806073964,-0.215252209261075,-0.214033629844808,-0.21283076462126,-0.211643314159943,-0.210470983089799,-0.209313480343412,-0.208170519363322,-0.207041818274029,-0.205927100022996,-0.204826092493665,-0.203738528593261,-0.20266414631792,-0.201602688797466,-0.200553904321964,-0.199517546351978,-0.198493373514328,-0.197481149584945,-0.196480643460311,-0.195491629118828,-0.19451388557334,-0.193547196815912,-0.192591351755895,-0.191646144152184,-0.190711372540505,-0.189786840156482,-0.188872354855169,-0.18796772902767,-0.187072779515388,-0.186187327522411,-0.185311198526491,-0.184444222189005,-0.183586232264273,-0.182737066508546,-0.181896566588955,-0.181064577992679,-0.180240949936544,-0.179425535277279,-0.178618190422568,-0.177818775243089,-0.177027152985633,-0.17624319018746,-0.175466756591952,-0.174697725065671,-0.173935971516879,-0.173181374815588,-0.172433816715178,-0.171693181775623,-0.170959357288356,-0.170232233202786,-0.169511702054492,-0.16879765889509,-0.168090001223778,-0.167388628920555,-0.166693444181111,-0.16600435145337,-0.165321257375666,-0.164644070716549,-0.16397270231619,-0.163307065029355,-0.162647073669941,-0.161992644957034,-0.161343697462462,-0.16070015155982,-0.160061929374936,-0.159428954737737,-0.158801153135504,-0.15817845166746,-0.157560779000683,-0.156948065327295,-0.1563402423229,-0.155737243106246,-0.155139002200071,-0.154545455493103,-0.153956540203186,-0.153372194841503,-0.152792359177853,-0.152216974206976,-0.151645982115869,-0.151079326252086,-0.15051695109298,-0.149958802215875,-0.149404826269113,-0.148854970943986,-0.148309184947495,-0.147767417975934,-0.147229620689254,-0.146695744686203,-0.146165742480201,-0.145639567475946,-0.145117173946702,-0.144598517012281,-0.144083552617665,-0.143572237512275,-0.143064529229848,-0.142560386068913,-0.142059767073842,-0.141562632016463,-0.141068941378212,-0.140578656332812,-0.140091738729459,-0.139608151076497,-0.139127856525574,-0.138650818856257,-0.138177002461094,-0.137706372331111,-0.137238894041722,-0.136774533739048,0,-0.334639205271054,-0.335301696776647,-0.335860479595867,-0.336349329695476,-0.336784555804771,-0.33717373956815,-0.337520233848904,-0.337824516678292,-0.338084761847963,-0.338297366062259,-0.338457491358288,-0.338559547181288,-0.338597573532118,-0.338565533559708,-0.338457542605896,-0.338268057637183,-0.337992040063247,-0.337625095178342,-0.337163586105318,-0.336604718866318,-0.335946596443192,-0.335188241855266,-0.334329592344031,-0.333371468242622,-0.332315520934188,-0.331164164572717,-0.329920496116973,-0.328588207864788,-0.327171496184776,-0.325674969600215,-0.324103558830758,-0.322462430867998,-0.320756908666027,-0.318992397577445,-0.317174319264601,-0.315308053468769,-0.313398887727774,-0.311451974894854,-0.309472298125644,-0.307464642862419,-0.305433575249916,-0.303383426359439,-0.301318281571538,-0.299241974466226,-0.297158084587939,-0.295069938485046,-0.292980613466229,-0.290892943564802,-0.288809527253832,-0.286732736507469,-0.284664726855313,-0.282607448125616,-0.280562655618798,-0.278531921494553,-0.276516646193521,-0.274518069747998,-0.272537282865556,-0.270575237694992,-0.26863275820591,-0.266710550131843,-0.264809210442429,-0.262929236323155,-0.261071033651767,-0.259234924969126,-0.25742115694912,-0.255629907377631,-0.253861291654711,-0.252115368837157,-0.250392147240896,-0.248691589624043,-0.247013617972378,-0.245358117909426,-0.243724942753297,-0.242113917242232,-0.24052484095027,-0.238957491413804,-0.237411626988994,-0.235886989459128,-0.234383306410105,-0.232900293391226,-0.231437655877531,-0.229995091048939,-0.228572289400493,-0.227168936197093,-0.225784712785217,-0.224419297773234,-0.223072368091146,-0.221743599939783,-0.220432669638759,-0.219139254381801,-0.217863032907415,-0.216603686092248,-0.215360897473932,-0.214134353709677,-0.212923744976366,-0.211728765317478,-0.210549112941703,-0.209384490477751,-0.208234605189467,-0.207099169155037,-0.205977899413765,-0.204870518083582,-0.203776752452217,-0.202696335044697,-0.2016290036696,-0.200574501446316,-0.199532576815327,-0.198502983533389,-0.197485480655301,-0.196479832503806,-0.195485808629042,-0.194503183758807,-0.193531737740827,-0.19257125547806,-0.19162152685801,-0.190682346676914,-0.189753514559597,-0.18883483487569,-0.18792611665287,-0.187027173487682,-0.186137823454487,-0.185257889012976,-0.184387196914688,-0.183525578108897,-0.182672867648203,-0.181828904594131,-0.180993531922986,-0.180166596432217,-0.179347948647472,-0.178537442730549,-0.177734936388372,-0.17694029078316,-0.176153370443867,-0.175374043179038,-0.174602179991121,-0.17383765499234,-0.173080345322169,-0.17233013106646,-0.171586895178255,-0.170850523400325,-0.170120904189431,-0.169397928642345,-0.168681490423621,-0.167971485695112,-0.167267813047249,-0.166570373432043,-0.165879070097826,-0.165193808525689,-0.164514496367611,-0.163841043386252,-0.163173361396391,-0.162511364207965,-0.161854967570702,-0.161204089120307,-0.160558648326165,-0.159918566440545,-0.159283766449255,-0.158654173023728,-0.1580297124745,-0.157410312706044,-0.156795903172939,-0.15618641483732,-0.155581780127593,-0.154981932898378,-0.154386808391641,-0.153796343198986,-0.153210475225078,-0.152629143652164,-0.152052288905654,-0.151479852620741,-0.150911777610025,-0.150348007832116,-0.149788488361176,-0.149233165357384,-0.148681986038296,-0.148134898651059,-0.147591852445472,-0.147052797647856,-0.146517685435707,-0.145986467913119,-0.145459098086943,-0.144935529843658,-0.144415717926944,-0.143899617915923,-0.143387186204047,-0.142878379978626,-0.142373157200957,-0.141871476587048,-0.141373297588922,-0.140878580376459,-0.140387285819791,-0.139899375472206,-0.139414811553564,-0.13893355693419,-0.138455575119249,-0.137980830233569,-0.137509287006911,-0.137040910759665,-0.136575667388965,-0.136113523355196,0,-0.335186410409098,-0.335771671773528,-0.336267533657533,-0.336706676992027,-0.337100895276663,-0.337454702874717,-0.337769319184414,-0.338043526593557,-0.338274094774037,-0.33845629597062,-0.338584442248121,-0.338652340127662,-0.338653634265369,-0.338582062325362,-0.338431654462966,-0.338196901190038,-0.337872899560582,-0.337455477790437,-0.336941294270698,-0.336327906995835,-0.335613811571958,-0.334798448544681,-0.333882182885918,-0.332866259803487,-0.331752741633661,-0.330544430630864,-0.329244782179317,-0.327857812476175,-0.326388004179831,-0.324840212943185,-0.323219577193782,-0.321531432998742,-0.319781235371958,-0.317974486949782,-0.316116674583165,-0.314213214070733,-0.312269402989058,-0.310290381361848,-0.308281099745994,-0.306246294194865,-0.304190467482534,-0.302117875930863,-0.30003252116827,-0.297938146158828,-0.295838234867345,-0.293736014965535,-0.291634463031975,-0.289536311750779,-0.287444058668001,-0.285359976118576,-0.283286121988394,-0.281224351024952,-0.279176326454999,-0.277143531708484,-0.275127282084623,-0.273128736228123,-0.271148907311731,-0.269188673845433,-0.267248790053347,-0.265329895776666,-0.263432525875586,-0.261557119115065,-0.259704026528991,-0.257873519265141,-0.256065795919446,-0.254280989372827,-0.252519173147435,-0.25078036730171,-0.249064543885467,-0.247371631977297,-0.245701522327193,-0.244054071627433,-0.242429106434571,-0.240826426764946,-0.239245809385487,-0.237687010820771,-0.236149770096436,-0.234633811238079,-0.233138845543765,-0.231664573647277,-0.230210687388217,-0.228776871504055,-0.22736280515828,-0.225968163317844,-0.224592617992176,-0.223235839345216,-0.221897496691059,-0.220577259383045,-0.219274797605401,-0.217989783075843,-0.216721889666912,-0.215470793953208,-0.214236175691138,-0.213017718237255,-0.211815108910791,-0.210628039305538,-0.209456205555795,-0.208299308560734,-0.207157054171171,-0.206029153342384,-0.204915322256336,-0.20381528241637,-0.202728760717162,-0.201655489492524,-0.200595206543372,-0.199547655148014,-0.198512584056717,-0.197489747472302,-0.196478905018424,-0.195479821696986,-0.194492267836038,-0.19351601902938,-0.192550856068971,-0.191596564871146,-0.19065293639755,-0.189719766571614,-0.1887968561913,-0.187884010838797,-0.186981040787768,-0.186087760908674,-0.185203990572684,-0.184329553554582,-0.183464277935074,-0.182607996002834,-0.181760544156596,-0.180921762807571,-0.180091496282414,-0.179269592726971,-0.178455904010973,-0.177650285633853,-0.176852596631811,-0.176062699486259,-0.17528046003374,-0.174505747377405,-0.173738433800131,-0.172978394679322,-0.172225508403453,-0.171479656290388,-0.170740722507493,-0.170008593993577,-0.169283160382652,-0.168564313929537,-0.167851949437286,-0.167145964186445,-0.16644625786612,-0.165752732506849,-0.165065292415242,-0.164383844110384,-0.163708296261975,-0.163038559630159,-0.162374547007045,-0.161716173159863,-0.161063354775737,-0.160416010408037,-0.159774060424279,-0.159137426955534,-0.158506033847317,-0.157879806611918,-0.15725867238214,-0.156642559866403,-0.156031399305192,-0.155425122428802,-0.154823662416347,-0.154226953856006,-0.153634932706463,-0.153047536259511,-0.152464703103788,-0.151886373089612,-0.151312487294881,-0.150742987992008,-0.150177818615861,-0.149616923732678,-0.149060249009928,-0.148507741187082,-0.147959348047281,-0.147415018389861,-0.146874702003708,-0.146338349641433,-0.145805912994315,-0.145277344668021,-0.144752598159039,-0.144231627831847,-0.143714388896749,-0.143200837388395,-0.142690930144937,-0.142184624787817,-0.141681879702157,-0.141182654017734,-0.140686907590528,-0.140194600984815,-0.139705695455794,-0.139220152932727,-0.138737936002578,-0.138259007894132,-0.137783332462589,-0.137310874174596,-0.136841598093729,-0.136375469866394,-0.135912455708131,-0.135452522390327,0,-0.335685972242609,-0.336196601956414,-0.336636017985238,-0.337031315009736,-0.337389108191787,-0.337710991756259,-0.337996208813707,-0.338241956348767,-0.338443705507516,-0.338595721033579,-0.338691586860762,-0.33872462255664,-0.338688181168415,-0.338575865076008,-0.338381697388329,-0.338100270279397,-0.337726875977488,-0.337257617167157,-0.336689491106458,-0.336020443259874,-0.335249389212675,-0.33437620647021,-0.333401699757729,-0.332327544519404,-0.331156213649081,-0.329890892322386,-0.328535385358491,-0.327094020972412,-0.325571554175902,-0.323973072494558,-0.32230390611306,-0.320569544049533,-0.318775557498577,-0.316927531073599,-0.315031002324527,-0.313091409607795,-0.311114048141136,-0.309104033884048,-0.307066274742403,-0.305005448497445,-0.302925986799992,-0.300832064543578,-0.298727593929701,-0.296616222558151,-0.294501334910437,-0.292386056639765,-0.290273261132967,-0.288165577864938,-0.286065402121982,-0.283974905725036,-0.281896048435678,-0.279830589776141,-0.277780101038743,-0.275745977299887,-0.273729449289027,-0.27173159499392,-0.26975335091018,-0.267795522866069,-0.2658587963728,-0.263943746466873,-0.262050847024341,-0.260180479537892,-0.258332941356445,-0.256508453393957,-0.254707167319592,-0.252929172245526,-0.251174500931701,-0.249443135528968,-0.247735012883428,-0.246050029425599,-0.244388045668274,-0.242748890336897,-0.241132364155875,-0.239538243313641,-0.237966282628491,-0.236416218436341,-0.234887771220539,-0.233380648002878,-0.231894544513851,-0.230429147159189,-0.228984134798617,-0.227559180351795,-0.226153952245376,-0.224768115714182,-0.223401333968579,-0.222053269239265,-0.220723583709867,-0.219411940346966,-0.218118003636441,-0.216841440234346,-0.215581919539891,-0.214339114197505,-0.213112700534405,-0.211902358939585,-0.210707774189652,-0.209528635726503,-0.208364637891408,-0.207215480119724,-0.206080867100059,-0.204960508901426,-0.203854121071616,-0.202761424709722,-0.201682146515531,-0.200616018818226,-0.199562779586661,-0.198522172423244,-0.197493946543304,-0.196477856741634,-0.195473663347756,-0.194481132171321,-0.193500034438906,-0.192530146723371,-0.19157125086682,-0.19062313389812,-0.189685587945823,-0.188758410147271,-0.187841402554582,-0.186934372038134,-0.186037130188117,-0.185149493214652,-0.184271281846937,-0.1834023212318,-0.18254244083205,-0.181691474324907,-0.180849259500823,-0.180015638162924,-0.179190456027288,-0.178373562624267,-0.177564811200996,-0.176764058625244,-0.175971165290733,-0.175185995024008,-0.17440841499297,-0.173638295617129,-0.172875510479633,-0.172119936241134,-0.171371452555511,-0.170629941987483,-0.169895289932129,-0.169167384536323,-0.168446116622084,-0.167731379611848,-0.167023069455638,-0.166321084560127,-0.165625325719578,-0.164935696048634,-0.164252100916942,-0.163574447885569,-0.162902646645202,-0.162236608956077,-0.161576248589628,-0.160921481271803,-0.160272224628021,-0.159628398129736,-0.158989923042561,-0.158356722375929,-0.157728720834245,-0.157105844769489,-0.156488022135247,-0.155875182442111,-0.155267256714437,-0.1546641774484,-0.154065878571325,-0.153472295402256,-0.152883364613722,-0.152299024194673,-0.151719213414542,-0.151143872788417,-0.150572944043267,-0.150006370085208,-0.149444094967776,-0.148886063861162,-0.1483322230224,-0.147782519766461,-0.147236902438235,-0.14669532038537,-0.146157723931944,-0.145624064352936,-0.145094293849478,-0.144568365524865,-0.144046233361291,-0.143527852197292,-0.143013177705872,-0.142502166373299,-0.141994775478534,-0.14149096307328,-0.140990687962637,-0.140493909686337,-0.140000588500535,-0.139510685360154,-0.139024161901745,-0.138540980426869,-0.13806110388596,-0.137584495862675,-0.137111120558699,-0.136640942779001,-0.136173927917514,-0.135710041943247,-0.13524925138679,-0.134791523327214,0,-0.336137585539186,-0.336578372509236,-0.33696868171537,-0.337325921946955,-0.337651537722271,-0.337944553254557,-0.338202440052052,-0.338420939508494,-0.338594347881212,-0.338716054173128,-0.338779044441692,-0.338776269566886,-0.338700893040416,-0.338546468647789,-0.338307086601632,-0.337977504932131,-0.337553266774392,-0.337030797041183,-0.336407471581274,-0.335681654856636,-0.334852705796067,-0.333920954407325,-0.332887653527198,-0.331754910864608,-0.330525606545145,-0.329203300995003,-0.32779213743019,-0.326296742579728,-0.324722128640764,-0.323073598870517,-0.321356658675934,-0.319576933569902,-0.317740094923928,-0.315851794062298,-0.31391760491277,-0.311942975153951,-0.309933185578724,-0.307893317223731,-0.305828225692976,-0.303742522023979,-0.301640559401552,-0.299526425011092,-0.297403936334056,-0.295276641217331,-0.293147821090321,-0.291020496754292,-0.288897436224141,-0.286781164160256,-0.284673972485288,-0.28257793183561,-0.280494903548979,-0.278426551937536,-0.276374356638422,-0.274339624872807,-0.272323503478028,-0.27032699060701,-0.268350947014514,-0.266396106871278,-0.264463088065219,-0.262552401963926,-0.260664462624988,-0.258799595450689,-0.256958045291594,-0.255139984009744,-0.253345517516968,-0.251574692307387,-0.249827501505656,-0.24810389045425,-0.246403761864062,-0.244726980553061,-0.243073377797803,-0.241442755322244,-0.23983488894778,-0.238249531927618,-0.236686417987747,-0.235145264095699,-0.233625772977303,-0.23212763540048,-0.230650532244062,-0.229194136368506,-0.22775811430429,-0.226342127772755,-0.224945835053123,-0.223568892208484,-0.222210954182602,-0.220871675778547,-0.219550712529308,-0.218247721469814,-0.216962361819017,-0.215694295580061,-0.214443188065896,-0.213208708357135,-0.211990529698379,-0.210788329838764,-0.209601791321972,-0.208430601730543,-0.207274453888929,-0.206133046029312,-0.205006081923936,-0.203893270987315,-0.202794328351445,-0.201708974916837,-0.200636937381975,-0.19957794825354,-0.198531745839569,-0.197498074227498,-0.196476683248866,-0.195467328432316,-0.194469770946339,-0.193483777533123,-0.192509120434691,-0.191545577312444,-0.190592931161074,-0.189650970217773,-0.188719487867507,-0.187798282545106,-0.186887157634819,-0.1859859213679,-0.185094386718772,-0.184212371300223,-0.183339697258057,-0.182476191165557,-0.181621683918114,-0.180776010628285,-0.179939010521554,-0.179110526833003,-0.178290406705114,-0.177478501086836,-0.176674664634091,-0.175878755611835,-0.175090635797767,-0.174310170387799,-0.173537227903327,-0.172771680100395,-0.172013401880768,-0.171262271204976,-0.170518169007325,-0.169780979112918,-0.169050588156674,-0.168326885504356,-0.167609763175599,-0.16689911576893,-0.166194840388756,-0.165496836574314,-0.164805006230542,-0.164119253560868,-0.163439485001859,-0.162765609159722,-0.162097536748609,-0.161435180530705,-0.160778455258047,-0.160127277616041,-0.159481566168655,-0.158841241305221,-0.158206225188833,-0.157576441706285,-0.156951816419517,-0.156332276518531,-0.155717750775728,-0.155108169501646,-0.154503464502036,-0.153903569036264,-0.153308417776976,-0.152717946771016,-0.152132093401532,-0.151550796351261,-0.150973995566941,-0.150401632224823,-0.149833648697245,-0.149269988520245,-0.148710596362163,-0.148155417993228,-0.147604400256068,-0.147057491037143,-0.146514639239048,-0.14597579475368,-0.14544090843622,-0.144909932079923,-0.144382818391677,-0.143859520968313,-0.14333999427364,-0.14282419361618,-0.142312075127586,-0.141803595741707,-0.141298713174301,-0.140797385903356,-0.140299573150005,-0.139805234860019,-0.139314331685855,-0.138826824969244,-0.1383426767243,-0.137861849621131,-0.137384306969941,-0.136910012705599,-0.136438931372666,-0.135971028110868,-0.135506268640989,-0.135044619251184,-0.134586046783681,-0.134130518621887,0,-0.336541598813183,-0.336919625173194,-0.337268615538078,-0.33759324898677,-0.337890469996409,-0.338157211090212,-0.338389390174016,-0.338581431757381,-0.338726594740477,-0.33881753522139,-0.338846776156708,-0.338807016960202,-0.338691329583361,-0.338493300980646,-0.338207157870126,-0.337827884011641,-0.337351325142239,-0.336774272194286,-0.336094515309881,-0.335310865402781,-0.334423144074561,-0.333432145508931,-0.332339575432584,-0.331147972651145,-0.329860618439008,-0.328481438504232,-0.327014901573119,-0.325465917956249,-0.323839740817182,-0.322141872281942,-0.320377976002604,-0.318553797319592,-0.316675091753069,-0.314747562193873,-0.312776804859224,-0.31076826382759,-0.308727193769275,-0.306658630341459,-0.304567367614154,-0.302457941831374,-0.300334620783705,-0.298201398068043,-0.296061991531558,-0.293919845234228,-0.291778134312732,-0.289639772183727,-0.287507419583235,-0.285383494998208,-0.283270186104297,-0.281169461878936,-0.279083085110043,-0.27701262506739,-0.274959470145621,-0.272924840325097,-0.270909799329185,-0.268915266384675,-0.266942027515928,-0.264990746323576,-0.263061974215408,-0.261156160070991,-0.25927365933283,-0.257414742525948,-0.255579603214871,-0.253768365412498,-0.251981090459482,-0.250217783395716,-0.248478398847578,-0.246762846455859,-0.245070995869974,-0.243402681334219,-0.241757705891608,-0.240135845230337,-0.238536851197146,-0.236960455000978,-0.235406370129293,-0.233874294998317,-0.232363915357358,-0.230874906466175,-0.229406935063247,-0.227959661141635,-0.226532739548046,-0.225125821419645,-0.223738555472139,-0.222370589151675,-0.221021569662198,-0.219691144879022,-0.218378964158571,-0.217084679053456,-0.215807943941364,-0.214548416575543,-0.21330575856406,-0.21207963578442,-0.2108697187396,-0.20967568286106,-0.208497208763812,-0.207333982458234,-0.206185695522888,-0.205052045242259,-0.203932734712994,-0.2028274729219,-0.201735974798693,-0.200657961246209,-0.199593159150567,-0.198541301373535,-0.19750212672916,-0.196475379946523,-0.195460811620334,-0.194458178150885,-0.193467241674777,-0.192487769987676,-0.191519536460246,-0.19056231994829,-0.189615904698032,-0.188680080247389,-0.187754641323973,-0.186839387740509,-0.185934124288287,-0.185038660629174,-0.18415281118668,-0.183276395036518,-0.182409235797028,-0.181551161519807,-0.180702004580858,-0.179861601572502,-0.179029793196294,-0.178206424157146,-0.17739134305882,-0.176584402300945,-0.175785457977689,-0.174994369778186,-0.174211000888809,-0.173435217897361,-0.172666890699247,-0.171905892405664,-0.171152099253849,-0.17040539051941,-0.169665648430746,-0.168932758085567,-0.168206607369516,-0.167487086876882,-0.166774089833386,-0.166067512021035,-0.165367251705006,-0.164673209562545,-0.163985288613854,-0.163303394154918,-0.162627433692256,-0.161957316879559,-0.161292955456152,-0.160634263187284,-0.159981155806168,-0.159333550957746,-0.158691368144146,-0.158054528671775,-0.157422955600011,-0.156796573691462,-0.156175309363734,-0.155559090642681,-0.154947847117092,-0.15434150989477,-0.153740011559971,-0.153143286132156,-0.152551269026027,-0.151963897012796,-0.151381108182665,-0.150802841908466,-0.15022903881044,-0.149659640722105,-0.149094590657194,-0.148533832777613,-0.147977312362408,-0.147424975777689,-0.146876770447488,-0.146332644825533,-0.145792548367885,-0.145256431506432,-0.1447242456232,-0.144195943025458,-0.143671476921596,-0.143150801397738,-0.142633871395083,-0.142120642687934,-0.141611071862406,-0.141105116295783,-0.140602734136503,-0.140103884284754,-0.139608526373655,-0.139116620751012,-0.138628128461623,-0.138143011230114,-0.137661231444291,-0.13718275213899,-0.13670753698041,-0.136235550250913,-0.135766756834273,-0.135301122201358,-0.134838612396242,-0.134379194022716,-0.133922834231198,-0.133469500706028,0,-0.336899068335493,-0.33722375560836,-0.337539126670342,-0.337836022446432,-0.338108070451106,-0.338350623786724,-0.338558248690759,-0.338724193883523,-0.338840829518833,-0.338900229104305,-0.338894587946993,-0.338816467096936,-0.33865893898778,-0.338415699557139,-0.33808117622574,-0.337650633836477,-0.337120268264049,-0.336487276174346,-0.335749893588186,-0.334907401192625,-0.333960098553248,-0.332909251895177,-0.331757021153268,-0.330506372030162,-0.329160978302223,-0.327725118898067,-0.32620357352368,-0.324601519903539,-0.322924435073671,-0.32117800259957,-0.319368027092219,-0.317500356952852,-0.315580815888721,-0.313615143407421,-0.311608944216519,-0.309567646227872,-0.307496466690492,-0.305400385848587,-0.303284127437909,-0.301152145287906,-0.299008615283257,-0.2968574319498,-0.294702208960689,-0.292546282903376,-0.290392719701914,-0.288244323148258,-0.286103645057378,-0.283972996621692,-0.28185446059875,-0.279749904020915,-0.277660991166255,-0.275589196575499,-0.273535817940522,-0.271501988725584,-0.269488690413496,-0.267496764295466,-0.265526922745891,-0.263579759942212,-0.261655762005537,-0.259755316550509,-0.257878721643118,-0.25602619417334,-0.254197877655754,-0.252393849476106,-0.250614127605302,-0.248858676804739,-0.247127414348526,-0.245420215288991,-0.243736917292239,-0.242077325070396,-0.240441214436759,-0.238828336009325,-0.237238418587299,-0.235671172224166,-0.234126291019737,-0.232603455652462,-0.231102335672061,-0.229622591571348,-0.2281638766549,-0.22672583872112,-0.22530812157305,-0.223910366372281,-0.222532212849229,-0.221173300382102,-0.219833268955945,-0.218511760012293,-0.217208417199145,-0.215922887030205,-0.214654819461646,-0.213403868393957,-0.212169692105861,-0.210951953626688,-0.209750321053063,-0.208564467815314,-0.207394072898487,-0.206238821022514,-0.205098402785629,-0.203972514774817,-0.202860859646725,-0.20176314618218,-0.20067908931718,-0.199608410152953,-0.198550835947471,-0.19750610009057,-0.19647394206464,-0.195454107392664,-0.194446347575228,-0.193450420017951,-0.192466087950673,-0.191493120339597,-0.190531291793446,-0.189580382464643,-0.188640177946352,-0.187710469166202,-0.186791052277379,-0.18588172854772,-0.184982304247395,-0.184092590535644,-0.183212403347063,-0.18234156327779,-0.181479895471976,-0.180627229508841,-0.179783399290571,-0.178948242931317,-0.178121602647489,-0.177303324649512,-0.176493259035223,-0.175691259685013,-0.174897184158831,-0.174110893595146,-0.173332252611929,-0.172561129209722,-0.171797394676832,-0.171040923496685,-0.170291593257369,-0.169549284563363,-0.168813880949468,-0.168085268796941,-0.167363337251805,-0.166647978145334,-0.165939085916688,-0.165236557537676,-0.16454029243961,-0.163850192442227,-0.163166161684644,-0.162488106558303,-0.161815935641872,-0.161149559638065,-0.16048889131233,-0.159833845433373,-0.159184338715468,-0.158540289762515,-0.157901619013797,-0.157268248691395,-0.156640102749221,-0.156017106823611,-0.155399188185462,-0.154786275693835,-0.154178299751016,-0.153575192258968,-0.152976886577142,-0.152383317481619,-0.151794421125512,-0.151210135000629,-0.150630397900324,-0.15005514988352,-0.149484332239861,-0.148917887455958,-0.14835575918269,-0.147797892203538,-0.147244232403906,-0.146694726741407,-0.146149323217075,-0.145607970847484,-0.145070619637728,-0.144537220555254,-0.144007725504501,-0.143482087302336,-0.142960259654241,-0.14244219713125,-0.14192785514759,-0.141417189939015,-0.140910158541806,-0.140406718772417,-0.139906829207741,-0.139410449165983,-0.138917538688113,-0.138428058519883,-0.137941970094388,-0.137459235515155,-0.136979817539741,-0.136503679563825,-0.13603078560577,-0.135561100291653,-0.135094588840734,-0.134631217051362,-0.134170951287291,-0.1337137584644,-0.133259606037808,-0.132808461989355,0,-0.337210444135786,-0.337494753594559,-0.337783588249233,-0.338056850679614,-0.33830632870684,-0.338526249947991,-0.338709995489081,-0.338849779802609,-0.338937242122203,-0.338964027525907,-0.338922136049051,-0.338804096653769,-0.338603066795603,-0.338312920642325,-0.337928345134797,-0.337444936998637,-0.336859285590272,-0.336169028887924,-0.335372876201989,-0.334470597159326,-0.333462980577787,-0.33235176887858,-0.331139574213794,-0.329829782140538,-0.328426447935445,-0.3269341898074,-0.325358082473376,-0.323703553858989,-0.321976287073191,-0.320182129271665,-0.318327008552608,-0.316416859613613,-0.314457558535991,-0.312454866753038,-0.310414384001712,-0.308341509852614,-0.306241413258997,-0.304119009458119,-0.301978943492496,-0.299825579588593,-0.297662995629762,-0.295494981982604,-0.293325043975412,-0.291156407378719,-0.288992026296687,-0.28683459294049,-0.284686548817916,-0.282550096935015,-0.280427214664105,-0.278319666986758,-0.276229019869874,-0.274156653577313,-0.272103775758777,-0.270071434191829,-0.268060529082362,-0.266071824853923,-0.26410596137736,-0.262163464609794,-0.260244756626264,-0.258350165039069,-0.256479931809045,-0.254634221460325,-0.252813128715603,-0.251016685573099,-0.249244867849307,-0.247497601213576,-0.245774766741736,-0.244076206016515,-0.24240172580252,-0.240751102323184,-0.239124085166437,-0.237520400844956,-0.235939756035837,-0.234381840523353,-0.232846329867269,-0.231332887817918,-0.229841168498006,-0.228370818369828,-0.226921478005413,-0.225492783675862,-0.224084368775066,-0.22269586509188,-0.221326903943769,-0.219977117184022,-0.218646138093663,-0.217333602168341,-0.216039147809678,-0.214762416929795,-0.213503055477029,-0.212260713890221,-0.211035047488309,-0.209825716801456,-0.208632387849369,-0.207454732372012,-0.206292428017491,-0.205145158491422,-0.204012613671787,-0.202894489692888,-0.201790489001697,-0.200700320389635,-0.199623699002501,-0.198560346331059,-0.197509990184552,-0.196472364649186,-0.195447210033478,-0.194434272802137,-0.193433305500027,-0.192444066667592,-0.191466320748991,-0.190499837994088,-0.189544394355286,-0.188599771380159,-0.187665756100659,-0.186742140919673,-0.185828723495566,-0.184925306625301,-0.184031698126666,-0.183147710720068,-0.182273161910306,-0.181407873868684,-0.180551673315789,-0.179704391405209,-0.178865863608436,-0.178035929601164,-0.177214433151166,-0.176401222007906,-0.175596147794009,-0.174799065898711,-0.174009835373369,-0.173228318829116,-0.172454382336698,-0.171687895328565,-0.170928730503221,-0.170176763731871,-0.169431873967363,-0.168693943155445,-0.167962856148305,-0.167238500620409,-0.1665207669866,-0.165809548322443,-0.165104740286787,-0.164406241046512,-0.16371395120343,-0.163027773723293,-0.162347613866884,-0.161673379123133,-0.161004979144228,-0.16034232568267,-0.159685332530229,-0.159033915458756,-0.158387992162802,-0.157747482204006,-0.157112306957193,-0.156482389558145,-0.155857654853001,-0.155238029349232,-0.154623441168152,-0.154013819998919,-0.153409097053981,-0.152809205025931,-0.152214078045718,-0.151623651642178,-0.151037862702843,-0.150456649436001,-0.149879951333939,-0.14930770913736,-0.148739864800927,-0.148176361459893,-0.147617143397786,-0.147062156015118,-0.146511345799079,-0.145964660294191,-0.145422048073881,-0.144883458712954,-0.144348842760925,-0.143818151716192,-0.143291338001019,-0.142768354937292,-0.142249156723042,-0.141733698409689,-0.141221935880003,-0.140713825826737,-0.140209325731926,-0.139708393846825,-0.139210989172461,-0.138717071440782,-0.138226601096383,-0.137739539278787,-0.13725584780527,-0.136775489154196,-0.136298426448869,-0.135824623441855,-0.135354044499792,-0.13488665458864,-0.134422419259378,-0.133961304634121,-0.133503277392652,-0.13304830475935,-0.1325963544905,-0.132147394861976,0,-0.33747813854392,-0.337737026386355,-0.338005281989339,-0.338258142586692,-0.338487013941371,-0.338685321134675,-0.338845384929817,-0.33895852959653,-0.339015828971716,-0.339008653895759,-0.338928934865684,-0.338769265967696,-0.338522965757565,-0.338184149090318,-0.337747815933929,-0.33720994123601,-0.336567547015052,-0.335818743981317,-0.334962737943369,-0.333999802489971,-0.332931223046661,-0.331759218805142,-0.330486849013184,-0.329117909405572,-0.327656823623344,-0.326108533554247,-0.324478391723845,-0.322772058185288,-0.320995403776225,-0.319154421110004,-0.317255144228248,-0.315303577454587,-0.313305633652547,-0.311267081804751,-0.30919350359651,-0.307090258504215,-0.304962456755286,-0.302814939437887,-0.30065226498972,-0.298478701279804,-0.296298222508715,-0.294114510185124,-0.29193095748377,-0.289750676347208,-0.287576506756518,-0.285411027661193,-0.283256569122955,-0.28111522529034,-0.278988867879104,-0.276879159887044,-0.274787569320131,-0.272715382749842,-0.270663718559227,-0.268633539767875,-0.26662566635381,-0.264640787013909,-0.262679470324064,-0.260742175276539,-0.258829261185129,-0.256940996959264,-0.255077569756523,-0.253239093029414,-0.251425613987066,-0.249637120495945,-0.247873547446094,-0.246134782610847,-0.244420672028746,-0.242731024936577,-0.241065618282176,-0.239424200845068,-0.237806496992121,-0.236212210094393,-0.234641025630136,-0.233092613997703,-0.231566633060773,-0.23006273044702,-0.228580545620024,-0.227119711742949,-0.22567985735124,-0.224260607850433,-0.22286158685396,-0.22148241737479,-0.220122722883679,-0.21878212824584,-0.217460260546914,-0.216156749818293,-0.214871229670998,-0.213603337846624,-0.21235271669313,-0.211119013572622,-0.209901881207683,-0.208700977972258,-0.207515968132568,-0.206346522043099,-0.205192316302223,-0.20405303387167,-0.202928364163648,-0.201818003099102,-0.200721653140287,-0.199639023300534,-0.198569829133834,-0.197513792706633,-0.196470642553976,-0.195440113622001,-0.194421947198513,-0.193415890833282,-0.192421698249499,-0.1914391292477,-0.190467949603346,-0.189507930959118,-0.188558850712881,-0.187620491902178,-0.186692643086009,-0.185775098224602,-0.184867656557766,-0.183970122482377,-0.183082305429485,-0.182204019741458,-0.181335084549547,-0.180475323652197,-0.17962456539439,-0.178782642548285,-0.177949392195344,-0.177124655610164,-0.176308278146144,-0.175500109123141,-0.174700001717211,-0.173907812852539,-0.173123403095621,-0.17234663655176,-0.171577380763924,-0.170815506613979,-0.170060888226337,-0.16931340287401,-0.168572930887082,-0.167839355563583,-0.167112563082754,-0.16639244242068,-0.165678885268271,-0.164971785951546,-0.164271041354206,-0.163576550842441,-0.162888216191942,-0.162205941517065,-0.161529633202115,-0.160859199834697,-0.160194552141084,-0.159535602923561,-0.158882266999693,-0.158234461143472,-0.157592104028285,-0.156955116171668,-0.156323419881782,-0.155696939205577,-0.155075599878586,-0.154459329276306,-0.153848056367122,-0.153241711666719,-0.152640227193949,-0.1520435364281,-0.151451574267525,-0.150864276989593,-0.150281582211917,-0.149703428854818,-0.149129757104988,-0.148560508380311,-0.147995625295805,-0.147435051630656,-0.146878732296292,-0.146326613305483,-0.145778641742412,-0.145234765733707,-0.144694934420383,-0.144159097930676,-0.143627207353737,-0.143099214714146,-0.142575072947241,-0.142054735875214,-0.141538158183956,-0.141025295400627,-0.140516103871929,-0.14001054074305,-0.139508563937262,-0.139010132136153,-0.138515204760467,-0.138023741951532,-0.137535704553261,-0.137051054094702,-0.136569752773117,-0.136091763437579,-0.135617049573066,-0.135145575285031,-0.134677305284439,-0.13421220487325,-0.133750239930341,-0.13329137689784,-0.132835582767871,-0.132382825069683,-0.131933071857169,-0.131486291696737,0,-0.337708783844675,-0.337955164628346,-0.338207251999474,-0.338442043179404,-0.33865164164271,-0.338828822283517,-0.338964935783971,-0.339050567407333,-0.339076396950669,-0.339033671163927,-0.338914366826689,-0.338711229630409,-0.338417806402622,-0.338028508494015,-0.337538697360835,-0.336944768228756,-0.336244210854438,-0.335435635935306,-0.334518764779508,-0.333494385855954,-0.332364284723476,-0.33113115449936,-0.329798493477411,-0.328370495483384,-0.32685193748094,-0.325248067992634,-0.323564499116295,-0.321807104274376,-0.319981923295201,-0.318095075960035,-0.316152684740798,-0.314160807092862,-0.312125377354971,-0.310052158045463,-0.307946700131891,-0.305814311689431,-0.303660034249505,-0.301488626069458,-0.299304551521167,-0.297111975794755,-0.294914764136559,-0.292716484881961,-0.290520415598014,-0.288329551713108,-0.286146617077224,-0.28397407596346,-0.281814146087,-0.27966881227992,-0.277539840517848,-0.275428792047054,-0.273337037407481,-0.271265770188705,-0.269216020391839,-0.267188667301403,-0.265184451797418,-0.263203988060058,-0.261247774637405,-0.259316204861747,-0.257409576611866,-0.255528101428244,-0.253671912995489,-0.251841075011864,-0.250035588469881,-0.248255398374763,-0.246500399929452,-0.244770444215824,-0.243065343402196,-0.241384875507044,-0.239728788748361,-0.238096805507225,-0.236488625933156,-0.234903931217604,-0.233342386560652,-0.231803643854654,-0.230287344107161,-0.228793119624099,-0.227320595972839,-0.225869393743434,-0.224439130125085,-0.22302942031361,-0.221639878764601,-0.220270120305787,-0.218919761121136,-0.217588419618229,-0.216275717189531,-0.214981278877341,-0.213704733951397,-0.212445716407391,-0.211203865393949,-0.209978825575009,-0.208770247433935,-0.207577787525186,-0.206401108678811,-0.205239880162649,-0.204093777806622,-0.202962484093172,-0.201845688217491,-0.200743086120902,-0.199654380500423,-0.198579280797266,-0.197517503166792,-0.196468770432174,-0.195432812023856,-0.194409363906636,-0.193398168496093,-0.192398974565846,-0.191411537147047,-0.19043561742132,-0.189470982608271,-0.188517405848551,-0.187574666083393,-0.186642547931385,-0.185720841563229,-0.18480934257509,-0.183907851861129,-0.183016175485689,-0.182134124555609,-0.181261515093018,-0.18039816790899,-0.179543908478315,-0.178698566815678,-0.177861977353453,-0.177033978821299,-0.176214414127727,-0.175403130243778,-0.174599978088907,-0.173804812419186,-0.173017491717879,-0.172237878088465,-0.171465837150134,-0.17070123793579,-0.169943952792586,-0.169193857284982,-0.168450830100333,-0.167714752957,-0.166985510514951,-0.166262990288848,-0.16554708256357,-0.164837680312158,-0.164134679116132,-0.163437977088141,-0.162747474796905,-0.162063075194408,-0.161384683545281,-0.160712207358337,-0.16004555632021,-0.159384642231034,-0.158729378942128,-0.158079682295615,-0.157435470065949,-0.15679666190327,-0.156163179278563,-0.155534945430545,-0.154911885314251,-0.154293925551256,-0.153680994381489,-0.153073021616592,-0.152469938594771,-0.151871678137102,-0.151278174505236,-0.150689363360472,-0.150105181724134,-0.14952556793924,-0.148950461633387,-0.148379803682843,-0.147813536177789,-0.147251602388673,-0.146693946733652,-0.14614051474707,-0.145591253048954,-0.145046109315478,-0.144505032250374,-0.143967971557255,-0.143434877912813,-0.142905702940877,-0.142380399187287,-0.141858920095561,-0.14134121998334,-0.140827254019558,-0.140316978202346,-0.139810349337616,-0.139307325018319,-0.138807863604344,-0.138311924203051,-0.137819466650396,-0.137330451492643,-0.13684483996864,-0.136362593992636,-0.135883676137625,-0.135408049619196,-0.134935678279875,-0.134466526573935,-0.134000559552675,-0.13353774285013,-0.133078042669215,-0.132621425768276,-0.132167859448049,-0.131717311538996,-0.13126975038902,-0.130825144851539,0,-0.337910545681947,-0.338153551147898,-0.338392183181912,-0.33861038925673,-0.33880145150705,-0.338957479218044,-0.339068926728808,-0.339125803920507,-0.339118570910953,-0.339038492163598,-0.338877693845077,-0.338629147990837,-0.33828668804694,-0.337845071471895,-0.337300065027086,-0.336648522206351,-0.335888431542117,-0.335018926811085,-0.334040259629256,-0.332953740229135,-0.331761654132894,-0.330467162307742,-0.32907419133847,-0.327587318881071,-0.32601165850589,-0.324352747099275,-0.322616437253567,-0.320808796483945,-0.318936014617393,-0.317004320270824,-0.315019906956012,-0.312988869013893,-0.3109171472913,-0.308810484232112,-0.306674387863719,-0.304514104018138,-0.302334596031922,-0.300140531115589,-0.297936272565366,-0.295725877001164,-0.293513095848187,-0.291301380329345,-0.28909388929617,-0.286893499292677,-0.284702816315793,-0.282524188804632,-0.280359721456994,-0.278211289533368,-0.276080553365604,-0.273968972838649,-0.271877821659291,-0.269808201265605,-0.267761054265208,-0.265737177319707,-0.263737233417408,-0.261761763496848,-0.259811197400565,-0.257885864152131,-0.255986001560308,-0.254111765162671,-0.252263236527514,-0.250440430937623,-0.248643304482933,-0.24687176059133,-0.245125656028226,-0.243404806396102,-0.241708991165286,-0.240037958266774,-0.238391428277139,-0.236769098224555,-0.235170645043755,-0.233595728706423,-0.232043995052101,-0.230515078343306,-0.229008603567035,-0.227524188503502,-0.226061445581471,-0.224619983538276,-0.223199408901272,-0.221799327306272,-0.220419344667321,-0.2190590682111,-0.217718107388161,-0.216396074672285,-0.215092586258314,-0.21380726266796,-0.212539729272342,-0.211289616739242,-0.210056561412419,-0.208840205629681,-0.207640197985863,-0.206456193546295,-0.205287854015887,-0.204134847868492,-0.202996850440792,-0.201873543994584,-0.200764617750974,-0.19966976789969,-0.198588697586417,-0.197521116880778,-0.196466742727364,-0.195425298881969,-0.194396515834987,-0.193380130723732,-0.192375887235288,-0.191383535501311,-0.190402831986089,-0.18943353936901,-0.188475426422483,-0.187528267886247,-0.186591844338903,-0.185665942067401,-0.184750352935157,-0.183844874249374,-0.182949308628096,-0.182063463867448,-0.181187152809459,-0.180320193210826,-0.179462407612927,-0.178613623213343,-0.177773671739112,-0.176942389321927,-0.176119616375426,-0.175305197474718,-0.174498981238259,-0.173700820212173,-0.172910570757082,-0.172128092937509,-0.171353250413893,-0.170585910337232,-0.16982594324639,-0.169073222968046,-0.168327626519297,-0.167589034012902,-0.166857328565128,-0.166132396206199,-0.165414125793283,-0.164702408926011,-0.163997139864468,-0.163298215449614,-0.162605535026092,-0.161919000367383,-0.161238515603228,-0.160563987149301,-0.159895323639058,-0.159232435857703,-0.158575236678241,-0.157923640999537,-0.157277565686347,-0.156636929511247,-0.156001653098428,-0.15537165886928,-0.154746870989737,-0.154127215319307,-0.153512619361753,-0.152903012217365,-0.152298324536777,-0.151698488476284,-0.151103437654603,-0.15051310711104,-0.149927433265012,-0.149346353876886,-0.148769808010083,-0.148197735994418,-0.147630079390621,-0.147066780956014,-0.146507784611291,-0.145953035408377,-0.145402479499323,-0.144856064106201,-0.144313737491969,-0.143775448932273,-0.14324114868815,-0.142710787979607,-0.142184318960041,-0.141661694691473,-0.141142869120571,-0.140627797055436,-0.140116434143109,-0.139608736847805,-0.139104662429815,-0.138604168925078,-0.138107215125393,-0.137613760559236,-0.13712376547319,-0.136637190813933,-0.136153998210792,-0.135674149958831,-0.135197609002456,-0.134724338919519,-0.134254303905914,-0.133787468760629,-0.133323798871253,-0.132863260199924,-0.132405819269695,-0.1319514431513,-0.13150009945033,-0.131051756294768,-0.130606382322911,-0.130163946671634,0,-0.338092453954493,-0.338336010841973,-0.338562319656153,-0.338764685624701,-0.338937395293054,-0.339071752547004,-0.339157397031217,-0.339183943086194,-0.339141804317293,-0.339022392011971,-0.338818069957202,-0.338522099230169,-0.338128649989072,-0.33763286990828,-0.33703097070119,-0.336320298269682,-0.33549936697263,-0.334567852596727,-0.333526547712761,-0.332377287262864,-0.331122853031158,-0.329766864741597,-0.328313664048472,-0.326768196246469,-0.325135893354026,-0.323422561333,-0.321634273534026,-0.319777271924984,-0.31785787721335,-0.315882408580024,-0.313857113390227,-0.311788106935037,-0.30968132198897,-0.307542467748468,-0.305376997545167,-0.303190084605536,-0.300986605051388,-0.29877112729855,-0.296547907007397,-0.29432088676193,-0.29209369969732,-0.289869676353034,-0.287651854094754,-0.285442988518723,-0.28324556632368,-0.281061819205252,-0.27889373839394,-0.276743089519148,-0.274611427537553,-0.272500111513897,-0.270410319086217,-0.268343060485573,-0.266299192012987,-0.264279428903881,-0.262284357533383,-0.260314446934843,-0.258370059619383,-0.256451461696634,-0.254558832306572,-0.252692272379836,-0.250851812749503,-0.249037421641358,-0.247249011572432,-0.2454864456893,-0.243749543578518,-0.242038086581754,-0.240351822647905,-0.238690470753746,-0.237053724923691,-0.235441257878015,-0.233852724337545,-0.232287764011373,-0.230746004292656,-0.229227062686048,-0.227730548988828,-0.226256067246289,-0.224803217500574,-0.223371597350724,-0.221960803340443,-0.220570432188817,-0.219200081878064,-0.217849352611297,-0.216517847652235,-0.215205174057851,-0.213910943314043,-0.212634771883568,-0.21137628167473,-0.210135100438578,-0.208910862101697,-0.207703207041111,-0.206511782307184,-0.205336241799951,-0.204176246403782,-0.203031464084886,-0.201901569955711,-0.200786246309972,-0.199685182631667,-0.19859807558114,-0.197524628960964,-0.196464553664164,-0.195417567607036,-0.194383395648629,-0.193361769498741,-0.192352427616098,-0.191355115098221,-0.190369583564332,-0.189395591032519,-0.188432901792245,-0.18748128627317,-0.186540520911161,-0.185610388012261,-0.184690675615303,-0.183781177353783,-0.182881692317524,-0.181992024914609,-0.181111984733997,-0.180241386409191,-0.179380049483255,-0.178527798275481,-0.177684461749917,-0.17684987338596,-0.17602387105119,-0.17520629687658,-0.17439699713419,-0.173595822117449,-0.172802626024091,-0.172017266841796,-0.171239606236584,-0.170469509443978,-0.169706845162949,-0.168951485452649,-0.168203305631919,-0.167462184181557,-0.16672800264932,-0.166000645557631,-0.165280000313956,-0.164565957123805,-0.163858408906321,-0.163157251212402,-0.162462382145309,-0.161773702283706,-0.161091114607074,-0.160414524423459,-0.159743839299467,-0.159078968992489,-0.158419825385052,-0.157766322421288,-0.157118376045415,-0.156475904142211,-0.155838826479401,-0.15520706465191,-0.154580542027925,-0.15395918369671,-0.153342916418119,-0.15273166857376,-0.152125370119753,-0.151523952541025,-0.150927348807115,-0.15033549332941,-0.149748321919791,-0.149165771750624,-0.148587781316071,-0.148014290394654,-0.147445240013047,-0.146880572411055,-0.146320231007726,-0.145764160368572,-0.145212306173854,-0.144664615187899,-0.144121035229407,-0.143581515142723,-0.143046004770034,-0.142514454924463,-0.141986817364025,-0.141463044766423,-0.140943090704646,-0.140426909623346,-0.139914456815972,-0.13940568840262,-0.13890056130859,-0.138399033243623,-0.137901062681779,-0.137406608841961,-0.136915631669033,-0.136428091815539,-0.135943950623976,-0.13546317010963,-0.134985712943929,-0.134511542438314,-0.1340406225286,-0.133572917759817,-0.133108393271508,-0.132647014783474,-0.132188748581947,-0.131733561506182,-0.131281420935444,-0.130832294776384,-0.130386151450793,-0.129942959883715,-0.129502689491906,0,-0.338263365224411,-0.338505560036918,-0.338719430659868,-0.338906099621924,-0.339060132790458,-0.339171837151268,-0.339230152001075,-0.339224492656705,-0.339145392543492,-0.33898452208664,-0.338734554733462,-0.338389091692307,-0.337942682664537,-0.337390904989715,-0.336730451292291,-0.335959190350187,-0.33507618543589,-0.334081669114765,-0.332976981448868,-0.331764481224989,-0.330447439448943,-0.32902992272549,-0.327516672341592,-0.325912983354685,-0.324224586857616,-0.322457537783179,-0.32061811001711,-0.318712700118873,-0.316747740547518,-0.314729622928424,-0.312664631568844,-0.310558887138951,-0.308418300186498,-0.306248533952177,-0.304054975801029,-0.301842716481563,-0.299616536364454,-0.297380897791093,-0.295139942672002,-0.292897494509348,-0.290657064069824,-0.288421857998132,-0.286194789732132,-0.283978492154362,-0.281775331487806,-0.279587422014217,-0.277416641259283,-0.275264645349444,-0.273132884299659,-0.271022617039676,-0.268934926028531,-0.266870731343252,-0.264830804158617,-0.262815779560673,-0.26082616865818,-0.258862369973634,-0.256924680109622,-0.255013303697402,-0.253128362643259,-0.251269904694693,-0.249437911353287,-0.247632305164418,-0.245852956416117,-0.24409968928057,-0.242372287432182,-0.240670499175974,-0.238994042119447,-0.237342607420114,-0.235715863639658,-0.234113460234339,-0.232535030709735,-0.23098019546638,-0.229448564361262,-0.22793973900857,-0.226453314841553,-0.224988882955797,-0.223546031752833,-0.222124348401572,-0.22072342013374,-0.219342835388268,-0.217982184818403,-0.216641062174208,-0.215319065072111,-0.21401579566218,-0.212730861202948,-0.211463874552754,-0.21021445458583,-0.208982226540637,-0.20776682230733,-0.206567880660602,-0.205385047443616,-0.204217975708246,-0.203066325816343,-0.201929765506341,-0.20080796992912,-0.199700621656673,-0.198607410666793,-0.19752803430672,-0.196462197238362,-0.195409611367499,-0.194369995759119,-0.193343076540838,-0.192328586796139,-0.191326266449037,-0.190335862141554,-0.189357127105298,-0.188389821028266,-0.187433709917908,-0.186488565961328,-0.185554167383459,-0.184630298303906,-0.183716748593098,-0.182813313728311,-0.181919794650041,-0.181035997619171,-0.180161734075299,-0.17929682049655,-0.17844107826116,-0.177594333511066,-0.176756417017707,-0.175927164050203,-0.175106414246065,-0.174294011484539,-0.173489803762683,-0.172693643074246,-0.171905385291408,-0.171124890049402,-0.170352020634062,-0.169586643872288,-0.168828630025438,-0.168077852685621,-0.167334188674893,-0.1665975179473,-0.165867723493763,-0.165144691249736,-0.164428310005618,-0.163718471319859,-0.163015069434699,-0.162318001194505,-0.161627165966639,-0.160942465564798,-0.160263804174762,-0.15959108828251,-0.158924226604614,-0.158263130020878,-0.157607711509134,-0.156957886082159,-0.156313570726637,-0.155674684344106,-0.155041147693838,-0.154412883337595,-0.153789815586186,-0.153171870447792,-0.152558975577991,-0.151951060231422,-0.151348055215055,-0.150749892842993,-0.150156506892774,-0.149567832563109,-0.148983806433018,-0.148404366422316,-0.147829451753397,-0.147259002914277,-0.14669296162286,-0.146131270792367,-0.145573874497912,-0.145020717944161,-0.144471747434058,-0.143926910338569,-0.143386155067411,-0.142849431040735,-0.142316688661723,-0.141787879290081,-0.141262955216379,-0.140741869637221,-0.140224576631216,-0.139711031135709,-0.139201188924269,-0.138695006584882,-0.13819244149884,-0.137693451820304,-0.137197996456499,-0.136706035048548,-0.136217527952893,-0.1357324362233,-0.13525072159343,-0.134772346459942,-0.134297273866122,-0.133825467486016,-0.133356891609049,-0.132891511125112,-0.132429291510109,-0.131970198811929,-0.131514199636859,-0.131061261136388,-0.130611350994417,-0.130164437414847,-0.129720489109537,-0.129279475286613,-0.128841365639123,0,-0.338427828730727,-0.338664240619303,-0.338864821187011,-0.339035469519105,-0.339170033795507,-0.339257666506349,-0.339286772784454,-0.339246778057302,-0.339128488283587,-0.338923925078277,-0.338626127060171,-0.338229076182279,-0.337727738565445,-0.337118156908439,-0.336397537447123,-0.335564298744793,-0.334618072099735,-0.333559657461805,-0.33239094488368,-0.331114812477309,-0.329735010310455,-0.328256037462714,-0.326683017460516,-0.325021575809216,-0.323277722307595,-0.321457740128322,-0.319568083140583,-0.317615282542282,-0.315605863507181,-0.313546272217894,-0.311442813348325,-0.309301597786255,-0.307128500156407,-0.304929125521823,-0.302708784508266,-0.300472476010632,-0.298224876597281,-0.295970335721394,-0.293712875870895,-0.291456196833024,-0.289203683309774,-0.286958415190364,-0.284723179861854,-0.282500486015189,-0.280292578478391,-0.278101453679223,-0.275928875405116,-0.273776390587508,-0.271645344890769,-0.269536897932418,-0.267452038001641,-0.265391596177558,-0.263356259777716,-0.26134658509142,-0.259363009372366,-0.257405862081057,-0.255475375380242,-0.253571693896588,-0.251694883769369,-0.249844941012599,-0.248021799220963,-0.246225336652618,-0.244455382723399,-0.242711723947743,-0.240994109361614,-0.239302255462215,-0.237635850698363,-0.235994559544229,-0.234378026187719,-0.232785877863251,-0.231217727857056,-0.229673178211503,-0.228151822153243,-0.226653246268395,-0.225177032446341,-0.223722759612205,-0.222290005266612,-0.220878346849899,-0.219487362946658,-0.218116634345227,-0.216765744965593,-0.215434282668047,-0.214121839953964,-0.212828014569078,-0.211552410018796,-0.210294636004253,-0.209054308787057,-0.207831051490011,-0.206624494340417,-0.20543427486202,-0.204260038021083,-0.203101436331592,-0.201958129924151,-0.200829786582682,-0.199716081752683,-0.198616698524441,-0.197531327594264,-0.196459667206527,-0.195401423079029,-0.194356308313937,-0.193324043296356,-0.192304355582366,-0.191296979778176,-0.190301657411884,-0.18931813679916,-0.188346172904055,-0.187385527195992,-0.186435967503874,-0.185497267868162,-0.184569208391666,-0.183651575089696,-0.182744159740167,-0.18184675973415,-0.180959177927335,-0.180081222492771,-0.179212706775236,-0.178353449147509,-0.177503272868803,-0.176662005945562,-0.175829480994793,-0.175005535110078,-0.174190009730389,-0.173382750511784,-0.172583607202071,-0.171792433518479,-0.171009087028376,-0.170233429033051,-0.169465324454571,-0.168704641725697,-0.16795125268286,-0.167205032462158,-0.166465859398345,-0.165733614926783,-0.165008183488301,-0.164289452436921,-0.163577311950391,-0.162871654943479,-0.162172376983957,-0.161479376211225,-0.160792553257509,-0.160111811171565,-0.159437055344834,-0.158768193439978,-0.158105135321725,-0.157447792989977,-0.156796080515096,-0.156149913975318,-0.155509211396223,-0.154873892692209,-0.154243879609896,-0.153619095673405,-0.152999466131457,-0.152384917906232,-0.151775379543918,-0.151170781166919,-0.150571054427647,-0.149976132463855,-0.149385949855453,-0.148800442582767,-0.148219547986186,-0.147643204727143,-0.147071352750402,-0.146503933247586,-0.145940888621921,-0.145382162454142,-0.144827699469525,-0.144277445506005,-0.143731347483345,-0.143189353373316,-0.142651412170855,-0.142117473866162,-0.141587489417708,-0.141061410726126,-0.140539190608942,-0.140020782776124,-0.139506141806423,-0.138995223124474,-0.138487982978626,-0.137984378419489,-0.137484367279156,-0.136987908151088,-0.136494960370641,-0.136005483996195,-0.135519439790885,-0.135036789204902,-0.134557494358346,-0.13408151802461,-0.133608823614278,-0.133139375159524,-0.132673137298987,-0.132210075263106,-0.131750154859906,-0.131293342461217,-0.130839604989299,-0.130388909903886,-0.129941225189601,-0.129496519343757,-0.129054761364518,-0.128615920739409,-0.128179967434163,0,-0.338588660659483,-0.33881323222261,-0.338999380924165,-0.339153321202293,-0.339267184127026,-0.339328921237229,-0.33932663006399,-0.339249959049708,-0.339090118503588,-0.338839550621988,-0.338491698921965,-0.338040957983672,-0.337482742767058,-0.336813594132814,-0.33603126169404,-0.33513473718084,-0.33412423500883,-0.333001128960451,-0.331767857641509,-0.330427810502604,-0.328985203638219,-0.327444951933505,-0.325812542067227,-0.324093909479631,-0.322295321522158,-0.320423268426435,-0.318484363309404,-0.316485252077621,-0.314432533765018,-0.312332691525622,-0.310192034212295,-0.308016648215906,-0.305812359025948,-0.303584701808995,-0.301338900186374,-0.299079852324198,-0.296812123421902,-0.294539943692804,-0.292267210964541,-0.289997497081375,-0.287734057357807,-0.285479842408148,-0.283237511755156,-0.281009448698954,-0.278797776002649,-0.276604372021531,-0.274430886967266,-0.272278759056569,-0.270149230345117,-0.268043362092214,-0.265962049540059,-0.263906036024025,-0.261875926357535,-0.259872199457542,-0.257895220194875,-0.255945250468265,-0.254022459512343,-0.252126933458709,-0.250258684175746,-0.248417657417581,-0.246603740315831,-0.244816768249745,-0.243056531131385,-0.241322779142676,-0.239615227960848,-0.237933563507887,-0.236277446258514,-0.234646515139742,-0.233040391053526,-0.231458680052312,-0.229900976195596,-0.228366864113838,-0.226855921304349,-0.225367720182127,-0.22390182990692,-0.222457818006303,-0.221035251813021,-0.219633699733449,-0.218252732362731,-0.216891923460857,-0.215550850802821,-0.214229096914896,-0.212926249708067,-0.211641903018707,-0.210375657065752,-0.209127118832782,-0.207895902382728,-0.20668162911221,-0.205483927951899,-0.204302435518718,-0.20313679622517,-0.201986662350596,-0.200851694078727,-0.199731559505468,-0.198625934620502,-0.197534503265966,-0.196456957075087,-0.19539299539347,-0.194342325185377,-0.193304660927174,-0.192279724489852,-0.191267245012381,-0.19026695876742,-0.189278609020801,-0.188301945886019,-0.187336726174826,-0.186382713244939,-0.185439676845715,-0.184507392962574,-0.183585643660862,-0.182674216929746,-0.181772906526669,-0.180881511822834,-0.179999837650101,-0.179127694149655,-0.178264896622738,-0.177411265383692,-0.176566625615527,-0.175730807228198,-0.174903644719723,-0.174084977040272,-0.173274647459309,-0.17247250343586,-0.171678396491961,-0.17089218208931,-0.170113719509141,-0.169342871735328,-0.168579505340711,-0.167823490376609,-0.167074700265517,-0.166333011696926,-0.165598304526241,-0.164870461676738,-0.164149369044517,-0.163434915406379,-0.162726992330583,-0.162025494090409,-0.161330317580465,-0.160641362235678,-0.159958529952881,-0.159281725014963,-0.158610854017472,-0.157945825797636,-0.157286551365717,-0.156632943838624,-0.155984918375743,-0.155342392116885,-0.15470528412231,-0.154073515314754,-0.153447008423393,-0.152825687929685,-0.15220948001503,-0.151598312510184,-0.150992114846379,-0.150390818008073,-0.149794354487298,-0.149202658239538,-0.148615664641082,-0.148033310447817,-0.147455533755395,-0.146882273960736,-0.14631347172482,-0.145749068936714,-0.145189008678808,-0.1446332351932,-0.144081693849201,-0.143534331111916,-0.142991094511864,-0.142451932615601,-0.141916794997306,-0.14138563221131,-0.140858395765513,-0.140335038095672,-0.139815512540536,-0.139299773317771,-0.138787775500681,-0.138279474995669,-0.137774828520427,-0.137273793582826,-0.136776328460477,-0.136282392180948,-0.135791944502603,-0.135304945896048,-0.134821357526165,-0.134341141234708,-0.133864259523437,-0.133390675537785,-0.132920353051032,-0.132453256448957,-0.131989350714974,-0.131528601415719,-0.131070974687074,-0.130616437220622,-0.1301649562505,-0.129716499540664,-0.129271035372521,-0.128828532532941,-0.128388960302618,-0.127952288444777,-0.127518487194218,0,-0.338745949880984,-0.33895303647411,-0.339123652416499,-0.339259887310993,-0.33935139419894,-0.339385041498989,-0.339348901220703,-0.339233048592293,-0.339029202338396,-0.338730271029884,-0.338330128856391,-0.337823608391553,-0.337206602941189,-0.336476182172475,-0.335630666087343,-0.334669639378745,-0.333593910578509,-0.332405429612129,-0.331107178396545,-0.329703046486406,-0.328197700357905,-0.32659645204548,-0.324905130860628,-0.323129960699402,-0.321277444724912,-0.319354258758833,-0.317367154375746,-0.315322872386041,-0.313228067089706,-0.311089241386511,-0.308912692551286,-0.306704468240779,-0.304470332101334,-0.302215738199515,-0.299945813400509,-0.29766534676802,-0.295378785047928,-0.293090233318863,-0.290803459938367,-0.288521904976294,-0.286248691401113,-0.283986638364597,-0.281738276011664,-0.279505861321722,-0.277291394563343,-0.275096636014037,-0.272923122660277,-0.270772184649372,-0.268644961314318,-0.266542416635439,-0.264465354039078,-0.262414430464175,-0.260390169652872,-0.258392974642059,-0.256423139449361,-0.254480859960294,-0.252566244033443,-0.250679320848284,-0.248820049525794,-0.246988327055971,-0.245183995568812,-0.243406848986717,-0.241656639096768,-0.239933081081117,-0.238235858542983,-0.23656462806465,-0.234919023332423,-0.233298658861887,-0.2317031333551,-0.230132032719523,-0.228584932776691,-0.22706140168677,-0.225561002113414,-0.224083293151572,-0.222627832039247,-0.221194175672642,-0.219781881942593,-0.218390510908837,-0.217019625827257,-0.215668794044089,-0.214337587769855,-0.213025584744739,-0.211732368806146,-0.2104575303682,-0.209200666822169,-0.207961382865927,-0.206739290769929,-0.205534010586431,-0.204345170308124,-0.203172405981774,-0.20201536178193,-0.20087369004933,-0.199747051298139,-0.198635114195825,-0.197537555519076,-0.196454060088831,-0.195384320687218,-0.194328037958905,-0.193284920299109,-0.192254683730297,-0.191237051769391,-0.190231755287114,-0.189238532360929,-0.188257128122859,-0.187287294603374,-0.186328790572338,-0.185381381377964,-0.184444838784555,-0.183518940809756,-0.182603471561942,-0.181698221078277,-0.180802985163937,-0.179917565232888,-0.179041768150597,-0.178175406078961,-0.177318296323721,-0.176470261184576,-0.175631127808177,-0.174800728044147,-0.17397889830424,-0.173165479424742,-0.172360316532164,-0.171563258912294,-0.17077415988262,-0.169992876668147,-0.169219270280609,-0.168453205401051,-0.167694550265769,-0.166943176555577,-0.166198959288344,-0.165461776714771,-0.164731510217351,-0.164008044212439,-0.163291266055399,-0.162581065948733,-0.161877336853143,-0.161179974401449,-0.1604888768153,-0.15980394482459,-0.159125081589523,-0.158452192625245,-0.157785185728974,-0.157123970909551,-0.156468460319344,-0.155818568188437,-0.155174210761016,-0.154535306233915,-0.153901774697219,-0.15327353807688,-0.152650520079277,-0.152032646137643,-0.151419843360317,-0.150812040480745,-0.150209167809174,-0.149611157185987,-0.149017941936616,-0.148429456827981,-0.147845638026402,-0.147266423056938,-0.146691750764089,-0.146121561273835,-0.145555795956938,-0.144994397393487,-0.144437309338632,-0.143884476689456,-0.143335845452962,-0.142791362715123,-0.14225097661096,-0.141714636295612,-0.141182291916366,-0.140653894585605,-0.140129396354647,-0.139608750188442,-0.139091909941098,-0.138578830332197,-0.138069466923892,-0.137563776098735,-0.137061715038222,-0.136563241702036,-0.136068314807944,-0.135576893812342,-0.135088938891415,-0.134604410922901,-0.134123271468419,-0.133645482756365,-0.133171007665332,-0.132699809708058,-0.132231853015862,-0.131767102323571,-0.131305522954904,-0.130847080808309,-0.130391742343227,-0.129939474566782,-0.129490245020868,-0.129044021769621,-0.128600773387281,-0.128160468946399,-0.127723078006406,-0.127288570602521,-0.126856917234975,0,-0.338896801277347,-0.339083686793943,-0.339237899209439,-0.339355124018898,-0.339422209371208,-0.339425242958761,-0.339352590473185,-0.339194933248934,-0.338944569336336,-0.338594896686148,-0.338140234805978,-0.337575875606848,-0.336898218773913,-0.336104891791547,-0.335194809321902,-0.334168165091749,-0.333026368570894,-0.331771944046731,-0.330408407869864,-0.328940135465967,-0.327372225721766,-0.325710367458877,-0.323960710925487,-0.322129746248535,-0.320224190256032,-0.318250882748777,-0.316216693028949,-0.314128437219031,-0.311992806617867,-0.309816307054521,-0.307605208934631,-0.305365507444942,-0.303102892200266,-0.300822725487232,-0.298530028179601,-0.296229472365459,-0.293925379730287,-0.291621724773621,-0.289322141993053,-0.287029936240321,-0.284748095534188,-0.282479305698478,-0.280225966277234,-0.27799020725943,-0.275773906221077,-0.273578705561591,-0.271406029573269,-0.26925710113739,-0.267132957888003,-0.265034467725121,-0.262962343593437,-0.260917157471259,-0.25889935353789,-0.256909260506644,-0.254947103125821,-0.253013012861731,-0.251107037786811,-0.249229151702518,-0.247379262531328,-0.245557220015276,-0.243762822760291,-0.241995824666361,-0.240255940783571,-0.238542852633458,-0.236856213034028,-0.235195650465424,-0.233560773011531,-0.231951171911076,-0.230366424749862,-0.22880609832387,-0.227269751201051,-0.225756936007745,-0.224267201463831,-0.222800094188951,-0.221355160300474,-0.21993194682226,-0.218530002921787,-0.217148880991792,-0.215788137591242,-0.214447334259233,-0.21312603821426,-0.211823822950225,-0.21054026873961,-0.209274963053261,-0.20802750090547,-0.206797485132204,-0.205584526609661,-0.204388244419662,-0.203208265967793,-0.20204422705967,-0.200895771940177,-0.199762553300104,-0.198644232254137,-0.197540478293832,-0.196450969218794,-0.195375391049002,-0.194313437920921,-0.193264811969757,-0.192229223199989,-0.191206389346094,-0.19019603572516,-0.189197895082913,-0.188211707434531,-0.187237219901437,-0.186274186545159,-0.1853223681992,-0.184381532299764,-0.183451452716066,-0.182531909580889,-0.18162268912194,-0.180723583494509,-0.179834390615846,-0.178954914001626,-0.178084962604818,-0.177224350657214,-0.176372897513846,-0.175530427500467,-0.174696769764249,-0.173871758127809,-0.173055230946662,-0.172247030970162,-0.171447005205968,-0.170655004788076,-0.169870884848423,-0.169094504392043,-0.168325726175777,-0.167564416590504,-0.16681044554684,-0.166063686364289,-0.165324015663758,-0.164591313263412,-0.163865462077777,-0.163146348020045,-0.162433859907502,-0.161727889370002,-0.16102833076142,-0.160335081074011,-0.159648039855584,-0.158967109129429,-0.15829219331691,-0.157623199162647,-0.156960035662223,-0.156302613992319,-0.155650847443221,-0.155004651353607,-0.154363943047565,-0.153728641773742,-0.15309866864658,-0.152473946589547,-0.15185440028032,-0.151239956097832,-0.150630542071137,-0.150026087830018,-0.149426524557286,-0.148831784942708,-0.148241803138512,-0.147656514716402,-0.14707585662604,-0.14649976715495,-0.145928185889767,-0.145361053678816,-0.144798312595949,-0.144239905905607,-0.143685778029058,-0.143135874511777,-0.14259014199191,-0.142048528169803,-0.141510981778548,-0.140977452555501,-0.140447891214758,-0.139922249420531,-0.139400479761413,-0.138882535725482,-0.138368371676224,-0.137857942829245,-0.137351205229739,-0.13684811573069,-0.136348631971776,-0.135852712358957,-0.135360316044716,-0.134871402908931,-0.134385933540358,-0.133903869218705,-0.133425171897268,-0.132949804186115,-0.132477729335797,-0.132008911221575,-0.131543314328122,-0.131080903734716,-0.130621645100876,-0.130165504652451,-0.129712449168121,-0.129262445966319,-0.128815462892548,-0.128371468307071,-0.127930431072984,-0.127492320544638,-0.127057106556403,-0.126624759411768,-0.126195249872763,0,-0.339038587695701,-0.339205033587076,-0.339342161230333,-0.339438722666479,-0.339478922071107,-0.339448536265773,-0.339336551439503,-0.339134394455183,-0.338834977473472,-0.338432190722247,-0.337920806155354,-0.337296594889061,-0.336556490740258,-0.335698706645466,-0.334722773301936,-0.333629505611501,-0.332420916548057,-0.331100098971366,-0.329671091362001,-0.328138738063597,-0.326508550372955,-0.324786572111764,-0.322979251838744,-0.32109332314626,-0.319135694139782,-0.317113346975713,-0.315033248113314,-0.312902269683578,-0.310727122099556,-0.30851429775261,-0.306270025381919,-0.30400023448817,-0.301710528996721,-0.299406169263026,-0.297092061451074,-0.294772753297612,-0.292452435293183,-0.290134946356975,-0.287823783148246,-0.285522112235452,-0.283232784429317,-0.280958350672996,-0.278701078967773,-0.276462971893671,-0.274245784359218,-0.272051041282465,-0.269880054965669,-0.267733941978766,-0.2656136394122,-0.263519920398253,-0.261453408832259,-0.259414593251759,-0.25740383985328,-0.255421404643748,-0.25346744473711,-0.251542028817194,-0.249645146795576,-0.247776718698843,-0.245936602823385,-0.244124603198192,-0.242340476397305,-0.240583937743805,-0.238854666946773,-0.237152313211676,-0.235476499863236,-0.233826828518205,-0.232202882843592,-0.230604231933972,-0.229030433339466,-0.227481035773983,-0.225955581531322,-0.224453608634779,-0.222974652744046,-0.221518248841401,-0.220083932717463,-0.218671242275221,-0.217279718669497,-0.215908907297624,-0.214558358655776,-0.213227629074197,-0.211916281343391,-0.210623885242343,-0.209350017978817,-0.208094264550924,-0.206856218038295,-0.205635479830471,-0.204431659799393,-0.20324437642226,-0.202073256860435,-0.200917936999533,-0.199778061455353,-0.19865328354984,-0.197543265260907,-0.196447677149502,-0.195366198267033,-0.194298516045913,-0.19324432617572,-0.192203332467201,-0.191175246706141,-0.190159788498859,-0.189156685110957,-0.188165671300728,-0.187186489148489,-0.186218887882969,-0.185262623705736,-0.184317459614536,-0.183383165226325,-0.182459516600648,-0.181546296063966,-0.180643292035433,-0.179750298854565,-0.178867116611175,-0.177993550977896,-0.17712941304556,-0.176274519161662,-0.175428690772085,-0.174591754266245,-0.173763540825769,-0.172943886276788,-0.172132630945921,-0.171329619519986,-0.170534700909458,-0.169747728115679,-0.168968558101822,-0.168197051667574,-0.167433073327505,-0.166676491193093,-0.165927176858341,-0.16518500528893,-0.164449854714852,-0.163721606526446,-0.163000145173768,-0.162285358069219,-0.161577135493353,-0.160875370503789,-0.160179958847137,-0.159490798873863,-0.158807791456009,-0.158130839907692,-0.157459849908284,-0.15679472942821,-0.156135388657273,-0.155481739935428,-0.154833697685932,-0.154191178350787,-0.153554100328403,-0.152922383913406,-0.15229595123853,-0.151674726218501,-0.151058634495863,-0.150447603388677,-0.149841561840017,-0.149240440369211,-0.148644171024765,-0.148052687338905,-0.14746592428368,-0.146883818228578,-0.146306306899597,-0.14573332933971,-0.145164825870686,-0.144600738056218,-0.1440410086663,-0.143485581642817,-0.142934402066301,-0.14238741612381,-0.141844571077894,-0.141305815236598,-0.140771097924482,-0.140240369454593,-0.13971358110139,-0.139190685074558,-0.13867163449369,-0.138156383363806,-0.137644886551683,-0.13713709976295,-0.136632979519943,-0.136132483140274,-0.135635568716093,-0.135142195094029,-0.134652321855771,-0.134165909299269,-0.133682918420538,-0.133203310896045,-0.132727049065649,-0.132254095916075,-0.13178441506492,-0.131317970745143,-0.130854727790053,-0.130394651618753,-0.129937708222033,-0.129483864148704,-0.129033086492341,-0.128585342878437,-0.128140601451941,-0.127698830865175,-0.127260000266112,-0.126824079287002,-0.126391038033344,-0.125960847073176,-0.125533477426681,0,-0.33916971579686,-0.339316923252978,-0.339436284876993,-0.339510115704332,-0.339520586331381,-0.339453749896675,-0.339299511468228,-0.339050129923533,-0.338699130403738,-0.338240882661938,-0.337670614808361,-0.336984597913527,-0.336180328219527,-0.33525663033489,-0.334213669158494,-0.33305288873563,-0.33177690380311,-0.330389366126087,-0.328894820836258,-0.327298561825623,-0.325606491075971,-0.323824984472273,-0.321960765560128,-0.320020788279176,-0.318012129531307,-0.315941892305034,-0.313817119890498,-0.311644721474613,-0.309431409128215,-0.307183645919735,-0.304907604640386,-0.302609136422255,-0.300293748381104,-0.29796658932098,-0.295632442493204,-0.293295724400585,-0.290960488670045,-0.288630434074401,-0.286308915858819,-0.283998959612501,-0.281703277015618,-0.27942428288117,-0.277164112997795,-0.274924642360496,-0.272707503450259,-0.270514104289883,-0.268345646061767,-0.26620314012404,-0.264087424304631,-0.261999178389279,-0.259938938749602,-0.257907112082038,-0.255903988248265,-0.253929752223346,-0.251984495169977,-0.250068224666306,-0.248180874121409,-0.246322311417131,-0.244492346817897,-0.242690740191704,-0.240917207586077,-0.239171427202491,-0.237453044811882,-0.235761678652547,-0.234096923850048,-0.232458356396846,-0.230845536727387,-0.229258012922215,-0.22769532357261,-0.226157000335118,-0.224642570203281,-0.223151557521908,-0.221683485767291,-0.220237879114992,-0.218814263815087,-0.217412169393159,-0.216031129693825,-0.214670683782151,-0.213330376717057,-0.21200976020952,-0.210708393177351,-0.209425842207202,-0.208161681933571,-0.206915495343649,-0.205686874016063,-0.204475418300836,-0.203280737447181,-0.202102449685143,-0.200940182266533,-0.199793571470059,-0.198662262575106,-0.197545909808165,-0.196444176265525,-0.195356733815478,-0.194283262982956,-0.193223452819226,-0.192177000758986,-0.191143612466971,-0.190123001675943,-0.189114890017743,-0.188119006848892,-0.18713508907206,-0.186162880954587,-0.185202133945072,-0.184252606488955,-0.183314063843889,-0.182386277895588,-0.181469026974776,-0.180562095675751,-0.179665274677026,-0.178778360564419,-0.177901155656944,-0.177033467835754,-0.176175110376383,-0.175325901784466,-0.174485665635086,-0.173654230415864,-0.17283142937389,-0.17201710036654,-0.171211085716227,-0.170413232069103,-0.169623390257717,-0.168841415167607,-0.168067165607798,-0.167300504185185,-0.166541297182725,-0.165789414441403,-0.165044729245899,-0.16430711821389,-0.163576461188905,-0.162852641136665,-0.162135544044819,-0.161425058825998,-0.160721077224099,-0.160023493723705,-0.159332205462569,-0.158647112147067,-0.157968115970524,-0.157295121534346,-0.156628035771851,-0.155966767874729,-0.155311229222048,-0.154661333311701,-0.154016995694249,-0.153378133909053,-0.152744667422625,-0.152116517569131,-0.15149360749296,-0.150875862093291,-0.150263207970604,-0.149655573375032,-0.149052888156526,-0.148455083716748,-0.147862092962632,-0.147273850261555,-0.146690291398071,-0.146111353532126,-0.145536975158725,-0.144967096068992,-0.144401657312559,-0.143840601161252,-0.143283871074021,-0.142731411663064,-0.142183168661109,-0.1416390888898,-0.141099120229164,-0.140563211588104,-0.14003131287588,-0.139503374974563,-0.138979349712391,-0.138459189838029,-0.137942848995678,-0.13743028170101,-0.136921443317896,-0.136416290035896,-0.135914778848497,-0.135416867532052,-0.134922514625401,-0.134431679410167,-0.133944321891666,-0.133460402780453,-0.132979883474438,-0.132502726041587,-0.132028893203161,-0.131558348317492,-0.131091055364264,-0.13062697892929,-0.13016608418976,-0.129708336899949,-0.129253703377366,-0.128802150489327,-0.128353645639942,-0.127908156757496,-0.127465652282213,-0.12702610115439,-0.126589472802883,-0.126155737133945,-0.125724864520389,-0.125296825791072,-0.124871592220692,0,-0.339288497021466,-0.339419239154502,-0.339519924132201,-0.339568478714566,-0.339546035790932,-0.339439556138102,-0.339240096971174,-0.338940774468368,-0.338535693480055,-0.338019680810115,-0.337388425228874,-0.336638721324326,-0.335768656960256,-0.334777692883527,-0.333666642717745,-0.332437583199052,-0.331093724775238,-0.329639264759354,-0.328079236572296,-0.326419362191734,-0.324665911140989,-0.322825567546365,-0.320905306134501,-0.31891227788996,-0.316853706064765,-0.314736793152108,-0.312568639261984,-0.310356172087147,-0.308106088364765,-0.305824806462208,-0.303518429473516,-0.301192718022788,-0.298853071838108,-0.296504519083003,-0.294151712405589,-0.29179893067979,-0.289450085458888,-0.287108731230179,-0.284778078642563,-0.282461009969786,-0.280160096165318,-0.277877614956476,-0.275615569512401,-0.273375707300962,-0.271159538822444,-0.268968355972492,-0.266803249843082,-0.264665127818729,-0.262554729866062,-0.260472643949015,-0.258419320529941,-0.256395086139597,-0.254400156016972,-0.252434645833929,-0.250498582530302,-0.248591914292921,-0.246714519717562,-0.24486621619646,-0.243046767576139,-0.241255891131228,-0.239493263899903,-0.237758528425875,-0.236051297950536,-0.234371161097249,-0.232717686087801,-0.231090424528967,-0.229488914804923,-0.227912685108998,-0.226361256146069,-0.224834143534685,-0.223330859935908,-0.221850916933831,-0.220393826690794,-0.218959103398505,-0.217546264544539,-0.216154832012087,-0.214784333029314,-0.213434300983305,-0.212104276112263,-0.210793806088433,-0.209502446503113,-0.208229761264111,-0.206975322915024,-0.205738712884917,-0.204519521676126,-0.203317348997222,-0.202131803847499,-0.200962504558736,-0.199809078799436,-0.198671163546227,-0.197548405026677,-0.196440458637303,-0.195346988840222,-0.194267669041516,-0.193202181454065,-0.192150216947323,-0.191111474886241,-0.190085662961322,-0.189072497011539,-0.188071700841703,-0.187083006035636,-0.186106151766403,-0.185140884604656,-0.18418695832605,-0.183244133718559,-0.182312178390427,-0.181390866579361,-0.180479978963535,-0.17957930247486,-0.17868863011491,-0.177807760773868,-0.176936499052734,-0.176074655089072,-0.175222044386447,-0.174378487647722,-0.17354381061233,-0.172717843897599,-0.17190042284419,-0.171091387365691,-0.170290581802367,-0.16949785477908,-0.168713059067338,-0.167936051451459,-0.167166692598798,-0.166404846933979,-0.16565038251707,-0.164903170925639,-0.164163087140606,-0.163430009435809,-0.16270381927121,-0.161984401189645,-0.161271642717028,-0.160565434265921,-0.15986566904238,-0.159172242955974,-0.1584850545329,-0.157804004832081,-0.15712899736418,-0.156459938013413,-0.155796734962096,-0.155139298617814,-0.154487541543144,-0.153841378387844,-0.153200725823409,-0.152565502479935,-0.151935628885196,-0.151311027405865,-0.1506916221908,-0.150077339116319,-0.149468105733405,-0.148863851216757,-0.14826450631563,-0.147670003306399,-0.147080275946778,-0.146495259431642,-0.145914890350386,-0.145339106645772,-0.144767847574202,-0.144201053667371,-0.143638666695241,-0.143080629630298,-0.142526886613036,-0.141977382918625,-0.141432064924721,-0.140890880080375,-0.140353776875994,-0.139820704814328,-0.139291614382437,-0.138766457024594,-0.138245185116107,-0.137727751938015,-0.137214111652623,-0.136704219279856,-0.136198030674387,-0.135695502503532,-0.135196592225855,-0.134701258070487,-0.134209459017111,-0.133721154776597,-0.133236305772263,-0.132754873121744,-0.132276818619433,-0.131802104719487,-0.131330694519378,-0.130862551743951,-0.130397640729997,-0.129935926411298,-0.129477374304151,-0.129021950493331,-0.128569621618491,-0.12812035486098,-0.127674117931066,-0.12723087905555,-0.126790606965748,-0.126353270885841,-0.125918840521577,-0.125487286049303,-0.125058578105329,-0.124632687775602,-0.12420958658569,0,-0.339395571583645,-0.33951194700195,-0.339592520269223,-0.339612732163714,-0.339553906255118,-0.339404499729796,-0.339156858883073,-0.338804919564298,-0.338343308174825,-0.337767283251798,-0.337073003434908,-0.336257814512153,-0.335320425922596,-0.334260956655271,-0.333080879426978,-0.331782902574818,-0.330370821959022,-0.328849363640324,-0.327224028413401,-0.32550094312243,-0.323686720571677,-0.321788328670431,-0.31981296923336,-0.317767966951103,-0.315660669123809,-0.313498356698052,-0.311288166965716,-0.309037028019148,-0.306751604764203,-0.304438256015542,-0.302103001965136,-0.299751501139183,-0.297389035843881,-0.295020505042583,-0.292650423597715,-0.290282926840719,-0.28792177949218,-0.285570388032982,-0.283231815717995,-0.280908799519738,-0.278603768385868,-0.276318862287361,-0.274055951621346,-0.271816656612159,-0.269602366425444,-0.267414257772662,-0.265253312837526,-0.263120336401847,-0.261015972086909,-0.258940717658289,-0.256894939367988,-0.254878885328376,-0.252892697928705,-0.250936425317357,-0.249010031982245,-0.247113408468383,-0.24524638027613,-0.243408715986331,-0.241600134659915,-0.239820312559811,-0.23806888924244,-0.236345473064899,-0.23464964615226,-0.232980968867501,-0.231338983824363,-0.229723219481179,-0.228133193351336,-0.226568414863723,-0.225028387904154,-0.223512613066567,-0.222020589640582,-0.220551817359983,-0.219105797934725,-0.217682036387213,-0.216280042211912,-0.214899330375697,-0.213539422174907,-0.212199845963633,-0.210880137766518,-0.209579841788149,-0.208298510830033,-0.207035706625157,-0.205791000099185,-0.204563971566517,-0.203354210868677,-0.202161317461741,-0.200984900458923,-0.199824578633802,-0.198679980389169,-0.197550743695943,-0.196436516006193,-0.195336954143877,-0.194251724176534,-0.193180501270835,-0.192122969534605,-0.191078821847612,-0.190047759683222,-0.189029492922732,-0.188023739664035,-0.187030226026058,-0.18604868595024,-0.185078861000204,-0.184120500160572,-0.183173359635826,-0.182237202649936,-0.181311799247433,-0.180396926096466,-0.179492366294347,-0.178597909175978,-0.177713350125512,-0.17683849039153,-0.175973136905983,-0.175117102107071,-0.174270203766225,-0.173432264819303,-0.172603113202067,-0.171782581690029,-0.170970507742658,-0.170166733351989,-0.169371104895606,-0.168583472993978,-0.167803692372117,-0.167031621725488,-0.166267123590137,-0.165510064216937,-0.164760313449898,-0.16401774460845,-0.163282234373607,-0.162553662677931,-0.161831912599188,-0.161116870257619,-0.160408424716709,-0.159706467887364,-0.159010894435402,-0.15832160169225,-0.157638489568757,-0.156961460472016,-0.156290419225109,-0.155625272989679,-0.154965931191225,-0.154312305447045,-0.15366430949672,-0.153021859135069,-0.152384872147476,-0.151753268247514,-0.151126969016776,-0.150505897846853,-0.149889979883351,-0.149279141971912,-0.14867331260613,-0.148072421877319,-0.147476401426053,-0.146885184395412,-0.146298705385883,-0.145716900411836,-0.145139706859536,-0.144567063446619,-0.143998910182989,-0.143435188333073,-0.142875840379388,-0.142320809987376,-0.141770041971451,-0.141223482262214,-0.1406810778748,-0.140142776878307,-0.139608528366267,-0.139078282428126,-0.138551990121688,-0.13802960344649,-0.137511075318079,-0.136996359543147,-0.136485410795496,-0.135978184592812,-0.135474637274197,-0.134974725978456,-0.134478408623089,-0.133985643883977,-0.133496391175727,-0.133010610632663,-0.132528263090421,-0.132049310068146,-0.131573713751258,-0.131101436974769,-0.130632443207123,-0.130166696534562,-0.129704161645969,-0.129244803818196,-0.12878858890185,-0.128335483307511,-0.127885453992388,-0.127438468447379,-0.126994494684526,-0.126553501224857,-0.126115457086592,-0.125680331773704,-0.125248095264832,-0.12481871800251,-0.124392170882731,-0.123968425244809,-0.123547452861542,0,-0.339493060659259,-0.339595036266162,-0.33965326655017,-0.33964154728032,-0.339542663581584,-0.339347028377876,-0.3390482972978,-0.338641131025331,-0.338120604642292,-0.337482387422331,-0.336723124994637,-0.335840746675729,-0.334834613537562,-0.333705521730207,-0.332455608747633,-0.331088208653344,-0.329607688322127,-0.328019282628979,-0.326328936634214,-0.324543157414736,-0.322668875967482,-0.320713319118442,-0.31868389156242,-0.316588068447103,-0.314433299054094,-0.312226922073221,-0.309976092759479,-0.307687721974733,-0.305368426811788,-0.303024492221759,-0.300661842842306,-0.298286024064888,-0.295902191283388,-0.293515106227788,-0.291129139295145,-0.28874827683531,-0.286376132420044,-0.284015961212438,-0.281670676650841,-0.279342868761943,-0.277034823516388,-0.274748542734173,-0.272485764133784,-0.270247981197405,-0.268036462593887,-0.26585227096152,-0.263696280904373,-0.261569196099477,-0.259471565448312,-0.257403798235615,-0.255366178282253,-0.253358877097651,-0.251381966051744,-0.24943542759726,-0.247519165581056,-0.245633014688628,-0.243776749069405,-0.241950090192285,-0.240152713981477,-0.238384257282429,-0.23664432370648,-0.234932488901346,-0.233248305292515,-0.231591306338428,-0.229961010339905,-0.228356923841849,-0.226778544662736,-0.225225364584983,-0.223696871736883,-0.22219255269449,-0.220711894329656,-0.21925438542831,-0.217819518101135,-0.216406789006937,-0.215015700407286,-0.213645761069413,-0.212296487032852,-0.21096740225396,-0.209658039141163,-0.208367938992621,-0.207096652346926,-0.20584373925647,-0.204608769492203,-0.203391322687686,-0.20219098842958,-0.20100736630104,-0.199840065883809,-0.198688706724285,-0.197552918268279,-0.1964323397687,-0.195326620169988,-0.19423541797272,-0.193158401081431,-0.192095246638405,-0.191045640845855,-0.190009278778687,-0.188985864189759,-0.187975109309357,-0.186976734640402,-0.185990468750722,-0.185016048063564,-0.18405321664737,-0.183101726005733,-0.182161334868289,-0.181231808983246,-0.180312920912112,-0.179404449827138,-0.178506181311874,-0.177617907165212,-0.176739425209199,-0.175870539100863,-0.175011058148239,-0.174160797130755,-0.173319576124081,-0.17248722032952,-0.171663559908009,-0.17084842981873,-0.170041669662355,-0.169243123528902,-0.168452639850172,-0.167670071256713,-0.166895274439271,-0.16612811001464,-0.165368442395841,-0.164616139666555,-0.163871073459702,-0.163133118840092,-0.162402154191027,-0.161678061104773,-0.160960724276785,-0.160250031403593,-0.159545873084228,-0.158848142725101,-0.158156736448209,-0.157471553002592,-0.156792493678906,-0.156119462227037,-0.15545236477664,-0.154791109760511,-0.154135607840694,-0.153485771837232,-0.152841516659463,-0.152202759239778,-0.151569418469752,-0.15094141513856,-0.150318671873602,-0.149701113083249,-0.149088664901634,-0.148481255135427,-0.147878813212493,-0.147281270132393,-0.146688558418638,-0.146100612072642,-0.145517366529307,-0.144938758614178,-0.14436472650211,-0.143795209677392,-0.143230148895269,-0.142669486144815,-0.142113164613097,-0.141561128650594,-0.141013323737813,-0.14046969645306,-0.139930194441325,-0.139394766384235,-0.138863361971041,-0.138335931870589,-0.137812427704248,-0.13729280201976,-0.136777008265967,-0.136265000768392,-0.135756734705635,-0.135252166086564,-0.134751251728252,-0.13425394923466,-0.133760216976011,-0.133270014068846,-0.132783300356729,-0.132300036391586,-0.131820183415644,-0.131343703343949,-0.130870558747458,-0.130400712836655,-0.129934129445705,-0.129470773017095,-0.129010608586769,-0.128553601769726,-0.128099718746065,-0.12764892624747,-0.127201191544108,-0.126756482431928,-0.126314767220353,-0.12587601472035,-0.125440194232848,-0.125007275537521,-0.1245772288819,-0.124150024970803,-0.123725634956092,-0.123304030426724,-0.122885183399095,0,-0.339582434904254,-0.339668340955832,-0.339701066150373,-0.339653360230467,-0.339510637001256,-0.339265524016571,-0.338912884311522,-0.338447964308943,-0.337866212294184,-0.337163698300884,-0.33633758212149,-0.335386413244537,-0.334310233427301,-0.333110530759306,-0.33179010802538,-0.33035291431117,-0.328803869248906,-0.327148693828674,-0.325393752458639,-0.32354590673822,-0.321612380212142,-0.319600633553147,-0.317518250161412,-0.315372832587286,-0.313171910335936,-0.310922859522779,-0.308632834602074,-0.306308712075891,-0.303957045774626,-0.301584033026062,-0.299195490819346,-0.296796840928961,-0.294393102888258,-0.291988893683098,-0.289588433062444,-0.287195553422673,-0.284813713305358,-0.282446013645129,-0.280095216007557,-0.277763762160998,-0.27545379442688,-0.273167176347004,-0.270905513292308,-0.268670172714297,-0.266462303807541,-0.264282856409632,-0.26213259901406,-0.260012135812536,-0.257921922716933,-0.255862282338271,-0.253833417921806,-0.251835426254041,-0.249868309570291,-0.247931986500712,-0.246026302099354,-0.24415103700502,-0.242305915785268,-0.240490614515896,-0.238704767648211,-0.236947974215468,-0.235219803428336,-0.233519799707252,-0.231847487197249,-0.230202373808349,-0.228583954822028,-0.226991716101666,-0.225425136942257,-0.223883692592148,-0.222366856477115,-0.220874102154725,-0.219404905024718,-0.217958743819038,-0.216535101893178,-0.215133468338639,-0.213753338934622,-0.21239421695546,-0.211055613848828,-0.209737049798426,-0.20843805418357,-0.207158165946971,-0.205896933880957,-0.204653916841384,-0.203428683897634,-0.202220814426287,-0.201029898155282,-0.199855535164758,-0.198697335850119,-0.197554920852313,-0.196427920959822,-0.195315976986381,-0.194218739628035,-0.193135869302756,-0.192067035975496,-0.191011918971252,-0.18997020677841,-0.188941596844412,-0.187925795365524,-0.186922517072299,-0.185931485012129,-0.184952430330115,-0.183985092049318,-0.18302921685134,-0.18208455885804,-0.18115087941508,-0.180227946877909,-0.179315536400701,-0.178413429728668,-0.177521414994117,-0.176639286516554,-0.175766844607065,-0.174903895377182,-0.174050250552369,-0.173205727290256,-0.172370148003676,-0.171543340188572,-0.170725136256776,-0.169915373373675,-0.169113893300731,-0.168320542242817,-0.167535170700322,-0.16675763332595,-0.165987788786144,-0.165225499627049,-0.16447063214492,-0.163723056260871,-0.162982645399885,-0.162249276373941,-0.161522829269196,-0.160803187337065,-0.160090236889124,-0.159383867195703,-0.158683970388064,-0.157990441364058,-0.157303177697132,-0.156622079548606,-0.155947049583081,-0.155277992886896,-0.154614816889522,-0.153957431287786,-0.153305747972833,-0.152659680959733,-0.152019146319623,-0.151384062114309,-0.150754348333232,-0.150129926832713,-0.149510721277384,-0.148896657083748,-0.148287661365755,-0.147683662882351,-0.147084591986908,-0.146490380578461,-0.145900962054708,-0.14531627126667,-0.144736244474982,-0.144160819307736,-0.143589934719811,-0.14302353095366,-0.14246154950146,-0.141903933068613,-0.141350625538513,-0.140801571938556,-0.140256718407331,-0.139716012162944,-0.139179401472456,-0.138646835622355,-0.138118264890062,-0.137593640516399,-0.137072914679006,-0.136556040466656,-0.136042971854442,-0.135533663679804,-0.135028071619352,-0.134526152166477,-0.134027862609698,-0.133533161011731,-0.133042006189248,-0.132554357693305,-0.132070175790406,-0.131589421444188,-0.131112056297697,-0.130638042656238,-0.130167343470777,-0.129699922321874,-0.129235743404123,-0.128774771511092,-0.128316972020734,-0.127862310881256,-0.127410754597426,-0.126962270217316,-0.126516825319441,-0.126074388000302,-0.125634926862311,-0.125198411002077,-0.12476480999905,-0.124334093904511,-0.123906233230886,-0.123481198941378,-0.123058962439916,-0.122639495561386,-0.122222770562157,0,-0.339663588819175,-0.339731356156618,-0.339734497835125,-0.339646397897206,-0.339456057130113,-0.339158333415176,-0.338749084159744,-0.338223977105661,-0.337578768395653,-0.336809935360522,-0.33591519000048,-0.334893741749176,-0.333746339628818,-0.332475173314916,-0.331083705846937,-0.329576485882491,-0.327958964030778,-0.326237322349022,-0.324418318260166,-0.322509141424768,-0.320517281980484,-0.318450409350266,-0.316316261620977,-0.314122545969822,-0.311876850733563,-0.309586569567076,-0.307258837841732,-0.30490048108949,-0.302517974973226,-0.300117415995698,-0.297704501964502,-0.295284521109471,-0.292862348694789,-0.290442449969225,-0.288028888341589,-0.285625337742703,-0.283235098229094,-0.280861113988304,-0.278505993014192,-0.276172027827507,-0.273861216718593,-0.271575285082939,-0.269315706504856,-0.267083723319332,-0.264880366446975,-0.262706474352277,-0.260562711021882,-0.258449582897932,-0.256367454732771,-0.254316564356165,-0.252297036365742,-0.250308894766246,-0.248352074594255,-0.246426432572939,-0.244531756846704,-0.242667775848806,-0.240834166356575,-0.239030560789183,-0.237256553802169,-0.235511708231499,-0.233795560437987,-0.232107625100542,-0.230447399504141,-0.228814367365738,-0.227208002238526,-0.225627770532257,-0.224073134184587,-0.222543553015831,-0.221038486796972,-0.219557397058431,-0.218099748664804,-0.216665011178711,-0.21525266003489,-0.213862177543851,-0.212493053742708,-0.211144787109205,-0.209816885153534,-0.208508864901168,-0.207220253278739,-0.205950587413828,-0.20469941485853,-0.203466293745689,-0.202250792885854,-0.201052491812203,-0.199870980779969,-0.198705860726256,-0.197556743195521,-0.19642325023547,-0.195305014267614,-0.194201677936298,-0.19311289393959,-0.192038324845074,-0.190977642893236,-0.189930529790846,-0.188896676496468,-0.187875782999966,-0.186867558097679,-0.185871719164718,-0.184887991925662,-0.183916110224783,-0.182955815796758,-0.18200685803872,-0.181068993784377,-0.180141987080808,-0.179225608968472,-0.178319637264879,-0.177423856352277,-0.176538056969681,-0.17566203600947,-0.174795596318757,-0.173938546505677,-0.173090700750699,-0.172251878623043,-0.171421904902226,-0.170600609404773,-0.169787826816065,-0.168983396527309,-0.168187162477574,-0.167398973000835,-0.166618680677956,-0.165846142193512,-0.165081218197381,-0.164323773170976,-0.163573675298041,-0.162830796339871,-0.162095011514872,-0.161366199382312,-0.160644241730172,-0.159929023466965,-0.159220432517401,-0.158518359721792,-0.157822698739058,-0.157133345953241,-0.156450200383393,-0.155773163596731,-0.155102139624946,-0.154437034883566,-0.153777758094244,-0.153124220209893,-0.152476334342545,-0.151834015693848,-0.151197181488099,-0.150565750907724,-0.149939645031107,-0.149318786772685,-0.148703100825232,-0.148092513604233,-0.14748695319428,-0.146886349297414,-0.146290633183336,-0.145699737641412,-0.145113596934413,-0.14453214675391,-0.143955324177282,-0.143383067626244,-0.14281531682687,-0.14225201277103,-0.141693097679193,-0.14113851496455,-0.1405882091984,-0.140042126076745,-0.139500212388064,-0.138962415982205,-0.138428685740356,-0.137898971546064,-0.137373224257241,-0.136851395679146,-0.136333438538279,-0.135819306457172,-0.135308953930035,-0.13480233629922,-0.134299409732487,-0.133800131201021,-0.13330445845819,-0.132812350019008,-0.132323765140272,-0.13183866380136,-0.131357006685655,-0.130878755162571,-0.130403871270173,-0.129932317698348,-0.129464057772525,-0.128999055437907,-0.128537275244219,-0.128078682330925,-0.127623242412922,-0.127170921766673,-0.126721687216785,-0.126275506122993,-0.125832346367552,-0.125392176343013,-0.124954964940378,-0.124520681537609,-0.124089295988491,-0.123660778611823,-0.123235100180938,-0.122812231913536,-0.122392145461809,-0.121974812902869,-0.121560206729446,0,-0.339734972490887,-0.339783143816404,-0.339751805260573,-0.339618716964549,-0.339377097025156,-0.339023796558815,-0.338555369877503,-0.337967739062805,-0.337256924821052,-0.336419838473386,-0.335454792497481,-0.334361697223719,-0.333142031356527,-0.331798689749489,-0.330335784892606,-0.32875844504889,-0.327072626927544,-0.325284946710083,-0.323402527478916,-0.321432860046419,-0.319383675095343,-0.317262825823593,-0.315078181240031,-0.312837530715776,-0.310548500435605,-0.308218482167765,-0.30585457441969,-0.303463535674956,-0.301051749076437,-0.298625197662865,-0.296189449089914,-0.293749648668506,-0.291310519521288,-0.288876368679626,-0.286451098004305,-0.284038218900806,-0.281640869904097,-0.279261836319465,-0.276903571218767,-0.274568217200467,-0.272257628423895,-0.26997339252116,-0.267716852073065,-0.265489125407811,-0.263291126543539,-0.261123584148293,-0.258987059434694,-0.256881962942304,-0.254808570189333,-0.252767036197955,-0.250757408914917,-0.248779641562159,-0.246833603961621,-0.244919092884888,-0.243035841482401,-0.241183527849168,-0.239361782784574,-0.237570196803498,-0.235808326454568,-0.234075699999517,-0.232371822505192,-0.230696180397138,-0.229048245520813,-0.227427478753629,-0.225833333208055,-0.224265257063175,-0.222722696059306,-0.221205095687573,-0.219711903103841,-0.21824256879394,-0.216796548014912,-0.215373302034833,-0.213972299191853,-0.212593015791234,-0.21123493685747,-0.209897556757062,-0.208580379706015,-0.207282920174884,-0.206004703202917,-0.204745264631792,-0.203504151268393,-0.202280920985179,-0.20107514276583,-0.199886396703104,-0.198714273955134,-0.197558376665757,-0.196418317853894,-0.195293721276463,-0.19418422126886,-0.193089462566574,-0.192009100111133,-0.190942798843239,-0.189890233485588,-0.188851088317625,-0.18782505694421,-0.186811842059911,-0.185811155210478,-0.184822716552817,-0.183846254614633,-0.182881506054757,-0.181928215425033,-0.180986134934515,-0.180055024216609,-0.17913465009972,-0.178224786381842,-0.177325213609486,-0.176435718861236,-0.17555609553621,-0.174686143147581,-0.173825667121345,-0.172974478600408,-0.172132394254082,-0.171299236093011,-0.170474831289544,-0.169659012003534,-0.168851615213527,-0.168052482553284,-0.167261460153572,-0.166478398489136,-0.165703152230752,-0.164935580102278,-0.16417554474257,-0.163422912572162,-0.162677553664593,-0.161939341622241,-0.16120815345656,-0.160483869472576,-0.159766373157526,-0.159055551073504,-0.158351292753999,-0.157653490604185,-0.156962039804849,-0.156276838219832,-0.155597786306858,-0.154924787031647,-0.154257745785175,-0.153596570303988,-0.15294117059345,-0.152291458853822,-0.151647349409062,-0.151008758638255,-0.150375604909567,-0.149747808516631,-0.149125291617273,-0.148507978174489,-0.147895793899589,-0.147288666197422,-0.146686524113607,-0.146089298283685,-0.145496920884126,-0.144909325585115,-0.144326447505052,-0.143748223166688,-0.143174590454856,-0.142605488575708,-0.142040858017422,-0.141480640512305,-0.140924779000258,-0.14037321759352,-0.139825901542676,-0.139282777203851,-0.138743792007065,-0.138208894425689,-0.137678033946966,-0.137151161043561,-0.136628227146088,-0.136109184616588,-0.135593986722914,-0.135082587613994,-0.134574942295931,-0.134071006608917,-0.133570737204924,-0.133074091526139,-0.132581027784132,-0.1320915049397,-0.131605482683395,-0.131122921416682,-0.130643782233724,-0.130168026903753,-0.129695617854018,-0.129226518153289,-0.128760691495884,-0.128298102186212,-0.127838715123804,-0.127382495788827,-0.126929410228044,-0.126479425041225,-0.126032507367972,-0.125588624874962,-0.125147745743576,-0.124709838657917,-0.124274872793184,-0.12384281780441,-0.123413643815528,-0.122987321408776,-0.122563821614419,-0.122143115900765,-0.121725176164491,-0.121309974721241,-0.120897484296506,0,-0.33979775846217,-0.339822380492288,-0.339750919284125,-0.339568255629668,-0.339271913838874,-0.338860271225194,-0.338330235938231,-0.337677838697073,-0.336899353227977,-0.335992173014217,-0.334955267406415,-0.333789287213198,-0.332496457328103,-0.331080374569445,-0.329545784293143,-0.327898370265294,-0.326144567827237,-0.324291398921642,-0.322346324291318,-0.320317108815882,-0.318211697765732,-0.316038103377481,-0.313804302145168,-0.311518143590072,-0.309187271199534,-0.306819055908909,-0.304420542095249,-0.301998405656693,-0.29955892342204,-0.297107952892607,-0.294650921164818,-0.292192821808008,-0.289738218463424,-0.287291253972069,-0.284855663916462,-0.28243479356181,-0.280031617295293,-0.277648759779878,-0.275288518155294,-0.272952884729272,-0.270643569703992,-0.268362023574377,-0.266109458915692,-0.263886871347763,-0.261695059522555,-0.259534644031499,-0.25740608516976,-0.255309699527654,-0.253245675405552,-0.251214087068923,-0.249214907875532,-0.24724802231805,-0.245313237033174,-0.243410290833515,-0.241538863821384,-0.239698585644866,-0.237889042956404,-0.23610978613302,-0.234360335315421,-0.232640185820849,-0.230948812981801,-0.229285676459794,-0.227650224080285,-0.226041895231768,-0.224460123869037,-0.222904341157591,-0.22137397779335,-0.219868466029072,-0.218387241436315,-0.216929744429345,-0.215495421575126,-0.214083726711419,-0.212694121893043,-0.211326078184557,-0.209979076315927,-0.208652607216226,-0.207346172438989,-0.206059284491542,-0.20479146707947,-0.203542255276255,-0.202311195627183,-0.201097846195678,-0.199901776559407,-0.198722567762771,-0.1975598122317,-0.196413113656053,-0.195282086844384,-0.194166357555311,-0.193065562309259,-0.191979348183962,-0.190907372596701,-0.18984930307594,-0.188804817024695,-0.187773601477717,-0.186755352854296,-0.185749776708302,-0.184756587476836,-0.183775508228728,-0.182806270413919,-0.181848613614646,-0.180902285299204,-0.179967040578947,-0.179042641969093,-0.178128859153797,-0.17722546875588,-0.176332254111525,-0.175449005050197,-0.174575517679973,-0.173711594178434,-0.172857042589211,-0.172011676624255,-0.171175315471852,-0.170347783610397,-0.169528910627885,-0.168718531047084,-0.167916484156325,-0.167122613845829,-0.16633676844947,-0.165558800591888,-0.16478856704082,-0.164025928564543,-0.163270749794299,-0.162522899091577,-0.161782248420108,-0.161048673222456,-0.160322052301054,-0.159602267703558,-0.158889204612383,-0.158182751238276,-0.157482798717809,-0.156789241014649,-0.156101974824475,-0.15542089948342,-0.154745916879916,-0.154076931369803,-0.153413849694616,-0.152756580902889,-0.152105036274413,-0.151459129247297,-0.150818775347755,-0.150183892122497,-0.149554399073639,-0.148930217596025,-0.148311270916873,-0.147697484037663,-0.14708878367816,-0.146485098222513,-0.145886357667329,-0.145292493571661,-0.144703439008825,-0.144119128519974,-0.143539498069372,-0.142964485001285,-0.14239402799844,-0.141828067041976,-0.141266543372849,-0.140709399454606,-0.140156578937507,-0.139608026623911,-0.139063688434897,-0.138523511378066,-0.137987443516476,-0.137455433938667,-0.136927432729733,-0.136403390943404,-0.135883260575092,-0.135366994535871,-0.134854546627349,-0.134345871517401,-0.133840924716729,-0.133339662556217,-0.132842042165054,-0.132348021449584,-0.131857559072871,-0.131370614434947,-0.130887147653703,-0.130407119546425,-0.129930491611926,-0.129457226013261,-0.128987285561014,-0.128520633697118,-0.128057234479192,-0.127597052565391,-0.127140053199728,-0.126686202197867,-0.126235465933361,-0.125787811324323,-0.125343205820515,-0.124901617390831,-0.124463014511175,-0.124027366152702,-0.123594641770425,-0.123164811292166,-0.122737845107837,-0.12231371405905,-0.121892389429028,-0.121473842932824,-0.121058046707822,-0.120644973304524,-0.120234595677597,0,-0.339853452208357,-0.3398472625192,-0.339729507682473,-0.339492894539018,-0.339138688084007,-0.338666152360424,-0.338072206622543,-0.337352887757389,-0.336504749003082,-0.335525734426065,-0.334415531376743,-0.333175566440593,-0.331808819664979,-0.330319579325875,-0.328713201500074,-0.326995897743329,-0.325174552535549,-0.323256564273878,-0.321249703069412,-0.319161980844174,-0.317001531736206,-0.314776502611471,-0.312494954391656,-0.310164775124206,-0.307793605510866,-0.305388777200537,-0.302957263697174,-0.30050564332404,-0.298040073364252,-0.295566274275778,-0.293089522751244,-0.290614652345093,-0.288146060405891,-0.285687720113299,-0.283243196512471,-0.280815665550921,-0.278407935244248,-0.276022468219968,-0.273661405007504,-0.271326587553512,-0.269019582542812,-0.266741704195071,-0.264494036285722,-0.262277453206663,-0.260092639938628,-0.25794011085378,-0.255820227304946,-0.253733213988173,-0.251679174088909,-0.249658103240152,-0.247669902334261,-0.245714389239588,-0.24379130947945,-0.241900345934734,-0.240041127633294,-0.23821323768955,-0.236416220456799,-0.234649587953014,-0.232912825618498,-0.231205397460965,-0.229526750640539,-0.227876319543961,-0.226253529393998,-0.224657799436856,-0.223088545747151,-0.221545183687022,-0.220027130052973,-0.218533804941311,-0.217064633360425,-0.215619046615711,-0.2141964834907,-0.212796391245805,-0.211418226454187,-0.210061455692435,-0.20872555610209,-0.207410015836543,-0.206114334406446,-0.20483802293549,-0.203580604337258,-0.202341613422802,-0.201120596947606,-0.199917113605758,-0.198730733978314,-0.197561040442141,-0.196407627044858,-0.195270099350889,-0.194148074263122,-0.193041179824155,-0.191949055000681,-0.190871349454178,-0.189807723300665,-0.188757846862019,-0.187721400410998,-0.186698073911906,-0.185687566758537,-0.184689587510893,-0.183703853631911,-0.182730091225318,-0.181768034775541,-0.180817426890498,-0.179878018047925,-0.178949566345856,-0.178031837257691,-0.177124603392284,-0.176227644259351,-0.175340746040449,-0.174463701365727,-0.173596309096584,-0.172738374114337,-0.171889707114942,-0.171050124409805,-0.170219447732667,-0.169397504052525,-0.168584125392547,-0.167779148654892,-0.166982415451355,-0.166193771939732,-0.165413068665783,-0.164640160410683,-0.163874906043823,-0.163117168380824,-0.162366814046632,-0.161623713343543,-0.160887740124026,-0.160158771668178,-0.159436688565694,-0.158721374602181,-0.15801271664969,-0.157310604561318,-0.156614931069734,-0.155925591689512,-0.155242484623108,-0.154565510670374,-0.153894573141468,-0.153229577773035,-0.15257043264755,-0.151917048115678,-0.151269336721573,-0.150627213130968,-0.149990594061976,-0.149359398218483,-0.148733546226036,-0.148112960570136,-0.147497565536825,-0.146887287155499,-0.146282053143844,-0.145681792854812,-0.14508643722557,-0.144495918728325,-0.143910171322966,-0.143329130411446,-0.14275273279383,-0.142180916625955,-0.141613621378619,-0.141050787798266,-0.140492357869078,-0.139938274776438,-0.139388482871706,-0.138842927638252,-0.138301555658697,-0.137764314583319,-0.137231153099573,-0.136702020902688,-0.136176868667288,-0.135655648020006,-0.135138311513053,-0.134624812598695,-0.134115105604615,-0.133609145710114,-0.133106888923132,-0.132608292058039,-0.132113312714188,-0.131621909255183,-0.131134040788845,-0.130649667147839,-0.130168748870956,-0.129691247185001,-0.129217123987283,-0.128746341828672,-0.128278863897214,-0.127814654002268,-0.127353676559159,-0.126895896574323,-0.126441279630918,-0.125989791874899,-0.125541400001528,-0.125096071242308,-0.124653773352322,-0.124214474597965,-0.12377814374506,-0.123344750047329,-0.122914263235224,-0.122486653505088,-0.122061891508655,-0.12163994834285,-0.121220795539904,-0.12080440505776,-0.120390749270758,-0.119979800960594,-0.119571533307547,0,-0.339899822715516,-0.33985533009753,-0.339685049522173,-0.33939052168931,-0.338975657376359,-0.338439885223576,-0.337779840207969,-0.336991523487734,-0.336071834395941,-0.33501935250726,-0.333834544637175,-0.332519641163744,-0.331078377365377,-0.329515715019822,-0.327837593680321,-0.326050722017073,-0.32416240272941,-0.322180380877825,-0.320112707667355,-0.317967615289063,-0.315753401375785,-0.313478323399705,-0.311150504063346,-0.308777848753413,-0.30636797576598,-0.303928159510463,-0.301465286404848,-0.298985822760378,-0.296495793648413,-0.294000771546395,-0.291505873460848,-0.289015765205058,-0.286534671548288,-0.284066391034569,-0.281614314377369,-0.279181445459467,-0.27677042409586,-0.274383549844511,-0.272022806270319,-0.269689885178767,-0.26738621043541,-0.265112961075035,-0.262871093479816,-0.260661362469777,-0.258484341202054,-0.25634043981892,-0.254229922819515,-0.252152925157655,-0.250109467089246,-0.248099467808636,-0.246122757924612,-0.24417909083451,-0.24226815305979,-0.240389573608988,-0.238542932434719,-0.236727768050831,-0.234943584374169,-0.233189856853078,-0.231466037941894,-0.229771561977494,-0.228105849510592,-0.226468311141016,-0.224858350902768,-0.223275369241242,-0.221718765621776,-0.220187940805507,-0.218682298825584,-0.217201248693982,-0.215744205866524,-0.214310593491311,-0.21289984346347,-0.211511397307052,-0.210144706902972,-0.208799235080118,-0.20747445608512,-0.206169855944779,-0.204884932733799,-0.203619196759212,-0.202372170671756,-0.201143389513423,-0.199932400709471,-0.19873876401233,-0.197562051404044,-0.196401846963216,-0.195257746701757,-0.194129358376192,-0.19301630127772,-0.191918206004795,-0.190834714221525,-0.18976547840485,-0.18871016158306,-0.187668437067968,-0.186639988182701,-0.185624507986889,-0.184621699000758,-0.183631272929446,-0.182652950388703,-0.181686460632929,-0.180731541286402,-0.179787938078401,-0.178855404582808,-0.177933701962697,-0.177022598720294,-0.176121870452639,-0.175231299613213,-0.174350675279699,-0.173479792928034,-0.172618454212832,-0.171766466754233,-0.170923643931187,-0.170089804681155,-0.169264773306191,-0.16844837928533,-0.167640457093204,-0.166840846024777,-0.166049390026092,-0.165265937530905,-0.164490341303055,-0.163722458284461,-0.162962149448563,-0.162209279659085,-0.16146371753395,-0.1607253353142,-0.159994008737769,-0.159269616917938,-0.158552042226339,-0.157841170180345,-0.15713688933469,-0.156439091177181,-0.155747670028356,-0.155062522944932,-0.154383549626929,-0.153710652328309,-0.153043735771013,-0.152382707062262,-0.151727475615006,-0.15107795307139,-0.150434053229119,-0.149795691970629,-0.149162787194923,-0.148535258752006,-0.14791302837977,-0.147296019643285,-0.146684157876351,-0.146077370125253,-0.145475585094628,-0.144878733095338,-0.144286745994301,-0.143699557166173,-0.143117101446822,-0.142539315088527,-0.141966135716815,-0.141397502288883,-0.140833355053549,-0.140273635512645,-0.139718286383826,-0.139167251564715,-0.138620476098337,-0.138077906139803,-0.13753948892417,-0.137005172735459,-0.136474906876758,-0.135948641641384,-0.135426328285065,-0.134907918999082,-0.134393366884353,-0.13388262592642,-0.133375650971286,-0.132872397702095,-0.132372822616599,-0.131876883005399,-0.131384536930915,-0.130895743207074,-0.13041046137967,-0.129928651707381,-0.129450275143423,-0.1289752933178,-0.128503668520143,-0.128035363683111,-0.127570342366326,-0.127108568740832,-0.126650007574056,-0.126194624215242,-0.125742384581361,-0.125293255143452,-0.124847202913411,-0.124404195431174,-0.123964200752319,-0.123527187436033,-0.123093124533469,-0.122661981576438,-0.122233728566467,-0.121808335964171,-0.121385774678956,-0.120966016059025,-0.120549031881681,-0.120134794343922,-0.119723276053302,-0.119314450019075,-0.118908289643578,0,-0.339933660755465,-0.339843549209523,-0.339614938807981,-0.339259095214301,-0.338781141833417,-0.338179971790576,-0.33745172942063,-0.336592409390829,-0.335599361281516,-0.334471895649247,-0.333211315593924,-0.331820673226317,-0.330304449335712,-0.328668254018123,-0.326918578649274,-0.325062596120606,-0.323107995612664,-0.321062838995672,-0.31893543057264,-0.316734196426733,-0.314467572732768,-0.312143903965503,-0.309771352386512,-0.307357819978797,-0.304910883485499,-0.302437742628516,-0.299945181061247,-0.297439539201896,-0.294926697812255,-0.292412071022009,-0.289900607430983,-0.28739679792986,-0.284904688942826,-0.282427899895569,-0.279969643834156,-0.277532750253039,-0.275119689324935,-0.272732596855491,-0.2703732994071,-0.268043339146587,-0.265743998069251,-0.263476321336767,-0.261241139538818,-0.259039089748994,-0.256870635295364,-0.254736084206397,-0.252635606324851,-0.250569249106955,-0.248536952142864,-0.246538560448004,-0.244573836584348,-0.242642471676823,-0.240744095393487,-0.238878284959507,-0.237044573274738,-0.235242456203304,-0.233471399101274,-0.231730842645637,-0.230020208024487,-0.228338901544773,-0.226686318710331,-0.225061847819254,-0.223464873126046,-0.221894777610483,-0.220350945391807,-0.218832763823614,-0.217339625301865,-0.215870928815591,-0.214426081267244,-0.213004498587242,-0.211605606664946,-0.210228842116308,-0.208873652906441,-0.207539498843679,-0.206225851960043,-0.204932196791601,-0.203658030570845,-0.202402863342011,-0.201166218009147,-0.199947630325738,-0.19874664883377,-0.197562834759292,-0.196395761870797,-0.195245016306022,-0.194110196372204,-0.192990912324236,-0.191886786124668,-0.190797451189069,-0.18972255211983,-0.188661744431135,-0.187614694267491,-0.186581078117923,-0.185560582527652,-0.184552903808857,-0.183557747751898,-0.182574829338183,-0.181603872455698,-0.180644609618068,-0.179696781687877,-0.178760137604854,-0.177834434119435,-0.176919435532099,-0.176014913438822,-0.175120646482882,-0.174236420113222,-0.173362026349491,-0.172497263553853,-0.171641936209604,-0.170795854706602,-0.16995883513348,-0.16913069907659,-0.168311273425602,-0.167500390185655,-0.166697886295952,-0.165903603454669,-0.165117387950046,-0.1643390904975,-0.163568566082626,-0.162805673809907,-0.16205027675699,-0.161302241834346,-0.160561439650163,-0.159827744380296,-0.159101033643113,-0.158381188379075,-0.157668092734879,-0.156961633952016,-0.15626170225958,-0.155568190771169,-0.154880995385745,-0.154200014692286,-0.1535251498781,-0.152856304640656,-0.152193385102805,-0.151536299731248,-0.150884959258135,-0.150239276605669,-0.149599166813592,-0.14896454696945,-0.148335336141516,-0.147711455314267,-0.14709282732632,-0.14647937681072,-0.145871030137486,-0.145267715358333,-0.144669362153467,-0.144075901780391,-0.143487267024612,-0.142903392152201,-0.142324212864109,-0.141749666252186,-0.141179690756813,-0.140614226126109,-0.140053213376619,-0.139496594755454,-0.138944313703793,-0.138396314821723,-0.137852543834342,-0.137312947559081,-0.136777473874194,-0.136246071688384,-0.135718690911486,-0.135195282426212,-0.134675798060866,-0.134160190563033,-0.133648413574177,-0.13314042160512,-0.132636170012373,-0.132135614975278,-0.131638713473931,-0.131145423267856,-0.130655702875409,-0.130169511553866,-0.129686809280183,-0.129207556732405,-0.128731715271676,-0.128259246924862,-0.127790114367733,-0.127324280908695,-0.126861710473056,-0.1264023675878,-0.125946217366845,-0.12549322549678,-0.125043358223051,-0.124596582336586,-0.124152865160839,-0.123712174539242,-0.123274478823044,-0.122839746859532,-0.122407947980606,-0.121979051991708,-0.121553029161094,-0.121129850209412,-0.120709486299618,-0.120291909027168,-0.11987709041052,-0.11946500288191,-0.119055619278397,-0.118648912833167,-0.118244857167098,0,-0.339953724658062,-0.339808566375658,-0.339516607587407,-0.339096697446374,-0.338553559019526,-0.33788497052631,-0.33708649891252,-0.336154235191403,-0.335086113974931,-0.333882275203726,-0.332544905337181,-0.331077883781181,-0.329486416957123,-0.327776731476708,-0.325955835361294,-0.324031331411609,-0.322011263314926,-0.319903980202004,-0.317718011958886,-0.315461952677298,-0.31314435257941,-0.310773619968897,-0.308357934870207,-0.305905175562803,-0.303422858563296,-0.300918091965791,-0.298397541518527,-0.295867408425545,-0.293333417612386,-0.290800815065106,-0.288274372817665,-0.285758400199492,-0.28325676004121,-0.280772888654111,-0.278309818533808,-0.275870202879568,-0.273456341160303,-0.271070205090468,-0.268713464500691,-0.266387512696861,-0.264093490996769,-0.261832312215281,-0.259604682938077,-0.257411124481067,-0.25525199247907,-0.253127495084351,-0.25103770978448,-0.248982598870993,-0.246962023606532,-0.244975757149611,-0.243023496303785,-0.241104872162497,-0.239219459723047,-0.237366786543339,-0.235546340513933,-0.233757576815736,-0.231999924130764,-0.230272790169996,-0.228575566578641,-0.226907633275301,-0.225268362277601,-0.223657121063023,-0.222073275509934,-0.220516192460186,-0.218985241941266,-0.217479799082726,-0.215999245758596,-0.214542971984665,-0.213110377096902,-0.21170087073483,-0.210313873651485,-0.208948818369493,-0.207605149700929,-0.206282325146919,-0.204979815191339,-0.203697103501557,-0.202433687047835,-0.201189076151844,-0.199962794473639,-0.198754378945485,-0.197563379660019,-0.196389359719429,-0.195231895051633,-0.194090574198735,-0.192964998082481,-0.191854779750887,-0.190759544109729,-0.189678927642144,-0.188612578119223,-0.187560154304093,-0.186521325651704,-0.185495772006218,-0.184483183297683,-0.183483259239421,-0.182495709027361,-0.18152025104238,-0.180556612556548,-0.179604529444027,-0.178663745897246,-0.177734014148881,-0.176815094200038,-0.17590675355499,-0.175008766962698,-0.174120916165322,-0.17324298965383,-0.172374782430807,-0.171516095780462,-0.170666737045863,-0.169826519413336,-0.168995261703966,-0.168172788172126,-0.167358928310898,-0.166553516664279,-0.165756392646029,-0.164967400364997,-0.164186388456785,-0.163413209921562,-0.162647721967878,-0.161889785862288,-0.161139266784612,-0.16039603368866,-0.15965995916824,-0.158930919328269,-0.15820879366082,-0.157493464925924,-0.156784819036966,-0.156082744950502,-0.155387134560339,-0.154697882595709,-0.154014886523399,-0.153338046453669,-0.152667265049825,-0.152002447441294,-0.151343501140073,-0.150690335960412,-0.150042863941607,-0.149400999273776,-0.148764658226503,-0.148133759080225,-0.147508222060263,-0.146887969273384,-0.146272924646787,-0.145663013869426,-0.145058164335559,-0.14445830509045,-0.143863366778122,-0.143273281591083,-0.142687983221942,-0.142107406816845,-0.141531488930643,-0.14096016748374,-0.140393381720529,-0.139831072169374,-0.139273180604063,-0.138719650006672,-0.138170424531785,-0.137625449472023,-0.137084671224807,-0.136548037260335,-0.136015496090695,-0.135486997240095,-0.13496249121614,-0.134441929482134,-0.133925264430356,-0.133412449356275,-0.132903438433662,-0.132398186690573,-0.131896649986154,-0.131398784988255,-0.1309045491518,-0.1304139006979,-0.129926798593675,-0.129443202532753,-0.128963072916424,-0.128486370835423,-0.128013058052323,-0.127543096984499,-0.127076450687662,-0.126613082839926,-0.126152957726394,-0.125696040224238,-0.125242295788268,-0.124791690436951,-0.124344190738887,-0.123899763799696,-0.123458377249335,-0.123019999229799,-0.122584598383206,-0.122152143840257,-0.121722605209042,-0.12129595256419,-0.120872156436354,-0.120451187802004,-0.120033018073533,-0.119617619089655,-0.119204963106091,-0.11879502278652,-0.118387771193808,-0.117983181781482,-0.117581228385455,0,-0.33995793932352,-0.339746872915691,-0.339387644850322,-0.338901573852241,-0.338291427358509,-0.337553490276351,-0.336682800786944,-0.335675716731173,-0.334530912465393,-0.333249450089499,-0.33183443204227,-0.330290556642112,-0.328623726159055,-0.326840746272172,-0.324949103982808,-0.32295679708028,-0.320872192077339,-0.318703896417436,-0.31646063867576,-0.314151155612516,-0.3117840874678,-0.309367883622303,-0.306910720483251,-0.304420432764242,-0.30190445855445,-0.299369797890106,-0.296822984015884,-0.294270066164757,-0.291716602473865,-0.289167661563013,-0.286627831302642,-0.284101233363393,-0.281591542247811,-0.279102007638755,-0.276635479045266,-0.27419443187482,-0.271780994204159,-0.269396973654317,-0.267043883896314,-0.264722970420836,-0.262435235297655,-0.260181460728988,-0.257962231266402,-0.255777954614283,-0.253628880985805,-0.251515121011067,-0.249436662222867,-0.247393384164924,-0.24538507218113,-0.243411429953828,-0.241472090864923,-0.239566628256646,-0.237694564669658,-0.235855380135339,-0.234048519597106,-0.232273399532705,-0.230529413845927,-0.228815939092336,-0.22713233909956,-0.225477969038536,-0.223852178997993,-0.222254317110488,-0.220683732274394,-0.219139776512596,-0.217621807005172,-0.216129187830051,-0.214661291442636,-0.213217499922513,-0.211797206012798,-0.210399813975226,-0.209024740281915,-0.20767141416267,-0.20633927802488,-0.205027787761328,-0.203736412959724,-0.202464637026344,-0.201211957234899,-0.199977884710584,-0.19876194435822,-0.197563674742445,-0.196382627927041,-0.195218369279724,-0.194070477248014,-0.19293854311114,-0.191822170712427,-0.190720976176025,-0.189634587611432,-0.188562644808814,-0.187504798927771,-0.186460712181857,-0.18543005752085,-0.184412518312527,-0.183407788025432,-0.182415569913927,-0.181435576706624,-0.180467530299119,-0.179511161451814,-0.178566209493464,-0.177632422030974,-0.176709554665874,-0.175797370717805,-0.17489564095526,-0.174004143333769,-0.173122662741647,-0.172250990753365,-0.171388925390583,-0.170536270890813,-0.169692837483663,-0.168858441174585,-0.168032903536029,-0.167216051505867,-0.166407717192948,-0.165607737689638,-0.164815954891175,-0.164032215321659,-0.163256369966502,-0.162488274111159,-0.161727787185933,-0.160974772616691,-0.160229097681271,-0.159490633371419,-0.158759254260041,-0.158034838373608,-0.157317267069512,-0.156606424918202,-0.155902199589925,-0.155204481745888,-0.154513164933692,-0.153828145486855,-0.153149322428272,-0.152476597377471,-0.15180987446149,-0.151149060229251,-0.150494063569283,-0.149844795630663,-0.149201169747038,-0.148563101363609,-0.14793050796696,-0.147303309017599,-0.146681425885123,-0.146064781785877,-0.145453301723023,-0.144846912428905,-0.144245542309625,-0.143649121391731,-0.143057581270942,-0.142470855062811,-0.14188887735525,-0.141311584162856,-0.140738912882935,-0.140170802253184,-0.139607192310935,-0.139048024353924,-0.138493240902497,-0.137942785663215,-0.137396603493788,-0.136854640369285,-0.136316843349574,-0.135783160547944,-0.13525354110084,-0.134727935138702,-0.134206293757827,-0.133688568993237,-0.133174713792504,-0.132664681990494,-0.132158428284995,-0.131655908213189,-0.131157078128944,-0.130661895180886,-0.130170317291219,-0.129682303135272,-0.129197812121738,-0.128716804373575,-0.128239240709558,-0.127765082626437,-0.127294292281691,-0.126826832476851,-0.126362666641375,-0.12590175881704,-0.125444073642851,-0.124989576340431,-0.124538232699882,-0.1240900090661,-0.123644872325518,-0.123202789893276,-0.122763729700786,-0.12232766018369,-0.121894550270191,-0.121464369369739,-0.121037087362072,-0.120612674586584,-0.120191101832019,-0.119772340326473,-0.119356361727695,-0.11894313811368,-0.118532641973536,-0.118124846198623,-0.117719724073947,-0.117317249269805,-0.11691739583367,0,-0.339940905355151,-0.339654962092227,-0.33922589480351,-0.338672152193257,-0.33799335817477,-0.33718417961909,-0.336239309359164,-0.335155596491411,-0.333932616344048,-0.332572431671127,-0.331079075206724,-0.329458041203088,-0.327715888972039,-0.325859961449363,-0.323898185580479,-0.321838919387765,-0.319690821270937,-0.317462728855676,-0.315163543209624,-0.312802118971354,-0.310387162815306,-0.307927142846717,-0.305430210875567,-0.302904138617056,-0.300356268003753,-0.297793475097456,-0.295222146588278,-0.292648167550736,-0.290076918960184,-0.287513283423306,-0.284961657611459,-0.282425969978752,-0.279909702476097,-0.277415915121477,-0.274947272442675,-0.272506070962739,-0.270094267044252,-0.267713504542184,-0.265365141834397,-0.263050277903071,-0.26076977722937,-0.258524293338338,-0.256314290892543,-0.254140066282612,-0.252001766702075,-0.249899407724354,-0.247832889422523,-0.245802011089119,-0.243806484624723,-0.241845946671429,-0.239919969571403,-0.238028071232314,-0.236169723981053,-0.234344362485339,-0.232551390819986,-0.230790188751044,-0.229060117307014,-0.227360523702054,-0.225690745671737,-0.224050115277485,-0.222437962231588,-0.220853616790494,-0.219296412260154,-0.217765687153444,-0.216260787036164,-0.21478106609484,-0.213325888456528,-0.211894629287962,-0.210486675698841,-0.209101427471621,-0.207738297638027,-0.206396712920497,-0.205076114054923,-0.203775956009432,-0.202495708112416,-0.201234854101651,-0.19999289210511,-0.198769334562949,-0.197563708099103,-0.196375553350044,-0.195204424757381,-0.194049890330267,-0.192911531382864,-0.191788942251538,-0.190681729995891,-0.189589514087243,-0.188511926087741,-0.187448609322876,-0.186399218549814,-0.185363419623667,-0.184340889163498,-0.183331314219642,-0.18233439194367,-0.181349829262147,-0.180377342555127,-0.179416657340199,-0.178467507962738,-0.177529637292901,-0.176602796429797,-0.175686744413164,-0.174781247942802,-0.173886081105939,-0.173001025112641,-0.172125868039335,-0.17126040458043,-0.170404435808044,-0.169557768939731,-0.168720217114147,-0.167891599174516,-0.16707173945976,-0.16626046760315,-0.165457618338282,-0.16466303131222,-0.163876550905609,-0.163098026059557,-0.162327310109092,-0.161564260622989,-0.160808739249767,-0.160060611569648,-0.15931974695227,-0.15858601841997,-0.157859302516422,-0.157139479180439,-0.156426431624756,-0.155720046219593,-0.155020212380832,-0.154326822462615,-0.153639771654196,-0.152958957880882,-0.152284281708901,-0.15161564625403,-0.150952957093844,-0.150296122183428,-0.149645051774422,-0.14899965833725,-0.148359856486412,-0.147725562908706,-0.147096696294264,-0.14647317727028,-0.145854928337323,-0.145241873808119,-0.144633939748716,-0.144031053921912,-0.143433145732859,-0.142840146176768,-0.142251987788599,-0.141668604594675,-0.141089932066131,-0.140515907074122,-0.139946467846722,-0.139381553927434,-0.138821106135256,-0.138265066526225,-0.137713378356394,-0.137165986046168,-0.136622835145952,-0.136083872303052,-0.135549045229788,-0.135018302672747,-0.134491594383163,-0.13396887108834,-0.133450084464113,-0.132935187108274,-0.132424132514943,-0.131916875049842,-0.131413369926429,-0.13091357318287,-0.1304174416598,-0.129924932978856,-0.12943600552195,-0.128950618411236,-0.128468731489768,-0.127990305302806,-0.12751530107975,-0.127043680716675,-0.12657540675945,-0.126110442387405,-0.12564875139755,-0.125190298189288,-0.124735047749646,-0.124282965638963,-0.123834017977051,-0.12338817142979,-0.122945393196152,-0.122505650995632,-0.122068913056072,-0.121635148101866,-0.121204325342533,-0.120776414461632,-0.120351385606032,-0.119929209375491,-0.119509856812559,-0.11909329939279,-0.118679509015232,-0.118268457993211,-0.117860119045382,-0.11745446528704,-0.11705147022169,-0.116651107732856,-0.116253352076126,0,-0.339896447420157,-0.339529630894616,-0.33902952627743,-0.338407039953303,-0.337658037805276,-0.336775713482808,-0.335754716388879,-0.334592645335089,-0.333290129581806,-0.331850288860302,-0.330278079626098,-0.328579754855539,-0.326762484537449,-0.324834104202226,-0.322802941464818,-0.320677680682707,-0.318467242294425,-0.316180666923839,-0.313827002645953,-0.311415197705947,-0.308954002034938,-0.306451880478025,-0.303916939649169,-0.301356869255042,-0.298778897814848,-0.296189762018109,-0.29359568850368,-0.291002386576387,-0.288415050260388,-0.285838368081343,-0.283276539039128,-0.2807332933524,-0.278211916705118,-0.275715276887345,-0.273245851887058,-0.270805758648084,-0.268396781856609,-0.266020402251579,-0.263677824071458,-0.26137000135069,-0.259097662864457,-0.256861335591009,-0.254661366618177,-0.252497943466503,-0.250371112836957,-0.248280797818306,-0.246226813609043,-0.24420888182274,-0.242226643454938,-0.240279670595067,-0.238367476969372,-0.236489527401013,-0.234645246271992,-0.232834025068827,-0.231055229090307,-0.229308203391487,-0.227592278033606,-0.225906772704944,-0.224251000772984,-0.222624272823613,-0.2210258997387,-0.219455195359058,-0.217911478775835,-0.216394076289538,-0.214902323072373,-0.213435564566307,-0.2119931576462,-0.210574471574565,-0.209178888771936,-0.207805805424481,-0.206454631948327,-0.205124793328122,-0.203815729345541,-0.202526894711863,-0.201257759117231,-0.200007807207882,-0.198776538501457,-0.197563467249337,-0.196368122254049,-0.19519004664881,-0.194028797645537,-0.192883946256897,-0.191755076997304,-0.190641787567239,-0.189543688524669,-0.18846040294693,-0.187391566085995,-0.186336825019652,-0.185295838300804,-0.1842682756068,-0.183253817390415,-0.182252154533881,-0.18126298800715,-0.180286028531372,-0.179320996248431,-0.178367620397197,-0.177425638997053,-0.176494798539139,-0.175574853685624,-0.174665566977276,-0.173766708549485,-0.172878055856857,-0.171999393406404,-0.171130512499355,-0.170271210981522,-0.16942129300215,-0.168580568781142,-0.167748854384519,-0.166925971507959,-0.166111747268247,-0.165306014002439,-0.164508609074556,-0.16371937468958,-0.162938157714569,-0.162164809506652,-0.161399185747692,-0.160641146285406,-0.159890554980713,-0.1591472795611,-0.158411191479791,-0.157682165780501,-0.156960080967581,-0.156244818881338,-0.155536264578334,-0.15483430621648,-0.154138834944727,-0.153449744797173,-0.152766932591415,-0.152090297830967,-0.151419742611581,-0.150755171531321,-0.150096491604213,-0.149443612177351,-0.148796444851291,-0.148154903403611,-0.147518903715499,-0.146888363701241,-0.146263203240494,-0.145643344113216,-0.145028709937147,-0.144419226107741,-0.143814819740429,-0.143215419615126,-0.142620956122886,-0.142031361214616,-0.141446568351753,-0.14086651245883,-0.140291129877854,-0.139720358324408,-0.13915413684542,-0.138592405778512,-0.138035106712876,-0.137482182451617,-0.13693357697548,-0.13638923540793,-0.13584910398151,-0.135313130005434,-0.134781261834362,-0.134253448838303,-0.133729641373613,-0.133209790755024,-0.132693849228683,-0.13218176994614,-0.131673506939268,-0.131169015096054,-0.130668250137245,-0.130171168593805,-0.129677727785155,-0.129187885798161,-0.128701601466842,-0.128218834352773,-0.127739544726149,-0.127263693547492,-0.126791242449965,-0.12632215372228,-0.125856390292178,-0.125393915710441,-0.12493469413544,-0.124478690318182,-0.12402586958784,-0.123576197837754,-0.123129641511876,-0.12268616759165,-0.122245743583305,-0.121808337505549,-0.12137391787765,-0.120942453707883,-0.120513914482337,-0.120088270154067,-0.119665491132574,-0.119245548273608,-0.118828412869275,-0.11841405663844,-0.118002451717422,-0.117593570650955,-0.117187386383425,-0.116783872250351,-0.116383001970127,-0.115984749635991,-0.115589089708228,0,-0.339817946708865,-0.339368254619945,-0.338797061915677,-0.338105000736296,-0.337284202352089,-0.336326779112029,-0.335227727947412,-0.333985665897986,-0.332602406178753,-0.331082153314576,-0.329430758983287,-0.327655184833807,-0.325763159562802,-0.323762965416697,-0.32166329223753,-0.319473118248065,-0.317201597398287,-0.314857947113679,-0.312451337661367,-0.309990787077092,-0.307485065722715,-0.304942613530256,-0.302371471681815,-0.299779229282925,-0.297172984658634,-0.294559320254842,-0.291944289725681,-0.28933341557935,-0.286731695689637,-0.284143617016195,-0.281573174979744,-0.279023897082795,-0.276498869532771,-0.274000765798185,-0.271531876199622,-0.26909413779879,-0.266689163996471,-0.264318273381531,-0.261982517487245,-0.259682707208351,-0.257419437713302,-0.255193111752499,-0.25300396131645,-0.250852067639564,-0.248737379577159,-0.246659730407031,-0.244618853123808,-0.242614394305745,-0.240645926640617,-0.23871296020091,-0.236814952559425,-0.234951317835272,-0.233121434757688,-0.231324653831482,-0.229560303683655,-0.227827696665989,-0.226126133783508,-0.224454909013718,-0.222813313076607,-0.221200636710615,-0.219616173505165,-0.218059222336056,-0.216529089445857,-0.215025090207674,-0.213546550607089,-0.212092808473772,-0.21066321449128,-0.209257133010741,-0.207873942691597,-0.206513036990269,-0.20517382451546,-0.203855729266916,-0.202558190772708,-0.201280664138486,-0.200022620020777,-0.198783544535023,-0.19756293910796,-0.196360320282801,-0.195175219484806,-0.194007182753885,-0.192855770450169,-0.191720556937752,-0.190601130251185,-0.189497091748744,-0.18840805575601,-0.187333649202804,-0.186273511256173,-0.18522729295171,-0.184194656825223,-0.183175276546428,-0.182168836556139,-0.181175031708173,-0.180193566916984,-0.1792241568119,-0.178266525398637,-0.177320405728656,-0.176385539576805,-0.175461677127574,-0.174548576670209,-0.173646004302847,-0.17275373364576,-0.171871545563756,-0.170999227897704,-0.170136575205132,-0.169283388509803,-0.168439475060133,-0.167604648096309,-0.166778726625916,-0.165961535207897,-0.165152903744633,-0.164352667281927,-0.163560665816668,-0.162776744111947,-0.162000751519394,-0.161232541808499,-0.160471973002674,-0.159718907221843,-0.158973210531311,-0.158234752796679,-0.157503407544607,-0.15677905182917,-0.156061566103619,-0.15535083409732,-0.154646742697676,-0.153949181836826,-0.153258044382935,-0.152573226035885,-0.151894625227181,-0.151222143023912,-0.150555683036585,-0.149895151330673,-0.149240456341733,-0.148591508793922,-0.147948221621792,-0.147310509895202,-0.146678290747234,-0.146051483304974,-0.145430008623035,-0.144813789619714,-0.144202751015665,-0.143596819274977,-0.142995922548566,-0.142399990619766,-0.141808954852038,-0.141222748138709,-0.140641304854639,-0.14006456080975,-0.139492453204326,-0.138924920586025,-0.138361902808508,-0.137803340991637,-0.13724917748317,-0.136699355821878,-0.136153820702048,-0.135612517939292,-0.135075394437617,-0.134542398157709,-0.134013478086369,-0.133488584207063,-0.132967667471531,-0.132450679772425,-0.131937573916923,-0.131428303601274,-0.13092282338626,-0.130421088673505,-0.129923055682631,-0.129428681429193,-0.128937923703395,-0.128450741049525,-0.127967092746107,-0.127486938786722,-0.12701023986148,-0.126536957339123,-0.126067053249718,-0.125600490267934,-0.125137231696873,-0.124677241452428,-0.124220484048161,-0.123766924580665,-0.12331652871541,-0.122869262673036,-0.122425093216087,-0.121983987636168,-0.121545913741508,-0.121110839844913,-0.120678734752095,-0.120249567750362,-0.119823308597659,-0.119399927511946,-0.118979395160895,-0.118561682651901,-0.118146761522396,-0.11773460373045,-0.117325181645649,-0.116918468040247,-0.116514436080575,-0.116113059318697,-0.115714311684314,-0.115318167476894,-0.114924601358034,0,-0.339700120305221,-0.339168957887901,-0.338527359635141,-0.337764912865103,-0.336870608470061,-0.335836063528459,-0.334657063890858,-0.333333497851766,-0.331868456569322,-0.330267224544231,-0.328536498911645,-0.326683889428317,-0.324717628226595,-0.322646398817186,-0.320479216598261,-0.318225323032772,-0.315894078481021,-0.313494851918496,-0.311036911569531,-0.308529321814782,-0.305980850910934,-0.303399892519914,-0.30079440250422,-0.298171851192521,-0.295539190418315,-0.292902834049883,-0.290268650397588,-0.287641964740071,-0.285027570199131,-0.282429745270975,-0.279852276456244,-0.277298484598498,-0.274771253722495,-0.272273061347111,-0.269806009423894,-0.267371855215522,-0.264972041575199,-0.262607726216841,-0.260279809676387,-0.257988961757454,-0.255735646331084,-0.253520144421081,-0.251342575555243,-0.249202917400476,-0.24710102372796,-0.245036640774995,-0.243009422084149,-0.241018941909269,-0.239064707282797,-0.237146168840593,-0.235262730499867,-0.233413758083518,-0.23159858698057,-0.229816528928045,-0.228066877994618,-0.226348915841267,-0.224661916328743,-0.223005149536471,-0.221377885252305,-0.219779395987659,-0.218208959567798,-0.216665861342693,-0.215149396059696,-0.213658869435427,-0.212193599460774,-0.210752917469564,-0.20933616899852,-0.207942714463343,-0.206571929673256,-0.205223206204064,-0.203895951647712,-0.202589589754429,-0.201303560481842,-0.200037319963907,-0.198790340411081,-0.197562109951932,-0.196352132425209,-0.195159927130401,-0.19398502854386,-0.19282698600677,-0.191685363390448,-0.190559738743856,-0.189449703927539,-0.188354864237725,-0.187274838023802,-0.186209256301978,-0.185157762367546,-0.18412001140783,-0.183095670117599,-0.182084416318439,-0.181085938583376,-0.180099935867795,-0.179126117147541,-0.178164201064902,-0.177213915583056,-0.176274997649405,-0.175347192868158,-0.17443025518236,-0.173523946565561,-0.172628036723173,-0.17174230280356,-0.170866529118811,-0.170000506875128,-0.169144033912711,-0.168296914454995,-0.167458958867057,-0.16662998342301,-0.165809810082169,-0.164998266273756,-0.164195184689917,-0.163400403086805,-0.162613764093482,-0.161835115028383,-0.161064307723102,-0.160301198353231,-0.159545647276017,-0.158797518874584,-0.158056681408473,-0.157323006870261,-0.156596370848029,-0.155876652393454,-0.155163733895282,-0.154457500957991,-0.153757842285419,-0.153064649569151,-0.152377817381484,-0.151697243072758,-0.151022826672889,-0.150354470796918,-0.149692080554405,-0.149035563462503,-0.148384829362573,-0.147739790340154,-0.147100360648182,-0.146466456633288,-0.145837996665065,-0.145214901068156,-0.144597092057056,-0.143984493673513,-0.143377031726395,-0.14277463373394,-0.142177228868279,-0.141584747902121,-0.140997123157534,-0.140414288456699,-0.139836179074582,-0.139262731693423,-0.138693884358974,-0.138129576438405,-0.137569748579808,-0.137014342673244,-0.136463301813239,-0.135916570262704,-0.135374093418186,-0.134835817776418,-0.134301690902096,-0.133771661396853,-0.133245678869349,-0.132723693906466,-0.132205658045534,-0.131691523747563,-0.131181244371427,-0.130674774148976,-0.130172068161022,-0.129673082314176,-0.129177773318491,-0.128686098665892,-0.128198016609346,-0.127713486142753,-0.127232466981529,-0.126754919543846,-0.126280804932507,-0.125810084917437,-0.125342721918757,-0.124878678990422,-0.124417919804397,-0.123960408635364,-0.123506110345917,-0.123054990372246,-0.122607014710282,-0.122162149902287,-0.121720363023875,-0.121281621671435,-0.120845893949965,-0.12041314846128,-0.119983354292582,-0.119556481005397,-0.11913249862484,-0.118711377629216,-0.118293088939931,-0.117877603911716,-0.117464894323134,-0.117054932367379,-0.116647690643338,-0.116243142146926,-0.115841260262667,-0.115442018755521,-0.115045391762951,-0.114651353787208,-0.114259879687845,0,-0.339537973241455,-0.338930596766643,-0.338219547777256,-0.337385715690124,-0.336416004017734,-0.335302244466104,-0.334041460618785,-0.332635025031576,-0.331087354540229,-0.329404774692685,-0.327594759392827,-0.32566549852388,-0.323625671555378,-0.321484319771114,-0.31925074997254,-0.316934438323681,-0.31454492590108,-0.312091708806701,-0.309584129441026,-0.307031275355516,-0.304441890393016,-0.301824300852927,-0.299186357729674,-0.296535394821181,-0.293878201667324,-0.291221009776282,-0.288569490343512,-0.2859287615904,-0.283303403890995,-0.280697480973387,-0.278114565646347,-0.275557768689464,-0.27302976974,-0.270532849200874,-0.268068920373891,-0.265639561185951,-0.263246045020947,-0.260889370295491,-0.258570288522922,-0.256289330698173,-0.254046831907755,-0.251842954126178,-0.249677707204412,-0.247550968089587,-0.245462498339642,-0.243411960013788,-0.241398930030903,-0.239422913094422,-0.237483353285186,-0.235579644423746,-0.233711139301646,-0.231877157877703,-0.230076994530865,-0.228309924456032,-0.226575209283764,-0.224872101999126,-0.223199851229253,-0.221557704963718,-0.219944913766432,-0.218360733532741,-0.216804427840623,-0.215275269940382,-0.213772544423124,-0.212295548604412,-0.210843593655994,-0.209416005515228,-0.208012125598865,-0.206631311345153,-0.205272936605724,-0.203936391906528,-0.202621084595017,-0.201326438888934,-0.200051895840429,-0.198796913227688,-0.197560965384924,-0.196343542980331,-0.195144152750549,-0.193962317199132,-0.192797574265679,-0.191649476971469,-0.190517593046701,-0.189401504543858,-0.188300807441069,-0.187215111238897,-0.18614403855349,-0.185087224708612,-0.184044317328771,-0.183014975935246,-0.181998871546637,-0.180995686285214,-0.180005112990186,-0.179026854838779,-0.178060624975858,-0.177106146152662,-0.176163150375101,-0.175231378561951,-0.174310580213157,-0.173400513088413,-0.172500942896064,-0.171611642992343,-0.170732394090901,-0.169862983982513,-0.169003207264845,-0.1681528650821,-0.167311764874354,-0.166479720136364,-0.16565655018562,-0.164842079939379,-0.164036139700448,-0.163238564951424,-0.162449196157154,-0.161667878575111,-0.160894462073445,-0.160128800956415,-0.159370753796948,-0.158620183276059,-0.157876956028864,-0.157140942496938,-0.15641201678677,-0.155690056534067,-0.154974942773668,-0.154266559814856,-0.153564795121819,-0.15286953919907,-0.152180685481598,-0.151498130229572,-0.15082177242738,-0.150151513686833,-0.149487258154357,-0.148828912421988,-0.148176385442019,-0.147529588445132,-0.146888434861868,-0.14625284024729,-0.145622722208693,-0.144998000336236,-0.14437859613637,-0.143764432967928,-0.143155435980774,-0.142551532056893,-0.141952649753815,-0.141358719250273,-0.140769672294002,-0.140185442151577,-0.139605963560207,-0.139031172681406,-0.138461007056445,-0.137895405563527,-0.13733430837659,-0.136777656925694,-0.136225393858895,-0.135677463005567,-0.135133809341101,-0.134594378952917,-0.134059119007743,-0.133527977720106,-0.133000904321975,-0.132477849033524,-0.131958763034953,-0.131443598439331,-0.130932308266416,-0.130424846417418,-0.12992116765065,-0.129421227558057,-0.128924982542557,-0.128432389796186,-0.127943407278999,-0.127457993698707,-0.126976108491008,-0.1264977118006,-0.126022764462835,-0.125551227985995,-0.125083064534167,-0.124618236910685,-0.124156708542134,-0.123698443462868,-0.123243406300052,-0.122791562259177,-0.122342877110061,-0.121897317173291,-0.1214548493071,-0.121015440894671,-0.120579059831835,-0.120145674515157,-0.119715253830399,-0.119287767141336,-0.118863184278924,-0.118441475530795,-0.118022611631073,-0.117606563750501,-0.117193303486863,-0.116782802855696,-0.116375034281268,-0.115969970587838,-0.115567584991158,-0.115167851090229,-0.114770742859295,-0.114376234640065,-0.113984301134161,-0.113594917395774,0,-0.339328538850107,-0.338652689641501,-0.33787292846574,-0.336966350775122,-0.335919102398183,-0.334723986386481,-0.333379677435186,-0.331889184188304,-0.330258244313403,-0.328494152733776,-0.326605076366489,-0.32459971344601,-0.322487136316612,-0.320276703818085,-0.317977983027167,-0.315600658412502,-0.31315442734456,-0.310648889278575,-0.308093437312957,-0.305497159164283,-0.302868752122503,-0.300216454273389,-0.297547992533154,-0.294870546848407,-0.29219072917539,-0.289514575448731,-0.286847548581462,-0.284194550527875,-0.281559941533489,-0.278947564852112,-0.276360775400621,-0.273802471027428,-0.27127512527665,-0.268780820726941,-0.266321282165605,-0.263897909021331,-0.261511806621002,-0.259163815957409,-0.256854541756147,-0.254584378713042,-0.252353535839999,-0.25016205890933,-0.248009851026388,-0.245896691389756,-0.243822252319156,-0.241786114645171,-0.239787781563379,-0.237826691059663,-0.23590222701437,-0.234013729091445,-0.232160501515371,-0.230341820834184,-0.228556942761531,-0.226805108184894,-0.225085548421113,-0.223397489794263,-0.22174015760499,-0.220112779554676,-0.218514588682319,-0.216944825866824,-0.215402741942581,-0.213887599471694,-0.212398674212056,-0.21093525631664,-0.209496651295856,-0.208082180771599,-0.206691183048698,-0.205323013526797,-0.203977044973282,-0.202652667675663,-0.201349289489851,-0.200066335798962,-0.198803249395659,-0.197559490299592,-0.196334535520174,-0.195127878773748,-0.193939030163141,-0.192767515826653,-0.191612877562649,-0.190474672435198,-0.189352472365475,-0.188245863713069,-0.187154446850757,-0.186077835735856,-0.185015657480797,-0.183967551925209,-0.182933171211449,-0.181912179365194,-0.180904251882493,-0.179909075324381,-0.17892634692,-0.177955774178962,-0.176997074513543,-0.176049974871148,-0.17511421137738,-0.174189528989928,-0.173275681163405,-0.172372429525188,-0.171479543562249,-0.170596800318903,-0.169723984105351,-0.168860886216874,-0.168007304663468,-0.167163043909717,-0.166327914624656,-0.165501733441369,-0.164684322726056,-0.163875510356281,-0.163075129508121,-0.16228301845193,-0.161499020356411,-0.16072298310072,-0.159954759094308,-0.159194205104204,-0.158441182089473,-0.157695555042559,-0.156957192837241,-0.156225968082955,-0.155501756985193,-0.154784439211764,-0.154073897764641,-0.153370018857187,-0.152672691796509,-0.151981808870745,-0.151297265241048,-0.150618958838084,-0.149946790262837,-0.149280662691539,-0.148620481784541,-0.147966155598955,-0.147317594504901,-0.146674711105197,-0.146037420158347,-0.145405638504675,-0.144779284995468,-0.144158280424999,-0.143542547465295,-0.14293201060354,-0.142326596081981,-0.141726231840249,-0.141130847459963,-0.140540374111537,-0.139954744503089,-0.139373892831343,-0.138797754734472,-0.138226267246758,-0.137659368755016,-0.137096998956703,-0.136539098819623,-0.135985610543182,-0.135436477521104,-0.134891644305566,-0.134351056572675,-0.13381466108924,-0.133282405680778,-0.132754239200704,-0.132230111500661,-0.131709973401929,-0.131193776667881,-0.130681473977432,-0.130173018899453,-0.129668365868088,-0.129167470158966,-0.128670287866244,-0.128176775880463,-0.127686891867181,-0.127200594246348,-0.126717842172397,-0.126238595515016,-0.125762814840585,-0.125290461394238,-0.124821497082534,-0.124355884456714,-0.123893586696512,-0.123434567594505,-0.122978791540984,-0.122526223509316,-0.122076829041784,-0.121630574235892,-0.121187425731103,-0.120747350696003,-0.120310316815881,-0.119876292280691,-0.119445245773398,-0.119017146458687,-0.118591963972021,-0.118169668409035,-0.117750230315258,-0.117333620676146,-0.116919810907412,-0.116508772845654,-0.116100478739253,-0.115694901239551,-0.115292013392278,-0.114891788629236,-0.114494200760224,-0.114099223965192,-0.113706832786623,-0.113317002122131,-0.112929707217264,0,-0.339074061423241,-0.338335328051919,-0.337486865505345,-0.336505705513913,-0.335378563979486,-0.334099942638929,-0.332670506430199,-0.331094974913783,-0.329380347374095,-0.327534787832838,-0.325567062459642,-0.323486306129141,-0.321301933491912,-0.319023585000572,-0.316661060141444,-0.314224227309895,-0.31172291678408,-0.309166808027725,-0.306565321499492,-0.303927522145395,-0.301262038685878,-0.298577000371034,-0.295879991175375,-0.293178020325332,-0.290477507437172,-0.287784280248273,-0.28510358284304,-0.282440092330524,-0.279797942071726,-0.277180749744569,-0.274591648748569,-0.272033321671626,-0.269508034756118,-0.26701767250231,-0.264563771729141,-0.262147554573037,-0.25976996004377,-0.257431673872877,-0.255133156486357,-0.252874669010909,-0.250656297284235,-0.248477973887049,-0.246339498249635,-0.244240554911117,-0.242180730026879,-0.240159526230433,-0.238176375961877,-0.23623065337699,-0.234321684950133,-0.232448758881028,-0.230611133410955,-0.228808044148419,-0.227038710498199,-0.225302341281294,-0.223598139626785,-0.22192530721025,-0.220283047907129,-0.218670570923532,-0.217087093461378,-0.215531842969492,-0.214004059027398,-0.212502994904067,-0.211027918829668,-0.209578115014599,-0.208152884446568,-0.20675154549333,-0.205373434335796,-0.204017905253604,-0.202684330782885,-0.20137210176379,-0.200080627293441,-0.198809334598173,-0.197557668837424,-0.196325092850146,-0.195111086853406,-0.193915148101654,-0.192736790514132,-0.191575544276994,-0.190430955425855,-0.189302585413794,-0.188190010669146,-0.187092822146863,-0.186010624876689,-0.184943037510947,-0.183889691874309,-0.182850232517577,-0.181824316277178,-0.180811611841775,-0.179811799327184,-0.178824569860531,-0.177849625174412,-0.17688667721166,-0.175935447741135,-0.174995667984895,-0.174067078256925,-0.173149427613557,-0.172242473515604,-0.171345981502195,-0.170459724876182,-0.169583484401016,-0.168717048008883,-0.16786021051989,-0.167012773372068,-0.166174544361909,-0.165345337395166,-0.164524972247622,-0.163713274335518,-0.162910074495326,-0.162115208772573,-0.161328518219372,-0.16054984870037,-0.159779050706801,-0.159015979178314,-0.158260493332304,-0.157512456500431,-0.156771735972042,-0.156038202844223,-0.155311731878187,-0.15459220136176,-0.153879492977686,-0.153173491677505,-0.152474085560785,-0.151781165759442,-0.151094626326959,-0.150414364132269,-0.149740278758106,-0.14907227240362,-0.14841024979108,-0.147754118076462,-0.147103786763775,-0.146459167622934,-0.145820174611041,-0.145186723796912,-0.144558733288701,-0.143936123164496,-0.143318815405744,-0.14270673383338,-0.142099804046541,-0.141497953363755,-0.140901110766484,-0.140309206844922,-0.139722173745956,-0.13913994512318,-0.138562456088878,-0.137989643167899,-0.137421444253318,-0.136857798563833,-0.136298646602795,-0.135743930118826,-0.135193592067929,-0.134647576577053,-0.134105828909028,-0.133568295428824,-0.133034923571074,-0.132505661808805,-0.131980459623324,-0.131459267475227,-0.130942036776449,-0.130428719863355,-0.129919269970788,-0.129413641207064,-0.128911788529853,-0.128413667722932,-0.127919235373746,-0.127428448851771,-0.12694126628763,-0.126457646552937,-0.125977549240833,-0.125500934647202,-0.125027763752519,-0.12455799820432,-0.124091600300264,-0.12362853297176,-0.123168759768147,-0.122712244841389,-0.122258952931287,-0.121808849351161,-0.121361899974011,-0.120918071219116,-0.12047733003907,-0.120039643907229,-0.119604980805555,-0.119173309212848,-0.118744598093342,-0.118318816885656,-0.117895935492091,-0.117475924268251,-0.117058754012982,-0.116644395958619,-0.116232821761522,-0.115824003492895,-0.115417913629883,-0.115014525046926,-0.114613811007372,-0.114215745155326,-0.113820301507742,-0.11342745444674,-0.113037178712138,-0.112649449394201,-0.11226424192659,0,-0.338778819627269,-0.337978854729085,-0.337060665928413,-0.336002565874578,-0.334792987178225,-0.333428764180851,-0.33191278540682,-0.330251470116563,-0.328452968592232,-0.326526191647922,-0.324480406786198,-0.322325117654633,-0.320070036415051,-0.317725054080518,-0.315300177902364,-0.312805437554567,-0.310250773558669,-0.307645922223297,-0.30500030800989,-0.302322950142669,-0.299622386846141,-0.296906618142442,-0.294183066565833,-0.291458554230807,-0.288739294217212,-0.286030894054838,-0.283338369094012,-0.280666163666859,-0.278018178128944,-0.275397800091511,-0.272807938388614,-0.270251058556158,-0.267729218820997,-0.265244105801117,-0.262797069298915,-0.26038915572686,-0.258021139838511,-0.255693554548971,-0.253406718719168,-0.251160762850224,-0.248955652689881,-0.24679121079498,-0.244667136124586,-0.242583021759595,-0.240538370858419,-0.238532610966164,-0.236565106798012,-0.234635171617325,-0.232742077326341,-0.23088506338284,-0.229063344650488,-0.227276118284177,-0.225522569744837,-0.223801878031262,-0.222113220209608,-0.220455775314486,-0.21882872768919,-0.217231269826493,-0.215662604765768,-0.214121948096874,-0.212608529616352,-0.211121594676969,-0.209660405267472,-0.208224240855706,-0.20681239902472,-0.205424195928433,-0.204058966590555,-0.202716065067901,-0.201394864496925,-0.200094757040196,-0.198815153747677,-0.197555484345947,-0.196315196966991,-0.195093757826836,-0.193890650863049,-0.19270537733904,-0.191537455422123,-0.190386419741418,-0.189251820930864,-0.18813322516196,-0.187030213670192,-0.185942382278561,-0.184869340921153,-0.183810713169226,-0.182766135761944,-0.181735258143499,-0.180717742008116,-0.17971326085413,-0.178721499548122,-0.177742153899871,-0.176774930248742,-0.175819545061932,-0.174875724544895,-0.17394320426415,-0.173021728782552,-0.172111051307059,-0.171210933348922,-0.170321144396197,-0.16944146159839,-0.168571669463047,-0.167711559564028,-0.166860930261208,-0.166019586431295,-0.165187339209468,-0.164364005741512,-0.163549408946114,-0.162743377286981,-0.161945744554452,-0.161156349656258,-0.160375036417091,-0.159601653386655,-0.158836053655869,-0.158078094680886,-0.157327638114644,-0.156584549645602,-0.155848698843392,-0.155119959011084,-0.154398207043779,-0.153683323293272,-0.152975191438505,-0.152273698361567,-0.151578734028997,-0.150890191378154,-0.150207966208425,-0.149531957077062,-0.148862065199436,-0.148198194353512,-0.147540250788354,-0.146888143136477,-0.146241782329875,-0.145601081519557,-0.144965955998438,-0.14433632312742,-0.143712102264531,-0.143093214696986,-0.142479583576024,-0.141871133854408,-0.141267792226465,-0.140669487070553,-0.14007614839384,-0.139487707779298,-0.138904098334817,-0.138325254644328,-0.137751112720869,-0.137181609961485,-0.136616685103899,-0.136056278184865,-0.135500330500137,-0.134948784565973,-0.134401584082119,-0.133858673896201,-0.13331999996947,-0.132785509343827,-0.132255150110099,-0.131728871377487,-0.131206623244149,-0.130688356768867,-0.130174023943757,-0.129663577667965,-0.129156971722321,-0.128654160744912,-0.128155100207514,-0.127659746392881,-0.127168056372825,-0.126679987987075,-0.126195499822871,-0.125714551195268,-0.125237102128125,-0.124763113335742,-0.124292546205127,-0.12382536277886,-0.123361525738546,-0.122900998388808,-0.122443744641824,-0.121989729002372,-0.121538916553367,-0.121091272941869,-0.120646764365553,-0.120205357559601,-0.119767019784032,-0.11933171881142,-0.118899422915013,-0.118470100857215,-0.118043721878436,-0.117620255686283,-0.117199672445087,-0.116781942765748,-0.116367037695891,-0.11595492871032,-0.115545587701752,-0.11513898697184,-0.114735099222446,-0.114333897547184,-0.113935355423198,-0.11353944670319,-0.113146145607669,-0.112755426717424,-0.112367264966214,-0.111981635633656,-0.111598514338321,0,-0.338444200814064,-0.337583454808332,-0.336593471876312,-0.335455583794653,-0.334160910744482,-0.332709114581577,-0.331105413025284,-0.329357826313048,-0.327475501196469,-0.325467959400699,-0.323344873818781,-0.32111605624087,-0.318791478675795,-0.316381256730351,-0.313895583688799,-0.311344629159247,-0.30873842159804,-0.306086730923326,-0.303398962076082,-0.30068406552613,-0.297950467151653,-0.295206017599276,-0.292457959857725,-0.289712913047004,-0.286976870104398,-0.284255206981214,-0.281552701049789,-0.278873556595542,-0.276221435493294,-0.27359949141388,-0.271010406157853,-0.268456426955301,-0.265939403796109,-0.26346082605817,-0.261021857879466,-0.258623371872916,-0.256265980911047,-0.253950067812591,-0.251675812847257,-0.249443219040754,-0.247252135312202,-0.245102277512954,-0.242993247461841,-0.240924550089112,-0.238895608811617,-0.236905779266716,-0.234954361533233,-0.233040610965592,-0.231163747762978,-0.22932296538955,-0.227517437955068,-0.225746326658019,-0.22400878538592,-0.222303965560037,-0.220631020304515,-0.218989108012959,-0.217377395378903,-0.21579505995043,-0.214241292263425,-0.212715297602625,-0.211216297434722,-0.209743530553269,-0.208296253971045,-0.206873743591807,-0.205475294689934,-0.20410022222344,-0.202747861003014,-0.201417565737259,-0.200108710972048,-0.198820690939855,-0.197552919333117,-0.196304829014023,-0.195075871671676,-0.19386551743621,-0.192673254458334,-0.191498588461638,-0.190341042274138,-0.189200155344618,-0.18807548324865,-0.186966597188453,-0.185873083490203,-0.184794543101852,-0.183730591094077,-0.182680856166543,-0.181644980161341,-0.180622617585101,-0.179613435141035,-0.178617111271914,-0.17763333571475,-0.1766618090678,-0.175702242370325,-0.174754356695399,-0.17381788275597,-0.17289256052422,-0.171978138864249,-0.171074375177971,-0.170181035064103,-0.169297891990025,-0.168424726976292,-0.167561328293512,-0.166707491171294,-0.165863017518938,-0.165027715657531,-0.164201400063092,-0.163383891120416,-0.162575014887241,-0.161774602868381,-0.160982491799453,-0.16019852343985,-0.159422544374578,-0.158654405824629,-0.157893963465537,-0.157141077253775,-0.156395611260672,-0.15565743351353,-0.154926415843634,-0.154202433740855,-0.153485366214556,-0.152775095660526,-0.152071507733675,-0.151374491226235,-0.150683937951205,-0.14999974263083,-0.149321802789859,-0.148650018653387,-0.147984293049054,-0.147324531313417,-0.146670641202297,-0.146022532804919,-0.145380118461674,-0.144743312685338,-0.144112032085587,-0.143486195296657,-0.142865722908011,-0.142250537397868,-0.141640563069469,-0.141035725989956,-0.140435953931739,-0.139841176316246,-0.139251324159943,-0.138666330022528,-0.13808612795719,-0.13751065346285,-0.1369398434383,-0.136373636138136,-0.135811971130424,-0.13525478925602,-0.134702032589457,-0.134153644401349,-0.133609569122232,-0.133069752307783,-0.132534140605363,-0.132002681721817,-0.131475324392484,-0.130952018351361,-0.130432714302375,-0.129917363891709,-0.129405919681154,-0.128898335122417,-0.12839456453237,-0.127894563069186,-0.127398286709331,-0.126905692225372,-0.126416737164578,-0.125931379828257,-0.125449579251837,-0.124971295185617,-0.1244964880762,-0.12402511904855,-0.12355714988867,-0.123092543026862,-0.122631261521552,-0.122173269043654,-0.121718529861458,-0.121267008826015,-0.120818671356999,-0.120373483429034,-0.119931411558466,-0.11949242279055,-0.119056484687061,-0.118623565314288,-0.118193633231412,-0.117766657479246,-0.117342607569326,-0.116921453473342,-0.116503165612889,-0.116087714849535,-0.115675072475188,-0.115265210202753,-0.114858100157067,-0.114453714866107,-0.114052027252452,-0.113653010625001,-0.113256638670926,-0.112862885447858,-0.112471725376304,-0.112083133232266,-0.111697084140085,-0.111313553565473,-0.110932517308744,0,-0.338072465797346,-0.337149012801503,-0.336084184550547,-0.334863263187421,-0.333480827624661,-0.331939690370484,-0.330247365062789,-0.32841329295496,-0.326447430214834,-0.324359769619153,-0.322160301390758,-0.319859094799542,-0.317466351902913,-0.314992391787037,-0.312447574404078,-0.309842188727983,-0.307186328807623,-0.304489774623862,-0.301761887787535,-0.299011526859265,-0.296246983602632,-0.293475939415356,-0.290705440066646,-0.28794188634681,-0.2851910380687,-0.282458028901747,-0.279747389679676,-0.277063078049142,-0.274408512585083,-0.271786609767376,-0.269199822477531,-0.266650178923164,-0.264139321125351,-0.26166854230569,-0.259238822684509,-0.256850863349227,-0.254505117973816,-0.252201822268757,-0.249941021118492,-0.247722593422982,-0.245546274704261,-0.243411677570626,-0.241318310152532,-0.239265592637586,-0.237252872038964,-0.235279435333731,-0.233344521106031,-0.231447329826078,-0.229587032890026,-0.227762780538811,-0.225973708766399,-0.224218945319897,-0.222497614886018,-0.220808843550509,-0.219151762609651,-0.217525511805735,-0.215929242051725,-0.214362117703999,-0.212823318436322,-0.211312040762792,-0.209827499252677,-0.208368927475553,-0.20693557871112,-0.205526726454372,-0.204141664743485,-0.202779708334756,-0.201440192746231,-0.200122474189185,-0.198825929404463,-0.197549955418669,-0.196293969233455,-0.195057407459557,-0.193839725905818,-0.192640399132143,-0.19145891997425,-0.190294799046999,-0.189147564232252,-0.188016760156373,-0.186901947661779,-0.185802703276318,-0.184718618683718,-0.183649300197809,-0.182594368242837,-0.181553456841769,-0.18052621311417,-0.179512296784932,-0.17851137970488,-0.177523145384054,-0.176547288538261,-0.17558351464935,-0.174631539539479,-0.173691088959553,-0.172761898191872,-0.171843711666979,-0.170936282594568,-0.170039372608297,-0.169152751424276,-0.168276196512944,-0.167409492784039,-0.166552432284333,-0.165704813907753,-0.164866443117536,-0.164037131680027,-0.16321669740973,-0.162404963925213,-0.161601760415483,-0.160806921416424,-0.160020286596926,-0.159241700554303,-0.158471012618637,-0.157708076665673,-0.15695275093792,-0.156204897873579,-0.155464383943,-0.154731079492304,-0.154004858593881,-0.153285598903437,-0.152573181523318,-0.151867490871806,-0.151168414558137,-0.150475843262962,-0.149789670624021,-0.149109793126767,-0.148436109999738,-0.147768523114437,-0.147106936889525,-0.14645125819912,-0.145801396285012,-0.145157262672622,-0.144518771090517,-0.143885837393331,-0.143258379487921,-0.142636317262618,-0.142019572519431,-0.141408068909055,-0.140801731868574,-0.140200488561717,-0.139604267821561,-0.139013000095568,-0.138426617392843,-0.137845053233521,-0.137268242600184,-0.136696121891211,-0.136128628875982,-0.135565702651846,-0.135007283602782,-0.134453313359671,-0.133903734762106,-0.133358491821683,-0.132817529686696,-0.132280794608182,-0.131748233907251,-0.131219795943652,-0.130695430085515,-0.130175086680227,-0.129658717026379,-0.129146273346755,-0.128637708762309,-0.12813297726708,-0.127632033704036,-0.127134833741763,-0.126641333852006,-0.126151491288002,-0.125665264063575,-0.12518261093297,-0.124703491371393,-0.124227865556215,-0.123755694348839,-0.123286939277176,-0.12282156251872,-0.122359526884203,-0.121900795801787,-0.121445333301794,-0.120993104001936,-0.120544073093036,-0.120098206325217,-0.119655469994532,-0.119215830930037,-0.118779256481274,-0.118345714506151,-0.11791517335921,-0.117487601880262,-0.117062969383374,-0.116641245646208,-0.116222400899674,-0.115806405817915,-0.115393231508583,-0.114982849503418,-0.114575231749104,-0.114170350598401,-0.113768178801537,-0.113368689497853,-0.112971856207692,-0.112577652824519,-0.112186053607279,-0.111797033172956,-0.111410566489356,-0.11102662886809,-0.110645195957748,-0.110266243737266,0,-0.337665899056717,-0.336675011811837,-0.335531423465773,-0.334223966098725,-0.332751209597962,-0.331119245217753,-0.32933771051425,-0.327417220044024,-0.325368334088977,-0.323201382540122,-0.320926597942324,-0.318554268198927,-0.316094803546424,-0.31355870965378,-0.310956495408158,-0.308298548770631,-0.305595006623411,-0.302855634942943,-0.300089727827131,-0.297306028638178,-0.294512673365864,-0.29171715460326,-0.288926303704207,-0.286146288384779,-0.283382623012641,-0.280640188968903,-0.277923262693647,-0.275235549296331,-0.272580219899409,-0.269959951170209,-0.267376965770211,-0.264833072704195,-0.262329706779035,-0.259867966580635,-0.257448650547059,-0.255072290857127,-0.252739184968798,-0.25044942473303,-0.24820292307961,-0.245999438324602,-0.243838596187612,-0.241719909633599,-0.239642796670942,-0.237606596246971,-0.235610582385858,-0.233653976713276,-0.231735959508494,-0.229855679418819,-0.228012261963997,-0.226204816950122,-0.224432444904067,-0.222694242630829,-0.220989307987739,-0.219316743961232,-0.21767566212414,-0.216065185544113,-0.214484451206929,-0.212932612012161,-0.21140883839284,-0.209912319605409,-0.208442264731442,-0.20699790342816,-0.205578486460774,-0.204183286046097,-0.20281159603355,-0.201462731946796,-0.200136030906552,-0.198830851452762,-0.197546573282197,-0.196282596915601,-0.195038343306832,-0.193813253404884,-0.192606787678335,-0.191418425610534,-0.190247665172756,-0.189094022281601,-0.187957030246047,-0.186836239208805,-0.185731215585953,-0.184641541508248,-0.183566814266944,-0.182506645766546,-0.18146066198646,-0.180428502453185,-0.179409819724361,-0.178404278885726,-0.177411557061774,-0.176431342940742,-0.175463336314332,-0.174507247632451,-0.173562797573109,-0.1726297166275,-0.171707744700221,-0.170796630724453,-0.169896132291934,-0.169006015297423,-0.168126053597382,-0.1672560286825,-0.166395729363713,-0.165544951471316,-0.164703497566754,-0.163871176666697,-0.163047803978939,-0.162233200649731,-0.161427193522098,-0.160629614904721,-0.159840302350977,-0.159059098447709,-0.158285850613344,-0.157520410904938,-0.156762635833802,-0.156012386189301,-0.155269526870492,-0.154533926725246,-0.153805458396508,-0.153083998175395,-0.152369425860796,-0.151661624625193,-0.150960480886414,-0.150265884185035,-0.149577727067178,-0.148895904972454,-0.148220316126801,-0.147550861439998,-0.146887444407635,-0.146229971017321,-0.145578349658946,-0.144932491038791,-0.144292308097323,-0.143657715930481,-0.143028631714313,-0.142404974632788,-0.141786665808649,-0.141173628237153,-0.140565786722576,-0.139963067817346,-0.139365399763683,-0.138772712437643,-0.13818493729543,-0.137602007321903,-0.137023856981151,-0.136450422169059,-0.135881640167767,-0.135317449601936,-0.134757790396747,-0.134202603737547,-0.133651832031068,-0.13310541886816,-0.132563308987955,-0.132025448243417,-0.131491783568196,-0.130962262944747,-0.130436835373654,-0.129915450844095,-0.12939806030542,-0.128884615639773,-0.128375069635728,-0.12786937596289,-0.127367489147415,-0.126869364548427,-0.126374958335268,-0.125884227465573,-0.125397129664119,-0.12491362340242,-0.124433667879037,-0.123957223000578,-0.123484249363348,-0.123014708235644,-0.122548561540638,-0.122085771839855,-0.121626302317204,-0.121170116763542,-0.120717179561756,-0.120267455672337,-0.119820910619427,-0.119377510477327,-0.118937221857433,-0.118500011895601,-0.118065848239917,-0.117634699038848,-0.117206532929776,-0.116781319027883,-0.116359026915392,-0.11593962663113,-0.115523088660421,-0.115109383925281,-0.114698483774912,-0.114290359976483,-0.113884984706185,-0.113482330540552,-0.113082370448035,-0.112685077780825,-0.112290426266915,-0.111898390002385,-0.111508943443911,-0.111122061401491,-0.110737719031364,-0.110355891829141,-0.109976555623117,-0.109599686567773,0,-0.337224349337318,-0.336160392186141,-0.334933516702754,-0.333535938256193,-0.331970540805705,-0.330246616007232,-0.328375626207046,-0.326369063386307,-0.324237884293068,-0.321992637251945,-0.319643739175456,-0.317201670394215,-0.314677034779544,-0.312080510925882,-0.309422739690299,-0.306714187231061,-0.303965009738369,-0.301184934433211,-0.298383163298264,-0.29556830109166,-0.292748306526724,-0.289930464210161,-0.287121374417132,-0.284326957683089,-0.281552471309743,-0.278802535110675,-0.276081164005357,-0.27339180537689,-0.270737379419157,-0.268120320999591,-0.265542621844761,-0.263005872111139,-0.260511300628822,-0.25805981330016,-0.255652029298562,-0.253288314846854,-0.250968814462015,-0.248693479637094,-0.246462094994768,-0.244274301993708,-0.242129620301592,-0.240027466970075,-0.237967173559605,-0.235948001367732,-0.233969154915231,-0.232029793841246,-0.230129043352972,-0.228266003367883,-0.226439756478046,-0.224649374856882,-0.222893926219523,-0.221172478938685,-0.219484106409097,-0.217827890745044,-0.216202925887573,-0.214608320190477,-0.213043198547277,-0.211506704115045,-0.209997999685154,-0.2085162687457,-0.207060716275564,-0.205630569305716,-0.204225077279436,-0.202843512239561,-0.201485168867701,-0.200149364397483,-0.198835438421291,-0.197542752607704,-0.196270690344733,-0.195018656322118,-0.193786076064315,-0.192572395424315,-0.191377080047133,-0.190199614810645,-0.189039503250403,-0.187896266974164,-0.18676944507102,-0.18565859351933,-0.184563284597003,-0.18348310629712,-0.182417661751394,-0.181366568663538,-0.180329458754228,-0.179305977219011,-0.178295782200237,-0.17729854427382,-0.176313945951445,-0.175341681198618,-0.174381454968835,-0.17343298275396,-0.172495990150848,-0.17157021244408,-0.17065539420466,-0.169751288904414,-0.16885765854579,-0.167974273306717,-0.167100911200132,-0.166237357747771,-0.165383405667791,-0.164538854575775,-0.163703510698666,-0.162877186601177,-0.162059700924195,-0.161250878134742,-0.160450548287029,-0.159658546794146,-0.158874714209955,-0.158098896020765,-0.157330942446346,-0.156570708249892,-0.155818052556538,-0.155072838680039,-0.154334933957243,-0.153604209590018,-0.152880540494267,-0.152163805155725,-0.151453885492204,-0.150750666722005,-0.150054037238183,-0.149363888488413,-0.148680114860175,-0.148002613571018,-0.147331284563652,-0.146666030405651,-0.146006756193534,-0.145353369461026,-0.144705780091303,-0.144063900233018,-0.143427644219944,-0.142796928494054,-0.14217167153188,-0.14155179377399,-0.140937217557445,-0.140327867051092,-0.139723668193553,-0.139124548633801,-0.138530437674183,-0.137941266215792,-0.137356966706072,-0.136777473088551,-0.13620272075461,-0.135632646497192,-0.135067188466366,-0.134506286126646,-0.133949880216018,-0.133397912706558,-0.132850326766602,-0.132307066724385,-0.131768078033077,-0.131233307237174,-0.130702701940161,-0.130176210773409,-0.129653783366245,-0.129135370317141,-0.12862092316598,-0.128110394367344,-0.127603737264798,-0.127100906066098,-0.126601855819314,-0.126106542389808,-0.125614922438043,-0.125126953398183,-0.124642593457451,-0.124161801536212,-0.123684537268761,-0.123210760984769,-0.122740433691379,-0.122273517055912,-0.121809973389166,-0.121349765629276,-0.120892857326125,-0.120439212626269,-0.119988796258366,-0.11954157351909,-0.119097510259499,-0.118656572871852,-0.118218728276851,-0.117783943911292,-0.117352187716115,-0.116923428124822,-0.116497634052272,-0.116074774883817,-0.115654820464777,-0.115237741090246,-0.114823507495196,-0.1144120908449,-0.114003462725623,-0.113597595135614,-0.113194460476344,-0.112794031544021,-0.112396281521341,-0.112001183969486,-0.111608712820352,-0.111218842368996,-0.110831547266301,-0.110446802511849,-0.110064583446995,-0.109684865748128,-0.10930762542012,-0.108932838789964,0,-0.336746017662553,-0.335603515764573,-0.334288522687423,-0.332797351707224,-0.331137357429318,-0.329320748613741,-0.327360408674429,-0.32526838700309,-0.323055842932702,-0.320733447748091,-0.318311764324608,-0.315801451595107,-0.313213298634741,-0.310558145305451,-0.307846747311254,-0.305089627235859,-0.302296935995069,-0.299478336512212,-0.296642913630281,-0.293799110029289,-0.290954685866462,-0.28811669902197,-0.285291502622006,-0.282484756603669,-0.279701450322055,-0.276945933501807,-0.274221953165086,-0.271532694503927,-0.26888082399342,-0.26626853335265,-0.263697583245386,-0.26116934586721,-0.258684845787501,-0.25624479860293,-0.253849647115199,-0.251499594871864,-0.249194637008511,-0.246934588406697,-0.244719109238477,-0.24254772800846,-0.240419862231211,-0.238334836898266,-0.236291900897316,-0.234290241548357,-0.232328997419272,-0.230407269577871,-0.228524131429771,-0.226678637282524,-0.224869829766715,-0.223096746234716,-0.221358424247871,-0.219653906253195,-0.217982243541408,-0.216342499569426,-0.214733752722282,-0.213155098581907,-0.211605651763287,-0.210084547372153,-0.2085909421326,-0.207124015227785,-0.205682968892101,-0.204267028788961,-0.202875444204449,-0.201507488083639,-0.200162456933273,-0.198839670611683,-0.197538472024353,-0.196258226741304,-0.194998322550444,-0.193758168959293,-0.192537196655886,-0.191334856938253,-0.190150621120607,-0.188983979923303,-0.187834442852581,-0.1867015375753,-0.185584809293055,-0.184483820119412,-0.183398148463383,-0.182327388421764,-0.181271149182467,-0.180229054440597,-0.179200741828672,-0.178185862362064,-0.177184079900493,-0.176195070626176,-0.175218522539018,-0.174254134969083,-0.173301618106445,-0.172360692548368,-0.171431088863702,-0.170512547174254,-0.169604816752876,-0.168707655637894,-0.167820830263508,-0.166944115105736,-0.166077292343434,-0.165220151533934,-0.164372489302803,-0.163534109047239,-0.162704820652583,-0.161884440221475,-0.161072789815131,-0.160269697206275,-0.159474995643223,-0.158688523624664,-0.157910124684661,-0.15713964718744,-0.156376944131524,-0.155621872962781,-0.15487429539601,-0.154134077244634,-0.153401088258153,-0.152675201966988,-0.151956295534358,-0.151244249614867,-0.150538948219489,-0.149840278586622,-0.149148131058956,-0.148462398965841,-0.147782978510917,-0.147109768664739,-0.146442671062166,-0.145781589904275,-0.14512643186459,-0.144477105999417,-0.143833523662086,-0.143195598420915,-0.142563245980711,-0.141936384107655,-0.141314932557386,-0.140698813006155,-0.140087948984889,-0.139482265816028,-0.138881690553016,-0.138286151922301,-0.137695580267751,-0.137109907497346,-0.136529067032069,-0.135952993756865,-0.135381623973598,-0.134814895355893,-0.134252746905798,-0.133695118912157,-0.133141952910644,-0.13259319164536,-0.132048779031935,-0.131508660122069,-0.130972781069433,-0.13044108909689,-0.12991353246496,-0.129390060441488,-0.128870623272449,-0.128355172153853,-0.12784365920469,-0.127336037440887,-0.126832260750209,-0.126332283868087,-0.125836062354326,-0.125343552570641,-0.124854711659013,-0.124369497520808,-0.123887868796636,-0.12340978484692,-0.122935205733146,-0.122464092199756,-0.121996405656677,-0.121532108162439,-0.121071162407873,-0.120613531700357,-0.120159179948592,-0.119708071647891,-0.119260171865943,-0.118815446229061,-0.118373860908866,-0.117935382609413,-0.117499978554726,-0.117067616476737,-0.116638264603599,-0.116211891648385,-0.11578846679812,-0.115367959703173,-0.114950340466968,-0.114535579636009,-0.114123648190216,-0.113714517533544,-0.113308159484896,-0.112904546269295,-0.112503650509324,-0.112105445216815,-0.111709903784783,-0.111316999979589,-0.110926707933335,-0.110539002136468,-0.110153857430599,-0.109771249001525,-0.109391152372435,-0.109013543397321,-0.108638398254554,-0.108265693440646,0,-0.336227510039853,-0.335002235889647,-0.333594282529276,-0.332006361037278,-0.33025029017515,-0.328340721152268,-0.326291482222182,-0.324114862428286,-0.321822058451416,-0.319423798144117,-0.316930772279449,-0.314353815640961,-0.311703898475951,-0.30899201085476,-0.306229005131033,-0.303425437060695,-0.300591426432679,-0.29773654549529,-0.2948697365469,-0.291999256723259,-0.28913264665189,-0.286276719264361,-0.28343756512559,-0.280620570897579,-0.277830447888846,-0.275071268001772,-0.272346504756378,-0.269659077427793,-0.267011396676503,-0.264405410367526,-0.261842648561076,-0.259324266909429,-0.256851087911063,-0.254423639654202,-0.252042191829691,-0.249706788910609,-0.247417280486903,-0.245173348811414,-0.24297453366265,-0.240820254663209,-0.238709831213881,-0.236642500214978,-0.234617431750635,-0.232633742910617,-0.230690509919118,-0.228786778732296,-0.226921574256948,-0.225093908332338,-0.223302786606468,-0.22154721442727,-0.219826201858673,-0.218138767921417,-0.216483944148935,-0.214860777539754,-0.213268332979573,-0.211705695198652,-0.210171970323169,-0.208666287072915,-0.207187797651964,-0.205735678373788,-0.204309130057619,-0.202907378228651,-0.201529673150923,-0.200175289718336,-0.19884352722621,-0.19753370904312,-0.196245182200293,-0.194977316913724,-0.193729506052227,-0.19250116456293,-0.191291728864235,-0.190100656214862,-0.188927424066456,-0.187771529406143,-0.186632488094508,-0.185509834203624,-0.184403119359065,-0.183311912089158,-0.182235797184217,-0.181174375067967,-0.180127261182974,-0.179094085391506,-0.178074491392932,-0.177068136158487,-0.176074689383999,-0.175093832960955,-0.1741252604661,-0.17316867666966,-0.172223797062076,-0.171290347399114,-0.170368063265062,-0.169456689653699,-0.168555980566625,-0.167665698628537,-0.16678561471896,-0.16591550761994,-0.165055163679174,-0.164204376488058,-0.163362946574094,-0.162530681107135,-0.161707393618904,-0.160892903735281,-0.160087036920801,-0.159289624234867,-0.15850050209916,-0.15771951207576,-0.156946500655492,-0.156181319056041,-0.155423823029387,-0.154673872678115,-0.153931332280213,-0.153196070121922,-0.152467958338286,-0.151746872761019,-0.151032692773337,-0.150325301171431,-0.149624584032243,-0.148930430587256,-0.148242733101995,-0.14756138676096,-0.146886289557745,-0.146217342190055,-0.145554447959424,-0.144897512675368,-0.144246444563785,-0.143601154179378,-0.142961554321914,-0.142327559956131,-0.141699088135114,-0.14107605792698,-0.140458390344704,-0.139846008278944,-0.139238836433709,-0.138636801264752,-0.138039830920545,-0.137447855185714,-0.136860805426829,-0.136278614540423,-0.135701216903157,-0.135128548323997,-0.134560545998354,-0.133997148464055,-0.133438295559085,-0.132883928381015,-0.132333989248029,-0.131788421661493,-0.131247170269983,-0.130710180834709,-0.130177400196286,-0.129648776242763,-0.129124257878894,-0.128603794996551,-0.128087338446271,-0.127574840009859,-0.127066252374011,-0.126561529104914,-0.126060624623781,-0.125563494183273,-0.125070093844782,-0.124580380456529,-0.124094311632452,-0.123611845731833,-0.12313294183966,-0.122657559747664,-0.122185659936029,-0.121717203555729,-0.121252152411473,-0.120790468945235,-0.120332116220343,-0.119877057906103,-0.119425258262941,-0.118976682128033,-0.118531294901419,-0.118089062532564,-0.117649951507359,-0.117213928835548,-0.116780962038552,-0.116351019137685,-0.115924068642742,-0.115500079540947,-0.115079021286247,-0.114660863788932,-0.114245577405585,-0.113833132929328,-0.113423501580374,-0.113016654996854,-0.112612565225927,-0.112211204715147,-0.111812546304087,-0.111416563216211,-0.111023229050976,-0.110632517776165,-0.110244403720441,-0.109858861566105,-0.109475866342067,-0.109095393417008,-0.108717418492733,-0.108341917597707,-0.107968867080767,-0.107598243605004,0,-0.335668678976155,-0.334354107887151,-0.332848498056876,-0.331161168569031,-0.329308105913329,-0.32730576262615,-0.325168402414342,-0.322908264865612,-0.320536459719675,-0.318063737375781,-0.315500917810281,-0.312859017743509,-0.310149186890983,-0.307382553620828,-0.304570046824961,-0.301722230302333,-0.298849165470654,-0.295960306712511,-0.293064428080323,-0.290169577808563,-0.287283056424071,-0.284411414289038,-0.281560464720491,-0.278735309222666,-0.27594037177853,-0.273179439552513,-0.270455707750211,-0.267771826756293,-0.265129950022811,-0.262531781500635,-0.259978621692053,-0.257471411650232,-0.255010774460718,-0.252597053912802,-0.250230350207196,-0.247910552654752,-0.245637369402851,-0.243410354285869,-0.24122893093771,-0.239092414331287,-0.23700002992538,-0.234950930606004,-0.232944211609675,-0.230978923611525,-0.22905408415353,-0.227168687578367,-0.225321713623391,-0.223512134817672,-0.22173892281331,-0.220001053770786,-0.21829751290709,-0.216627298304925,-0.214989424071538,-0.213382922926707,-0.2118068482911,-0.210260275938628,-0.208742305269531,-0.207252060254647,-0.205788690095693,-0.204351369641281,-0.202939299593816,-0.201551706538328,-0.200187842820603,-0.198846986298702,-0.197528439989006,-0.196231531625331,-0.194955613147289,-0.193700060132042,-0.192464271181702,-0.191247667277033,-0.190049691106643,-0.188869806379566,-0.187707497128013,-0.18656226700605,-0.185433638589109,-0.184321152678427,-0.183224367613846,-0.182142858597817,-0.181076217032915,-0.18002404987473,-0.178985979001593,-0.177961640602263,-0.17695068458242,-0.175952773990509,-0.174967584463337,-0.173994803691554,-0.173034130905079,-0.172085276378327,-0.171147960955042,-0.170221915592403,-0.169306880924038,-0.168402606841493,-0.167508852093665,-0.16662538390368,-0.165751977602661,-0.164888416279818,-0.164034490448272,-0.163189997726045,-0.162354742531599,-0.161528535793371,-0.160711194672708,-0.159902542299631,-0.159102407520892,-0.158310624659763,-0.157527033287036,-0.156751478002723,-0.155983808227964,-0.155223878006662,-0.15447154581639,-0.153726674388122,-0.152989130534372,-0.152258784985334,-0.151535512232627,-0.150819190380289,-0.150109701002646,-0.149406929008739,-0.148710762512969,-0.148021092711662,-0.147337813765268,-0.146660822685895,-0.145990019229943,-0.145325305795559,-0.144666587324697,-0.144013771209541,-0.143366767203082,-0.142725487333648,-0.142089845823192,-0.141459759009144,-0.140835145269671,-0.140215924952164,-0.139602020304805,-0.138993355411059,-0.138389856126954,-0.137791450021018,-0.137198066316729,-0.136609635837391,-0.136026090953283,-0.135447365531003,-0.134873394884888,-0.13430411573042,-0.133739466139518,-0.133179385497643,-0.132623814462611,-0.132072694925054,-0.131525969970449,-0.130983583842632,-0.130445481908746,-0.129911610625553,-0.129381917507038,-0.128856351093265,-0.128334860920416,-0.127817397491968,-0.127303912250951,-0.126794357553246,-0.126288686641878,-0.125786853622255,-0.125288813438313,-0.124794521849536,-0.124303935408808,-0.123817011441052,-0.123333708022645,-0.122853983961559,-0.122377798778195,-0.121905112686902,-0.121435886578126,-0.120970082001183,-0.120507661147623,-0.120048586835159,-0.11959282249214,-0.119140332142547,-0.11869108039149,-0.118245032411185,-0.117802153927398,-0.117362411206319,-0.116925771041879,-0.116492200743465,-0.116061668124029,-0.115634141488581,-0.115209589623037,-0.114787981783424,-0.114369287685414,-0.113953477494187,-0.1135405218146,-0.113130391681659,-0.112723058551275,-0.1123184942913,-0.111916671172828,-0.111517561861755,-0.111121139410583,-0.110727377250465,-0.110336249183482,-0.109947729375132,-0.109561792347046,-0.109178412969896,-0.108797566456514,-0.108419228355193,-0.108043374543176,-0.107669981220321,-0.107299024902947,-0.10693048241783,0,-0.335067898507632,-0.333656415799772,-0.332048821474839,-0.330260093019926,-0.328309744809691,-0.326215265250829,-0.323990854570676,-0.321648466430847,-0.319199048910856,-0.316653373740092,-0.314022408144767,-0.311317362737154,-0.308549565065701,-0.305730267645283,-0.302870453177714,-0.299980666236003,-0.297070881206637,-0.294150406688495,-0.291227822612416,-0.288310945185562,-0.285406814772345,-0.282521702233459,-0.279661129745984,-0.276829902620563,-0.274032149095984,-0.27127136552905,-0.268550464810644,-0.265871826225926,-0.263237345333091,-0.26064848275624,-0.25810631106998,-0.25561155919472,-0.25316465392275,-0.250765758358387,-0.248414807184099,-0.246111538763035,-0.243855524161,-0.241646193222306,-0.239482857867928,-0.237364732804884,-0.235290953845722,-0.233260594039128,-0.23127267780916,-0.229326193293092,-0.227420103057801,-0.225553353362913,-0.223724882126541,-0.221933625736679,-0.220178524838898,-0.218458529218851,-0.216772601886738,-0.215119722460129,-0.213498889931679,-0.211909124899122,-0.210349471326642,-0.208818997899129,-0.207316799023981,-0.205841995528963,-0.204393735099014,-0.202971192489972,-0.201573569552652,-0.200200095096751,-0.198850024620459,-0.197522639928477,-0.196217248658313,-0.194933183732164,-0.193669802749508,-0.192426487333474,-0.191202642442336,-0.189997695655907,-0.188811096445201,-0.18764231543255,-0.186490843648256,-0.185356191788936,-0.184237889481874,-0.183135484558963,-0.18204854234321,-0.180976644950186,-0.17991939060635,-0.178876392985745,-0.177847280566204,-0.176831696005891,-0.175829295540745,-0.174839748403151,-0.173862736261991,-0.172897952684034,-0.17194510261653,-0.171003901890709,-0.170074076745845,-0.16915536337343,-0.168247507480961,-0.167350263874797,-0.166463396061502,-0.165586675867064,-0.164719883073378,-0.163862805071337,-0.163015236529916,-0.162176979080602,-0.161347841016532,-0.160527637005731,-0.159716187817828,-0.158913320063658,-0.158118865947163,-0.157332663029043,-0.156554554001587,-0.155784386474182,-0.155022012768973,-0.154267289726199,-0.153520078518727,-0.152780244475344,-0.152047656912368,-0.151322188973175,-0.15060371747525,-0.14989212276438,-0.149187288575642,-0.148489101900845,-0.1477974528621,-0.147112234591211,-0.146433343114606,-0.145760677243512,-0.145094138469134,-0.144433630862566,-0.143779060979217,-0.143130337767515,-0.142487372481679,-0.141850078598363,-0.141218371736968,-0.140592169583459,-0.139971391817499,-0.139355960042739,-0.138745797720125,-0.138140830104057,-0.137540984181267,-0.136946188612295,-0.13635637367542,-0.13577147121295,-0.135191414579735,-0.134616138593817,-0.134045579489108,-0.133479674869998,-0.13291836366781,-0.132361586099005,-0.131809283625074,-0.131261398914016,-0.130717875803346,-0.130178659264562,-0.129643695368997,-0.129112931254993,-0.128586315096351,-0.128063796071987,-0.127545324336735,-0.127030850993273,-0.126520328065086,-0.126013708470454,-0.125510945997393,-0.12501199527953,-0.124516811772852,-0.124025351733312,-0.123537572195233,-0.123053430950494,-0.122572886528456,-0.122095898176601,-0.12162242584185,-0.121152430152529,-0.120685872400975,-0.120222714526724,-0.119762919100288,-0.119306449307475,-0.118853268934242,-0.118403342352056,-0.117956634503739,-0.117513110889787,-0.11707273755513,-0.116635481076326,-0.116201308549177,-0.11577018757673,-0.11534208625767,-0.114916973175075,-0.11449481738553,-0.114075588408573,-0.113659256216477,-0.113245791224334,-0.112835164280456,-0.112427346657056,-0.112022310041209,-0.111620026526094,-0.111220468602478,-0.110823609150467,-0.110429421431486,-0.110037879080495,-0.10964895609843,-0.109262626844859,-0.10887886603084,-0.108497648711989,-0.108118950281733,-0.107742746464752,-0.107369013310604,-0.106997727187516,-0.106628864776351,-0.106262403064729,0,-0.334421386047105,-0.332906207780092,-0.33119295245794,-0.32930163595555,-0.327254349601052,-0.32506878923945,-0.322758647278866,-0.320335426943797,-0.31780989366988,-0.315192869659823,-0.312495500126004,-0.309729203948366,-0.306905482675825,-0.30403569535478,-0.301130852632872,-0.298201450330723,-0.295257345802262,-0.29230767336211,-0.289360792923559,-0.286424265908681,-0.283504853079978,-0.280608529642326,-0.277740513603858,-0.274905303944183,-0.272106725637505,-0.269347979036184,-0.266631691546064,-0.263959969919096,-0.261334451847712,-0.25875635586469,-0.256226528828953,-0.253745490511156,-0.25131347498434,-0.248930468677608,-0.246596245068793,-0.244310396080271,-0.242072360305253,-0.239881448234676,-0.237736864681427,-0.23563772861268,-0.233583090605776,-0.2315719481408,-0.229603258935915,-0.227675952521179,-0.225788940234246,-0.223941123807981,-0.222131402706251,-0.22035868035052,-0.218621869366656,-0.216919895968851,-0.215251703585765,-0.213616255823148,-0.212012538847186,-0.210439563263634,-0.208896365559558,-0.207382009166957,-0.205895585200772,-0.204436212917723,-0.203003039936955,-0.201595242258574,-0.200212024111823,-0.198852617660745,-0.197516282591707,-0.196202305604099,-0.194909999822768,-0.193638704148319,-0.192387782559272,-0.191156623378134,-0.189944638511805,-0.188751262675183,-0.187575952605595,-0.18641818627446,-0.185277462101636,-0.184153298176961,-0.183045231492762,-0.181952817190409,-0.180875627823396,-0.179813252638933,-0.178765296879575,-0.177731381106045,-0.176711140542065,-0.175704224441742,-0.174710295479802,-0.173729029164784,-0.172760113275108,-0.171803247317814,-0.170858142009641,-0.16992451878002,-0.169002109295476,-0.168090655004886,-0.167189906704973,-0.166299624125405,-0.165419575532811,-0.164549537353062,-0.163689293811091,-0.162838636587587,-0.161997364491853,-0.161165283150158,-0.160342204708908,-0.159527947551975,-0.158722336031546,-0.157925200211875,-0.15713637562532,-0.156355703040101,-0.1555830282392,-0.154818201809869,-0.154061078943234,-0.153311519243487,-0.152569386546191,-0.15183454874526,-0.151106877628146,-0.150386248718864,-0.149672541128414,-0.148965637412266,-0.148265423434518,-0.147571788238415,-0.146884623922885,-0.146203825524801,-0.145529290906673,-0.144860920649495,-0.144198617950486,-0.143542288525481,-0.142891840515732,-0.142247184398907,-0.141608232904056,-0.14097490093038,-0.140347105469571,-0.139724765531586,-0.139107802073653,-0.138496137932367,-0.137889697758726,-0.137288407955947,-0.136692196619942,-0.136100993482321,-0.135514729855793,-0.134933338581861,-0.134356753980687,-0.133784911803043,-0.133217749184227,-0.13265520459987,-0.132097217823532,-0.131543729886011,-0.130994683036282,-0.130450020703994,-0.129909687463451,-0.129373628999003,-0.128841792071794,-0.128314124487805,-0.127790575067115,-0.127271093614354,-0.12675563089027,-0.126244138584377,-0.125736569288624,-0.12523287647205,-0.12473301445638,-0.124236938392511,-0.123744604237866,-0.123255968734565,-0.122770989388385,-0.122289624448473,-0.121811832887782,-0.121337574384194,-0.120866809302311,-0.120399498675876,-0.119935604190807,-0.119475088168804,-0.119017913551531,-0.118564043885316,-0.118113443306384,-0.117666076526565,-0.117221908819493,-0.116780906007246,-0.11634303444743,-0.115908261020681,-0.11547655311857,-0.115047878631892,-0.114622205939328,-0.114199503896471,-0.113779741825182,-0.11336288950329,-0.1129489171546,-0.112537795439212,-0.112129495444132,-0.111723988674166,-0.111321247043086,-0.110921242865059,-0.110523948846327,-0.110129338077134,-0.109737384023878,-0.109348060521504,-0.108961341766096,-0.108577202307694,-0.108195617043306,-0.107816561210112,-0.107440010378866,-0.107065940447468,-0.106694327634716,-0.106325148474229,-0.105958379808531,-0.105593998783289,0,-0.3337252538853,-0.332100436291682,-0.330278741381179,-0.328284540594472,-0.326141284270655,-0.323866059463245,-0.321471701342146,-0.318969182940406,-0.316369119144205,-0.313682437043847,-0.3109204981483,-0.308094942760564,-0.305217438305011,-0.302299428309139,-0.299351922064879,-0.296385334889558,-0.293409375927921,-0.290432976322003,-0.287464250229449,-0.284510482045015,-0.281578134227866,-0.278672871039257,-0.275799594219278,-0.272962487227025,-0.270165065185831,-0.26741022814469,-0.264700315700337,-0.262037161422417,-0.259422145882885,-0.256856247405972,-0.254340089924556,-0.251873987552591,-0.249457985663813,-0.247091898408121,-0.244775342703797,-0.24250776882125,-0.240288487727473,-0.238116695394645,-0.235991494295522,-0.233911912316131,-0.231876919315754,-0.229885441557734,-0.227936374224212,-0.226028592214928,-0.224160959415864,-0.222332336608613,-0.220541588176413,-0.218787587748366,-0.217069222909535,-0.215385399091718,-0.2137350427477,-0.212117103900771,-0.210530558151233,-0.208974408212515,-0.207447685041248,-0.205949448618244,-0.204478788430653,-0.203034823699597,-0.201616703392278,-0.200223606052757,-0.198854739481406,-0.197509340289227,-0.196186673349935,-0.194886031169664,-0.193606733191592,-0.192348125050398,-0.191109577789438,-0.189890487051682,-0.188690272253878,-0.187508375751979,-0.186344262004634,-0.185197416740455,-0.184067346133839,-0.182953575993253,-0.181855650965209,-0.180773133756507,-0.179705604376759,-0.178652659402789,-0.177613911266032,-0.176588987563776,-0.175577530394728,-0.174579195719196,-0.173593652743921,-0.172620583331438,-0.171659681433693,-0.170710652549526,-0.169773213205518,-0.168847090459647,-0.167932021427107,-0.167027752827628,-0.166134040553566,-0.165250649258053,-0.164377351962445,-0.163513929682306,-0.162660171071203,-0.161815872081529,-0.160980835641649,-0.160154871348616,-0.159337795175778,-0.158529429194566,-0.1577296013098,-0.156938145007886,-0.156154899117246,-0.155379707580423,-0.154612419237247,-0.153852887618541,-0.153100970749822,-0.152356530964495,-0.151619434726062,-0.15088955245889,-0.150166758387087,-0.149450930381092,-0.148741949811557,-0.148039701410176,-0.147344073137073,-0.14665495605444,-0.145972244206079,-0.145295834502567,-0.144625626611734,-0.143961522854197,-0.14330342810369,-0.142651249691937,-0.142004897317842,-0.14136428296078,-0.140729320797774,-0.14009992712437,-0.139476020279017,-0.138857520570785,-0.138244350210243,-0.137636433243352,-0.137033695488216,-0.136436064474555,-0.135843469385762,-0.135255841003424,-0.13467311165418,-0.13409521515881,-0.133522086783446,-0.132953663192799,-0.13238988240531,-0.131830683750137,-0.131276007825884,-0.130725796460998,-0.130179992675747,-0.129638540645717,-0.129101385666751,-0.12856847412126,-0.128039753445857,-0.127515172100238,-0.126994679537264,-0.126478226174188,-0.125965763364975,-0.125457243373659,-0.124952619348716,-0.124451845298368,-0.12395487606682,-0.123461667311357,-0.122972175480282,-0.122486357791652,-0.122004172212779,-0.121525577440459,-0.121050532881913,-0.120578998636386,-0.1201109354774,-0.119646304835619,-0.119185068782308,-0.11872719001335,-0.118272631833823,-0.117821358143078,-0.117373333420333,-0.116928522710738,-0.116486891611906,-0.116048406260877,-0.115613033321517,-0.115180739972319,-0.114751493894594,-0.114325263261041,-0.113902016724678,-0.113481723408118,-0.113064352893182,-0.112649875210832,-0.112238260831412,-0.111829480655184,-0.111423506003156,-0.11102030860818,-0.110619860606316,-0.110222134528449,-0.109827103292158,-0.109434740193811,-0.109045018900898,-0.108657913444578,-0.108273398212437,-0.107891447941453,-0.107512037711154,-0.107135142936971,-0.106760739363764,-0.106388803059538,-0.106019310409315,-0.105652238109183,-0.105287563160494,-0.104925262864219,0,-0.332974102104713,-0.331236067275859,-0.329304290923664,-0.327207837805872,-0.324970140230657,-0.322606954089127,-0.320130034972116,-0.317549835730352,-0.314876900468529,-0.312122333581047,-0.309297753020344,-0.306415028911546,-0.303485980370651,-0.300522108268065,-0.297534387731571,-0.2945331197777,-0.29152783323602,-0.288527227033561,-0.285539144186324,-0.282570570486878,-0.279627652242971,-0.276715728437309,-0.273839373436883,-0.271002446985747,-0.268208148737805,-0.265459075060607,-0.262757276278371,-0.260104312921494,-0.257501309905995,-0.254949007875469,-0.252447811198566,-0.24999783232781,-0.247598932394042,-0.245250758039682,-0.242952774588929,-0.2407042957196,-0.238504509845038,-0.236352503440243,-0.234247281558373,-0.232187785785604,-0.230172909876908,-0.22820151330492,-0.226272432940533,-0.224384493068462,-0.222536513924887,-0.220727318927964,-0.218955740756133,-0.21722062641398,-0.215520841411158,-0.213855273166685,-0.212222833738745,-0.21062246196909,-0.209053125121051,-0.207513820081129,-0.206003574185966,-0.204521445729192,-0.203066524196107,-0.201637930268323,-0.200234815635303,-0.198856362645099,-0.1975017838225,-0.196170321279149,-0.194861246036978,-0.19357385728343,-0.192307481574437,-0.191061471998891,-0.189835207316368,-0.188628091078154,-0.187439550740086,-0.186269036774414,-0.185116021786691,-0.183979999642703,-0.182860484609544,-0.181757010514192,-0.180669129922239,-0.179596413338872,-0.178538448433697,-0.177494839290561,-0.17646520568317,-0.175449182376985,-0.174446418457606,-0.173456576685658,-0.172479332877973,-0.171514375314735,-0.170561404172124,-0.169620130979896,-0.168690278103237,-0.167771578248213,-0.166863773990037,-0.165966617323381,-0.165079869233931,-0.164203299290355,-0.16333668525587,-0.162479812718594,-0.161632474739862,-0.160794471519717,-0.159965610078793,-0.15914570395583,-0.158334572920083,-0.157532042697905,-0.156737944712827,-0.155952115838445,-0.155174398163505,-0.15440463876855,-0.153642689513555,-0.152888406835987,-0.15214165155875,-0.151402288707515,-0.150670187336938,-0.149945220365321,-0.149227264417252,-0.148516199673841,-0.147811909730121,-0.147114281459269,-0.146423204883276,-0.145738573049733,-0.145060281914415,-0.144388230229364,-0.143722319436178,-0.143062453564251,-0.142408539133689,-0.141760485062678,-0.141118202579065,-0.140481605135942,-0.139850608331026,-0.139225129829647,-0.138605089291151,-0.137990408298555,-0.137381010291294,-0.136776820500895,-0.136177765889437,-0.135583775090661,-0.134994778353605,-0.134410707488621,-0.133831495815684,-0.133257078114858,-0.132687390578835,-0.132122370767429,-0.13156195756395,-0.13100609113335,-0.130454712882077,-0.129907765419541,-0.129365192521118,-0.12882693909264,-0.128292951136267,-0.127763175717717,-0.127237560934762,-0.126716055886941,-0.126198610646449,-0.125685176230124,-0.125175704572506,-0.124670148499907,-0.124168461705446,-0.123670598725022,-0.123176514914162,-0.122686166425725,-0.122199510188416,-0.121716503886071,-0.121237105937689,-0.12076127547818,-0.120288972339782,-0.119820157034144,-0.119354790735025,-0.118892835261593,-0.118434253062302,-0.11797900719932,-0.117527061333475,-0.11707837970972,-0.116632927143076,-0.116190669005042,-0.115751571210455,-0.115315600204774,-0.114882722951785,-0.11445290692169,-0.114026120079586,-0.113602330874309,-0.11318150822762,-0.112763621523738,-0.112348640599195,-0.111936535733,-0.111527277637107,-0.111120837447169,-0.11071718671357,-0.110316297392726,-0.109918141838643,-0.109522692794721,-0.109129923385795,-0.108739807110416,-0.108352317833338,-0.107967429778231,-0.107585117520593,-0.107205355980864,-0.106828120417727,-0.106453386421596,-0.106081129908285,-0.105711327112841,-0.105343954583547,-0.104978989176088,-0.104616408047864,-0.104256188652457,0,-0.332164217620799,-0.330310273643007,-0.328268050186408,-0.326070874893889,-0.323740729156314,-0.321291485989713,-0.318733746362762,-0.316077539416193,-0.313333456271815,-0.31051286024718,-0.307627661849394,-0.304689961519477,-0.301711708513402,-0.298704428523457,-0.295679026358982,-0.29264565319887,-0.289613624831761,-0.286591379033225,-0.283586462845548,-0.280605542702833,-0.277654431878543,-0.274738130777287,-0.271860876342536,-0.269026197447719,-0.266236973657502,-0.263495495221453,-0.260803522600901,-0.258162344227861,-0.255572831546555,-0.253035490689175,-0.250550510387232,-0.248117805920151,-0.245737059058101,-0.243407754071904,-0.241129209965518,-0.238900609142025,-0.23672102274796,-0.234589432958146,-0.232504752468186,-0.230465841457783,-0.228471522278037,-0.226520592101777,-0.224611833759594,-0.222744024966728,-0.22091594612814,-0.219126386891658,-0.217374151602374,-0.215658063795736,-0.213976969852196,-0.212329741922836,-0.210715280223199,-0.209132514781438,-0.20758040671692,-0.20605794911647,-0.204564167567358,-0.20309812039903,-0.201658898679132,-0.200245626003737,-0.19885745811661,-0.1974935823879,-0.196153217178652,-0.194835611114044,-0.193540042285165,-0.192265817396379,-0.191012270872956,-0.189778763941493,-0.188564683693796,-0.187369442143264,-0.18619247528138,-0.185033242140635,-0.18389122386917,-0.182765922821421,-0.181656861668237,-0.180563582529256,-0.179485646129658,-0.178422630982922,-0.177374132600744,-0.176339762730882,-0.17531914862338,-0.174311932325323,-0.173317770004072,-0.17233633129871,-0.171367298699285,-0.170410366953304,-0.16946524249884,-0.168531642923504,-0.167609296448512,-0.166697941437002,-0.16579732592574,-0.164907207179324,-0.164027351266005,-0.163157532654217,-0.162297533828925,-0.161447144926938,-0.160606163390291,-0.159774393636883,-0.15895164674754,-0.15813774016871,-0.157332497430025,-0.156535747875998,-0.155747326411132,-0.154967073257768,-0.154194833726021,-0.153430457995176,-0.152673800905949,-0.151924721763054,-0.151183084147523,-0.15044875573828,-0.14972160814247,-0.14900151673409,-0.148288360500473,-0.14758202189622,-0.146882386704178,-0.146189343903097,-0.145502785541607,-0.144822606618189,-0.144148704966816,-0.143480981147974,-0.142819338344778,-0.142163682263907,-0.141513921041131,-0.140869965151164,-0.140231727321632,-0.139599122450954,-0.138972067529909,-0.138350481566731,-0.137734285515525,-0.137123402207858,-0.136517756287344,-0.135917274147099,-0.13532188386989,-0.134731515170879,-0.1341460993428,-0.133565569203479,-0.132989859045564,-0.13241890458836,-0.131852642931674,-0.131291012511572,-0.130733953057942,-0.130181405553805,-0.129633312196262,-0.129089616359022,-0.128550262556418,-0.128015196408865,-0.127484364609672,-0.126957714893153,-0.126435196003982,-0.125916757667732,-0.125402350562544,-0.124891926291872,-0.124385437358263,-0.123882837138122,-0.123384079857417,-0.122889120568286,-0.122397915126503,-0.121910420169767,-0.121426593096784,-0.120946392047092,-0.120469775881621,-0.11999670416393,-0.119527137142117,-0.119061035731356,-0.118598361497039,-0.11813907663851,-0.117683143973342,-0.117230526922159,-0.116781189493971,-0.116335096271991,-0.11589221239993,-0.11545250356875,-0.115015936003839,-0.11458247645261,-0.114152092172503,-0.113724750919366,-0.113300420936207,-0.112879070942299,-0.112460670122636,-0.112045188117699,-0.111632595013556,-0.111222861332252,-0.110815958022494,-0.110411856450622,-0.110010528391841,-0.10961194602172,-0.109216081907934,-0.108822909002258,-0.10843240063278,-0.108044530496344,-0.107659272651209,-0.107276601509915,-0.106896491832344,-0.106518918718981,-0.106143857604357,-0.105771284250668,-0.105401174741576,-0.105033505476167,-0.104668253163079,-0.104305394814776,-0.103944907741982,-0.103586769548251,0,-0.331292821551714,-0.329320580043843,-0.327168890866162,-0.324873323869519,-0.322453062763192,-0.319919778356101,-0.317282995017183,-0.314552489809101,-0.311739043709986,-0.308854360226177,-0.305910668978428,-0.302920290793497,-0.299895275384122,-0.296847135433698,-0.293786666306085,-0.290723832479741,-0.287667703711026,-0.284626428066905,-0.281607232539272,-0.278616444412269,-0.275659528113591,-0.272741133283066,-0.269865150501406,-0.267034771695459,-0.264252552747858,-0.261520476313466,-0.258840013283551,-0.256212181734057,-0.253637602539589,-0.251116551125961,-0.24864900507141,-0.246234687453098,-0.243873105976643,-0.241563588028637,-0.239305311862053,-0.237097334168656,-0.234938614316649,-0.232828035540933,-0.230764423371498,-0.228746561576066,-0.226773205878666,-0.224843095698398,-0.222954964133649,-0.221107546397552,-0.219299586891302,-0.217529845083477,-0.215797100346106,-0.214100155882119,-0.212437841863917,-0.210809017889313,-0.20921257484883,-0.207647436287329,-0.206112559333045,-0.204606935258274,-0.203129589728092,-0.20167958278644,-0.200256008622738,-0.198857995156621,-0.197484703473557,-0.196135327139729,-0.194809091420814,-0.193505252425854,-0.192223096194514,-0.19096193774336,-0.189721120084526,-0.188500013228111,-0.187298013177892,-0.186114540928386,-0.184949041469956,-0.183800982807478,-0.182669854997069,-0.181555169204487,-0.180456456788073,-0.179373268408401,-0.178305173166296,-0.177251757770363,-0.176212625734753,-0.175187396607588,-0.174175705230123,-0.173177201026528,-0.172191547323936,-0.171218420702272,-0.170257510373207,-0.169308517587521,-0.168371155070038,-0.167445146481266,-0.166530225904803,-0.165626137359567,-0.164732634335879,-0.163849479354409,-0.162976443547033,-0.16211330625861,-0.16125985466875,-0.160415883432635,-0.159581194339978,-0.158755595991259,-0.157938903490363,-0.157130938152821,-0.156331527228848,-0.155540503640425,-0.154757705731698,-0.153982977032007,-0.153216166030866,-0.152457125964276,-0.151705714611769,-0.150961794103604,-0.15022523073758,-0.149495894804946,-0.148773660424926,-0.148058405387387,-0.147350011003229,-0.146648361962065,-0.145953346196807,-0.145264854754795,-0.144582781675112,-0.143907023871747,-0.143237481022318,-0.142574055462035,-0.141916652082642,-0.141265178236062,-0.140619543642519,-0.139979660302874,-0.139345442414986,-0.138716806293858,-0.138093670295401,-0.137475954743612,-0.136863581860995,-0.136256475702064,-0.135654562089769,-0.135057768554697,-0.134466024276908,-0.133879260030282,-0.133297408129239,-0.132720402377731,-0.132148178020378,-0.131580671695659,-0.13101782139105,-0.130459566400009,-0.129905847280739,-0.129356605816618,-0.128811784978247,-0.128271328887008,-0.127735182780087,-0.12720329297688,-0.126675606846725,-0.126152072777887,-0.125632640147761,-0.12511725929421,-0.124605881488011,-0.12409845890634,-0.123594944607263,-0.123095292505184,-0.122599457347201,-0.122107394690346,-0.121619060879645,-0.121134413026995,-0.120653408990788,-0.120176007356281,-0.11970216741666,-0.119231849154767,-0.118765013225485,-0.118301620938724,-0.117841634243002,-0.117385015709591,-0.116931728517199,-0.11648173643718,-0.11603500381923,-0.115591495577568,-0.115151177177577,-0.114714014622871,-0.114279974442803,-0.113849023680358,-0.113421129880452,-0.112996261078589,-0.11257438578989,-0.112155472998457,-0.111739492147075,-0.111326413127225,-0.110916206269409,-0.11050884233377,-0.110104292500989,-0.10970252836346,-0.109303521916725,-0.108907245551162,-0.108513672043915,-0.108122774551059,-0.107734526599991,-0.107348902082033,-0.106965875245255,-0.106585420687485,-0.106207513349526,-0.105832128508554,-0.105459241771697,-0.105088829069793,-0.104720866651307,-0.10435533107642,-0.103992199211268,-0.103631448222338,-0.103273055571002,-0.1029169990082,0,-0.330357337288925,-0.32826497058601,-0.326006156269669,-0.323615167526207,-0.321107320981295,-0.318492036464811,-0.315777983322791,-0.312974915121929,-0.310093955425001,-0.307147219356031,-0.304147267945375,-0.301106620348598,-0.298037388744004,-0.294951030089213,-0.291858188755549,-0.288768604822754,-0.285691069136221,-0.282633412150478,-0.279602517679796,-0.276604355169263,-0.273644025559501,-0.270725816723499,-0.26785326510332,-0.265029220720141,-0.262255913234151,-0.259535017204299,-0.25686771513563,-0.254254757293211,-0.251696517598682,-0.24919304520489,-0.246744111567268,-0.24434925300197,-0.242007808846856,-0.239718955429313,-0.237481736102023,-0.235295087640613,-0.233157863311698,-0.23106885292094,-0.229026800142406,-0.227030417415968,-0.225078398680997,-0.223169430194097,-0.221302199657317,-0.219475403862167,-0.217687755034312,-0.215937986044603,-0.214224854634159,-0.212547146784776,-0.210903679350931,-0.20929330205611,-0.207714898943993,-0.206167389364119,-0.204649728561897,-0.203160907934191,-0.20169995500397,-0.200265933160727,-0.198857941207302,-0.197475112748423,-0.196116615451558,-0.194781650206515,-0.193469450206566,-0.192179279970656,-0.19091043432342,-0.189662237347249,-0.188434041318479,-0.187225225637852,-0.186035195763774,-0.184863382155405,-0.183709239231376,-0.182572244348855,-0.181451896806697,-0.180347716875637,-0.179259244857763,-0.178186040176923,-0.177127680501193,-0.176083760898113,-0.17505389302303,-0.174037704340584,-0.173034837379108,-0.172044949017526,-0.171067709804146,-0.170102803306611,-0.169149925492178,-0.168208784137399,-0.167279098266215,-0.166360597615459,-0.1654530221267,-0.164556121463369,-0.163669654552109,-0.16279338914727,-0.16192710141752,-0.161070575553533,-0.160223603395744,-0.159385984081211,-0.158557523708616,-0.157738035020511,-0.156927337101908,-0.15612525509439,-0.155331619924913,-0.154546268048535,-0.153769041204333,-0.1529997861838,-0.152238354611049,-0.151484602734197,-0.150738391227311,-0.149999585002356,-0.149268053030586,-0.148543668172882,-0.14782630701853,-0.147115849731995,-0.146412179907253,-0.145715184429257,-0.145024753342167,-0.144340779723972,-0.143663159567148,-0.142991791665044,-0.142326577503672,-0.141667421158628,-0.141014229196849,-0.140366910582972,-0.139725376590035,-0.139089540714294,-0.138459318593954,-0.137834627931579,-0.137215388420033,-0.13660152167172,-0.135992951151004,-0.1353896021096,-0.134791401524819,-0.134198278040506,-0.13361016191054,-0.133026984944762,-0.132448680457225,-0.131875183216634,-0.131306429398876,-0.130742356541543,-0.130182903500339,-0.129628010407296,-0.129077618630689,-0.128531670736598,-0.127990110452015,-0.127452882629434,-0.126919933212848,-0.126391209205103,-0.12586665863652,-0.125346230534755,-0.124829874895815,-0.124317542656199,-0.123809185666094,-0.123304756663594,-0.122804209249889,-0.122307497865376,-0.121814577766662,-0.121325405004416,-0.120839936402024,-0.120358129535026,-0.11987994271129,-0.1194053349519,-0.118934265972717,-0.118466696166598,-0.118002586586232,-0.117541898927571,-0.117084595513841,-0.116630639280094,-0.116179993758282,-0.115732623062845,-0.115288491876769,-0.11484756543812,-0.114409809527009,-0.113975190452995,-0.113543675042888,-0.113115230628952,-0.112689825037481,-0.112267426577736,-0.111848004031237,-0.11143152664138,-0.111017964103386,-0.110607286554548,-0.110199464564784,-0.109794469127471,-0.109392271650558,-0.108992843947937,-0.108596158231076,-0.108202187100892,-0.107810903539863,-0.107422280904364,-0.107036292917224,-0.106652913660498,-0.106272117568431,-0.105893879420628,-0.105518174335413,-0.105144977763359,-0.104774265481009,-0.104406013584754,-0.104040198484881,-0.103676796899776,-0.103315785850281,-0.102957142654198,-0.102600844920933,-0.102246870546279,0,-0.329355077752082,-0.32714200550801,-0.324779677413666,-0.322296663673537,-0.31970381105304,-0.317008517909995,-0.314218939873137,-0.311345069197169,-0.308398518699129,-0.305391868111314,-0.302338004373918,-0.299249610013826,-0.296138813780955,-0.293016970035308,-0.289894528877313,-0.286780967989659,-0.283684766922851,-0.280613411531787,-0.277573420456281,-0.274570387842108,-0.271609037762119,-0.268693286570762,-0.265826310006609,-0.26301061237666,-0.260248095652986,-0.25754012678593,-0.254887601974454,-0.252291007019918,-0.24975047321635,-0.247265828496035,-0.244836643756689,-0.242462274451479,-0.240141897633313,-0.237874544718021,-0.235659130275097,-0.233494477176291,-0.231379338437485,-0.229312416082737,-0.227292377344891,-0.225317868497804,-0.223387526593044,-0.221499989350675,-0.219653903430389,-0.217847931286677,-0.216080756790346,-0.214351089778778,-0.212657669679046,-0.210999268331357,-0.209374692125247,-0.207782783547468,-0.206222422228405,-0.204692525563139,-0.20319204897369,-0.201719985870522,-0.200275367363888,-0.198857261768963,-0.197464773942911,-0.196097044486826,-0.194753248840998,-0.193432596297963,-0.19213432895427,-0.190857720618872,-0.189602075693308,-0.188366728036536,-0.18715103982519,-0.185954400418261,-0.184776225233636,-0.183615954642578,-0.182473052887064,-0.181347007023886,-0.180237325898537,-0.17914353915119,-0.17806519625641,-0.177001865597714,-0.17595313357763,-0.174918603763548,-0.173897896069279,-0.172890645972042,-0.171896503764336,-0.170915133839983,-0.169946214013527,-0.168989434872005,-0.168044499158083,-0.167111121183454,-0.166189026271365,-0.165277950227125,-0.164377638835419,-0.163487847383273,-0.162608340207506,-0.161738890265532,-0.160879278728408,-0.160029294595025,-0.159188734326413,-0.158357401499109,-0.157535106476642,-0.156721666098162,-0.155916903383329,-0.15512064725258,-0.154332732261966,-0.153552998351754,-0.152781290608062,-0.152017459036797,-0.151261358349242,-0.150512847758627,-0.149771790787101,-0.149038055082514,-0.148311512244481,-0.147592037659196,-0.14687951034253,-0.146173812790951,-0.145474830839827,-0.144782453528714,-0.144096572973246,-0.143417084243252,-0.142743885246785,-0.142076876619713,-0.14141596162059,-0.140761046030519,-0.140112038057725,-0.13946884824661,-0.138831389391024,-0.138199576451551,-0.137573326476584,-0.136952558526998,-0.136337193604225,-0.135727154581569,-0.135122366138571,-0.134522754698296,-0.13392824836736,-0.133338776878591,-0.132754271536166,-0.132174665163113,-0.131599892051053,-0.131029887912077,-0.130464589832652,-0.129903936229448,-0.129347866807007,-0.12879632251715,-0.128249245520054,-0.127706579146898,-0.127168267864034,-0.126634257238575,-0.126104493905364,-0.125578925535244,-0.12505750080457,-0.124540169365909,-0.124026881819873,-0.123517589688033,-0.123012245386865,-0.122510802202675,-0.122013214267478,-0.121519436535763,-0.121029424762127,-0.120543135479725,-0.120060525979507,-0.119581554290211,-0.119106179159067,-0.118634360033197,-0.118166057041665,-0.117701230978169,-0.117239843284325,-0.116781856033538,-0.116327231915423,-0.115875934220758,-0.115427926826946,-0.114983174183969,-0.114541641300801,-0.114103293732281,-0.113668097566412,-0.113236019412067,-0.112807026387108,-0.112381086106867,-0.111958166673009,-0.111538236662737,-0.111121265118341,-0.110707221537063,-0.110296075861284,-0.109887798469005,-0.109482360164619,-0.109079732169956,-0.108679886115602,-0.108282794032467,-0.10788842834361,-0.107496761856289,-0.107107767754254,-0.106721419590249,-0.106337691278734,-0.105956557088809,-0.105577991637336,-0.10520196988225,-0.104828467116056,-0.104457458959499,-0.104088921355412,-0.103722830562717,-0.103359163150599,-0.10299789599282,-0.102639006262191,-0.102282471425181,-0.101928269236668,-0.101576377734818,0,-0.328282689390203,-0.325950923173552,-0.323489751680397,-0.320918290007735,-0.318242920954144,-0.315469503777126,-0.312606105914903,-0.309663227845609,-0.306653096922474,-0.303588785036794,-0.30048347965281,-0.297349978999847,-0.294200375538395,-0.291045870978606,-0.287896676914549,-0.284761970881058,-0.28164988961195,-0.278567548535207,-0.275521080413441,-0.272515687975486,-0.269555706388036,-0.266644672045334,-0.263785394671984,-0.260980030233044,-0.258230152640811,-0.255536822722975,-0.252900653351472,-0.250321870009649,-0.247800366389874,-0.245335754863729,-0.242927411857033,-0.240574518299386,-0.238276095411471,-0.236031036151514,-0.23383813267324,-0.231696100158245,-0.229603597381705,-0.227559244356521,-0.225561637380729,-0.223609361789251,-0.221701002685561,-0.219835153903105,-0.218010425421294,-0.216225449437078,-0.214478885270951,-0.21276942326589,-0.211095787819186,-0.209456739670413,-0.207851077553803,-0.206277639309897,-0.204735302539461,-0.203222984872083,-0.201739643912577,-0.200284276920012,-0.198855920266991,-0.197453648720337,-0.196076574578767,-0.194723846698149,-0.193394649430619,-0.192088201500019,-0.190803754832784,-0.189540593360485,-0.188298031807706,-0.187075414476692,-0.185872114038289,-0.184687530337017,-0.183521089216657,-0.18237224137149,-0.181240461227233,-0.180125245854797,-0.179026113919196,-0.177942604665256,-0.17687427694121,-0.175820708260765,-0.174781493903851,-0.173756246055888,-0.172744592985176,-0.171746178257741,-0.170760659988831,-0.169787710130097,-0.168827013791364,-0.167878268595868,-0.166941184067715,-0.166015481050334,-0.165100891154641,-0.164197156235641,-0.163304027896198,-0.162421267016706,-0.161548643309441,-0.160685934896379,-0.159832927909301,-0.158989416111066,-0.158155200536947,-0.157330089154966,-0.156513896544244,-0.155706443590368,-0.15490755719687,-0.154117070011935,-0.153334820169491,-0.152560651043898,-0.151794411017462,-0.151035953260086,-0.150285135520342,-0.149541819927366,-0.148805872802928,-0.148077164483141,-0.147355569149241,-0.14664096466695,-0.145933232433921,-0.145232257234837,-0.144537927103712,-0.143850133193015,-0.143168769649219,-0.142493733494441,-0.141824924513814,-0.141162245148295,-0.140505600392604,-0.139854897698016,-0.13921004687974,-0.138570960028647,-0.137937551427103,-0.137309737468694,-0.136687436581636,-0.136070569155675,-0.135459057472297,-0.134852825638065,-0.134251799520941,-0.133655906689411,-0.133065076354301,-0.13247923931312,-0.131898327896818,-0.131322275918834,-0.130751018626318,-0.130184492653417,-0.129622635976529,-0.129065387871428,-0.128512688872157,-0.127964480731625,-0.127420706383802,-0.126881309907458,-0.126346236491355,-0.12581543240083,-0.125288844945711,-0.124766422449487,-0.124248114219693,-0.123733870519438,-0.123223642540037,-0.122717382374679,-0.12221504299311,-0.121716578217255,-0.121221942697768,-0.120731091891437,-0.120243982039438,-0.119760570146371,-0.11928081396007,-0.118804671952131,-0.118332103299142,-0.117863067864583,-0.117397526181356,-0.116935439434934,-0.116476769447089,-0.11602147866019,-0.115569530122025,-0.11512088747115,-0.114675514922727,-0.114233377254834,-0.11379443979523,-0.113358668408556,-0.112926029483955,-0.112496489923092,-0.112070017128555,-0.111646578992634,-0.111226143886448,-0.110808680649414,-0.110394158579049,-0.109982547421079,-0.109573817359859,-0.109167939009075,-0.108764883402733,-0.108364621986416,-0.107967126608797,-0.107572369513403,-0.10718032333062,-0.106790961069929,-0.106404256112362,-0.106020182203174,-0.105638713444722,-0.10525982428954,-0.104883489533613,-0.104509684309822,-0.104138384081587,-0.10376956463666,-0.103403202081102,-0.10303927283341,-0.1026777536188,-0.102318621463642,-0.101961853690036,-0.101607427910529,-0.101255322022966,-0.100905514205466,0,-0.327136838483986,-0.324691735182651,-0.322137083111186,-0.319480674115438,-0.316725071113838,-0.313875273188954,-0.310939726067129,-0.307929688645916,-0.304858093333884,-0.301738501456736,-0.298584355218787,-0.295408509277585,-0.292222961351441,-0.289038708407081,-0.285865679146028,-0.282712713980885,-0.279587576505999,-0.276496987271368,-0.273446673897797,-0.270441433022845,-0.26748520028415,-0.264581125038114,-0.261731646978275,-0.258938572307392,-0.256203147616404,-0.253526130102066,-0.250907853186956,-0.248348286974479,-0.245847093271272,-0.243403675141725,-0.241017221130399,-0.238686744407032,-0.236411117165093,-0.234189100647854,-0.232019371193796,-0.229900542692991,-0.227831185833387,-0.225809844495157,-0.223835049625779,-0.221905330900654,-0.220019226445701,-0.218175290870501,-0.216372101834074,-0.214608265340647,-0.212882419940037,-0.211193239986588,-0.209539438092008,-0.207919766890745,-0.206333020221707,-0.204778033816912,-0.203253685576028,-0.201758895495414,-0.200292625311227,-0.19885387790816,-0.197441696538357,-0.196055163888878,-0.194693401030698,-0.193355566277474,-0.192040853978178,-0.190748493264066,-0.189477746767291,-0.188227909325718,-0.186998306686087,-0.185788294215603,-0.184597255630202,-0.183424601746215,-0.182269769260769,-0.18113221956513,-0.180011437594197,-0.178906930714506,-0.177818227652379,-0.176744877463274,-0.175686448542835,-0.174642527679769,-0.173612719150283,-0.172596643853539,-0.171593938487379,-0.170604254763334,-0.169627258659836,-0.168662629712417,-0.167710060339592,-0.166769255203103,-0.165839930601116,-0.164921813892997,-0.164014642954256,-0.163118165660268,-0.162232139397415,-0.1613563306003,-0.160490514313725,-0.159634473778179,-0.158788000037593,-0.157950891568206,-0.157122953927386,-0.156303999421349,-0.155493846790712,-0.154692320912919,-0.153899252520585,-0.153114477934871,-0.152337838813039,-0.151569181909398,-0.150808358848859,-0.150055225912406,-0.149309643833792,-0.148571477606812,-0.147840596302576,-0.147116872896182,-0.146400184102278,-0.145690410218996,-0.144987434979782,-0.144291145412686,-0.143601431706676,-0.142918187084599,-0.142241307682403,-0.141570692434269,-0.140906242963343,-0.140247863477737,-0.139595460671519,-0.138948943630423,-0.138308223742009,-0.137673214610047,-0.137043831972884,-0.136419993625592,-0.135801619345683,-0.135188630822216,-0.134580951588108,-0.133978506955484,-0.133381223953906,-0.132789031271342,-0.132201859197716,-0.131619639570926,-0.131042305725196,-0.130469792441641,-0.129902035900948,-0.129338973638046,-0.128780544498692,-0.128226688597858,-0.127677347279845,-0.127132463080029,-0.126591979688173,-0.126055841913221,-0.125523995649503,-0.124996387844293,-0.124472966466645,-0.123953680477462,-0.123438479800721,-0.122927315295819,-0.122420138730984,-0.121916902757691,-0.121417560886057,-0.120922067461151,-0.120430377640197,-0.119942447370609,-0.119458233368851,-0.118977693100046,-0.118500784758342,-0.118027467247975,-0.117557700165002,-0.117091443779696,-0.116628659019541,-0.116169307452833,-0.11571335127284,-0.115260753282514,-0.114811476879711,-0.114365486042923,-0.113922745317481,-0.11348321980222,-0.113046875136579,-0.112613677488133,-0.112183593540517,-0.111756590481752,-0.111332635992935,-0.11091169823729,-0.110493745849565,-0.110078747925758,-0.109666674013161,-0.109257494100711,-0.108851178609632,-0.108447698384358,-0.108047024683735,-0.107649129172478,-0.107253983912877,-0.106861561356753,-0.106471834337639,-0.106084776063191,-0.105700360107811,-0.105318560405479,-0.104939351242788,-0.104562707252166,-0.104188603405294,-0.10381701500669,-0.103447917687482,-0.103081287399332,-0.102717100408534,-0.10235533329026,-0.101995962922959,-0.101638966482898,-0.101284321438849,-0.100932005546905,-0.100581996845426,-0.100234273650119,0,-0.325915606041241,-0.323365263296617,-0.320722686388327,-0.317984514732122,-0.315150668627941,-0.312226083402242,-0.309220044136163,-0.306144774304322,-0.303013956842413,-0.299841607208411,-0.296641357229292,-0.293426049014615,-0.290207523189846,-0.286996519060202,-0.283802638684553,-0.280634349638758,-0.277499013548487,-0.274402933196116,-0.271351413357841,-0.268348831436954,-0.265398714399967,-0.262503818900483,-0.259666211912276,-0.256887349685946,-0.254168153352289,-0.251509079978461,-0.248910188310591,-0.246371198793492,-0.243891547740687,-0.241470435740321,-0.239106870533135,-0.23679970469803,-0.23454766853936,-0.232349398597849,-0.23020346221202,-0.228108378546469,-0.2260626364823,-0.224064709737894,-0.22211306955781,-0.220206195276256,-0.218342583030564,-0.21652075287055,-0.214739254481948,-0.212996671716677,-0.21129162609961,-0.20962277946067,-0.207988835822532,-0.206388542657613,-0.204820691613452,-0.203284118792582,-0.201777704661658,-0.20030037365455,-0.19885109352535,-0.197428874499494,-0.196032768264475,-0.194661866835685,-0.19331530132777,-0.191992240657363,-0.190691890199103,-0.189413490413447,-0.188156315461759,-0.186919671821593,-0.185702896912818,-0.184505357743305,-0.183326449581197,-0.182165594659355,-0.181022240916319,-0.17989586077708,-0.178785949976044,-0.177692026423808,-0.176613629118731,-0.17555031710374,-0.174501668468362,-0.173467279395614,-0.172446763253061,-0.171439749727155,-0.170445883999712,-0.169464825965311,-0.168496249488223,-0.167539841697451,-0.166595302318371,-0.165662343039459,-0.164740686912569,-0.163830067785228,-0.16293022976343,-0.162040926703451,-0.161161921731216,-0.16029298678782,-0.159433902199824,-0.158584456273005,-0.157744444908306,-0.156913671238758,-0.156091945286213,-0.155279083636789,-0.154474909133969,-0.153679250588344,-0.152891942503068,-0.152112824814102,-0.151341742644417,-0.150578546071336,-0.149823089906266,-0.149075233486095,-0.148334840475581,-0.147601778680103,-0.146875919868165,-0.146157139603097,-0.145445317083422,-0.144740334991381,-0.144042079349172,-0.143350439382429,-0.142665307390559,-0.141986578623527,-0.141314151164742,-0.14064792581968,-0.139987806009943,-0.139333697672444,-0.138685509163425,-0.138043151167058,-0.137406536608366,-0.136775580570236,-0.136150200214292,-0.135530314705435,-0.134915845139844,-0.134306714476255,-0.133702847470346,-0.133104170612074,-0.132510612065784,-0.131922101612988,-0.131338570597629,-0.130759951873747,-0.130186179755392,-0.12961718996869,-0.129052919605946,-0.128493307081687,-0.127938292090546,-0.127387815566892,-0.126841819646138,-0.126300247627625,-0.125763043939016,-0.125230154102132,-0.124701524700151,-0.124177103346116,-0.123656838652683,-0.123140680203051,-0.12262857852303,-0.122120485054182,-0.121616352127989,-0.121116132941004,-0.120619781530946,-0.120127252753679,-0.119638502261056,-0.119153486479573,-0.118672162589813,-0.118194488506625,-0.11772042286003,-0.117249924976801,-0.116782954862702,-0.116319473185348,-0.115859441257672,-0.115402821021956,-0.11494957503442,-0.114499666450331,-0.11405305900962,-0.113609717022982,-0.113169605358439,-0.112732689428347,-0.112298935176831,-0.111868309067629,-0.111440778072326,-0.111016309658965,-0.110594871781027,-0.110176432866748,-0.109760961808777,-0.109348427954149,-0.108938801094573,-0.108532051457011,-0.108128149694542,-0.107727066877501,-0.107328774484884,-0.106933244395999,-0.106540448882368,-0.106150360599863,-0.10576295258106,-0.105378198227824,-0.104996071304088,-0.104616545928848,-0.104239596569343,-0.103865198034429,-0.103493325468126,-0.103123954343347,-0.10275706045579,-0.102392619917998,-0.102030609153565,-0.101671004891507,-0.101313784160763,-0.100958924284853,-0.10060640287666,-0.100256197833347,-0.0999082873314057,-0.0995626498218175,0,-0.324618004404667,-0.321973042426011,-0.319247760926927,-0.316430501438705,-0.313520067990576,-0.310522157197244,-0.307447304461338,-0.304308839417161,-0.301121189600017,-0.29789875709148,-0.29465528139697,-0.291403515919936,-0.288155079816224,-0.284920402194324,-0.281708716077467,-0.278528082167187,-0.275385433029603,-0.272286632504006,-0.26923654648514,-0.266239121607067,-0.263297468562355,-0.2604139470935,-0.257590250125326,-0.254827485016399,-0.252126250430556,-0.249486707816707,-0.246908646905927,-0.244391544976872,-0.241934619903097,-0.239536877186143,-0.237197151306932,-0.234914141807024,-0.232686444552033,-0.230512578641991,-0.228391009426046,-0.226320168058329,-0.22429846800309,-0.222324318864184,-0.220396137879298,-0.218512359384807,-0.21667144252404,-0.214871877440702,-0.213112190170703,-0.211390946419673,-0.209706754390206,-0.208058266802059,-0.206444182230069,-0.204863245868282,-0.203314249814394,-0.201796032956008,-0.200307480529122,-0.198847523409585,-0.197415137189757,-0.196009341085198,-0.194629196709758,-0.193273806751738,-0.191942313578919,-0.190633897795944,-0.18934777677379,-0.18808320316787,-0.186839463438453,-0.185615876384692,-0.184411791701432,-0.183226588566171,-0.182059674262006,-0.180910482841033,-0.179778473831593,-0.178663130991736,-0.177563961110518,-0.176480492858007,-0.175412275684378,-0.174358878767922,-0.173319890011492,-0.172294915086526,-0.171283576523595,-0.170285512848185,-0.169300377760308,-0.168327839356393,-0.167367579391873,-0.166419292582796,-0.16548268594478,-0.164557478167641,-0.163643399024004,-0.16274018881024,-0.161847597818132,-0.160965385835667,-0.160093321675436,-0.159231182729168,-0.15837875454696,-0.157535830439858,-0.156702211104477,-0.155877704268402,-0.155062124355213,-0.154255292167978,-0.15345703459017,-0.152667184302977,-0.151885579518068,-0.151112063724885,-0.15034648545164,-0.149588698039184,-0.148838559427005,-0.148095931950642,-0.147360682149841,-0.146632680586819,-0.145911801674053,-0.145197923511027,-0.144490927729425,-0.143790699346265,-0.14309712662453,-0.142410100940853,-0.141729516659851,-0.141055271014732,-0.140387263993818,-0.139725398232643,-0.139069578911318,-0.138419713656865,-0.137775712450245,-0.13713748753782,-0.136504953346999,-0.135878026405852,-0.135256625266462,-0.134640670431828,-0.134030084286109,-0.133424791028054,-0.132824716607431,-0.13222978866431,-0.131639936471037,-0.131055090876777,-0.130475184254479,-0.129900150450148,-0.1293299247343,-0.128764443755497,-0.128203645495853,-0.127647469228413,-0.127095855476318,-0.126548745973656,-0.126006083627934,-0.125467812484078,-0.124933877689893,-0.124404225462914,-0.123878803058583,-0.123357558739681,-0.122840441746971,-0.122327402270982,-0.121818391424883,-0.121313361218412,-0.120812264532784,-0.120315055096565,-0.119821687462442,-0.119332116984861,-0.118846299798499,-0.118364192797521,-0.117885753615596,-0.117410940606633,-0.116939712826212,-0.116472030013673,-0.116007852574844,-0.115547141565364,-0.1150898586746,-0.114635966210108,-0.11418542708263,-0.113738204791603,-0.113294263411154,-0.112853567576561,-0.112416082471172,-0.11198177381374,-0.111550607846187,-0.111122551321753,-0.11069757149353,-0.110275636103358,-0.109856713371077,-0.109440771984111,-0.109027781087377,-0.108617710273502,-0.108210529573347,-0.107806209446805,-0.107404720773888,-0.107006034846071,-0.106610123357894,-0.106216958398811,-0.105826512445272,-0.105438758353037,-0.105053669349705,-0.104671219027458,-0.104291381336004,-0.103914130575718,-0.103539441390974,-0.103167288763655,-0.102797648006839,-0.102430494758661,-0.102065804976323,-0.101703554930281,-0.101343721198567,-0.100986280661267,-0.100631210495141,-0.100278488168372,-0.0999280914354571,-0.0995799983322168,-0.0992341871709365,-0.0988906365356207,0,-0.323245492476378,-0.320517150372381,-0.317713548815075,-0.314819240366156,-0.311833541834606,-0.308763678720244,-0.305621758805391,-0.302422280237458,-0.299180355886217,-0.29591067769062,-0.292626997758543,-0.289341900360026,-0.286066718681076,-0.282811520598465,-0.279585129681779,-0.27639516773442,-0.273248113102529,-0.270149371342589,-0.26710335518385,-0.264113570631341,-0.261182706092833,-0.258312721687785,-0.255504936349747,-0.252760110871102,-0.250078525579248,-0.247460051822828,-0.244904216857397,-0.242410262043406,-0.239977194508967,-0.237603832595956,-0.235288845513504,-0.233030787681011,-0.23082812826555,-0.22867927641611,-0.226582602677741,-0.2245364570387,-0.22253918402787,-0.220589135241391,-0.218684679638987,-0.216824211913286,-0.215006159200627,-0.213228986369712,-0.211491200095334,-0.209791351898271,-0.208128040309129,-0.206499912293264,-0.204905664055762,-0.203344041329433,-0.201813839234804,-0.20031390178881,-0.198843121128188,-0.197400436504237,-0.19598483309745,-0.194595340693419,-0.193231032255243,-0.191891022422286,-0.190574465960447,-0.189280556185078,-0.188008523374136,-0.186757633186136,-0.185527185094845,-0.184316510850374,-0.183124972974416,-0.18195196329566,-0.180796901530056,-0.179659233909321,-0.178538431860118,-0.177433990735431,-0.176345428598968,-0.175272285062795,-0.174214120177944,-0.173170513377305,-0.172141062469805,-0.171125382684608,-0.170123105763895,-0.169133879102597,-0.168157364933377,-0.167193239555069,-0.166241192602739,-0.165300926357521,-0.164372155094371,-0.163454604465909,-0.162548010920545,-0.161652121153125,-0.16076669158639,-0.159891487881583,-0.159026284476618,-0.158170864150266,-0.157325017610903,-0.156488543108414,-0.15566124606791,-0.154842938744008,-0.154033439894457,-0.153232574471974,-0.152440173333214,-0.151656072963862,-0.150880115218872,-0.150112147076968,-0.149352020408544,-0.148599591756158,-0.147854722126886,-0.147117276795805,-0.146387125119962,-0.145664140362194,-0.144948199524214,-0.144239183188425,-0.143536975367935,-0.1428414633643,-0.142152537632543,-0.141470091653017,-0.140794021809732,-0.14012422727475,-0.139460609898324,-0.13880307410444,-0.138151526791461,-0.137505877237576,-0.136866037010805,-0.136231919883284,-0.135603441749614,-0.134980520549028,-0.134363076191198,-0.133751030485454,-0.133144307073249,-0.132542831363702,-0.131946530472034,-0.131355333160768,-0.130769169783533,-0.130187972231347,-0.129611673881242,-0.129040209547117,-0.128473515432708,-0.12791152908656,-0.127354189358911,-0.126801436360379,-0.126253211422383,-0.125709457059189,-0.125170116931525,-0.12463513581167,-0.124104459549958,-0.123578035042626,-0.123055810200941,-0.122537733921547,-0.122023756057972,-0.121513827393248,-0.121007899613586,-0.120505925283059,-0.120007857819247,-0.119513651469802,-0.119023261289891,-0.118536643120479,-0.118053753567402,-0.117574549981223,-0.117098990437802,-0.116627033719577,-0.116158639297511,-0.115693767313675,-0.11523237856445,-0.114774434484309,-0.114319897130168,-0.113868729166266,-0.113420893849567,-0.11297635501565,-0.112535077065077,-0.112097024950213,-0.111662164162475,-0.111230460720006,-0.110801881155748,-0.110376392505889,-0.109953962298695,-0.109534558543679,-0.109118149721122,-0.108704704771912,-0.108294193087701,-0.107886584501361,-0.107481849277732,-0.107079958104642,-0.106680882084205,-0.106284592724363,-0.105891061930688,-0.105500261998413,-0.105112165604699,-0.104726745801118,-0.104343976006349,-0.103963829999083,-0.103586281911121,-0.103211306220659,-0.102838877745768,-0.102468971638035,-0.102101563376388,-0.101736628761075,-0.101374143907809,-0.10101408524206,-0.1006564294935,-0.100301153690584,-0.0999482351552752,-0.0995976514978996,-0.0992493806121288,-0.0989034006700886,-0.0985596901175853,-0.0982182276694503,0,-0.321801924743395,-0.318999948927809,-0.316121192473842,-0.313151192970878,-0.310091264319702,-0.306950798264313,-0.303743678384834,-0.300485546839046,-0.297192091789685,-0.293878174218873,-0.290557455165506,-0.287242268128225,-0.283943597491812,-0.28067110132615,-0.277433155792656,-0.274236914036974,-0.271088377096329,-0.267992474834403,-0.264953154356423,-0.261973472913482,-0.259055692257766,-0.256201371706104,-0.253411457668863,-0.250686367975546,-0.248026069886194,-0.245430151166305,-0.242897883999345,-0.240428281811912,-0.238020149300231,-0.235672126086593,-0.233382724515537,-0.231150362136379,-0.228973389423589,-0.226850113269538,-0.224778816753424,-0.222757775651498,-0.220785272111408,-0.218859605870518,-0.216979103356315,-0.215142124967746,-0.213347070800104,-0.211592385043246,-0.209876559253483,-0.208198134673261,-0.206555703749648,-0.204947910982293,-0.203373453213675,-0.201831079458911,-0.200319590358771,-0.198837837327721,-0.197384721458485,-0.195959192235675,-0.194560246103216,-0.193186924923528,-0.191838314360572,-0.190513542213736,-0.189211776725157,-0.187932224879231,-0.186674130709793,-0.185436773627586,-0.184219466778208,-0.18302155543863,-0.181842415458588,-0.180681451751626,-0.179538096839269,-0.178411809450728,-0.177302073179597,-0.176208395198268,-0.17513030503013,-0.174067353379124,-0.17301911101577,-0.171985167718493,-0.170965131268774,-0.169958626498449,-0.168965294387373,-0.167984791209487,-0.167016787725336,-0.166060968418983,-0.165117030777284,-0.164184684609512,-0.163263651405287,-0.162353663728879,-0.161454464647954,-0.160565807194895,-0.159687453858925,-0.158819176107292,-0.157960753933871,-0.157111975433599,-0.156272636401248,-0.155442539953092,-0.154621496170126,-0.15380932176154,-0.153005839747241,-0.15221087915827,-0.15142427475404,-0.150645866755366,-0.149875500592342,-0.149113026666144,-0.148358300123941,-0.147611180646088,-0.146871532244883,-0.146139223074172,-0.145414125249149,-0.14469611467575,-0.143985070889045,-0.143280876900114,-0.142583419050877,-0.141892586876428,-0.141208272974422,-0.140530372881094,-0.139858784953542,-0.139193410257887,-0.138534152462993,-0.137880917739418,-0.137233614663289,-0.136592154124849,-0.135956449241383,-0.135326415274299,-0.134701969550129,-0.134083031385229,-0.133469522013981,-0.132861364520307,-0.132258483772314,-0.131660806359907,-0.131068260535203,-0.130480776155613,-0.129898284629441,-0.129320718863868,-0.128748013215213,-0.128180103441335,-0.127616926656081,-0.127058421285675,-0.126504527026941,-0.125955184807281,-0.125410336746318,-0.124869926119118,-0.124333897320914,-0.123802195833269,-0.123274768191598,-0.12275156195399,-0.122232525671264,-0.121717608858208,-0.121206761965939,-0.120699936355331,-0.120197084271472,-0.119698158819092,-0.119203113938918,-0.118711904384924,-0.118224485702426,-0.117740814206984,-0.117260846964087,-0.116784541769566,-0.116311857130727,-0.115842752248151,-0.115377186998145,-0.114915121915813,-0.114456518178717,-0.114001337591107,-0.113549542568694,-0.113101096123942,-0.112655961851858,-0.112214103916266,-0.111775487036527,-0.111340076474707,-0.110907838023163,-0.110478737992534,-0.110052743200115,-0.109629820958608,-0.109209939065224,-0.108793065791134,-0.108379169871246,-0.107968220494291,-0.107560187293227,-0.107155040335922,-0.10675275011612,-0.106353287544684,-0.105956623941089,-0.105562731025168,-0.105171580909096,-0.104783146089613,-0.104397399440457,-0.104014314205019,-0.103633863989199,-0.103256022754472,-0.102880764811126,-0.102508064811702,-0.102137897744602,-0.101770238927871,-0.101405064003147,-0.101042348929764,-0.100682069979013,-0.100324203728553,-0.0999687270569618,-0.0996156171384263,-0.0992648514375672,-0.0989164077043915,-0.0985702639693709,-0.0982263985386402,-0.0978847899893124,-0.0975454171649069,0,-0.320292675908204,-0.317423760193813,-0.314471607910742,-0.31142663362177,-0.308293308727184,-0.305083645763313,-0.301813370252893,-0.29849915691336,-0.295157115135166,-0.291802137043445,-0.288447685311238,-0.285105762773675,-0.281786945409891,-0.278500436119247,-0.275254128509503,-0.272054679738421,-0.268907592612433,-0.265817305893924,-0.262787290493464,-0.259820148572772,-0.256917712542246,-0.254081141301232,-0.25131101163499,-0.248607403298247,-0.245969976888019,-0.243398044090989,-0.240890630267434,-0.238446529607936,-0.236064353283781,-0.233742571123897,-0.231479547407311,-0.229273571375481,-0.22712288305622,-0.225025694960113,-0.222980210168915,-0.220984637288819,-0.219037202693451,-0.217136160434441,-0.215279800153079,-0.213466453285554,-0.211694497817142,-0.209962361807469,-0.208268525879407,-0.206611524838173,-0.204989948564403,-0.203402442304998,-0.201847706468219,-0.20032449601436,-0.198831619520236,-0.197367937984284,-0.195932363429252,-0.194523857350812,-0.193141429053075,-0.191784133905511,-0.190451071550245,-0.189141384083868,-0.187854254233794,-0.186588903545577,-0.185344590594553,-0.184120609232543,-0.182916286878073,-0.181730982856661,-0.180564086796083,-0.17941501708014,-0.178283219363296,-0.177168165147569,-0.176069350422258,-0.174986294366423,-0.17391853811347,-0.172865643576791,-0.171827192335022,-0.170802784575236,-0.169792038092177,-0.168794587341482,-0.167810082544748,-0.166838188844232,-0.165878585504935,-0.164930965161828,-0.16399503310999,-0.163070506635457,-0.162157114384646,-0.161254595770265,-0.160362700411685,-0.159481187607853,-0.158609825840858,-0.157748392308391,-0.156896672483383,-0.156054459699215,-0.155221554758973,-0.154397765567275,-0.153582906783321,-0.152776799493855,-0.151979270904825,-0.151190154050584,-0.150409287519563,-0.149636515195384,-0.148871686012475,-0.148114653725279,-0.14736527669023,-0.146623417659704,-0.145888943587206,-0.14516172544312,-0.144441638040353,-0.143728559869297,-0.143022372941523,-0.142322962641693,-0.141630217587196,-0.140944029495036,-0.140264293055557,-0.139590905812587,-0.138923768049635,-0.138262782681784,-0.137607855152942,-0.136958893338161,-0.136315807450715,-0.135678509953679,-0.135046915475751,-0.134420940731079,-0.133800504442874,-0.133185527270594,-0.132575931740511,-0.131971642179473,-0.131372584651686,-0.130778686898365,-0.130189878280086,-0.129606089721713,-0.129027253659751,-0.128453303992007,-0.127884176029447,-0.127319806450113,-0.126760133255025,-0.126205095725944,-0.125654634384921,-0.125108690955526,-0.12456720832569,-0.124030130512072,-0.123497402625877,-0.12296897084006,-0.122444782357847,-0.121924785382503,-0.121408929088303,-0.120897163592639,-0.120389439929206,-0.119885710022233,-0.119385926661693,-0.118890043479459,-0.118398014926355,-0.117909796250075,-0.117425343473908,-0.116944613376255,-0.116467563470895,-0.115994151987963,-0.115524337855609,-0.115058080682319,-0.114595340739855,-0.114136078946799,-0.113680256852662,-0.113227836622552,-0.112778781022356,-0.112333053404438,-0.111890617693807,-0.111451438374754,-0.111015480477929,-0.110582709567845,-0.110153091730787,-0.109726593563111,-0.109303182159921,-0.108882825104104,-0.108465490455707,-0.108051146741652,-0.107639762945764,-0.107231308499107,-0.106825753270615,-0.106423067558002,-0.106023222078947,-0.105626187962537,-0.105231936740968,-0.104840440341475,-0.104451671078507,-0.104065601646121,-0.103682205110586,-0.103301454903205,-0.10292332481333,-0.102547788981566,-0.102174821893171,-0.101804398371628,-0.101436493572386,-0.101071082976775,-0.100708142386077,-0.100347647915753,-0.099989575989817,-0.099633903335357,-0.0992806069771932,-0.0989296642326716,-0.0985810527065867,-0.0982347502862299,-0.0978907351365594,-0.0975489856954869,-0.0972094806692776,-0.0968721990280592,0,-0.318723656527551,-0.315790554982159,-0.312765388184785,-0.309645629853937,-0.306439659622441,-0.303162352089502,-0.299831196931677,-0.296463710336929,-0.293076235108344,-0.289683547592142,-0.286298806146104,-0.282933607423328,-0.279598063847168,-0.276300881508922,-0.273049439328201,-0.269849873662727,-0.266707170392198,-0.263625263826773,-0.260607140055751,-0.257654941656914,-0.254770070738902,-0.25195328776232,-0.249204804230598,-0.246524367999082,-0.24391134053303,-0.241364765915053,-0.23888343175371,-0.236465922388016,-0.234110664935548,-0.231815968814332,-0.229580059399168,-0.227401106467265,-0.225277248058397,-0.223206610330937,-0.221187323943897,-0.219217537441413,-0.217295428063107,-0.215419210353491,-0.213587142897044,-0.211797533463506,-0.210048742810178,-0.208339187354682,-0.20666734090225,-0.205031735586002,-0.203430962156303,-0.201863669735888,-0.200328565140623,-0.198824411851187,-0.197350028708354,-0.195904288393649,-0.19448611574771,-0.193094485970551,-0.191728422740883,-0.190386996285566,-0.189069321425046,-0.187774555616102,-0.186501897009369,-0.185250582535775,-0.184019886033158,-0.182809116421938,-0.181617615936627,-0.180444758418198,-0.179289947670881,-0.178152615885697,-0.177032222132008,-0.175928250917503,-0.174840210816343,-0.173767633164609,-0.172710070821753,-0.171667096996366,-0.170638304134333,-0.169623302867218,-0.16862172101856,-0.167633202665709,-0.166657407254717,-0.165694008765822,-0.16474269492704,-0.163803166473425,-0.162875136449592,-0.161958329553168,-0.1610524815169,-0.160157338527234,-0.15927265667726,-0.158398201452017,-0.157533747244231,-0.156679076898664,-0.155833981283331,-0.154998258885956,-0.154171715434096,-0.153354163537477,-0.152545422351162,-0.15174531725824,-0.150953679570829,-0.150170346248222,-0.149395159631132,-0.14862796719099,-0.147868621293385,-0.147116978974733,-0.146372901731368,-0.145636255320265,-0.14490690957069,-0.144184738206072,-0.143469618675502,-0.142761431994236,-0.142060062592668,-0.141365398173256,-0.140677329574917,-0.139995750644438,-0.1393205581145,-0.138651651487897,-0.137988932927607,-0.137332307152363,-0.136681681337399,-0.136036965020082,-0.135398070010143,-0.134764910304248,-0.13413740200466,-0.13351546324177,-0.132899014100274,-0.132287976548798,-0.131682274372785,-0.131081833110458,-0.130486579991704,-0.129896443879717,-0.129311355215251,-0.128731245963347,-0.128156049562415,-0.12758570087553,-0.127020136143844,-0.126459292941994,-0.125903110135419,-0.125351527839477,-0.124804487380273,-0.124261931257122,-0.123723803106562,-0.123190047667836,-0.122660610749779,-0.122135439199038,-0.121614480869568,-0.121097684593328,-0.120585000152139,-0.120076378250637,-0.119571770490278,-0.119071129344332,-0.118574408133843,-0.118081561004491,-0.117592542904323,-0.117107309562315,-0.116625817467726,-0.116148023850205,-0.115673886660628,-0.115203364552617,-0.114736416864728,-0.114273003603267,-0.113813085425714,-0.113356623624716,-0.112903580112651,-0.112453917406705,-0.112007598614467,-0.111564587420011,-0.111124848070434,-0.110688345362855,-0.110255044631832,-0.109824911737193,-0.109397913052262,-0.10897401545246,-0.108553186304271,-0.108135393454557,-0.107720605220202,-0.107308790378084,-0.106899918155349,-0.106493958219986,-0.10609088067168,-0.105690656032949,-0.105293255240529,-0.104898649637028,-0.104506810962813,-0.104117711348132,-0.103731323305465,-0.103347619722087,-0.102966573852847,-0.102588159313137,-0.102212350072067,-0.101839120445814,-0.101468445091166,-0.101100298999222,-0.100734657489272,-0.100371496202834,-0.100010791097847,-0.0996525184430099,-0.0992966548122743,-0.0989431770794672,-0.0985920624130563,-0.0982432882710414,-0.097896832395974,-0.0975526728100976,-0.0972107878106052,-0.0968711559650131,-0.0965337561066421,-0.0961985673302071,0,-0.317100024253324,-0.314101693829739,-0.311002746688965,-0.307808046925429,-0.304530238743332,-0.301187076642104,-0.29779759796564,-0.294379903617919,-0.290950361074734,-0.28752348339345,-0.28411202457545,-0.280727106058457,-0.277378326848144,-0.274073858586414,-0.270820536451054,-0.267623953731188,-0.264488562942935,-0.26141778269835,-0.258414107636491,-0.25547921814744,-0.252614086843505,-0.249819079343842,-0.247094047668836,-0.244438415234178,-0.241851253017723,-0.239331346921141,-0.236877256667661,-0.23448736678474,-0.232159930339144,-0.229893106143831,-0.227684990160759,-0.225533641797178,-0.223437105747194,-0.221393429974365,-0.219400680371087,-0.217456952570642,-0.215560381330617,-0.213709147853521,-0.211901485362423,-0.210135683206556,-0.208410089733979,-0.206723114135175,-0.205073227432548,-0.203458962765642,-0.201878915100202,-0.200331740470377,-0.198816154847173,-0.197330932712282,-0.195874905404344,-0.194446959294315,-0.19304603383766,-0.191671119543383,-0.190321255893251,-0.188995529238878,-0.187693070699422,-0.186413054078434,-0.185154693814813,-0.183917242979726,-0.182699991328744,-0.181502263416225,-0.180323416777074,-0.179162840179457,-0.178019951950709,-0.176894198377567,-0.175785052180977,-0.174692011064954,-0.173614596338407,-0.172552351608338,-0.171504841542474,-0.170471650699087,-0.169452382421576,-0.168446657795203,-0.167454114663332,-0.16647440670041,-0.165507202538983,-0.164552184947997,-0.163609050059711,-0.162677506642604,-0.161757275417702,-0.160848088415893,-0.15994968837382,-0.159061828166102,-0.158184270271697,-0.157316786272338,-0.156459156381085,-0.155611168999109,-0.15477262029897,-0.153943313832709,-0.1531230601632,-0.152311676517274,-0.151508986459244,-0.150714819583524,-0.149929011225122,-0.149151402186879,-0.148381838482362,-0.147620171093441,-0.146866255741589,-0.146119952672056,-0.145381126450087,-0.144649645768429,-0.14392538326542,-0.14320821535299,-0.142498022053963,-0.141794686848091,-0.141098096526253,-0.140408141052362,-0.139724713432464,-0.139047709590637,-0.138377028251246,-0.1377125708272,-0.137054241313834,-0.136401946188111,-0.135755594312803,-0.135115096845386,-0.134480367151374,-0.133851320721819,-0.133227875094776,-0.132609949780475,-0.131997466190022,-0.13139034756741,-0.130788518924681,-0.13019190698005,-0.129600440098837,-0.129014048237068,-0.128432662887581,-0.127856217028525,-0.127284645074117,-0.126717882827542,-0.12615586743589,-0.125598537347017,-0.125045832268243,-0.124497693126785,-0.123954062031848,-0.123414882238282,-0.12288009811174,-0.122349655095249,-0.121823499677138,-0.121301579360256,-0.120783842632407,-0.120270238937961,-0.119760718650574,-0.119255233046968,-0.118753734281724,-0.118256175363037,-0.117762510129395,-0.11727269322713,-0.116786680088814,-0.116304426912453,-0.115825890641442,-0.115351028945257,-0.114879800200841,-0.114412163474659,-0.113948078505393,-0.113487505687241,-0.113030406053814,-0.112576741262574,-0.112126473579825,-0.111679565866201,-0.111235981562658,-0.110795684676929,-0.11035863977043,-0.109924811945598,-0.109494166833649,-0.109066670582724,-0.108642289846425,-0.108220991772705,-0.107802743993122,-0.107387514612422,-0.106975272198443,-0.106565985772337,-0.106159624799086,-0.105756159178304,-0.105355559235311,-0.104957795712485,-0.104562839760851,-0.104170662931929,-0.103781237169807,-0.103394534803449,-0.103010528539219,-0.102629191453607,-0.10225049698617,-0.101874418932659,-0.101500931438337,-0.101130008991477,-0.100761626417032,-0.100395758870479,-0.100032381831821,-0.0996714710997432,-0.0993130027859238,-0.0989569533094908,-0.0986032993916168,-0.0982520180502506,-0.0979030865949801,-0.0975564826220212,-0.0972121840093296,-0.0968701689118318,-0.0965304157567684,-0.0961929032391505,-0.0958576103173203,-0.0955245162086176,0,-0.315424595267995,-0.31235776962633,-0.309183504804992,-0.305913576103321,-0.302564942672903,-0.299158039240902,-0.295713111951822,-0.292248543368868,-0.2887805101668,-0.28532312207164,-0.281888638381622,-0.278487644233772,-0.275129181058037,-0.271820852441741,-0.268568923807504,-0.265378425631918,-0.262253262909365,-0.259196329458726,-0.256209623891948,-0.253294363747922,-0.250451094749979,-0.247679792912155,-0.244979958030706,-0.242350697816625,-0.239790802497889,-0.237298810139068,-0.234873063206704,-0.232511757076928,-0.230212981264023,-0.22797475416929,-0.22579505212883,-0.223671833492304,-0.221603058403841,-0.219586704889285,-0.217620781786179,-0.215703338987804,-0.213832475412154,-0.212006345051897,-0.210223161412429,-0.208481200602044,-0.206778803300504,-0.205114375799589,-0.203486390280889,-0.201893384471675,-0.200333960798667,-0.19880678514147,-0.197310585271866,-0.19584414905186,-0.194406322451872,-0.192996007440629,-0.191612159789859,-0.190253786829616,-0.188919945183843,-0.187609738510431,-0.186322315265477,-0.185056866507534,-0.183812623754318,-0.182588856901523,-0.181384872211004,-0.18020001037355,-0.179033644649821,-0.177885179091561,-0.176754046844082,-0.175639708530021,-0.1745416507136,-0.17345938444401,-0.17239244387602,-0.17134038496556,-0.170302784237698,-0.169279237624284,-0.16826935936832,-0.167272780992099,-0.166289150326065,-0.165318130595386,-0.164359399561224,-0.163412648713765,-0.162477582514154,-0.161553917682522,-0.160641382529449,-0.159739716328277,-0.158848668725806,-0.157967999189029,-0.157097476485672,-0.15623687819642,-0.155385990256842,-0.154544606527095,-0.153712528387671,-0.152889564359469,-0.152075529746656,-0.151270246300819,-0.15047354190504,-0.149685250276594,-0.148905210687062,-0.148133267698732,-0.14736927091623,-0.146613074752397,-0.145864538207492,-0.145123524660863,-0.144389901674297,-0.143663540806285,-0.14294431743653,-0.142232110600037,-0.141526802830188,-0.140828280010236,-0.140136431232708,-0.139451148666214,-0.138772327429214,-0.138099865470328,-0.137433663454777,-0.136773624656607,-0.136119654856333,-0.135471662243699,-0.134829557325247,-0.134193252836411,-0.133562663657888,-0.13293770673603,-0.132318301007038,-0.131704367324733,-0.131095828391719,-0.130492608693742,-0.129894634437064,-0.129301833488711,-0.128714135319405,-0.128131470949073,-0.127553772894773,-0.126980975120911,-0.126413012991647,-0.125849823225355,-0.125291343851047,-0.124737514166653,-0.124188274699065,-0.123643567165862,-0.12310333443862,-0.122567520507744,-0.122036070448737,-0.121508930389832,-0.120986047480943,-0.12046736986384,-0.119952846643517,-0.119442427860685,-0.11893606446533,-0.118433708291304,-0.117935312031886,-0.117440829216274,-0.116950214186964,-0.116463422077982,-0.115980408793913,-0.115501130989721,-0.115025546051285,-0.114553612076663,-0.11408528785801,-0.113620532864157,-0.113159307223794,-0.112701571709253,-0.112247287720846,-0.111796417271753,-0.111348922973416,-0.110904768021439,-0.110463916181954,-0.110026331778447,-0.109591979679018,-0.109160825284056,-0.108732834514316,-0.108307973799383,-0.1078862100665,-0.107467510729751,-0.107051843679581,-0.106639177272648,-0.106229480321981,-0.10582272208744,-0.105418872266467,-0.105017900985112,-0.104619778789324,-0.104224476636503,-0.103831965887295,-0.103442218297623,-0.103055206010949,-0.102670901550752,-0.102289277813224,-0.101910308060159,-0.101533965912047,-0.101160225341351,-0.10078906066597,-0.100420446542876,-0.100054357961915,-0.0996907702397803,-0.0993296590141352,-0.0989710002378899,-0.0986147701736255,-0.0982609453881587,-0.0979095027472422,-0.0975604194103972,-0.0972136728258739,-0.0968692407257345,-0.0965271011210549,-0.0961872322972406,-0.095849612809455,-0.0955142214781544,-0.0951810373847274,-0.0948500398672356,0,-0.313698799158822,-0.310558614253832,-0.307307123467954,-0.303961784130976,-0.300543689442953,-0.297075554031234,-0.293578397601749,-0.290070558055305,-0.28656781331883,-0.28308374419411,-0.27963003735646,-0.276216689250389,-0.272852145286514,-0.269543411271413,-0.266296159778627,-0.263114841209905,-0.260002801176605,-0.256962401810337,-0.253995143228803,-0.251101781445868,-0.248282439738464,-0.245536711405933,-0.242863752737503,-0.240262365733633,-0.237731070676576,-0.235268169024655,-0.23287179734073,-0.230539973090318,-0.228270633189124,-0.226061666169046,-0.223910938786115,-0.221816317828394,-0.219775687807207,-0.217786965138278,-0.215848109345032,-0.213957131747039,-0.212112102033691,-0.210311153067147,-0.208552484209289,-0.206834363424484,-0.205155128372777,-0.20351318667612,-0.201907015512728,-0.200335160671106,-0.198796235175065,-0.197288917573763,-0.195811949976047,-0.194364135895636,-0.192944337962901,-0.191551475549666,-0.190184522345525,-0.188842503917363,-0.187524495277955,-0.186229618484546,-0.184957040284107,-0.183705969818354,-0.182475656398565,-0.181265387357687,-0.180074485985029,-0.178902309547064,-0.177748247396321,-0.176611719169159,-0.175492173072154,-0.174389084256034,-0.173301953275457,-0.172230304632381,-0.171173685400412,-0.170131663927212,-0.169103828611849,-0.168089786753833,-0.16708916347051,-0.16610160067946,-0.165126756142541,-0.164164302568313,-0.163213926769576,-0.162275328872909,-0.16134822157717,-0.160432329458034,-0.159527388315773,-0.158633144563623,-0.157749354654177,-0.156875784541425,-0.15601220917614,-0.155158412032468,-0.15431418466371,-0.153479326285366,-0.152653643383681,-0.151836949347991,-0.15102906412532,-0.150229813895744,-0.149439030767162,-0.148656552488182,-0.147882222177937,-0.147115888071703,-0.146357403281292,-0.145606625569255,-0.144863417135968,-0.144127644418802,-0.143399177902559,-0.14267789194047,-0.141963664585075,-0.141256377428341,-0.140555915450457,-0.139862166876742,-0.139175023042165,-0.138494378263009,-0.13782012971523,-0.137152177319112,-0.136490423629832,-0.135834773733575,-0.13518513514888,-0.134541417732891,-0.133903533592244,-0.133271396998304,-0.13264492430651,-0.132024033879593,-0.131408646014447,-0.130798682872438,-0.130194068412981,-0.129594728330181,-0.129000589992388,-0.128411582384497,-0.127827636052848,-0.127248683052595,-0.1266746568974,-0.12610549251134,-0.125541126182907,-0.124981495521,-0.124426539412791,-0.123876197983395,-0.123330412557224,-0.122789125620965,-0.122252280788089,-0.121719822764817,-0.121191697317477,-0.120667851241173,-0.12014823232972,-0.119632789346766,-0.119121471998061,-0.118614230904804,-0.118111017578027,-0.117611784393972,-0.117116484570396,-0.116625072143781,-0.116137501947404,-0.115653729590215,-0.115173711436501,-0.114697404586297,-0.114224766856503,-0.113755756762691,-0.113290333501555,-0.112828456933984,-0.112370087568736,-0.111915186546675,-0.111463715625556,-0.111015637165332,-0.110570914113958,-0.110129509993675,-0.109691388887753,-0.109256515427672,-0.108824854780724,-0.108396372638017,-0.107971035202869,-0.10754880917957,-0.1071296617625,-0.106713560625596,-0.106300473912132,-0.105890370224829,-0.105483218616259,-0.105078988579542,-0.104677650039319,-0.104279173342999,-0.103883529252261,-0.103490688934798,-0.103100623956312,-0.102713306272723,-0.102328708222617,-0.101946802519887,-0.101567562246594,-0.101190960846016,-0.100816972115889,-0.100445570201834,-0.100076729590957,-0.0997104251056168,-0.0993466318973617,-0.0989853254410207,-0.0986264815289481,-0.0982700762654146,-0.0979160860611404,-0.0975644876279664,-0.097215257973657,-0.0968683743968293,-0.0965238144820089,-0.0961815560948013,-0.0958415773771825,-0.0955038567428987,-0.0951683728729747,-0.0948351047113274,-0.0945040314604789,-0.0941751325773683,0,-0.31192259411834,-0.308703393050604,-0.305372771295573,-0.301952179692877,-0.298466470551787,-0.294940062986591,-0.291394252503438,-0.287847007426503,-0.284313519552511,-0.280806734945395,-0.277337703671607,-0.273915789812175,-0.270548809682904,-0.267243145156715,-0.264003855617,-0.260834796564117,-0.257738744689844,-0.254717525804758,-0.251772141237007,-0.248902888840065,-0.246109475751249,-0.243391121108131,-0.2407466478586,-0.238174563522244,-0.235673130272628,-0.233240425039656,-0.230874390516588,-0.228572878035303,-0.22633368327897,-0.224154575759609,-0.222033322918707,-0.219967709626201,-0.217955553766083,-0.215994718511815,-0.214083121815013,-0.212218743558487,-0.210399630760207,-0.208623901158209,-0.206889745457305,-0.205195428476109,-0.203539289396547,-0.20191974128695,-0.200335270043306,-0.198784432870636,-0.197265856407171,-0.195778234577581,-0.19432032624748,-0.192890952739479,-0.191488995260828,-0.190113392284017,-0.18876313691424,-0.187437274271299,-0.186134898908157,-0.18485515228373,-0.183597220303658,-0.182360330939485,-0.181143751933933,-0.179946788597631,-0.178768781700713,-0.177609105461139,-0.176467165630226,-0.175342397674857,-0.174234265054939,-0.173142257594015,-0.172065889940416,-0.171004700115908,-0.169958248148539,-0.168926114786147,-0.167907900286896,-0.166903223283131,-0.165911719714823,-0.164933041828931,-0.163966857241032,-0.163012848055695,-0.162070710042157,-0.161140151862004,-0.160220894345665,-0.159312669814701,-0.158415221446993,-0.157528302682085,-0.156651676664095,-0.155785115719728,-0.154928400869099,-0.154081321367187,-0.153243674273875,-0.152415264050679,-0.151595902182372,-0.150785406821829,-0.14998360245653,-0.149190319595282,-0.148405394473776,-0.147628668777738,-0.146859989382476,-0.146099208107752,-0.14534618148693,-0.14460077054948,-0.143862840615937,-0.143132261104509,-0.142408905348567,-0.141692650424309,-0.140983376987945,-0.140280969121789,-0.139585314188696,-0.138896302694306,-0.138213828156613,-0.137537786982406,-0.136868078350144,-0.136204604098883,-0.135547268622883,-0.13489597877155,-0.1342506437544,-0.133611175050741,-0.132977486323802,-0.132349493339046,-0.131727113886427,-0.131110267706369,-0.130498876419247,-0.129892863458189,-0.129292154004992,-0.128696674929007,-0.128106354728806,-0.127521123476497,-0.126940912764538,-0.126365655654915,-0.12579528663057,-0.125229741548939,-0.124668957597525,-0.124112873251361,-0.123561428232301,-0.123014563470025,-0.122472221064683,-0.121934344251087,-0.121400877364386,-0.12087176580714,-0.12034695601773,-0.119826395440044,-0.119310032494364,-0.118797816549411,-0.118289697895489,-0.117785627718668,-0.117285558075971,-0.116789441871504,-0.116297232833503,-0.115808885492232,-0.115324355158723,-0.114843597904289,-0.114366570540802,-0.113893230601679,-0.113423536323567,-0.112957446628674,-0.112494921107734,-0.112035920003574,-0.111580404195245,-0.111128335182718,-0.110679675072093,-0.110234386561319,-0.109792432926392,-0.109353778008018,-0.108918386198717,-0.10848622243035,-0.108057252162055,-0.107631441368571,-0.107208756528936,-0.106789164615543,-0.106372633083541,-0.105959129860568,-0.105548623336796,-0.105141082355282,-0.104736476202618,-0.104334774599849,-0.103935947693673,-0.103539966047896,-0.103146800635132,-0.102756422828748,-0.102368804395042,-0.101983917485634,-0.101601734630078,-0.101222228728679,-0.100845373045505,-0.100471141201592,-0.100099507168331,-0.0997304452610344,-0.0993639301326698,-0.0989999367677623,-0.0986384404764524,-0.0982794168887082,-0.0979228419486846,-0.0975686919092262,-0.0972169433265072,-0.0968675730548038,-0.0965205582413957,-0.0961758763215905,-0.0958335050138703,-0.0954934223151517,-0.0951556064961594,-0.0948200360969071,-0.0944866899222839,-0.0941555470377426,-0.0938265867650853,-0.0934997886783453,0,-0.310093748870675,-0.306790728153056,-0.303379419323575,-0.299884291575261,-0.296333404504388,-0.292752166669701,-0.289161628468977,-0.285579089231194,-0.282018998446977,-0.278493584674438,-0.275013211547483,-0.271586575206923,-0.268220834540565,-0.264921724512119,-0.261693673550904,-0.258539929836143,-0.255462693974868,-0.252463253154798,-0.249542111857582,-0.246699115226405,-0.243933562452952,-0.241244308728785,-0.238629855256361,-0.23608842750733,-0.233618042375058,-0.231216565139173,-0.228881757289694,-0.226611316289456,-0.224402908320299,-0.222254194986831,-0.220162854860142,-0.218126600645221,-0.216143192658144,-0.214210449207131,-0.212326254387825,-0.210488563728645,-0.208695408056845,-0.206944895899434,-0.205235214684669,-0.203564630968426,-0.201931489874538,-0.200334213908257,-0.198771301276619,-0.197241323827942,-0.195742924704378,-0.194274815785939,-0.192835774991177,-0.191424643488501,-0.190040322862534,-0.188681772271828,-0.187348005627307,-0.186038088814995,-0.184751136981588,-0.183486311897229,-0.182242819406336,-0.181019906974327,-0.179816861335616,-0.178633006246195,-0.177467700342411,-0.17632033510614,-0.17519033293546,-0.174077145318996,-0.172980251111419,-0.171899154907026,-0.170833385507919,-0.169782494483026,-0.16874605481399,-0.16772365962385,-0.166714920984388,-0.165719468798024,-0.164736949750174,-0.163767026328095,-0.162809375902321,-0.16186368986695,-0.160929672835163,-0.160007041886526,-0.159095525862789,-0.158194864709039,-0.15730480885725,-0.156425118649444,-0.155555563797798,-0.154695922879241,-0.153845982862208,-0.15300553866335,-0.152174392732196,-0.151352354661819,-0.150539240823762,-0.149734874025542,-0.148939083189195,-0.148151703049424,-0.147372573870013,-0.146601541177262,-0.145838455509281,-0.145083172180086,-0.144335551057487,-0.143595456353844,-0.142862756428843,-0.142137323603487,-0.141419033984557,-0.140707767298878,-0.140003406736728,-0.13930583880382,-0.138614953181294,-0.137930642593215,-0.137252802681109,-0.13658133188509,-0.135916131331169,-0.135257104724369,-0.134604158247294,-0.133957200463817,-0.133316142227585,-0.132680896595055,-0.132051378742792,-0.131427505888787,-0.130809197217559,-0.130196373808823,-0.129588958569527,-0.128986876169072,-0.128390052977526,-0.127798417006677,-0.127211897853774,-0.126630426647795,-0.126053935998129,-0.125482359945515,-0.124915633915155,-0.124353694671851,-0.123796480277089,-0.123243930047955,-0.122695984517796,-0.122152585398537,-0.121613675544567,-0.121079198918123,-0.120549100556093,-0.120023326538168,-0.119501823956283,-0.118984540885277,-0.118471426354724,-0.117962430321863,-0.117457503645597,-0.11695659806149,-0.116459666157727,-0.115966661351994,-0.115477537869223,-0.114992250720179,-0.114510755680835,-0.11403300927252,-0.113558968742773,-0.113088592046909,-0.112621837830238,-0.112158665410917,-0.111699034763414,-0.111242906502543,-0.110790241868061,-0.110341002709789,-0.109895151473247,-0.109452651185765,-0.109013465443074,-0.108577558396327,-0.10814489473956,-0.107715439697554,-0.107289159014095,-0.106866018940607,-0.106445986225146,-0.106029028101746,-0.105615112280086,-0.105204206935489,-0.104796280699217,-0.104391302649065,-0.103989242300239,-0.103590069596501,-0.103193754901577,-0.102800268990817,-0.102409583043094,-0.102021668632937,-0.101636497722887,-0.101254042656062,-0.100874276148942,-0.100497171284336,-0.100122701504555,-0.0997508406047623,-0.099381562726502,-0.099014842351402,-0.0986506542950401,-0.0982889737009693,-0.0979297760348982,-0.0975730370790191,-0.0972187329264792,-0.0968668399759897,-0.096517334926569,-0.0961701947724147,-0.0958253967979001,-0.095482918572691,-0.0951427379469788,-0.0948048330468255,-0.0944691822696192,-0.0941357642796333,-0.0938045580036887,-0.093475542626914,-0.093148697588601,-0.092824002578153,0,-0.308208960383985,-0.304818875853554,-0.301325954312251,-0.297757752650583,-0.294144787913716,-0.29051265017475,-0.286881642654303,-0.28326814304057,-0.279685740854535,-0.276145888423434,-0.272658226305472,-0.269230754058953,-0.265869948745741,-0.262580878199281,-0.259367324558274,-0.256231918672679,-0.253176280342808,-0.250201158248496,-0.247306564275942,-0.244491898436702,-0.241756062073091,-0.239097558299861,-0.23651457957183,-0.23400508290741,-0.231566853690175,-0.229197559174453,-0.226894792891328,-0.224656111133775,-0.222479062628315,-0.220361212400664,-0.218300160731185,-0.216293557983633,-0.214339115984113,-0.212434616529935,-0.210577917521552,-0.208766957135209,-0.206999756388796,-0.205274420397662,-0.203589138569846,-0.201942183950087,-0.200331911888114,-0.198756758178126,-0.197215236792254,-0.195705937310377,-0.194227522131447,-0.192778723536869,-0.191358340664127,-0.189965236438378,-0.188598334500834,-0.18725661616525,-0.185939117427456,-0.184644926047489,-0.183373178719339,-0.182123058339514,-0.180893791382434,-0.179684645387996,-0.17849492656445,-0.177323977507932,-0.176171175038489,-0.175035928151283,-0.173917676080678,-0.172815886474221,-0.171730053672923,-0.170659697093858,-0.169604359710825,-0.16856360662858,-0.16753702374611,-0.166524216504338,-0.165524808713696,-0.164538441457078,-0.163564772063776,-0.162603473150148,-0.161654231722904,-0.160716748341098,-0.159790736333037,-0.158875921064557,-0.157972039255272,-0.157078838339586,-0.156196075869459,-0.155323518956078,-0.154460943747779,-0.153608134941717,-0.15276488532695,-0.151930995356757,-0.151106272748163,-0.150290532106761,-0.149483594575086,-0.148685287502893,-0.147895444137806,-0.147113903334947,-0.146340509284207,-0.145575111253956,-0.14481756335006,-0.144067724289153,-0.143325457185203,-0.142590629348457,-0.141863112095952,-0.141142780572803,-0.140429513583557,-0.139723193432956,-0.139023705775485,-0.13833093947314,-0.137644786460883,-0.136965141619305,-0.13629190265402,-0.135624969981393,-0.134964246620189,-0.134309638088787,-0.133661052307622,-0.133018399506534,-0.132381592136733,-0.131750544787103,-0.131125174104602,-0.130505398718504,-0.129891139168271,-0.129282317834852,-0.128678858875204,-0.128080688159864,-0.127487733213402,-0.126899923157592,-0.126317188657157,-0.125739461867954,-0.125166676387454,-0.124598767207415,-0.124035670668615,-0.123477324417554,-0.122923667365005,-0.122374639646343,-0.121830182583537,-0.121290238648741,-0.120754751429392,-0.120223665594744,-0.119696926863777,-0.119174481974391,-0.118656278653848,-0.118142265590385,-0.117632392405952,-0.117126609630013,-0.116624868674369,-0.116127121808945,-0.115633322138509,-0.115143423580268,-0.114657380842306,-0.114175149402824,-0.113696685490153,-0.113221946063494,-0.112750888794352,-0.112283472048655,-0.111819654869494,-0.111359396960482,-0.110902658669699,-0.110449400974192,-0.109999585465008,-0.109553174332743,-0.109110130353578,-0.108670416875785,-0.10823399780668,-0.107800837600011,-0.107370901243749,-0.10694415424829,-0.106520562635015,-0.106100092925236,-0.105682712129469,-0.10526838773706,-0.104857087706118,-0.104448780453765,-0.10404343484668,-0.10364102019192,-0.103241506228026,-0.102844863116385,-0.10245106143284,-0.102060072159551,-0.101671866677085,-0.101286416756729,-0.10090369455302,-0.100523672596486,-0.100146323786581,-0.0997716213848168,-0.09939953900808,-0.0990300506221251,-0.0986631305352429,-0.0982987533920929,-0.0979368941676967,-0.0975775281615863,-0.0972206309920997,-0.0968661785908217,-0.0965141471971629,-0.0961645133530736,-0.0958172538978854,-0.0954723459632799,-0.0951297669683759,-0.0947894946149352,-0.0944515068826818,-0.0941157820247281,-0.0937822985631088,-0.0934510352844162,-0.0931219712355338,-0.0927950857194675,-0.0924703582912685,-0.0921477687540459,0,-0.306264574728926,-0.302785905765871,-0.299211302485683,-0.295572383589886,-0.291901140432736,-0.288222502600728,-0.284555583997234,-0.280915651224631,-0.277315358036937,-0.273765344593055,-0.27027450290029,-0.266850112697822,-0.263497947880155,-0.260222391296233,-0.257026565791824,-0.25391247734213,-0.250881162762067,-0.247932834852303,-0.245067019532765,-0.242282681427017,-0.239578336031342,-0.236952147885487,-0.234402015056882,-0.231925640815732,-0.229520593690132,-0.227184357220534,-0.224914370741555,-0.222708062452814,-0.220562875932772,-0.218476291123535,-0.216445840685129,-0.214469122493889,-0.212543808946144,-0.210667653627494,-0.208838495819982,-0.207054263243936,-0.205312973366903,-0.203612733557776,-0.20195174031838,-0.200328277786385,-0.1987407156711,-0.197187506756594,-0.195667184083828,-0.194178357904303,-0.192719712481585,-0.191290002803452,-0.189888051255892,-0.188512744300498,-0.187163029188558,-0.185837910738266,-0.184536448195599,-0.183257752194536,-0.182000981828163,-0.18076534183878,-0.179550079932281,-0.178354484219731,-0.177177880787115,-0.176019631392707,-0.17487913129023,-0.173755807174999,-0.172649115249489,-0.171558539404176,-0.170483589509097,-0.169423799811289,-0.1683787274331,-0.16734795096626,-0.166331069156631,-0.16532769967455,-0.164337477965827,-0.16336005617857,-0.162395102161149,-0.161442298526837,-0.160501341780824,-0.159571941505511,-0.15865381960022,-0.157746709571629,-0.156850355871492,-0.155964513278373,-0.155088946320344,-0.154223428735781,-0.15336774296959,-0.152521679702352,-0.151685037410064,-0.150857621952314,-0.150039246186857,-0.149229729608738,-0.148428898012204,-0.147636583173804,-0.146852622555179,-0.146076859024148,-0.145309140592822,-0.14454932017154,-0.143797255337537,-0.143052808117325,-0.142315844781846,-0.141586235653517,-0.140863854924375,-0.140148580484557,-0.13944029376044,-0.138738879561797,-0.138044225937371,-0.137356224038323,-0.136674767989046,-0.135999754764876,-0.135331084076254,-0.134668658258943,-0.134012382169924,-0.133362163088611,-0.132717910623073,-0.13207953662095,-0.131446955084797,-0.130820082091575,-0.130198835716062,-0.129583135957952,-0.128972904672419,-0.128368065503977,-0.127768543823412,-0.127174266667655,-0.126585162682398,-0.126001162067329,-0.125422196523831,-0.124848199205014,-0.124279104667965,-0.12371484882808,-0.123155368915396,-0.122600603432789,-0.122050492115975,-0.121504975895188,-0.120963996858478,-0.120427498216539,-0.119895424268976,-0.11936772037197,-0.118844332907242,-0.118325209252275,-0.117810297751721,-0.117299547689941,-0.116792909264623,-0.116290333561427,-0.11579177252961,-0.115297178958585,-0.114806506455367,-0.114319709422872,-0.113836743039021,-0.113357563236628,-0.112882126684011,-0.112410390766323,-0.111942313567549,-0.11147785385315,-0.11101697105332,-0.110559625246832,-0.110105777145455,-0.109655388078893,-0.109208419980257,-0.10876483537202,-0.108324597352444,-0.107887669582467,-0.107454016273015,-0.107023602172733,-0.106596392556114,-0.106172353212008,-0.1057514504325,-0.105333651002131,-0.104918922187465,-0.104507231726975,-0.104098547821235,-0.103692839123417,-0.103290074730067,-0.102890224172161,-0.102493257406421,-0.102099144806886,-0.101707857156726,-0.101319365640294,-0.100933641835395,-0.100550657705782,-0.100170385593856,-0.0997927982135613,-0.0994178686434868,-0.0990455703201425,-0.0986758770314209,-0.0983087629102296,-0.0979442024282919,-0.0975821703901068,-0.0972226419270654,-0.0968655924917151,-0.0965109978521698,-0.0961588340866594,-0.0958090775782121,-0.0954617050094687,-0.0951166933576204,-0.0947740198894698,-0.0944336621566086,-0.0940955979907072,-0.0937598054989163,-0.0934262630593719,-0.0930949493168054,-0.0927658431782517,-0.092438923808854,-0.0921141706277613,-0.0917915633041166,-0.0914710817531322,0,-0.304257533962497,-0.300689862690569,-0.297034556332557,-0.293328270285178,-0.289603240300488,-0.285882928964303,-0.28218491490676,-0.278523237337044,-0.274909579487972,-0.271353752926967,-0.267863884029973,-0.264446513179248,-0.26110669197733,-0.257848102504441,-0.254673197632598,-0.251583353483938,-0.248579024380531,-0.245659892492146,-0.24282500684653,-0.240072908614316,-0.237401741348186,-0.234809346113287,-0.232293342260788,-0.229851195066091,-0.227480271673379,-0.225177886839845,-0.222941339919141,-0.220767944410092,-0.21865505125509,-0.21660006692328,-0.214600467169136,-0.212653807224018,-0.210757729059968,-0.20890996626207,-0.207108346957556,-0.205350795175238,-0.203635330946078,-0.201960069403223,-0.200323219095973,-0.198723079695604,-0.197158039240416,-0.195626571041902,-0.194127230352577,-0.192658650878112,-0.191219541201424,-0.189808681173709,-0.188424918316803,-0.1870671642723,-0.185734391325336,-0.184425629024634,-0.183139960915095,-0.181876521394792,-0.18063449270456,-0.179413102055301,-0.178211618895624,-0.177029352320404,-0.175865648619182,-0.174719888962029,-0.173591487219445,-0.172479887912114,-0.171384564285709,-0.170305016505561,-0.169240769965716,-0.168191373706742,-0.167156398936608,-0.166135437648943,-0.1651281013331,-0.164134019770516,-0.163152839912106,-0.162184224831526,-0.161227852749432,-0.160283416124045,-0.159350620803559,-0.158429185236202,-0.157518839733958,-0.156619325786218,-0.155730395419846,-0.154851810602363,-0.153983342685188,-0.153124771884049,-0.152275886793909,-0.151436483935893,-0.150606367333933,-0.14978534811896,-0.148973244158671,-0.148169879711005,-0.147375085099641,-0.146588696409924,-0.145810555203759,-0.145040508252121,-0.144278407283925,-0.143524108750122,-0.142777473601914,-0.142038367082146,-0.141306658528932,-0.140582221190681,-0.139864932051757,-0.139154671668032,-0.138451324011693,-0.137754776324658,-0.137064918980062,-0.136381645351263,-0.135704851687899,-0.13503443699853,-0.134370302939457,-0.133712353709323,-0.133060495949143,-0.132414638647424,-0.13177469305007,-0.131140572574771,-0.130512192729633,-0.129889471035768,-0.129272326953639,-0.128660681812929,-0.128054458745734,-0.127453582622892,-0.12685797999328,-0.126267579025899,-0.12568230945461,-0.12510210252536,-0.124526890945783,-0.123956608837028,-0.123391191687716,-0.122830576309899,-0.122274700796924,-0.121723504483106,-0.121176927905108,-0.120634912764955,-0.120097401894585,-0.119564339221874,-0.119035669738054,-0.118511339466452,-0.117991295432501,-0.117475485634945,-0.116963859018185,-0.116456365445719,-0.115952955674618,-0.115453581330986,-0.114958194886365,-0.114466749635038,-0.113979199672187,-0.113495499872871,-0.113015605871782,-0.112539474043745,-0.112067061484932,-0.111598325994752,-0.111133226058396,-0.110671720829993,-0.110213770116366,-0.109759334361359,-0.109308374630692,-0.108860852597352,-0.10841673052747,-0.107975971266678,-0.107538538226918,-0.107104395373692,-0.106673507213725,-0.106245838783032,-0.105821355635368,-0.105400023831042,-0.10498180992609,-0.104566680961787,-0.104154604454471,-0.103745548385699,-0.103339481192685,-0.102936371759033,-0.102536189405745,-0.102138903882496,-0.101744485359161,-0.101352904417584,-0.10096413204359,-0.100578139619222,-0.100194898915187,-0.0998143820835243,-0.0994365616504649,-0.0990614105094938,-0.0986889019145934,-0.0983190094736695,-0.097951707142151,-0.0975869692167566,-0.0972247703294231,-0.0968650854413889,-0.0965078898374285,-0.0961531591202312,-0.09580086920492,-0.0954509963137049,-0.0951035169706671,-0.0947584079966697,-0.0944156465043891,-0.094075209893464,-0.0937370758457593,-0.0934012223207382,-0.0930676275509431,-0.0927362700375775,-0.0924071285461885,-0.0920801821024452,-0.0917554099880107,-0.0914327917365053,-0.0911123071295571,-0.0907939361929377,0,-0.302185407966458,-0.298528895077125,-0.294795097750557,-0.291025829348978,-0.287252148052909,-0.28349535410532,-0.279771268517969,-0.276092662340755,-0.27247024976932,-0.268913012006449,-0.265428297909951,-0.262021890980189,-0.258698102921101,-0.255459901168933,-0.252309060345516,-0.24924632446825,-0.246271568682037,-0.243383952502971,-0.240582059644336,-0.237864021963082,-0.235227626846427,-0.232670408535144,-0.230189724581486,-0.227782818994999,-0.22544687374941,-0.223179050294461,-0.220976522601215,-0.218836503111362,-0.216756262788787,-0.214733146302435,-0.212764583212858,-0.210848095895268,-0.208981304810758,-0.207161931633978,-0.205387800658515,-0.203656838828399,-0.201967074683694,-0.200316636457942,-0.198703749523622,-0.197126733347368,-0.195583998088029,-0.194074040946878,-0.192595442359434,-0.191146862101757,-0.189727035370234,-0.188334768882234,-0.186968937035238,-0.185628478153934,-0.184312390847852,-0.183019730496455,-0.181749605873802,-0.180501175920961,-0.179273646671076,-0.178066268329353,-0.176878332508012,-0.175709169614569,-0.174558146390385,-0.173424663595388,-0.172308153834039,-0.171208079517033,-0.170123930952817,-0.169055224562731,-0.168001501213474,-0.166962324660514,-0.165937280096163,-0.164925972796098,-0.163928026858299,-0.162943084028566,-0.161970802607007,-0.161010856430117,-0.160062933923358,-0.15912673721939,-0.158201981337378,-0.15728839341908,-0.15638571201765,-0.155493686435401,-0.154612076106947,-0.153740650024453,-0.152879186201896,-0.15202747117548,-0.151185299537553,-0.150352473501543,-0.149528802495658,-0.148714102783197,-0.147908197107551,-0.147110914360057,-0.146322089269055,-0.145541562108587,-0.144769178425332,-0.144004788782437,-0.143248248519061,-0.142499417524487,-0.141758160025787,-0.141024344388073,-0.140297842926467,-0.139578531728981,-0.138866290489539,-0.138161002350476,-0.13746255375386,-0.136770834301048,-0.136085736619941,-0.135407156239424,-0.134734991470532,-0.134069143293909,-0.133409515253157,-0.132756013353711,-0.132108545966894,-0.131467023738832,-0.13083135950394,-0.130201468202692,-0.129577266803436,-0.128958674228003,-0.128345611280891,-0.127738000581834,-0.12713576650153,-0.12653883510039,-0.125947134070102,-0.125360592677885,-0.124779141713263,-0.124202713437238,-0.12363124153372,-0.12306466106311,-0.122502908417903,-0.121945921280227,-0.121393638581197,-0.120846000462006,-0.120302948236659,-0.119764424356266,-0.119230372374819,-0.118700736916375,-0.118175463643582,-0.117654499227473,-0.117137791318484,-0.116625288518607,-0.116116940354661,-0.115612697252595,-0.115112510512794,-0.114616332286334,-0.114124115552142,-0.113635814095024,-0.113151382484508,-0.112670776054484,-0.112193950883587,-0.111720863776301,-0.111251472244745,-0.110785734491116,-0.110323609390756,-0.109865056475814,-0.109410035919482,-0.108958508520776,-0.108510435689843,-0.108065779433765,-0.107624502342838,-0.107186567577322,-0.106751938854613,-0.106320580436852,-0.105892457118923,-0.105467534216849,-0.105045777556548,-0.10462715346295,-0.104211628749454,-0.103799170707707,-0.103389747097706,-0.102983326138188,-0.10257987649732,-0.10217936728366,-0.101781768037386,-0.101387048721784,-0.100995179714976,-0.10060613180189,-0.100219876166457,-0.0998363843840229,-0.0994556284139735,-0.0990775805925646,-0.0987022136259425,-0.0983295005833557,-0.0979594148905464,-0.097591930323316,-0.0972270210012595,-0.0968646613816614,-0.0965048262535476,-0.0961474907318891,-0.0957926302519492,-0.095440220563773,-0.0950902377268105,-0.094742658104673,-0.0943974583600129,-0.0940546154495282,-0.0937141066190826,-0.0933759093989421,-0.093040001599121,-0.092706361304834,-0.0923749668720522,-0.0920457969231591,-0.091718830342703,-0.0913940462732444,-0.091071424111293,-0.0907509435033331,-0.0904325843419344,-0.0901163267619452,0,-0.300046447412895,-0.296301380608348,-0.292492711588519,-0.288665856786734,-0.284849216925928,-0.281061418815854,-0.277316442170063,-0.273625819237189,-0.269999324713748,-0.266445116433662,-0.262969755776264,-0.259578252371293,-0.25627416146199,-0.253059723879517,-0.249936030307497,-0.246903193343541,-0.243960515262844,-0.241106643740159,-0.238339711300818,-0.235657456826689,-0.23305732915212,-0.230536573828518,-0.228092304694395,-0.225721562114017,-0.223421359762061,-0.221188721721388,-0.219020711486864,-0.216914454269506,-0.214867153796404,-0.212876104616432,-0.2109387007562,-0.209052441427183,-0.207214934363028,-0.205423897263787,-0.203677157738985,-0.201972652071318,-0.200308423065101,-0.198682617196113,-0.197093481240469,-0.195539358527935,-0.194018684938515,-0.192529984739107,-0.1910718663387,-0.189643018025349,-0.188242203735447,-0.186868258895183,-0.185520086365203,-0.184196652512093,-0.182896983424127,-0.181620161283612,-0.180365320903901,-0.179131646435703,-0.177918368244443,-0.176724759958152,-0.175550135683519,-0.174393847386316,-0.173255282431284,-0.172133861275747,-0.171029035310606,-0.169940284842009,-0.168867117206686,-0.16780906501389,-0.16676568450684,-0.165736554036663,-0.164721272641974,-0.163719458727433,-0.162730748834863,-0.161754796500767,-0.160791271194384,-0.159839857330707,-0.158900253353196,-0.157972170881218,-0.15705533391756,-0.156149478111619,-0.155254350074217,-0.154369706740186,-0.153495314775211,-0.15263095002361,-0.151776396993984,-0.150931448379921,-0.150095904613096,-0.149269573446357,-0.14845226956454,-0.14764381422094,-0.146844034897524,-0.146052764987119,-0.145269843495949,-0.14449511476502,-0.143728428208964,-0.142969638071083,-0.142218603193411,-0.141475186800708,-0.140739256297406,-0.140010683076581,-0.139289342340108,-0.13857511292922,-0.13786787716476,-0.137167520696454,-0.136473932360608,-0.135787004045649,-0.135106630565013,-0.13443270953687,-0.133765141270276,-0.133103828657308,-0.132448677070826,-0.131799594267497,-0.131156490295766,-0.13051927740845,-0.129887869979702,-0.129262184426062,-0.128642139131364,-0.128027654375264,-0.127418652265192,-0.126815056671518,-0.126216793165756,-0.125623788961642,-0.12503597285891,-0.124453275189632,-0.123875627766979,-0.12330296383627,-0.122735218028184,-0.122172326314031,-0.12161422596296,-0.121060855501022,-0.120512154671968,-0.119968064399721,-0.11942852675241,-0.118893484907909,-0.1183628831208,-0.117836666690679,-0.117314781931754,-0.116797176143665,-0.116283797583467,-0.115774595438718,-0.115269519801632,-0.114768521644225,-0.114271552794423,-0.113778565913093,-0.113289514471929,-0.112804352732177,-0.112323035724158,-0.111845519227535,-0.11137175975231,-0.110901714520515,-0.110435341448547,-0.109972599130153,-0.109513446819997,-0.109057844417813,-0.108605752453112,-0.108157132070402,-0.107711945014923,-0.10727015361886,-0.106831720788015,-0.106396609988926,-0.105964785236403,-0.105536211081474,-0.105110852599717,-0.104688675379965,-0.104269645513367,-0.103853729582794,-0.103440894652568,-0.103031108258515,-0.102624338398307,-0.10222055352211,-0.101819722523497,-0.101421814730636,-0.101026799897736,-0.100634648196735,-0.10024533020923,-0.0998588169186323,-0.0994750797025473,-0.0990940903253599,-0.0987158209310271,-0.0983402440360656,-0.0979673325227278,-0.0975970596323596,-0.0972293989589329,-0.096864324442747,-0.0965018103642928,-0.0961418313382732,-0.095784362307775,-0.0954293785385867,-0.0950768556136569,-0.0947267694276888,-0.0943790961818665,-0.0940338123787062,-0.093690894817032,-0.0933503205870694,-0.0930120670656525,-0.0926761119115428,-0.092342433060855,-0.0920110087225852,-0.0916818173742416,-0.0913548377575708,-0.0910300488743786,-0.0907074299824409,-0.0903869605915047,-0.0900686204593728,-0.0897523895880742,-0.0894382482201115,0,-0.297838888856717,-0.294006069320768,-0.290127682970552,-0.286249556017135,-0.282396089601069,-0.278582969077237,-0.274822388039936,-0.271124726735447,-0.267498867341276,-0.263952153851121,-0.260490349153329,-0.257117671448579,-0.253836903814191,-0.250649550614819,-0.247556015777067,-0.244555784350923,-0.24164759521656,-0.23882959794964,-0.236099490588597,-0.233454637551936,-0.230892168506751,-0.22840905985243,-0.226002200874201,-0.223668446708327,-0.221404660167581,-0.219207744286849,-0.217074667220137,-0.21500248088592,-0.212988334537071,-0.211029484234014,-0.209123299028639,-0.207267264521637,-0.205458984335198,-0.20369617994337,-0.20197668922078,-0.200298464003734,-0.19865956690335,-0.197058167565977,-0.19549253853985,-0.193961050877172,-0.192462169576274,-0.190994448948301,-0.189556527976098,-0.188147125719072,-0.186765036806224,-0.185409127049941,-0.184078329205123,-0.182771638891568,-0.181488110692066,-0.180226854434089,-0.178987031659276,-0.17776785228189,-0.176568571434988,-0.17538848650114,-0.174226934323021,-0.173083288588047,-0.171956957380402,-0.17084738089319,-0.169754029293065,-0.168676400729471,-0.167614019480562,-0.166566434227878,-0.165533216452003,-0.164513958941609,-0.163508274408539,-0.162515794201872,-0.161536167114213,-0.160569058273799,-0.159614148116332,-0.158671131430817,-0.157739716473997,-0.156819624148345,-0.15591058723888,-0.155012349704388,-0.154124666018965,-0.153247300560044,-0.152380027039382,-0.151522627973724,-0.15067489419211,-0.14983662437702,-0.149007624636783,-0.148187708106843,-0.147376694577698,-0.146574410147477,-0.145780686897299,-0.144995362587684,-0.144218280374445,-0.143449288542614,-0.142688240257051,-0.141934993328526,-0.141189409994121,-0.140451356710947,-0.139720703962185,-0.138997326074595,-0.138281101046685,-0.137571910386778,-0.136869638960311,-0.136174174845727,-0.135485409198372,-0.134803236121876,-0.134127552546505,-0.133458258114043,-0.132795255068766,-0.132138448154139,-0.131487744514847,-0.130843053603851,-0.130204287094146,-0.129571358794935,-0.128944184571953,-0.128322682271702,-0.127706771649344,-0.12709637430007,-0.126491413593713,-0.125891814612446,-0.125297504091372,-0.124708410361856,-0.124124463297444,-0.123545594262224,-0.122971736061506,-0.122402822894685,-0.121838790310182,-0.121279575162344,-0.120725115570211,-0.120175350878047,-0.119630221617542,-0.11908966947161,-0.118553637239695,-0.11802206880451,-0.117494909100144,-0.11697210408146,-0.116453600694732,-0.115939346849451,-0.115429291391253,-0.114923384075907,-0.114421575544317,-0.113923817298491,-0.113430061678432,-0.112940261839899,-0.11245437173302,-0.111972346081683,-0.111494140363707,-0.111019710791736,-0.110549014294819,-0.110082008500665,-0.109618651718524,-0.109158902922683,-0.108702721736526,-0.108250068417164,-0.107800903840587,-0.107355189487321,-0.106912887428571,-0.106473960312833,-0.106038371352946,-0.105606084313565,-0.105177063499055,-0.104751273741759,-0.104328680390654,-0.103909249300358,-0.103492946820484,-0.103079739785322,-0.10266959550384,-0.102262481749989,-0.101858366753296,-0.101457219189741,-0.1010590081729,-0.100663703245348,-0.100271274370311,-0.0998816919235553,-0.0994949266855034,-0.0991109498335778,-0.0987297329347501,-0.098351247938298,-0.0979754671687571,-0.0976023633190641,-0.0972319094438792,-0.096864078953087,-0.096498845605465,-0.0961361835025156,-0.095776067082456,-0.0954184711143579,-0.0950633706924358,-0.0947107412304751,-0.0943605584563973,-0.0940127984069558,-0.0936674374225601,-0.0933244521422219,-0.0929838194986205,-0.0926455167132829,-0.0923095212918739,-0.0919758110195956,-0.0916443639566892,-0.0913151584340381,-0.0909881730488677,-0.0906633866605405,-0.0903407783864413,-0.0900203275979526,-0.0897020139165152,-0.0893858172097708,-0.0890717175877878,-0.0887596953993621,0,-0.295561833224491,-0.291642266238504,-0.287700870231677,-0.28377854286008,-0.279894682129248,-0.276062039860382,-0.272291202046656,-0.268591522609066,-0.264971043791475,-0.261436301898284,-0.257992246886277,-0.254642286783813,-0.251388417784016,-0.248231400386224,-0.245170952174264,-0.24220593798641,-0.239334546119825,-0.23655444479784,-0.23386291684804,-0.231256972859144,-0.228733444406093,-0.226289059575322,-0.223920503227708,-0.221624464379852,-0.219397672885553,-0.217236927337117,-0.215139115829272,-0.213101230964295,-0.211120380239626,-0.209193792753767,-0.207318822992986,-0.205492952317676,-0.203713788649606,-0.201979064765595,-0.200286635525746,-0.198634474301738,-0.197020668820025,-0.195443416593753,-0.193901020083745,-0.192391881701671,-0.190914498746125,-0.189467458343915,-0.188049432453673,-0.186659172976326,-0.185295507006513,-0.183957332250436,-0.182643612628444,-0.181353374074807,-0.180085700542244,-0.178839730214863,-0.177614651929956,-0.176409701806535,-0.175224160076486,-0.174057348112653,-0.172908625646998,-0.171777388171098,-0.170663064510696,-0.169565114565618,-0.168483027206193,-0.167416318317299,-0.166364528981188,-0.165327223790468,-0.164303989282828,-0.163294432489406,-0.162298179589029,-0.161314874660935,-0.160344178528936,-0.159385767690412,-0.158439333323873,-0.15750458036925,-0.156581226675421,-0.155669002209878,-0.154767648325761,-0.153876917081852,-0.152996570611423,-0.152126380536142,-0.151266127421541,-0.150415600270786,-0.149574596053781,-0.148742919268843,-0.147920381534415,-0.147106801208485,-0.146302003033568,-0.145505817805286,-0.144718082062727,-0.143938637798924,-0.143167332189937,-0.142404017341123,-0.141648550049323,-0.140900791579776,-0.140160607456676,-0.139427867266385,-0.138702444472388,-0.137984216241133,-0.137273063278016,-0.136568869672767,-0.135871522753615,-0.135180912949607,-0.134496933660549,-0.13381948113404,-0.133148454349145,-0.132483754906263,-0.131825286922797,-0.131172956934245,-0.13052667380039,-0.129886348616244,-0.129251894627482,-0.128623227150073,-0.128000263493858,-0.127382922889859,-0.126771126421071,-0.126164796956562,-0.125563859088675,-0.12496823907316,-0.124377864772075,-0.123792665599303,-0.123212572468532,-0.122637517743579,-0.122067435190913,-0.121502259934287,-0.120941928411336,-0.120386378332063,-0.119835548639105,-0.119289379469686,-0.118747812119181,-0.118210789006191,-0.117678253639081,-0.117150150583879,-0.116626425433491,-0.116107024778155,-0.115591896177083,-0.115080988131221,-0.114574250057093,-0.114071632261652,-0.113573085918119,-0.113078563042737,-0.112588016472417,-0.11210139984322,-0.111618667569656,-0.111139774824735,-0.110664677520761,-0.110193332290821,-0.109725696470946,-0.109261728082908,-0.108801385817622,-0.108344629019141,-0.107891417669201,-0.107441712372297,-0.10699547434128,-0.106552665383427,-0.106113247886989,-0.105677184808179,-0.105244439658594,-0.104814976493042,-0.104388759897762,-0.103965754979022,-0.10354592735208,-0.103129243130481,-0.1027156689157,-0.102305171787089,-0.10189771929214,-0.101493279437035,-0.101091820677478,-0.100693311909798,-0.100297722462313,-0.0999050220869403,-0.099515180951046,-0.0991281696295292,-0.0987439590971228,-0.0983625207209104,-0.0979838262530457,-0.0976078478236721,-0.0972345579340297,-0.096863929449746,-0.0964959355943027,-0.0961305499426735,-0.0957677464151229,-0.095407499271165,-0.0950497831036737,-0.0946945728331394,-0.0943418437020671,-0.0939915712695122,-0.0936437314057476,-0.0932983002870581,-0.0929552543906588,-0.0926145704897313,-0.0922762256485765,-0.0919401972178772,-0.0916064628300701,-0.0912750003948205,-0.0909457880945977,-0.0906188043803494,-0.0902940279672706,-0.0899714378306624,-0.0896510132018817,-0.0893327335643756,-0.0890165786497993,-0.0887025284342157,-0.0883905631343741,-0.0880806632040634,0,-0.293212360371125,-0.289209960991392,-0.285213743486848,-0.281254826936017,-0.277347157017987,-0.273500835379752,-0.269725112216729,-0.266028457336483,-0.262418119502796,-0.258899825147954,-0.255477691899721,-0.252154297631564,-0.248930838370807,-0.24580732633635,-0.242782796841424,-0.239855505596358,-0.237023106615899,-0.234282806567598,-0.231631494888785,-0.22906585101444,-0.226582431084892,-0.224177736895208,-0.221848269858542,-0.219590572555489,-0.217401260142581,-0.21527704356491,-0.2132147462001,-0.211211315273615,-0.20926382913694,-0.207369501291221,-0.205525681866813,-0.203729857129192,-0.201979647468866,-0.200272804242409,-0.198607205759313,-0.19698085265126,-0.195391862813881,-0.193838466073445,-0.192318998700547,-0.190831897868088,-0.189375696130649,-0.187949015985722,-0.186550564563623,-0.185179128481637,-0.183833568888634,-0.18251281671873,-0.181215868166291,-0.17994178038938,-0.178689667444591,-0.177458696452819,-0.176248083992846,-0.175057092717484,-0.173885028185451,-0.172731235900901,-0.171595098551708,-0.170476033437005,-0.169373490074163,-0.168286947975222,-0.167215914582824,-0.16615992335581,-0.165118531994878,-0.164091320799011,-0.163077891143733,-0.162077864072644,-0.161090878994132,-0.160116592475557,-0.159154677127694,-0.158204820572618,-0.157266724488684,-0.156340103726657,-0.155424685491472,-0.154520208584489,-0.153626422701476,-0.152743087781928,-0.151869973405647,-0.151006858232828,-0.150153529484189,-0.149309782457972,-0.148475420080874,-0.147650252490222,-0.146834096644921,-0.14602677596291,-0.145228119983044,-0.144437964049492,-0.143656149016913,-0.142882520974792,-0.142116930989489,-0.14135923486264,-0.140609292904677,-0.139866969722357,-0.139132134019236,-0.138404658408161,-0.137684419234903,-0.136971296412124,-0.136265173262954,-0.135565936373502,-0.134873475453679,-0.134187683205766,-0.133508455200199,-0.132835689758096,-0.132169287840075,-0.131509152940952,-0.130855190989946,-0.130207310256039,-0.129565421258162,-0.128929436679915,-0.128299271288546,-0.127674841857915,-0.127056067095231,-0.126442867571313,-0.125835165654191,-0.125232885445839,-0.124635952721875,-0.124044294874048,-0.123457840855369,-0.122876521127731,-0.122300267611887,-0.12172901363966,-0.121162693908263,-0.120601244436619,-0.120044602523569,-0.119492706707894,-0.118945496730018,-0.118402913495348,-0.11786489903914,-0.11733139649282,-0.116802350051707,-0.116277704944032,-0.115757407401229,-0.115241404629405,-0.114729644781956,-0.114222076933251,-0.113718651053355,-0.113219317983729,-0.112724029413859,-0.112232737858786,-0.111745396637473,-0.111261959851993,-0.11078238236748,-0.110306619792826,-0.109834628462076,-0.1093663654165,-0.108901788387304,-0.108440855778952,-0.107983526653086,-0.107529760712992,-0.107079518288612,-0.106632760322064,-0.106189448353656,-0.105749544508366,-0.105313011482772,-0.104879812532416,-0.104449911459574,-0.104023272601423,-0.103599860818589,-0.103179641484054,-0.10276258047241,-0.10234864414945,-0.101937799362072,-0.101530013428498,-0.101125254128777,-0.100723489695583,-0.100324688805272,-0.0999288205692046,-0.0995358545253217,-0.0991457606299554,-0.0987585092498741,-0.098374071154549,-0.0979924175086337,-0.097613519864651,-0.0972373501558762,-0.096863880689411,-0.0964930841394421,-0.0961249335406746,-0.0957594022819374,-0.0953964640999509,-0.095036093073255,-0.0946782636162879,-0.0943229504736125,-0.0939701287142853,-0.0936197737263614,-0.0932718612115332,-0.0929263671798957,-0.092583267944836,-0.092242540118041,-0.0919041606046229,-0.0915681065983539,-0.0912343555770095,-0.0909028852978165,-0.0905736737930028,-0.0902466993654436,-0.0899219405844039,-0.0895993762813714,-0.0892789855459796,-0.0889607477220164,-0.0886446424035176,-0.0883306494309403,-0.0880187488874163,-0.0877089210950802,-0.0874011466114736,0,-0.290786881631262,-0.286709991483796,-0.282668383403221,-0.278680771132205,-0.274755888472715,-0.270901707946846,-0.267126467659491,-0.263437888512741,-0.259842455774423,-0.25634507200055,-0.25294899760712,-0.249655959612259,-0.24646634277463,-0.243379410246875,-0.240393523259358,-0.237506343496877,-0.234715010599292,-0.232016292531982,-0.22940670964077,-0.226882634815469,-0.224440372870396,-0.222076222375741,-0.219786522987144,-0.217567690983152,-0.2154162453304,-0.213328826211759,-0.211302207602681,-0.209333305178024,-0.207419180577675,-0.205557042851348,-0.20374424773504,-0.201978295277609,-0.200256826229456,-0.198577617520995,-0.196938577091757,-0.195337738277908,-0.193773253923638,-0.192243390347898,-0.190746521270631,-0.189281121780394,-0.187845762407202,-0.186439103349583,-0.185059888892711,-0.183706942044459,-0.182379159408034,-0.181075506303131,-0.179795012142076,-0.178536766062968,-0.177299912818319,-0.176083648914823,-0.174887218997747,-0.173709912471734,-0.172551060348611,-0.171410032311921,-0.170286233987366,-0.169179104408029,-0.168088113663167,-0.167012760719398,-0.165952571403362,-0.164907096535155,-0.163875910202278,-0.162858608164223,-0.16185480637831,-0.160864139637861,-0.15988626031431,-0.158920837195353,-0.15796755441173,-0.157026110445737,-0.15609621721503,-0.155177599225748,-0.154269992789412,-0.153373145298478,-0.152486814555808,-0.151610768153703,-0.15074478289848,-0.149888644276882,-0.14904214596096,-0.148205089348279,-0.147377283134617,-0.146558542916516,-0.145748690821316,-0.144947555162453,-0.14415497011802,-0.143370775430762,-0.142594816127814,-0.141826942258644,-0.14106700864981,-0.140314874675218,-0.139570404040735,-0.138833464582055,-0.138103928074845,-0.137381670056267,-0.136666569657045,-0.135958509443323,-0.135257375267617,-0.134563056128222,-0.133875444036494,-0.133194433891454,-0.132519923361244,-0.131851812770953,-0.131190004996408,-0.130534405363539,-0.129884921552968,-0.129241463509476,-0.12860394335606,-0.127972275312288,-0.127346375616694,-0.126726162452969,-0.126111555879728,-0.125502477763632,-0.124898851715686,-0.124300603030521,-0.123707658628493,-0.123119947000448,-0.122537398154997,-0.121959943568172,-0.121387516135324,-0.120820050125157,-0.120257481135777,-0.119699746052642,-0.119146783008331,-0.118598531344034,-0.118054931572655,-0.117515925343486,-0.116981455408326,-0.116451465589016,-0.115925900746293,-0.115404706749902,-0.114887830449921,-0.114375219649213,-0.113866823076984,-0.113362590363361,-0.112862472014965,-0.112366419391423,-0.111874384682778,-0.111386320887751,-0.110902181792819,-0.110421921952071,-0.10994549666781,-0.109472861971854,-0.109003974607527,-0.108538792012282,-0.108077272300954,-0.107619374249593,-0.107165057279868,-0.106714281444004,-0.106267007410241,-0.10582319644878,-0.105382810418206,-0.104945811752359,-0.104512163447639,-0.104081829050724,-0.103654772646687,-0.103230958847488,-0.102810352780836,-0.102392920079396,-0.101978626870332,-0.101567439765167,-0.101159325849959,-0.100754252675766,-0.100352188249394,-0.0999531010244209,-0.0995569598924805,-0.0991637341747957,-0.0987733936139553,-0.0983859083659217,-0.0980012489922615,-0.0976193864525901,-0.0972402920972242,-0.0968639376600308,-0.0964902952514682,-0.096119337351811,-0.0957510368045526,-0.0953853668099769,-0.0950223009188962,-0.0946618130265471,-0.0943038773666387,-0.0939484685055492,-0.0935955613366646,-0.093245131074854,-0.0928971532510792,-0.0925516037071302,-0.092208458590487,-0.0918676943492987,-0.0915292877274801,-0.0911932157599187,-0.0908594557677905,-0.0905279853539812,-0.0901987823986074,-0.0898718250546371,-0.0895470917436037,-0.0892245611514146,-0.088904212224246,-0.0885860241645274,-0.0882699764270076,-0.0879560487149026,-0.0876442209761235,-0.0873344733995796,-0.087026786411558,-0.086721140672173,0,-0.288283101610154,-0.284144200379023,-0.280067437326876,-0.27605903306035,-0.27212342353103,-0.268267137616518,-0.26449772915017,-0.260822276364345,-0.25724650673609,-0.253774471448427,-0.250408543860697,-0.247149579776156,-0.243997144742183,-0.240949756413863,-0.238005114699512,-0.235160306615025,-0.232411981011582,-0.229756493024273,-0.227190020578009,-0.224708656416426,-0.222308479431639,-0.219985608925015,-0.217736245052044,-0.215556698240377,-0.213443409901659,-0.211392966327972,-0.209402107291141,-0.207467730551871,-0.205586893232164,-0.20375681080157,-0.201974854267244,-0.200238546031683,-0.19854555478327,-0.196893689707405,-0.19528089424537,-0.193705239580197,-0.192164917990897,-0.190658236186095,-0.189183608703793,-0.187739551444265,-0.186324675387089,-0.184937680530241,-0.183577350078482,-0.182242544899546,-0.180932198259474,-0.179645310842673,-0.17838094605758,-0.177138225625112,-0.175916325444116,-0.174714471725796,-0.173531937387367,-0.172368038693985,-0.171222132137112,-0.170093611537016,-0.16898190535681,-0.16788647421542,-0.166806808587004,-0.165742426674601,-0.164692872446186,-0.163657713821746,-0.162636541000482,-0.161628964917829,-0.160634615822488,-0.159653141964315,-0.158684208384403,-0.157727495799326,-0.156782699572036,-0.155849528762426,-0.154927705251109,-0.154016962930428,-0.153117046957183,-0.152227713061989,-0.151348726910588,-0.150479863512813,-0.14962090667527,-0.148771648494106,-0.14793188888457,-0.147101435144316,-0.146280101547697,-0.145467708968496,-0.144664084528797,-0.143869061271867,-0.143082477857125,-0.142304178275439,-0.141534011583134,-0.140771831653245,-0.140017496942674,-0.139270870274028,-0.138531818631015,-0.137800212966378,-0.137075928021425,-0.136358842156319,-0.135648837190323,-0.134945798251292,-0.134249613633769,-0.133560174665056,-0.132877375578735,-0.132201113395114,-0.131531287808138,-0.130867801078334,-0.130210557931403,-0.129559465462082,-0.128914433042948,-0.128275372237854,-0.127642196719709,-0.127014822192331,-0.126393166316139,-0.125777148637448,-0.125166690521147,-0.124561715086585,-0.123962147146465,-0.123367913148571,-0.122778941120192,-0.122195160615068,-0.121616502662737,-0.121042899720151,-0.120474285625424,-0.119910595553625,-0.119351765974486,-0.118797734611938,-0.118248440405371,-0.117703823472543,-0.117163825074044,-0.116628387579235,-0.116097454433605,-0.115570970127449,-0.11504888016583,-0.114531131039746,-0.114017670198442,-0.113508446022829,-0.113003407799931,-0.112502505698339,-0.112005690744603,-0.111512914800531,-0.111024130541344,-0.110539291434656,-0.110058351720231,-0.109581266390495,-0.109107991171751,-0.108638482506082,-0.108172697533903,-0.107710594077128,-0.107252130622939,-0.106797266308112,-0.106345960903898,-0.105898174801408,-0.105453868997504,-0.10501300508116,-0.104575545220278,-0.104141452148937,-0.103710689155058,-0.103283220068474,-0.102859009249367,-0.102438021577087,-0.10202022243931,-0.101605577721537,-0.101194053796913,-0.100785617516357,-0.100380236198987,-0.0999778776228296,-0.0995785100158024,-0.0991821020469604,-0.0987886228179932,-0.0983980418549628,-0.0980103291002768,-0.097625454904883,-0.0972433900206795,-0.0968641055931338,-0.0964875731540968,-0.0961137646148119,-0.0957426522591072,-0.0953742087367654,-0.095008407057064,-0.0946452205824827,-0.0942846230225667,-0.0939265884279459,-0.0935710911845,-0.093218106007668,-0.0928676079368942,-0.0925195723302067,-0.0921739748589258,-0.0918307915024958,-0.0914899985434361,-0.0911515725624083,-0.0908154904333966,-0.0904817293189951,-0.0901502666658011,-0.089821080199909,-0.089494147922503,-0.0891694481055455,-0.0888469592875576,-0.0885266602694883,-0.0882085301106711,-0.0878925481248649,-0.0875786938763754,-0.0872669471762575,-0.0869572880785933,-0.0866496968768452,-0.0863441541002813,-0.0860406405104709,0,-0.285700992556599,-0.281515486386072,-0.277414032701146,-0.273392494453023,-0.269452443221843,-0.265599714649209,-0.261841462069003,-0.258184180510862,-0.254632816636047,-0.251190529560974,-0.247858772303967,-0.244637510944581,-0.241525488184,-0.238520484855204,-0.235619557301093,-0.232819241658197,-0.230115723266408,-0.227504973229327,-0.224982855944231,-0.222545212023135,-0.220187920955291,-0.217906947446998,-0.215698374820841,-0.213558428282124,-0.211483490328047,-0.209470110112895,-0.207515008197426,-0.205615077798738,-0.203767383409374,-0.201969157460479,-0.200217795553242,-0.198510850666402,-0.196846026657609,-0.195221171306772,-0.193634269095305,-0.192083433872733,-0.190566901528621,-0.18908302276112,-0.187630256012061,-0.186207160621279,-0.184812390238827,-0.183444686522401,-0.182102873137974,-0.180785850074118,-0.179492588274411,-0.178222124587387,-0.176973557029642,-0.175746040354621,-0.174538781917317,-0.173351037823362,-0.172182109349774,-0.171031339623791,-0.16989811054578,-0.168781839941987,-0.167681978932975,-0.166598009503763,-0.165529442262077,-0.164475814371571,-0.163436687647411,-0.162411646802237,-0.161400297831113,-0.160402266524759,-0.159417197100993,-0.158444750944975,-0.157484605449471,-0.156536452946989,-0.155599999726223,-0.154674965125815,-0.153761080698984,-0.152858089443086,-0.151965745088629,-0.151083811442749,-0.150212061782521,-0.149350278293926,-0.148498251552592,-0.147655780042813,-0.146822669711609,-0.145998733554913,-0.145183791233191,-0.144377668714061,-0.143580197939696,-0.142791216516959,-0.142010567428445,-0.141238098762743,-0.140473663462371,-0.139717119087998,-0.13896832759768,-0.138227155139938,-0.13749347185963,-0.136767151715638,-0.136048072309497,-0.135336114724158,-0.134631163372138,-0.133933105852396,-0.133241832815308,-0.13255723783518,-0.131879217289776,-0.131207670246385,-0.130542498353997,-0.129883605741178,-0.129230898919265,-0.128584286690566,-0.12794368006122,-0.127308992158443,-0.126680138151891,-0.126057035178879,-0.125439602273239,-0.124827760297594,-0.124221431878854,-0.123620541346738,-0.123025014675174,-0.122434779426382,-0.121849764697526,-0.121269901069763,-0.120695120559585,-0.120125356572314,-0.119560543857641,-0.119000618467105,-0.118445517713404,-0.11789518013145,-0.117349545441076,-0.11680855451131,-0.11627214932614,-0.115740272951693,-0.11521286950476,-0.114689884122599,-0.114171262933959,-0.113656953031253,-0.113146902443844,-0.112641060112372,-0.112139375864084,-0.111641800389117,-0.111148285217686,-0.110658782698141,-0.110173245975847,-0.109691628972851,-0.1092138863683,-0.10873997357958,-0.108269846744133,-0.107803462701929,-0.107340778978571,-0.106881753768981,-0.10642634592167,-0.105974514923545,-0.105526220885237,-0.105081424526934,-0.104640087164681,-0.104202170697141,-0.103767637592797,-0.103336450877558,-0.102908574122783,-0.102483971433673,-0.102062607438039,-0.101644447275415,-0.10122945658652,-0.100817601503025,-0.10040884863765,-0.100003165074543,-0.0996005183599523,-0.0992008764931726,-0.0988042079177502,-0.0984104815129448,-0.0980196665854322,-0.0976317328612404,-0.0972466504779104,-0.0968643899768722,-0.0964849222960285,-0.0961082187625378,-0.0957342510857892,-0.0953629913505625,-0.0949944120103664,-0.0946284858809472,-0.0942651861339647,-0.093904486290825,-0.0935463602166684,-0.0931907821145055,-0.0928377265194958,-0.0924871682933634,-0.0921390826189478,-0.0917934449948821,-0.0914502312303952,-0.0911094174402353,-0.0907709800397079,-0.0904348957398279,-0.0901011415425793,-0.0897696947362794,-0.0894405328910461,-0.0891136338543631,-0.0887889757467407,-0.0884665369574686,-0.0881462961404588,-0.0878282322101752,-0.0875123243376482,-0.08719855194657,-0.0868868947094707,-0.086577332543969,-0.0862698456091009,-0.0859644143017186,-0.0856610192529612,-0.0853596413247946,0,-0.283043727373454,-0.278827717471459,-0.27471165391039,-0.27068418600831,-0.266745727854247,-0.26290212643614,-0.259160332121673,-0.255526257912731,-0.252004017246688,-0.248595825489005,-0.245302180969791,-0.242122145222912,-0.239053640002486,-0.236093723824582,-0.233238832572582,-0.230484979827908,-0.227827918330328,-0.225263266728768,-0.222786606815416,-0.220393556493629,-0.218079823282603,-0.215841242498422,-0.21367380354156,-0.211573667056066,-0.209537175146691,-0.207560856359009,-0.205641426740254,-0.203775787993568,-0.201961023502034,-0.200194392817427,-0.198473325070305,-0.196795411652622,-0.195158398443693,-0.1935601777887,-0.191998780391366,-0.190472367245387,-0.188979221700081,-0.187517741732641,-0.18608643248082,-0.184683899075049,-0.183308839796874,-0.181960039580854,-0.180636363869137,-0.179336752821546,-0.178060215878918,-0.17680582667339,-0.175572718276195,-0.174360078771172,-0.173167147140413,-0.171993209447316,-0.17083759530147,-0.16969967458947,-0.168578854455574,-0.1674745765163,-0.166386314293337,-0.165313570849609,-0.164255876613928,-0.163212787380265,-0.162183882468417,-0.161168763033565,-0.160167050512927,-0.159178385198537,-0.15820242492583,-0.157238843868505,-0.156287331430784,-0.155347591228887,-0.154419340154156,-0.153502307510859,-0.152596234222295,-0.151700872099309,-0.15081598316586,-0.149941339036711,-0.149076720342751,-0.148221916199849,-0.147376723717489,-0.146540947543792,-0.145714399443801,-0.144896897908217,-0.144088267790002,-0.143288339966519,-0.142496951025076,-0.141713942969938,-0.14093916294905,-0.14017246299887,-0.139413699805859,-0.138662734483297,-0.137919432362228,-0.137183662795431,-0.136455298973427,-0.135734217751593,-0.135020299487574,-0.13431342788822,-0.13361348986536,-0.132920375399785,-0.132233977412849,-0.131554191645176,-0.130880916541964,-0.130214053144463,-0.129553504987202,-0.128899178000592,-0.128250980418564,-0.127608822690912,-0.126972617400059,-0.126342279181959,-0.125717724650893,-0.125098872327926,-0.124485642572804,-0.123877957519087,-0.123275741012344,-0.122678918551223,-0.122087417231238,-0.121501165691134,-0.120920094061661,-0.120344133916665,-0.119773218226328,-0.119207281312485,-0.118646258805875,-0.118090087605247,-0.117538705838215,-0.116992052823773,-0.116450069036391,-0.115912696071612,-0.115379876613062,-0.114851554400827,-0.114327674201109,-0.113808181777103,-0.113293023861048,-0.112782148127381,-0.112275503166944,-0.111773038462201,-0.111274704363414,-0.110780452065726,-0.110290233587122,-0.109804001747209,-0.109321710146803,-0.108843313148255,-0.108368765856511,-0.107898024100852,-0.107431044417293,-0.106967784031613,-0.106508200842977,-0.10605225340814,-0.105599900926192,-0.105151103223825,-0.104705820741109,-0.104264014517736,-0.103825646179733,-0.103390677926601,-0.102959072518887,-0.102530793266145,-0.10210580401529,-0.10168406913932,-0.101265553526385,-0.100850222569202,-0.100438042154788,-0.100028978654511,-0.0996229989144311,-0.0992200702459371,-0.0988201604166499,-0.0984232376415949,-0.0980292705746254,-0.0976382283000908,-0.0972500803247371,-0.0968647965698339,-0.0964823473635163,-0.0961027034333352,-0.0957258358990074,-0.0953517162653581,-0.094980316415449,-0.0946116086038842,-0.0942455654502882,-0.0938821599329501,-0.093521365382626,-0.0931631554764964,-0.0928075042322718,-0.0924543860024409,-0.0921037754686578,-0.0917556476362623,-0.0914099778289288,-0.0910667416834394,-0.0907259151445787,-0.0903874744601434,-0.0900513961760657,-0.0897176571316432,-0.0893862344548773,-0.0890571055579114,-0.0887302481325681,-0.0884056401459826,-0.0880832598363278,-0.0877630857086302,-0.0874450965306734,-0.0871292713289837,-0.0868155893849004,-0.0865040302307237,-0.0861945736459407,-0.0858871996535268,-0.0855818885163192,-0.0852786207334623,-0.0849773770369199,-0.0846781383880569,0,-0.280315747972765,-0.27608548341557,-0.271963995297298,-0.26793721602582,-0.264006130072531,-0.260177149986369,-0.256457103899378,-0.252851261743043,-0.249362825090528,-0.245993006748318,-0.242741317958107,-0.2396059065853,-0.236583882081715,-0.233671601619389,-0.230864909329537,-0.228159329105189,-0.225550215495413,-0.223032868839983,-0.220602621040225,-0.21825489788436,-0.215985263045542,-0.213789447986596,-0.211663371166979,-0.209603149215085,-0.20760510212168,-0.205665754024044,-0.203781830770898,-0.201950255167137,-0.200168140576928,-0.198432783397918,-0.196741654794981,-0.195092391988667,-0.19348278932325,-0.191910789285867,-0.190374473607373,-0.188872054543799,-0.187401866412473,-0.185962357437109,-0.184552081940502,-0.183169692910731,-0.181813934956599,-0.180483637659789,-0.179177709324584,-0.177895131120749,-0.176634951611004,-0.175396281651338,-0.174178289650002,-0.17298019716928,-0.171801274852988,-0.170640838661903,-0.169498246399047,-0.168372894506685,-0.167264215117169,-0.166171673340158,-0.165094764769344,-0.164033013192485,-0.162985968489315,-0.161953204702733,-0.160934318269485,-0.159928926397453,-0.158936665577473,-0.157957190218472,-0.156990171395506,-0.156035295701077,-0.155092264190831,-0.154160791415478,-0.153240604531396,-0.152331442483062,-0.151433055250969,-0.150545203159301,-0.149667656238084,-0.148800193635016,-0.147942603072624,-0.147094680346757,-0.146256228862809,-0.145427059206376,-0.144606988745384,-0.143795841260949,-0.142993446604541,-0.14219964037919,-0.141414263642743,-0.140637162631294,-0.139868188501158,-0.139107197087851,-0.138354048680704,-0.137608607811879,-0.136870743058626,-0.136140326857776,-0.135417235331516,-0.134701348123592,-0.133992548245174,-0.133290721929658,-0.132595758495764,-0.131907550218351,-0.131225992206378,-0.130550982287554,-0.129882420899189,-0.129220210984851,-0.128564257896444,-0.127914469301345,-0.127270755094288,-0.126633027313693,-0.126001200062162,-0.125375189430892,-0.124754913427764,-0.124140291908898,-0.123531246513459,-0.122927700601544,-0.122329579194957,-0.121736808920719,-0.121149317957159,-0.12056703598245,-0.119989894125442,-0.119417824918689,-0.118850762253536,-0.118288641337169,-0.11773139865152,-0.117178971913934,-0.116631300039508,-0.116088323105012,-0.115549982314325,-0.115016219965292,-0.114486979417953,-0.113962205064055,-0.113441842297804,-0.112925837487782,-0.112414137949983,-0.111906691921905,-0.111403448537658,-0.110904357804034,-0.110409370577495,-0.109918438542033,-0.109431514187869,-0.108948550790943,-0.10846950239317,-0.107994323783412,-0.107522970479148,-0.107055398708803,-0.106591565394706,-0.106131428136648,-0.105674945196025,-0.105222075480519,-0.104772778529314,-0.104327014498808,-0.103884744148811,-0.1034459288292,-0.103010530467015,-0.102578511553975,-0.1021498351344,-0.101724464793516,-0.101302364646134,-0.100883499325674,-0.100467833973542,-0.100055334228825,-0.0996459662182926,-0.0992396965467115,-0.0988364922874359,-0.0984363209732778,-0.0980391505876425,-0.0976449495559165,-0.0972536867371001,-0.0968653314156742,-0.0964798532936936,-0.0960972224830944,-0.0957174094982122,-0.0953403852484992,-0.0949661210314348,-0.0945945885256216,-0.0942257597840595,-0.0938596072275932,-0.0934961036385242,-0.0931352221543834,-0.0927769362618582,-0.0924212197908667,-0.0920680469087769,-0.0917173921147638,-0.0913692302342996,-0.0910235364137735,-0.0906802861152359,-0.0903394551112637,-0.0900010194799407,-0.0896649555999524,-0.0893312401457878,-0.088999850083049,-0.0886707626638611,-0.0883439554223811,-0.0880194061704035,-0.0876970929930582,-0.0873769942445982,-0.0870590885442754,-0.0867433547722994,-0.0864297720658797,-0.0861183198153481,-0.0858089776603575,-0.0855017254861563,-0.085196543419935,-0.0848934118272453,-0.0845923113084874,-0.0842932226954644,-0.0839961270480032,0,-0.277523732582502,-0.273293810877193,-0.269174809714874,-0.265154711063154,-0.26123655843241,-0.257427650406999,-0.253734641960937,-0.250162040739378,-0.246712038114078,-0.243384783520428,-0.240178774030374,-0.23709124244421,-0.234118502406092,-0.231256237685818,-0.228499735094618,-0.225844066146596,-0.223284224889003,-0.220815229796379,-0.218432197105071,-0.21613039198647,-0.21390526284344,-0.211752462945991,-0.209667862686231,-0.207647554957806,-0.205687855548294,-0.203785299955627,-0.201936637677495,-0.200138824751965,-0.198389015127072,-0.196684551289292,-0.195022954472,-0.193401914684465,-0.191819280742057,-0.190273050433162,-0.188761360923992,-0.187282479475854,-0.185834794528675,-0.184416807188115,-0.183027123140431,-0.181664445008709,-0.180327565155593,-0.179015358930856,-0.177726778356771,-0.176460846240026,-0.175216650695698,-0.173993340066401,-0.172790118218042,-0.171606240192478,-0.17044100819679,-0.16929376790861,-0.168163905077092,-0.167050842399431,-0.165954036653427,-0.164872976067297,-0.163807177908751,-0.162756186276259,-0.161719570076399,-0.160696921172127,-0.159687852687807,-0.158691997457789,-0.157709006606296,-0.156738548247266,-0.155780306293686,-0.154833979366789,-0.153899279796264,-0.152975932703369,-0.152063675159539,-0.151162255413702,-0.150271432182149,-0.149390973995302,-0.148520658596292,-0.147660272386685,-0.146809609915127,-0.145968473405086,-0.145136672318225,-0.144314022950231,-0.143500348056282,-0.142695476503547,-0.14189924294838,-0.141111487536109,-0.140332055621477,-0.139560797508018,-0.138797568204791,-0.138042227199036,-0.137294638243478,-0.136554669157086,-0.135822191638252,-0.135097081089391,-0.134379216452118,-0.13366848005218,-0.132964757453429,-0.132267937320174,-0.131577911287304,-0.130894573837633,-0.130217822185975,-0.129547556169464,-0.128883678143721,-0.128226092884474,-0.127574707494263,-0.126929431313926,-0.126290175838541,-0.125656854637568,-0.125029383278914,-0.124407679256703,-0.12379166192252,-0.123181252419927,-0.122576373622062,-0.121976950072151,-0.121382907926762,-0.120794174901654,-0.120210680220073,-0.119632354563368,-0.119059130023801,-0.118490940059434,-0.117927719450979,-0.117369404260524,-0.116815931792016,-0.116267240553436,-0.115723270220555,-0.115183961602218,-0.114649256607054,-0.114119098211562,-0.113593430429495,-0.11307219828248,-0.112555347771815,-0.112042825851392,-0.111534580401675,-0.11103056020471,-0.110530714920088,-0.110034995061839,-0.109543351976207,-0.109055737820256,-0.108572105541283,-0.10809240885699,-0.107616602236385,-0.107144640881379,-0.106676480709045,-0.106212078334511,-0.10575139105446,-0.105294376831203,-0.104840994277309,-0.104391202640763,-0.103944961790625,-0.103502232203176,-0.103062974948526,-0.102627151677655,-0.102194724609889,-0.101765656520776,-0.101339910730344,-0.100917451091738,-0.100498241980207,-0.100082248282437,-0.0996694353862037,-0.099259769170345,-0.0988532159950284,-0.0984497426923092,-0.0980493165569642,-0.097651905337591,-0.0972574772279611,-0.0968660008586185,-0.0964774452887128,-0.0960917799980575,-0.0957089748794066,-0.0953290002309384,-0.0949518267489415,-0.0945774255206926,-0.0942057680175209,-0.0938368260880516,-0.093470571951621,-0.0931069781918589,-0.0927460177504297,-0.0923876639209287,-0.092031890342927,-0.0916786709961602,-0.091327980194855,-0.0909797925821902,-0.0906340831248869,-0.0902908271079231,-0.0899500001293697,-0.0896115780953418,-0.0892755372150639,-0.0889418539960443,-0.0886105052393547,-0.088281468035011,-0.0879547197574559,-0.087630238061134,-0.0873080008761632,-0.0869879864040933,-0.0866701731137534,-0.086354539737185,-0.0860410652656557,-0.0857297289457535,-0.085420510275559,-0.0851133890008918,-0.0848083451116317,-0.0845053588381106,-0.0842044106475726,-0.083905481240703,-0.0836085515482215,-0.0833136027275395,0,-0.274676828845323,-0.270457854939222,-0.266347772089872,-0.262339775613935,-0.258439973038852,-0.254656585087403,-0.250995913769595,-0.247461538445855,-0.244054531389859,-0.24077392170528,-0.237617173972437,-0.234580614138261,-0.231659785295546,-0.228849733042772,-0.226145227001192,-0.223540927842207,-0.221031509775669,-0.218611747823677,-0.21627657797606,-0.214021136900585,-0.211840786504316,-0.20973112743337,-0.207688004599233,-0.205707507028778,-0.203785963727894,-0.201919936793083,-0.20010621266943,-0.19834179220844,-0.196623880001971,-0.19494987334059,-0.193317351052027,-0.191724062408059,-0.190167916238487,-0.188646970353809,-0.187159421350096,-0.185703594847869,-0.184277936199794,-0.182881001688563,-0.181511450225584,-0.180168035552508,-0.178849598940769,-0.177555062378889,-0.176283422233076,-0.175033743363441,-0.173805153675805,-0.172596839087448,-0.171408038884122,-0.170238041445165,-0.169086180313415,-0.167951830586909,-0.166834405609832,-0.165733353940916,-0.164648156578342,-0.163578324421201,-0.162523395948623,-0.161482935098771,-0.160456529331053,-0.159443787855965,-0.158444340018144,-0.157457833819226,-0.156483934568164,-0.155522323647617,-0.154572697385986,-0.153634766025506,-0.152708252777657,-0.151792892957907,-0.150888433192512,-0.149994630690753,-0.149111252576597,-0.148238075274323,-0.147374883943168,-0.146521471956512,-0.145677640421527,-0.144843197735654,-0.144017959176547,-0.143201746522521,-0.14239438770077,-0.141595716460916,-0.140805572071671,-0.140023799038619,-0.139250246841313,-0.138484769688036,-0.137727226286785,-0.136977479631105,-0.136235396799595,-0.135500848767969,-0.134773710232705,-0.134053859445352,-0.133341178056714,-0.132635550970139,-0.13193686620326,-0.131245014757561,-0.130559890495214,-0.129881390022683,-0.12920941258061,-0.128543859939577,-0.127884636301341,-0.127231648205183,-0.126584804439049,-0.125944015955172,-0.125309195789899,-0.124680258987468,-0.124057122527488,-0.123439705255914,-0.122827927819301,-0.122221712602157,-0.121620983667206,-0.121025666698421,-0.120435688946638,-0.119850979177649,-0.119271467622607,-0.118697085930643,-0.118127767123557,-0.117563445552495,-0.117004056856495,-0.116449537922808,-0.115899826848908,-0.115354862906105,-0.11481458650467,-0.11427893916042,-0.113747863462661,-0.113221303043449,-0.11269920254809,-0.11218150760682,-0.111668164807615,-0.111159121670071,-0.110654326620306,-0.110153728966835,-0.109657278877367,-0.109164927356495,-0.108676626224223,-0.108192328095292,-0.107711986359284,-0.107235555161447,-0.106762989384226,-0.106294244629452,-0.105829277201174,-0.105368044089099,-0.104910502952607,-0.104456612105324,-0.104006330500226,-0.103559617715249,-0.103116433939384,-0.102676739959233,-0.102240497146011,-0.101807667442971,-0.101378213353237,-0.100952097928024,-0.100529284755229,-0.10010973794838,-0.0996934221359282,-0.0992803024508657,-0.0988703445206566,-0.0984635144574704,-0.098059778848703,-0.0976591047477758,-0.0972614596651989,-0.0968668115598916,-0.096475128830746,-0.0960863803084265,-0.0957005352473965,-0.0953175633181608,-0.0949374345997186,-0.0945601195722159,-0.0941855891097929,-0.0938138144736163,-0.0934447673050916,-0.0930784196192475,-0.0927147437982866,-0.0923537125852974,-0.091995299078118,-0.0916394767233525,-0.091286219310529,-0.0909355009663952,-0.090587296149351,-0.0902415796440077,-0.0898983265558735,-0.0895575123061599,-0.0892191126267034,-0.0888831035550022,-0.0885494614293601,-0.0882181628841376,-0.0878891848451049,-0.0875625045248936,-0.0872380994185455,-0.0869159472991527,-0.0865960262135903,-0.0862783144783346,-0.0859627906753674,-0.0856494336481629,-0.0853382224977529,-0.0850291365788717,-0.0847221554961759,-0.0844172591005376,-0.0841144274854085,-0.0838136409832536,-0.0835148801620525,-0.0832181258218664,-0.0829233589914694,-0.0826305609250416,0,-0.271783680845822,-0.267582541478826,-0.263486374546612,-0.259495475600598,-0.255619393365849,-0.251867012599136,-0.248243993526558,-0.244752791657509,-0.241393251411065,-0.238163234476982,-0.235059166603899,-0.232076486299014,-0.229210000769237,-0.226454160066507,-0.223803262258056,-0.221251602599485,-0.218793578715867,-0.216423762173956,-0.214136944974973,-0.211928167702017,-0.209792734477347,-0.207726218582743,-0.205724461570359,-0.203783567910283,-0.201899896641445,-0.200070051070734,-0.198290867262915,-0.196559401849285,-0.194872919531453,-0.193228880549664,-0.191624928309123,-0.190058877303378,-0.188528701434205,-0.187032522798032,-0.185568600986723,-0.184135322933366,-0.182731193320241,-0.181354825555463,-0.180004933316282,-0.17868032265023,-0.177379884619967,-0.176102588473549,-0.174847475318698,-0.173613652277409,-0.172400287095741,-0.17120660318271,-0.170031875051887,-0.168875424139302,-0.16773661497174,-0.166614851660145,-0.165509574693763,-0.164420258011728,-0.163346406329931,-0.162287552702281,-0.161243256296698,-0.160213100367525,-0.159196690407247,-0.15819365246173,-0.157203631594315,-0.156226290485356,-0.155261308154784,-0.154308378796413,-0.153367210713617,-0.152437525346939,-0.151519056385032,-0.150611548951137,-0.149714758857978,-0.148828451924677,-0.147952403349839,-0.147086397135572,-0.146230225557662,-0.145383688677626,-0.144546593892744,-0.143718755520602,-0.142899994414964,-0.142090137610149,-0.141289017991346,-0.140496473988558,-0.139712349292084,-0.138936492587683,-0.138168757309711,-0.137409001410708,-0.13665708714606,-0.135912880872499,-0.135176252859297,-0.134447077111163,-0.133725231201899,-0.133010596118002,-0.132303056111442,-0.131602498560941,-0.130908813841116,-0.130221895198935,-0.129541638636955,-0.128867942802883,-0.128200708885015,-0.127539840513175,-0.126885243664774,-0.12623682657568,-0.125594499655569,-0.124958175407503,-0.124327768351453,-0.123703194951541,-0.123084373546783,-0.122471224285113,-0.121863669060516,-0.121261631453085,-0.120665036671835,-0.120073811500129,-0.119487884243571,-0.118907184680223,-0.118331644013042,-0.117761194824401,-0.117195771032591,-0.116635307850208,-0.116079741744322,-0.115529010398333,-0.114983052675439,-0.114441808583633,-0.113905219242145,-0.113373226849268,-0.112845774651493,-0.112322806913896,-0.11180426889171,-0.111290106803025,-0.110780267802575,-0.110274699956537,-0.109773352218318,-0.109276174405267,-0.108783117176279,-0.108294132010242,-0.107809171185292,-0.10732818775884,-0.106851135548329,-0.106377969112699,-0.105908643734514,-0.105443115402734,-0.104981340796093,-0.104523277267059,-0.104068882826359,-0.103618116128026,-0.10317093645496,-0.102727303704976,-0.102287178377313,-0.101850521559593,-0.101417294915199,-0.100987460671071,-0.100560981605879,-0.100137821038578,-0.0997179428173182,-0.099301311308697,-0.0988878913873401,-0.0984776484257978,-0.0980705482847403,-0.097666557303445,-0.0972656422905601,-0.0968677705151349,-0.0964729096979049,-0.0960810280028234,-0.0956920940288283,-0.0953060768018351,-0.0949229457669482,-0.0945426707808812,-0.0941652221045779,-0.0937905703960284,-0.0934186867032696,-0.0930495424575671,-0.0926831094667675,-0.0923193599088201,-0.0919582663254559,-0.0915998016160232,-0.0912439390314722,-0.0908906521684824,-0.0905399149637291,-0.0901917016882855,-0.0898459869421515,-0.08950274564891,-0.0891619530505027,-0.0888235847021232,-0.0884876164672229,-0.0881540245126263,-0.0878227853037525,-0.0874938755999387,-0.0871672724498629,-0.0868429531870629,-0.0865208954255493,-0.0862010770555072,-0.0858834762390872,-0.0855680714062804,-0.0852548412508762,-0.0849437647265008,-0.084634821042733,-0.0843279896612961,-0.0840232502923225,-0.0837205828906907,-0.0834199676524315,-0.0831213850112016,-0.0828248156348242,-0.0825302404218924,-0.082237640498435,-0.081946997214644,0,-0.268851478085971,-0.264672280511256,-0.260593868093527,-0.256624847636865,-0.252777916914338,-0.249062104717516,-0.245482065738193,-0.242038927336897,-0.238731208560484,-0.235555572128534,-0.232507413348846,-0.229581315090295,-0.226771393077079,-0.224071551699547,-0.221475668249354,-0.218977721429188,-0.216571877654637,-0.214252546185422,-0.212014411750756,-0.209852451251129,-0.207761939404751,-0.205738446862395,-0.203777833298198,-0.201876237237753,-0.200030063849325,-0.198235971546515,-0.196490857988093,-0.194791845879677,-0.193136268857585,-0.191521657649568,-0.189945726647733,-0.188406360987088,-0.186901604193005,-0.18542964643867,-0.183988813436719,-0.182577555976254,-0.181194440106128,-0.179838137957217,-0.178507419189925,-0.177201143048037,-0.175918250996092,-0.17465775991452,-0.173418755824669,-0.17220038811455,-0.171001864235372,-0.169822444838795,-0.168661439325057,-0.167518201772758,-0.166392127221983,-0.165282648283535,-0.164189232048337,-0.163111377272418,-0.162048611814356,-0.161000490303491,-0.159966592018735,-0.15894651895921,-0.157939894089406,-0.156946359742866,-0.155965576169747,-0.1549972202148,-0.154040984113501,-0.153096574395128,-0.152163710882595,-0.151242125779798,-0.150331562838075,-0.149431776594189,-0.148542531672959,-0.147663602148345,-0.146794770957385,-0.145935829361933,-0.145086576453666,-0.144246818698255,-0.143416369515025,-0.142595048888792,-0.141782683010899,-0.140979103946769,-0.140184149327575,-0.139397662063854,-0.138619490079123,-0.137849486061749,-0.13708750723349,-0.136333415133288,-0.135587075415044,-0.134848357658212,-0.13411713519018,-0.133393284919492,-0.132676687179067,-0.131967225578644,-0.131264786865757,-0.130569260794608,-0.12988054000227,-0.129198519891683,-0.128523098520987,-0.127854176498745,-0.127191656884663,-0.126535445095446,-0.125885448815453,-0.125241577911857,-0.124603744354009,-0.123971862136772,-0.123345847207563,-0.122725617396898,-0.122111092352234,-0.121502193474906,-0.120898843860001,-0.120300968238991,-0.119708492924982,-0.11912134576043,-0.118539456067193,-0.1179627545988,-0.117391173494814,-0.116824646237179,-0.116263107608459,-0.115706493651855,-0.115154741632929,-0.114607790002937,-0.114065578363692,-0.113528047433887,-0.112995139016798,-0.112466795969307,-0.111942962172182,-0.111423582501537,-0.110908602801443,-0.110397969857609,-0.109891631372095,-0.109389535939014,-0.108891633021156,-0.108397872927516,-0.107908206791661,-0.10742258655092,-0.106940964926333,-0.106463295403349,-0.105989532213224,-0.105519630315087,-0.105053545378656,-0.104591233767558,-0.104132652523241,-0.103677759349438,-0.103226512597173,-0.102778871250271,-0.102334794911359,-0.101894243788333,-0.101457178681269,-0.101023560969767,-0.100593352600699,-0.100166516076343,-0.0997430144429061,-0.0993228112793889,-0.0989058706868054,-0.0984921572777261,-0.0980816361661384,-0.0976742729576087,-0.0972700337397341,-0.0968688850728725,-0.0964707939811392,-0.0960757279436594,-0.0956836548860668,-0.0952945431722381,-0.0949083615962538,-0.094525079374578,-0.0941446661384465,-0.0937670919264572,-0.093392327177354,-0.0930203427229968,-0.0926511097815118,-0.0922845999506142,-0.0919207852010976,-0.0915596378704829,-0.0912011306568244,-0.0908452366126621,-0.0904919291391196,-0.090141181980141,-0.0897929692168611,-0.0894472652621055,-0.0891040448550157,-0.0887632830557955,-0.0884249552405738,-0.0880890370963807,-0.0877555046162331,-0.087424334094326,-0.0870955021213268,-0.0867689855797679,-0.0864447616395367,-0.086122807753459,-0.0858031016529714,-0.085485621343883,-0.085170345102221,-0.0848572514701607,-0.0845463192520342,-0.0842375275104176,-0.083930855562294,-0.0836262829752902,-0.0833237895639856,-0.08302335538629,-0.0827249607398896,-0.0824285861587588,-0.0821342124097362,-0.0818418204891637,-0.0815513916195862,-0.0812629072465113,0,-0.265886603228134,-0.261730808293238,-0.257673259980475,-0.253730932820199,-0.249918746026073,-0.24624515952169,-0.242713427252299,-0.239323157289174,-0.23607146738413,-0.23295381004349,-0.229964575328664,-0.227097535351111,-0.224346168467698,-0.221703890169631,-0.219164212360115,-0.216720848921204,-0.214367782021866,-0.212099300441351,-0.209910018411512,-0.207794881205664,-0.205749161922408,-0.203768452576609,-0.20184865163808,-0.199985949470281,-0.198176812644338,-0.196417967778779,-0.194706385337018,-0.193039263669152,-0.191414013488023,-0.189828242905045,-0.188279743107769,-0.186766474731093,-0.185286554952634,-0.183838245327036,-0.182419940361956,-0.181030156829174,-0.179667523796758,-0.178330773362364,-0.177018732063044,-0.175730312933378,-0.174464508181043,-0.173220382447175,-0.171997066617699,-0.170793752151382,-0.169609685890368,-0.168444165319475,-0.167296534241371,-0.166166178835882,-0.165052524073046,-0.163955030451026,-0.162873191031592,-0.161806528747598,-0.160754593958509,-0.159716962231759,-0.158693232329359,-0.157683024380777,-0.156685978224632,-0.155701751903218,-0.154730020295261,-0.153770473873563,-0.152822817575457,-0.151886769775045,-0.150962061347286,-0.150048434814914,-0.14914564357005,-0.148253451163181,-0.14737163065288,-0.146499964010342,-0.145638241573357,-0.144786261544942,-0.143943829532299,-0.143110758122231,-0.142286866489539,-0.141471980035294,-0.140665930052166,-0.13986855341433,-0.139079692289676,-0.138299193872325,-0.137526910133633,-0.136762697590053,-0.136006417086412,-0.135257933593268,-0.13451711601719,-0.133783837022887,-0.133057972866225,-0.132339403237285,-0.131628011112661,-0.130923682616314,-0.130226306888326,-0.129535775960988,-0.128851984641686,-0.128174830402123,-0.127504213273418,-0.126840035746704,-0.126182202678859,-0.125530621203027,-0.124885200643634,-0.124245852435614,-0.123612490047593,-0.12298502890878,-0.12236338633936,-0.121747481484178,-0.121137235249523,-0.120532570242842,-0.119933410715218,-0.119339682506466,-0.118751312992692,-0.118168231036195,-0.117590366937592,-0.117017652390024,-0.116450020435377,-0.115887405422368,-0.115329742966436,-0.114776969911337,-0.114229024292346,-0.113685845301001,-0.11314737325131,-0.112613549547342,-0.112084316652142,-0.111559618057901,-0.111039398257329,-0.110523602716161,-0.110012177846751,-0.109505070982698,-0.109002230354463,-0.108503605065917,-0.108009145071788,-0.107518801155964,-0.107032524910602,-0.106550268716023,-0.106071985721339,-0.105597629825791,-0.105127155660761,-0.104660518572427,-0.104197674605037,-0.10373858048476,-0.103283193604111,-0.102831472006901,-0.102383374373705,-0.101938860007821,-0.101497888821689,-0.101060421323764,-0.100626418605821,-0.100195842330655,-0.0997686547201925,-0.0993448185439595,-0.0989242971079227,-0.0985070542436675,-0.0980930542979073,-0.0976822621223093,-0.0972746430636227,-0.0968701629540968,-0.0964687881021777,-0.096070485283473,-0.0956752217319709,-0.0952829651315073,-0.0948936836074678,-0.0945073457187182,-0.0941239204497508,-0.0937433772030432,-0.0933656857916157,-0.0929908164317857,-0.0926187397361057,-0.0922494267064832,-0.0918828487274725,-0.0915189775597333,-0.0911577853336489,-0.0907992445431019,-0.0904433280393954,-0.0900900090253208,-0.0897392610493644,-0.0893910580000462,-0.0890453741003902,-0.08870218390252,-0.0883614622823723,-0.0880231844345322,-0.0876873258671771,-0.0873538623971328,-0.0870227701450353,-0.086694025530593,-0.0863676052679517,-0.0860434863611533,-0.0857216460996891,-0.0854020620541429,-0.0850847120719229,-0.0847695742730785,-0.0844566270461993,-0.0841458490443952,-0.0838372191813542,-0.0835307166274765,-0.0832263208060827,-0.082924011389693,-0.082623768296376,-0.0823255716861669,-0.0820294019575505,-0.0817352397440096,-0.0814430659106358,-0.0811528615508013,-0.0808646079828906,-0.0805782867470899,0,-0.262893721889195,-0.258761126637169,-0.254727367105885,-0.250816830650975,-0.247045219116361,-0.243419613282604,-0.23994148650834,-0.236608769954813,-0.233417134377189,-0.230360834698623,-0.22743329899046,-0.224627546713801,-0.221936482291767,-0.219353095326441,-0.21687059163337,-0.214482474208802,-0.212182588932597,-0.209965146106016,-0.207824725884494,-0.205756273293133,-0.203755086738911,-0.201816802654474,-0.19993737801342,-0.198113071846798,-0.196340426483734,-0.194616248972936,-0.192937592970481,-0.191301741270065,-0.189706189082686,-0.188148628128501,-0.186626931574944,-0.185139139835884,-0.183683447233057,-0.182258189510987,-0.180861832188852,-0.179492959726633,-0.178150265477902,-0.176832542397715,-0.175538674471027,-0.174267628824862,-0.173018448485984,-0.171790245745042,-0.170582196087994,-0.169393532655913,-0.168223541195074,-0.167071555460354,-0.165936953036386,-0.164819151542531,-0.163717605189531,-0.162631801657583,-0.161561259267478,-0.160505524418443,-0.15946416926818,-0.158436789632527,-0.15742300308394,-0.156422447229734,-0.155434778152662,-0.154459668997947,-0.153496808692331,-0.152545900782026,-0.151606662377729,-0.15067882319596,-0.149762124687074,-0.148856319241218,-0.147961169464423,-0.147076447517759,-0.146201934513266,-0.145337419960974,-0.144482701261931,-0.143637583242715,-0.142801877727325,-0.141975403142834,-0.14115798415554,-0.140349451334691,-0.139549640841185,-0.138758394138916,-0.137975557726667,-0.137200982888705,-0.136434525462377,-0.135676045621237,-0.134925407672341,-0.134182479866521,-0.133447134220541,-0.132719246350174,-0.13199869531332,-0.131285363462374,-0.130579136305137,-0.129879902373627,-0.1291875531002,-0.12850198270046,-0.127823088062486,-0.12715076864192,-0.12648492636254,-0.12582546552194,-0.125172292702002,-0.124525316683832,-0.12388444836691,-0.123249600692168,-0.122620688568787,-0.121997628804473,-0.121380340039023,-0.120768742680981,-0.120162758847232,-0.119562312305345,-0.118967328418531,-0.118377734093079,-0.117793457728117,-0.117214429167607,-0.116640579654422,-0.116071841786429,-0.115508149474461,-0.114949437902075,-0.114395643487028,-0.113846703844363,-0.113302557751039,-0.112763145112028,-0.1122284069278,-0.111698285263134,-0.111172723217195,-0.110651664894808,-0.110135055378874,-0.109622840703879,-0.109114967830439,-0.108611384620833,-0.108112039815479,-0.107616883010309,-0.107125864634998,-0.106638935932014,-0.106156048936444,-0.105677156456562,-0.105202212055111,-0.10473117003126,-0.104263985403201,-0.103800613891375,-0.103341011902277,-0.102885136512829,-0.102432945455287,-0.101984397102666,-0.101539450454652,-0.101098065123984,-0.100660201323289,-0.100225819852341,-0.099794882085732,-0.0993673499609385,-0.0989431859667596,-0.0985223531321195,-0.0981048150152113,-0.0976905356929738,-0.097279479750882,-0.0968716122730428,-0.0964668988325807,-0.0960653054823019,-0.0956667987456265,-0.0952713456077767,-0.0948789135072116,-0.0944894703272983,-0.0941029843882103,-0.0937194244390441,-0.0933387596501454,-0.0929609596056371,-0.0925859942961409,-0.092213834111687,-0.0918444498348009,-0.0914778126337659,-0.0911138940560497,-0.0907526660218939,-0.0903941008180562,-0.0900381710917035,-0.0896848498444477,-0.0893341104265207,-0.0889859265310848,-0.0886402721886705,-0.0882971217617413,-0.0879564499393783,-0.0876182317320824,-0.0872824424666897,-0.0869490577813956,-0.0866180536208863,-0.0862894062315709,-0.0859630921569157,-0.085639088232872,-0.0853173715833996,-0.0849979196160791,-0.0846807100178144,-0.0843657207506183,-0.0840529300474818,-0.0837423164083248,-0.0834338585960235,-0.0831275356325154,-0.0828233267949769,-0.0825212116120736,-0.0822211698602799,-0.0819231815602683,-0.0816272269733629,-0.0813332865980596,-0.0810413411666071,-0.0807513716416508,-0.0804633592129365,-0.0801772852940715,-0.0798931315193434,0,-0.259875813176944,-0.255765563636206,-0.251758918950343,-0.247885766018024,-0.244160841943502,-0.240589048825598,-0.237169758863769,-0.233899118801838,-0.230771343090238,-0.227779527678609,-0.22491620034207,-0.222173698811168,-0.219544425569765,-0.21702101272488,-0.214596422378973,-0.212264002028982,-0.210017509581505,-0.207851118518558,-0.205759410573049,-0.203737360901632,-0.201780319042323,-0.199883987767249,-0.19804440115072,-0.196257902657054,-0.194521123724487,-0.192830963117957,-0.191184567200022,-0.189579311195722,-0.188012781484044,-0.186482758923236,-0.184987203201945,-0.183524238198415,-0.182092138323209,-0.180689315815844,-0.179314308961599,-0.177965771191351,-0.176642461024498,-0.175343232812875,-0.174067028241974,-0.172812868544861,-0.171579847383786,-0.170367124354712,-0.169173919070636,-0.1679995057807,-0.166843208483549,-0.165704396495116,-0.164582480432994,-0.16347690858161,-0.162387163604644,-0.161312759573329,-0.160253239281499,-0.159208171820459,-0.158177150388843,-0.157159790314697,-0.156155727268965,-0.155164615651366,-0.154186127131431,-0.153219949328999,-0.152265784620039,-0.15132334905498,-0.150392371378029,-0.149472592137092,-0.148563762874984,-0.147665645393561,-0.146778011083279,-0.145900640311472,-0.145033321863348,-0.14417585243034,-0.143328036141028,-0.142489684130347,-0.141660614143279,-0.140840650169617,-0.140029622106771,-0.139227365447907,-0.138433720993009,-0.137648534580702,-0.136871656838921,-0.136102942952707,-0.135342252447592,-0.134589448987212,-0.133844400183906,-0.133106977421218,-0.132377055687301,-0.13165451341835,-0.130939232351259,-0.1302310973848,-0.129529996448652,-0.12883582037973,-0.128148462805254,-0.12746782003211,-0.126793790942038,-0.126126276892278,-0.125465181621297,-0.124810411159272,-0.124161873743035,-0.12351947973519,-0.122883141547155,-0.122252773565901,-0.121628292084155,-0.121009615233888,-0.120396662922878,-0.119789356774201,-0.119187620068475,-0.118591377688702,-0.118000556067594,-0.117415083137217,-0.116834888280864,-0.116259902287025,-0.115690057305344,-0.115125286804477,-0.114565525531738,-0.114010709474463,-0.113460775822982,-0.112915662935152,-0.112375310302339,-0.111839658516813,-0.111308649240456,-0.11078222517475,-0.110260330031958,-0.109742908507459,-0.109229906253169,-0.108721269852012,-0.108216946793373,-0.107716885449507,-0.10722103505284,-0.106729345674136,-0.106241768201478,-0.105758254320042,-0.105278756492601,-0.104803227940754,-0.104331622626827,-0.103863895236428,-0.103400001161612,-0.102939896484651,-0.10248353796235,-0.102030883010923,-0.101581889691366,-0.101136516695332,-0.100694723331478,-0.100256469512254,-0.0998217157411279,-0.0993904231002235,-0.0989625532383462,-0.09853806835939,-0.098116931211104,-0.0976991050742042,-0.0972845537518154,-0.0968732415592309,-0.0964651333139747,-0.0960601943261561,-0.0956583903891018,-0.095259687770257,-0.094864053202342,-0.0944714538747563,-0.0940818574252186,-0.0936952319316344,-0.0933115459041821,-0.092930768277608,-0.0925528684037237,-0.0921778160440977,-0.0918055813629332,-0.0914361349201251,-0.0910694476644914,-0.0907054909271693,-0.0903442364151735,-0.0899856562051079,-0.0896297227370275,-0.0892764088084437,-0.0889256875684681,-0.0885775325120918,-0.0882319174745926,-0.0878888166260681,-0.0875482044660902,-0.0872100558184752,-0.0868743458261688,-0.0865410499462391,-0.0862101439449765,-0.0858816038930958,-0.0855554061610386,-0.0852315274143701,-0.0849099446092723,-0.0845906349881254,-0.0842735760751789,-0.0839587456723064,-0.0836461218548456,-0.0833356829675169,-0.0830274076204217,-0.0827212746851156,-0.0824172632907569,-0.0821153528203261,-0.081815522906917,-0.0815177534300942,-0.0812220245123189,-0.0809283165154372,-0.0806366100372338,-0.0803468859080469,-0.0800591251874417,-0.0797733091609438,-0.0794894193368288,-0.0792074374429683,0,-0.256834919389177,-0.252745966333253,-0.248770697250547,-0.244941160390286,-0.241269314372711,-0.237757198253797,-0.234401857070016,-0.231197606961867,-0.228137236480862,-0.225212747767517,-0.222415847924274,-0.219738275728219,-0.21717201118203,-0.214709401602842,-0.21234322986649,-0.210066743993938,-0.207873661929623,-0.205758161127472,-0.203714859379715,-0.201738791046795,-0.199825381282648,-0.197970419814163,-0.196170035171269,-0.194420669854665,-0.192719056684162,-0.191062196430816,-0.189447336759538,-0.187871952469366,-0.186333726999406,-0.184830535159907,-0.183360427044318,-0.181921613076561,-0.180512450146722,-0.17913142878732,-0.177777161341204,-0.176448371071024,-0.17514388215925,-0.173862610547075,-0.172603555560248,-0.171365792270113,-0.170148464538748,-0.168950778698232,-0.167771997815551,-0.166611436496493,-0.165468456184005,-0.16434246090877,-0.163232893452248,-0.162139231884915,-0.161060986445037,-0.159997696725806,-0.158948929141197,-0.15791427464329,-0.156893346666106,-0.155885779273214,-0.154891225488388,-0.153909355790574,-0.152939856756156,-0.151982429833222,-0.151036790234013,-0.150102665933157,-0.149179796760553,-0.148267933578931,-0.147366837537167,-0.146476279391376,-0.145596038886664,-0.144725904193198,-0.143865671390918,-0.143015143997884,-0.14217413253774,-0.141342454142336,-0.140519932185935,-0.139706395947873,-0.138901680300845,-0.13810562542234,-0.137318076526991,-0.136538883617873,-0.135767901254989,-0.135004988339376,-0.13425000791143,-0.13350282696222,-0.132763316256648,-0.132031350167495,-0.131306806519426,-0.130589566442184,-0.129879514232236,-0.129176537222231,-0.128480525657686,-0.127791372580379,-0.127108973717966,-0.126433227379393,-0.125764034355717,-0.125101297825966,-0.124444923267731,-0.123794818372165,-0.123150892963152,-0.122513058920357,-0.121881230105954,-0.121255322294805,-0.120635253107899,-0.12002094194886,-0.119412309943365,-0.118809279881303,-0.118211776161539,-0.117619724739131,-0.11703305307489,-0.116451690087141,-0.11587556610559,-0.115304612827179,-0.114738763273833,-0.11417795175201,-0.113622113813949,-0.113071186220555,-0.112525106905815,-0.111983814942701,-0.111447250510455,-0.110915354863217,-0.110388070299918,-0.109865340135379,-0.109347108672561,-0.108833321175916,-0.10832392384577,-0.107818863793715,-0.107318089018944,-0.106821548385487,-0.106329191600313,-0.105840969192257,-0.105356832491728,-0.104876733611165,-0.104400625426208,-0.103928461557553,-0.103460196353454,-0.102995784872847,-0.102535182869069,-0.102078346774138,-0.101625233683581,-0.101175801341769,-0.100730008127758,-0.100287813041589,-0.0998491756910485,-0.0994140562788557,-0.098982415590262,-0.0985542149810464,-0.0981294163658882,-0.0977079822070998,-0.0972898755037065,-0.0968750597808567,-0.0964634990795496,-0.0960551579466666,-0.0956500014252938,-0.0952479950453245,-0.0948491048143284,-0.0944532972086785,-0.0940605391649242,-0.0936707980714016,-0.0932840417600691,-0.0929002384985647,-0.0925193569824695,-0.0921413663277752,-0.0917662360635448,-0.0913939361247602,-0.0910244368453481,-0.0906577089513807,-0.0902937235544414,-0.0899324521451518,-0.0895738665868526,-0.0892179391094344,-0.0888646423033117,-0.0885139491135363,-0.0881658328340438,-0.0878202671020308,-0.0874772258924563,-0.0871366835126642,-0.0867986145971229,-0.0864629941022776,-0.0861297973015129,-0.0857989997802203,-0.0854705774309696,-0.0851445064487783,-0.0848207633264789,-0.0844993248501791,-0.0841801680948123,-0.083863270419777,-0.0835486094646611,-0.0832361631450491,-0.0829259096484116,-0.0826178274300703,-0.0823118952092419,-0.082008091965155,-0.0817063969332395,-0.0814067896013859,-0.0811092497062734,-0.0808137572297641,-0.0805202923953632,-0.0802288356647418,-0.0799393677343211,-0.079651869531917,-0.0793663222134438,-0.0790827071596746,-0.0788010059730586,-0.0785212004745924
